date,tic,close,high,low
2020-01-02,AAPL,70.199175,71.571341,70.434386
2020-01-02,AMGN,191.06343,193.65675,190.24133
2020-01-02,CRM,152.76685,155.30508,149.2502
2020-01-02,CSCO,39.744159,39.212953,39.655198
2020-01-02,IBM,94.256399,94.994541,93.740498
2020-01-02,INTC,53.090478,52.57001,52.852212
2020-01-02,MSFT,148.21976,148.62695,146.19337
2020-01-02,NKE,90.02897,90.534868,89.284127
2020-01-02,VZ,40.903757,41.473867,40.578538
2020-01-02,WMT,36.365492,36.760698,35.741194
2020-01-03,AAPL,72.796948,74.713857,72.266549
2020-01-03,AMGN,190.51908,193.41195,190.48862
2020-01-03,CRM,157.41796,157.01134,154.85882
2020-01-03,CSCO,40.211716,40.393111,39.395767
2020-01-03,IBM,94.075342,95.355977,93.377342
2020-01-03,INTC,53.270609,53.344953,52.3014
2020-01-03,MSFT,149.56813,149.11541,145.50091
2020-01-03,NKE,87.372743,88.766106,88.532973
2020-01-03,VZ,41.456686,41.554207,41.220344
2020-01-03,WMT,36.068634,36.114078,35.858684
2020-01-06,AAPL,73.691296,73.683451,72.380282
2020-01-06,AMGN,186.20909,186.5415,187.19838
2020-01-06,CRM,154.51889,156.57505,158.39654
2020-01-06,CSCO,40.23271,40.437979,39.730787
2020-01-06,IBM,95.396627,96.491471,93.527527
2020-01-06,INTC,52.765277,52.668539,51.971327
2020-01-06,MSFT,149.70482,152.50254,145.57393
2020-01-06,NKE,88.208493,88.811659,88.764172
2020-01-06,VZ,41.635244,41.597056,41.493784
2020-01-06,WMT,36.209679,36.651372,36.099173
2020-01-07,AAPL,73.565065,74.83647,74.048851
2020-01-07,AMGN,193.17929,192.60756,193.47622
2020-01-07,CRM,154.38814,155.7313,154.02151
2020-01-07,CSCO,39.553221,39.716731,38.838101
2020-01-07,IBM,93.635183,94.545705,91.792346
2020-01-07,INTC,53.383514,53.285533,52.584979
2020-01-07,MSFT,153.48351,154.97831,150.89515
2020-01-07,NKE,87.871345,89.136976,85.814914
2020-01-07,VZ,41.736338,42.708305,41.015742
2020-01-07,WMT,35.278298,35.431214,35.239128
2020-01-08,AAPL,72.362165,72.399241,69.993701
2020-01-08,AMGN,197.81233,199.95295,193.13725
2020-01-08,CRM,151.1445,148.93778,153.31211
2020-01-08,CSCO,37.849619,37.984808,37.953689
2020-01-08,IBM,92.876402,92.956882,92.168486
2020-01-08,INTC,53.616106,54.282213,52.870866
2020-01-08,MSFT,150.97729,151.66614,148.50869
2020-01-08,NKE,86.437435,88.14206,85.186126
2020-01-08,VZ,41.315656,41.628205,41.445371
2020-01-08,WMT,35.174786,35.422887,34.896289
2020-01-09,AAPL,74.618696,73.783748,72.913731
2020-01-09,AMGN,194.45266,198.01862,190.01709
2020-01-09,CRM,154.39038,157.26846,155.16601
2020-01-09,CSCO,36.721945,36.470866,36.344894
2020-01-09,IBM,88.698602,90.039653,88.761959
2020-01-09,INTC,53.960905,54.964121,53.022926
2020-01-09,MSFT,147.33177,143.72926,143.74312
2020-01-09,NKE,85.004014,85.248114,84.599337
2020-01-09,VZ,41.616518,42.327981,40.771466
2020-01-09,WMT,35.622919,35.566512,35.764785
2020-01-10,AAPL,75.849122,75.902162,76.610814
2020-01-10,AMGN,192.2891,196.15498,188.45082
2020-01-10,CRM,160.02708,162.20295,161.33159
2020-01-10,CSCO,36.264278,36.676437,35.784702
2020-01-10,IBM,87.712778,87.445576,87.355031
2020-01-10,INTC,55.385098,56.113682,54.144817
2020-01-10,MSFT,148.70031,149.55787,145.24221
2020-01-10,NKE,85.782117,85.462441,84.850183
2020-01-10,VZ,40.665388,41.526203,40.614068
2020-01-10,WMT,34.698247,34.906806,34.803712
2020-01-13,AAPL,74.052956,74.12779,72.823001
2020-01-13,AMGN,185.75499,186.31468,181.22227
2020-01-13,CRM,155.4536,156.31318,153.67995
2020-01-13,CSCO,34.930593,34.924667,34.605376
2020-01-13,IBM,87.850512,87.776387,87.764354
2020-01-13,INTC,54.484903,53.617141,53.178526
2020-01-13,MSFT,145.96193,147.3101,142.72734
2020-01-13,NKE,86.046541,87.244787,87.918318
2020-01-13,VZ,39.618936,39.823742,40.020764
2020-01-13,WMT,34.071929,34.621646,33.595777
2020-01-14,AAPL,74.533739,74.464906,73.991845
2020-01-14,AMGN,179.15327,180.44294,179.15402
2020-01-14,CRM,157.21643,157.85848,151.37629
2020-01-14,CSCO,33.742563,33.69334,33.501792
2020-01-14,IBM,86.521136,85.466847,86.241391
2020-01-14,INTC,52.324746,53.606379,52.698915
2020-01-14,MSFT,145.85432,143.7662,143.17153
2020-01-14,NKE,86.898908,87.761142,88.587679
2020-01-14,VZ,40.027972,40.654788,39.904005
2020-01-14,WMT,33.805134,33.726817,34.028978
2020-01-15,AAPL,74.236112,74.007149,72.40045
2020-01-15,AMGN,177.58317,176.65188,177.19296
2020-01-15,CRM,152.37638,154.32062,151.64889
2020-01-15,CSCO,33.205085,33.278584,33.49053
2020-01-15,IBM,86.295899,88.199908,84.26371
2020-01-15,INTC,52.769129,54.574988,50.540855
2020-01-15,MSFT,143.68837,144.23477,141.74359
2020-01-15,NKE,86.60591,88.667783,87.28128
2020-01-15,VZ,39.467004,39.678129,39.136061
2020-01-15,WMT,33.920595,34.510564,33.939629
2020-01-16,AAPL,75.1335,75.86461,74.686538
2020-01-16,AMGN,173.02237,176.87392,170.58395
2020-01-16,CRM,149.22481,148.46433,144.50744
2020-01-16,CSCO,34.492533,34.608799,34.202127
2020-01-16,IBM,87.633989,87.471891,86.715236
2020-01-16,INTC,52.92362,52.814289,51.991445
2020-01-16,MSFT,139.76103,143.76381,140.34169
2020-01-16,NKE,88.47929,89.660225,87.654766
2020-01-16,VZ,39.255924,39.579187,39.00679
2020-01-16,WMT,33.975771,34.0952,34.163265
2020-01-17,AAPL,76.604899,75.328992,76.740582
2020-01-17,AMGN,169.09554,173.97171,168.24859
2020-01-17,CRM,145.93899,145.94146,142.59968
2020-01-17,CSCO,35.190527,34.882175,34.676192
2020-01-17,IBM,86.618384,87.323992,86.028435
2020-01-17,INTC,51.053194,51.271281,50.580515
2020-01-17,MSFT,141.35683,141.8257,137.35777
2020-01-17,NKE,89.040721,90.752816,88.368824
2020-01-17,VZ,38.717292,38.684098,39.187326
2020-01-17,WMT,33.934574,34.573568,33.401699
2020-01-21,AAPL,74.020409,75.07387,73.669433
2020-01-21,AMGN,169.80042,168.80736,168.13458
2020-01-21,CRM,146.26419,148.08012,145.32204
2020-01-21,CSCO,33.793002,33.944951,34.276061
2020-01-21,IBM,84.372949,84.675474,85.38861
2020-01-21,INTC,52.280399,53.355747,51.921568
2020-01-21,MSFT,144.68938,146.00008,141.55044
2020-01-21,NKE,89.689925,90.560852,88.492109
2020-01-21,VZ,39.235734,39.51622,38.817297
2020-01-21,WMT,33.003386,33.284351,32.467893
2020-01-22,AAPL,74.800343,76.23945,74.171983
2020-01-22,AMGN,172.52244,173.23082,169.06488
2020-01-22,CRM,147.33646,148.82951,148.26371
2020-01-22,CSCO,33.548351,34.043149,33.418372
2020-01-22,IBM,82.389454,84.013267,82.022976
2020-01-22,INTC,52.512508,53.399278,52.957404
2020-01-22,MSFT,143.92615,145.46689,144.23287
2020-01-22,NKE,91.790945,93.222913,90.749114
2020-01-22,VZ,39.201562,39.451619,39.014251
2020-01-22,WMT,33.715099,33.413691,33.281595
2020-01-23,AAPL,73.210117,72.87779,72.808621
2020-01-23,AMGN,171.47539,172.09556,176.07439
2020-01-23,CRM,147.54386,149.82667,142.83177
2020-01-23,CSCO,34.460098,34.830348,34.7054
2020-01-23,IBM,82.418014,82.849076,80.855045
2020-01-23,INTC,51.361434,51.988056,52.093839
2020-01-23,MSFT,142.705,142.63809,140.76708
2020-01-23,NKE,90.663321,90.948445,90.197495
2020-01-23,VZ,39.34445,39.506347,39.270407
2020-01-23,WMT,33.911354,34.233456,33.755067
2020-01-24,AAPL,74.282263,74.697772,71.464837
2020-01-24,AMGN,174.72273,176.52894,174.79005
2020-01-24,CRM,151.38388,157.10909,147.50577
2020-01-24,CSCO,34.094543,33.836579,34.307867
2020-01-24,IBM,82.645392,83.371767,81.16438
2020-01-24,INTC,51.358008,52.914426,51.351386
2020-01-24,MSFT,141.41153,141.59036,138.03311
2020-01-24,NKE,92.194404,92.887031,92.005033
2020-01-24,VZ,39.800638,40.22993,39.48229
2020-01-24,WMT,34.656475,34.930972,35.217912
2020-01-27,AAPL,75.946402,74.843978,75.452171
2020-01-27,AMGN,170.77273,172.44731,167.15633
2020-01-27,CRM,151.80505,151.75623,149.2533
2020-01-27,CSCO,34.217961,34.646111,33.782001
2020-01-27,IBM,81.19721,83.200868,79.886069
2020-01-27,INTC,51.748909,53.339055,51.337267
2020-01-27,MSFT,142.49759,143.29432,140.4062
2020-01-27,NKE,92.358815,92.839248,91.372123
2020-01-27,VZ,38.657981,39.014089,38.386604
2020-01-27,WMT,34.939075,35.109118,34.845462
2020-01-28,AAPL,77.500947,75.504856,78.016068
2020-01-28,AMGN,169.88197,171.57692,169.979
2020-01-28,CRM,159.24527,158.32075,157.71518
2020-01-28,CSCO,33.671601,34.362112,33.940902
2020-01-28,IBM,79.055395,79.025667,78.947917
2020-01-28,INTC,52.578406,53.589239,52.896374
2020-01-28,MSFT,143.03519,144.76496,141.24729
2020-01-28,NKE,92.82388,93.074424,91.290499
2020-01-28,VZ,38.430976,38.901896,38.351715
2020-01-28,WMT,35.405126,35.739057,34.977305
2020-01-29,AAPL,78.566809,79.185557,77.958747
2020-01-29,AMGN,170.86504,172.96232,171.46335
2020-01-29,CRM,158.11,157.73636,161.05674
2020-01-29,CSCO,34.532507,34.508453,34.424639
2020-01-29,IBM,77.285664,78.089679,75.940519
2020-01-29,INTC,50.734029,49.708959,50.079611
2020-01-29,MSFT,143.42673,144.36909,142.88814
2020-01-29,NKE,92.654621,94.133894,91.492319
2020-01-29,VZ,38.16585,38.532722,37.53714
2020-01-29,WMT,35.192741,35.832777,35.249349
2020-01-30,AAPL,79.877484,79.125797,79.261468
2020-01-30,AMGN,170.85767,176.01918,171.29769
2020-01-30,CRM,153.83939,156.82261,152.39683
2020-01-30,CSCO,35.489844,35.655549,34.700428
2020-01-30,IBM,77.224125,77.470574,77.069315
2020-01-30,INTC,49.437706,49.663825,48.66571
2020-01-30,MSFT,141.76418,142.03469,137.57584
2020-01-30,NKE,94.092638,93.919312,94.225433
2020-01-30,VZ,37.819827,38.243971,37.39441
2020-01-30,WMT,35.031689,35.448844,34.465518
2020-01-31,AAPL,81.912272,81.37889,81.422748
2020-01-31,AMGN,167.22947,168.35198,164.49856
2020-01-31,CRM,155.8898,159.34736,155.80178
2020-01-31,CSCO,36.267418,35.994862,36.366878
2020-01-31,IBM,78.535128,78.335336,79.300631
2020-01-31,INTC,48.069147,48.651419,48.038089
2020-01-31,MSFT,139.82173,142.68034,140.23672
2020-01-31,NKE,92.260787,92.861351,89.782931
2020-01-31,VZ,37.456469,37.247783,37.85373
2020-01-31,WMT,34.254348,34.371469,33.802918
2020-02-03,AAPL,80.273705,79.90095,80.379753
2020-02-03,AMGN,172.18279,172.31374,173.13221
2020-02-03,CRM,158.08502,158.03608,158.86966
2020-02-03,CSCO,36.470214,36.389246,36.647939
2020-02-03,IBM,76.779166,76.429539,75.473713
2020-02-03,INTC,48.383611,49.218041,48.05293
2020-02-03,MSFT,137.13737,136.6674,134.17307
2020-02-03,NKE,95.00852,93.671877,94.933112
2020-02-03,VZ,37.271533,37.442544,36.795055
2020-02-03,WMT,34.628115,34.910528,35.046855
2020-02-04,AAPL,78.320943,79.176164,76.185839
2020-02-04,AMGN,176.72698,177.38193,175.96314
2020-02-04,CRM,159.8518,162.53962,156.41894
2020-02-04,CSCO,35.582009,35.587786,34.803206
2020-02-04,IBM,76.352557,77.099716,76.261191
2020-02-04,INTC,47.358589,47.161398,46.451477
2020-02-04,MSFT,136.92598,136.3681,136.60641
2020-02-04,NKE,96.410352,98.120316,96.104339
2020-02-04,VZ,37.248029,37.601238,36.826064
2020-02-04,WMT,34.045553,34.141915,34.430652
2020-02-05,AAPL,78.994609,79.955113,79.127208
2020-02-05,AMGN,173.38249,173.39419,169.96958
2020-02-05,CRM,153.70167,154.64569,148.2062
2020-02-05,CSCO,36.539812,36.551533,35.507926
2020-02-05,IBM,76.931669,78.328371,75.785495
2020-02-05,INTC,48.444888,48.550652,48.157476
2020-02-05,MSFT,134.15923,134.97686,133.39697
2020-02-05,NKE,95.144138,95.824186,94.706436
2020-02-05,VZ,36.838575,37.041783,36.110019
2020-02-05,WMT,34.002813,34.234277,34.122718
2020-02-06,AAPL,78.213142,79.091857,78.039762
2020-02-06,AMGN,174.47859,178.64254,173.81827
2020-02-06,CRM,154.80395,156.9631,151.32661
2020-02-06,CSCO,37.075897,37.296922,36.215888
2020-02-06,IBM,77.444233,77.581578,78.633462
2020-02-06,INTC,47.136365,47.094129,46.095956
2020-02-06,MSFT,135.65788,134.61131,137.06852
2020-02-06,NKE,94.766933,96.649493,93.644013
2020-02-06,VZ,36.985887,37.554105,36.650459
2020-02-06,WMT,34.092889,34.359764,33.927165
2020-02-07,AAPL,74.695583,75.709029,74.869718
2020-02-07,AMGN,174.28751,176.17578,173.31866
2020-02-07,CRM,152.77245,152.38186,151.60352
2020-02-07,CSCO,36.878035,36.301671,36.109577
2020-02-07,IBM,77.31596,78.010924,75.259968
2020-02-07,INTC,46.545735,48.078909,46.620209
2020-02-07,MSFT,132.92444,131.23643,132.76659
2020-02-07,NKE,93.331427,94.489997,92.650072
2020-02-07,VZ,37.138905,37.304788,37.228638
2020-02-07,WMT,34.580884,34.728642,34.22694
2020-02-10,AAPL,75.644901,75.945943,75.100803
2020-02-10,AMGN,173.65022,177.13268,172.57818
2020-02-10,CRM,158.29325,159.43681,158.39626
2020-02-10,CSCO,36.959743,37.298771,36.583629
2020-02-10,IBM,77.681423,79.278139,77.664366
2020-02-10,INTC,46.824292,47.26482,45.688517
2020-02-10,MSFT,130.94873,132.6826,129.83796
2020-02-10,NKE,93.075745,94.598501,94.462593
2020-02-10,VZ,37.249455,37.587348,36.770986
2020-02-10,WMT,34.790236,34.62763,34.8132
2020-02-11,AAPL,77.97703,77.28753,77.498098
2020-02-11,AMGN,173.01729,175.1576,169.75721
2020-02-11,CRM,153.84013,157.26946,151.08119
2020-02-11,CSCO,36.740351,37.396759,36.330945
2020-02-11,IBM,77.061959,76.791431,76.146772
2020-02-11,INTC,47.821478,47.771186,47.463299
2020-02-11,MSFT,128.79323,128.50691,128.52671
2020-02-11,NKE,91.607711,91.385785,90.64786
2020-02-11,VZ,36.98608,36.951729,37.399476
2020-02-11,WMT,34.276092,34.910141,34.404132
2020-02-12,AAPL,80.45777,80.953257,79.094677
2020-02-12,AMGN,167.73792,169.69668,164.81912
2020-02-12,CRM,148.91042,151.23021,146.20335
2020-02-12,CSCO,36.383604,36.8065,36.229696
2020-02-12,IBM,76.574614,76.840478,76.019666
2020-02-12,INTC,48.735723,49.31872,48.693768
2020-02-12,MSFT,129.65277,130.50072,128.37492
2020-02-12,NKE,90.824793,93.14698,90.162571
2020-02-12,VZ,37.240792,36.840738,36.769067
2020-02-12,WMT,34.085201,34.595044,33.618892
2020-02-13,AAPL,80.822194,81.283679,79.684493
2020-02-13,AMGN,164.83524,167.31093,164.99745
2020-02-13,CRM,143.74583,143.04665,139.84979
2020-02-13,CSCO,36.016366,36.543469,35.422219
2020-02-13,IBM,76.365273,76.657603,76.537692
2020-02-13,INTC,49.34158,49.187131,49.335098
2020-02-13,MSFT,131.52994,131.48572,128.83878
2020-02-13,NKE,91.705503,93.033081,90.29688
2020-02-13,VZ,37.296466,38.209123,37.718333
2020-02-13,WMT,33.933279,34.462981,33.156447
2020-02-14,AAPL,82.689637,82.124346,81.155337
2020-02-14,AMGN,163.79747,166.02515,160.16501
2020-02-14,CRM,143.999,144.92564,143.74732
2020-02-14,CSCO,35.126147,35.480796,34.801863
2020-02-14,IBM,74.148774,75.148119,73.475084
2020-02-14,INTC,50.225462,50.733656,49.492303
2020-02-14,MSFT,128.99897,129.76289,128.13884
2020-02-14,NKE,92.891305,93.425535,92.915434
2020-02-14,VZ,37.227958,37.433709,37.199311
2020-02-14,WMT,33.290374,33.513083,33.295116
2020-02-18,AAPL,84.863182,85.967669,82.512567
2020-02-18,AMGN,163.14298,164.3871,162.56687
2020-02-18,CRM,146.07386,146.33211,143.74519
2020-02-18,CSCO,34.69758,34.291053,35.006974
2020-02-18,IBM,74.88587,75.226546,74.876684
2020-02-18,INTC,50.103835,50.946603,49.314437
2020-02-18,MSFT,128.4573,132.29268,128.51409
2020-02-18,NKE,94.805696,93.332664,93.630352
2020-02-18,VZ,37.472671,37.936382,37.127639
2020-02-18,WMT,33.38432,33.481043,33.246341
2020-02-19,AAPL,84.441328,84.874275,83.436189
2020-02-19,AMGN,159.37262,160.89517,155.24492
2020-02-19,CRM,143.63249,142.13349,138.01258
2020-02-19,CSCO,35.004407,35.326088,35.199225
2020-02-19,IBM,75.964379,76.45468,75.806765
2020-02-19,INTC,50.041933,51.877488,50.118034
2020-02-19,MSFT,129.01557,129.41906,128.36072
2020-02-19,NKE,92.713402,93.472286,91.776538
2020-02-19,VZ,37.356065,37.735828,37.102627
2020-02-19,WMT,32.770723,32.680594,32.641187
2020-02-20,AAPL,81.545052,83.021214,80.481957
2020-02-20,AMGN,160.2777,163.99018,155.27779
2020-02-20,CRM,141.40005,137.90406,140.64005
2020-02-20,CSCO,33.829506,34.242565,33.470221
2020-02-20,IBM,74.955361,75.616901,75.625595
2020-02-20,INTC,51.535822,51.798207,52.045074
2020-02-20,MSFT,128.84813,129.49543,126.41042
2020-02-20,NKE,90.78321,90.622127,90.412631
2020-02-20,VZ,37.149795,37.820648,36.688625
2020-02-20,WMT,31.675091,31.739433,31.552344
2020-02-21,AAPL,79.727718,81.950105,78.819955
2020-02-21,AMGN,156.31534,157.95528,158.70796
2020-02-21,CRM,142.80619,144.8086,139.67598
2020-02-21,CSCO,33.510133,33.402479,33.360161
2020-02-21,IBM,75.055148,76.099017,74.436449
2020-02-21,INTC,51.322396,51.733227,50.021757
2020-02-21,MSFT,129.676,128.77304,129.15296
2020-02-21,NKE,91.933363,93.186845,92.249572
2020-02-21,VZ,36.920014,37.341359,36.959189
2020-02-21,WMT,31.868275,31.864685,31.760408
2020-02-24,AAPL,81.417094,81.875823,81.048842
2020-02-24,AMGN,157.67282,159.97233,155.24623
2020-02-24,CRM,144.41401,150.87566,141.54989
2020-02-24,CSCO,32.81795,32.81926,32.644363
2020-02-24,IBM,75.298676,75.631177,75.536495
2020-02-24,INTC,50.76705,51.253448,50.827866
2020-02-24,MSFT,129.8313,130.06974,128.35103
2020-02-24,NKE,89.570535,90.470916,87.823844
2020-02-24,VZ,36.926207,37.255715,36.392579
2020-02-24,WMT,31.259393,31.729782,31.303808
2020-02-25,AAPL,81.221919,81.992232,81.08699
2020-02-25,AMGN,153.39314,154.79649,151.80743
2020-02-25,CRM,145.7244,147.22106,148.89086
2020-02-25,CSCO,32.422496,33.112135,31.892184
2020-02-25,IBM,75.393519,76.053767,75.489336
2020-02-25,INTC,50.881685,51.407655,50.213099
2020-02-25,MSFT,133.50695,133.14921,130.62118
2020-02-25,NKE,88.269419,87.931503,87.925442
2020-02-25,VZ,37.059149,36.998261,36.548556
2020-02-25,WMT,31.344461,31.565008,31.401414
2020-02-26,AAPL,80.861859,81.746484,80.219773
2020-02-26,AMGN,157.03288,159.14497,156.84916
2020-02-26,CRM,141.07801,141.26995,137.53604
2020-02-26,CSCO,32.743282,32.238698,32.856462
2020-02-26,IBM,76.284708,77.264997,75.387664
2020-02-26,INTC,51.238089,50.969677,51.55365
2020-02-26,MSFT,132.23072,133.50429,132.13114
2020-02-26,NKE,85.616263,86.759619,84.586799
2020-02-26,VZ,36.719482,37.096797,36.095789
2020-02-26,WMT,31.07986,31.301449,30.717134
2020-02-27,AAPL,80.250415,80.056314,78.586124
2020-02-27,AMGN,157.48054,159.25644,155.26933
2020-02-27,CRM,138.24477,138.61608,140.0994
2020-02-27,CSCO,33.138952,33.207864,32.677241
2020-02-27,IBM,77.346967,78.356462,76.786408
2020-02-27,INTC,51.30192,51.715878,51.08471
2020-02-27,MSFT,129.55865,130.41812,128.98762
2020-02-27,NKE,84.537347,85.34897,83.410531
2020-02-27,VZ,36.395661,36.821656,35.804153
2020-02-27,WMT,30.765297,31.070705,30.978034
2020-02-28,AAPL,79.455268,81.206492,79.3636
2020-02-28,AMGN,157.43466,157.78753,156.63363
2020-02-28,CRM,134.49179,135.93989,129.86126
2020-02-28,CSCO,33.894241,34.115322,34.049142
2020-02-28,IBM,74.596612,74.495334,73.969519
2020-02-28,INTC,52.311505,51.912234,51.814928
2020-02-28,MSFT,127.63581,127.41721,127.42083
2020-02-28,NKE,84.827806,84.620252,85.037049
2020-02-28,VZ,36.128024,36.324836,36.5399
2020-02-28,WMT,30.500619,31.066665,29.974493
2020-03-02,AAPL,78.83103,79.110696,77.239525
2020-03-02,AMGN,153.41878,156.8093,150.00499
2020-03-02,CRM,134.24513,133.29826,132.72085
2020-03-02,CSCO,33.672758,33.654498,33.492663
2020-03-02,IBM,74.350892,74.80005,73.814528
2020-03-02,INTC,53.103802,54.300247,51.909015
2020-03-02,MSFT,129.12969,128.63981,129.48211
2020-03-02,NKE,85.008917,85.684176,84.195518
2020-03-02,VZ,35.133856,35.711286,34.42675
2020-03-02,WMT,30.351531,30.823838,30.317034
2020-03-03,AAPL,79.285405,78.52292,77.476443
2020-03-03,AMGN,156.73041,160.33153,153.5793
2020-03-03,CRM,131.14254,131.61781,130.60227
2020-03-03,CSCO,33.695355,33.677323,33.131926
2020-03-03,IBM,72.201479,72.935878,71.059318
2020-03-03,INTC,51.694666,51.940074,52.466616
2020-03-03,MSFT,130.1014,129.01225,129.11752
2020-03-03,NKE,85.024898,87.941939,84.045338
2020-03-03,VZ,35.716041,36.234154,35.048651
2020-03-03,WMT,29.908232,30.286351,29.509039
2020-03-04,AAPL,78.009872,80.58748,79.787992
2020-03-04,AMGN,161.89037,163.60013,159.60704
2020-03-04,CRM,127.65115,125.36288,127.33608
2020-03-04,CSCO,34.322342,34.207405,34.176152
2020-03-04,IBM,73.184792,73.732548,72.920214
2020-03-04,INTC,50.869023,52.120002,50.787398
2020-03-04,MSFT,132.25417,135.50431,130.13912
2020-03-04,NKE,85.328942,84.581813,86.314873
2020-03-04,VZ,35.702623,36.078111,35.717502
2020-03-04,WMT,29.933201,30.107167,29.812253
2020-03-05,AAPL,77.273208,76.970346,76.874342
2020-03-05,AMGN,161.37137,163.95524,155.48759
2020-03-05,CRM,121.46841,120.85282,121.38744
2020-03-05,CSCO,34.775337,34.984591,34.200265
2020-03-05,IBM,74.311142,75.064759,72.940401
2020-03-05,INTC,51.428198,52.65311,50.189827
2020-03-05,MSFT,128.77593,128.63181,127.96098
2020-03-05,NKE,85.019803,87.119604,86.684147
2020-03-05,VZ,34.94649,34.690811,34.657321
2020-03-05,WMT,29.636386,29.666572,29.538937
2020-03-06,AAPL,75.960663,75.802564,75.874611
2020-03-06,AMGN,159.49683,160.96011,156.10214
2020-03-06,CRM,116.83104,118.52608,112.81476
2020-03-06,CSCO,34.619587,34.932655,34.88919
2020-03-06,IBM,72.363765,73.926021,73.323534
2020-03-06,INTC,51.601793,51.384895,49.996733
2020-03-06,MSFT,126.70689,130.21292,124.69724
2020-03-06,NKE,84.159072,85.989219,84.185819
2020-03-06,VZ,34.587939,35.226941,34.251601
2020-03-06,WMT,29.854697,30.132879,29.125778
2020-03-09,AAPL,73.751547,74.810915,72.838745
2020-03-09,AMGN,160.57241,161.89976,157.47931
2020-03-09,CRM,117.33066,118.48929,115.32877
2020-03-09,CSCO,34.512458,35.068579,34.337991
2020-03-09,IBM,72.06511,73.105907,71.062358
2020-03-09,INTC,50.401562,50.514182,50.349473
2020-03-09,MSFT,128.91737,128.08039,125.54202
2020-03-09,NKE,84.175515,84.270361,84.319881
2020-03-09,VZ,34.332032,34.816915,34.160735
2020-03-09,WMT,29.227736,29.637477,28.823982
2020-03-10,AAPL,74.379787,76.176397,73.700305
2020-03-10,AMGN,163.63572,168.95627,161.03603
2020-03-10,CRM,116.22698,118.1962,114.71577
2020-03-10,CSCO,34.691476,34.566734,34.389602
2020-03-10,IBM,71.201956,72.891267,71.046041
2020-03-10,INTC,50.633516,51.139308,49.845853
2020-03-10,MSFT,131.46063,133.99191,132.12423
2020-03-10,NKE,84.878854,85.614964,84.566825
2020-03-10,VZ,32.893246,33.703397,32.75136
2020-03-10,WMT,29.499474,29.632958,28.9238
2020-03-11,AAPL,73.241519,75.52135,71.93897
2020-03-11,AMGN,162.59051,166.68991,160.0871
2020-03-11,CRM,115.71956,117.19906,111.5937
2020-03-11,CSCO,35.491175,36.163584,34.997146
2020-03-11,IBM,70.876943,71.836569,70.485535
2020-03-11,INTC,51.862924,52.310756,50.680553
2020-03-11,MSFT,134.11339,134.45097,132.41917
2020-03-11,NKE,84.165363,85.37905,82.835937
2020-03-11,VZ,32.261508,32.926067,31.994918
2020-03-11,WMT,29.725239,29.638633,29.139197
2020-03-12,AAPL,72.357608,74.008559,70.305654
2020-03-12,AMGN,161.3581,160.88526,159.61161
2020-03-12,CRM,110.53598,110.59613,106.20984
2020-03-12,CSCO,36.282698,36.487736,36.048993
2020-03-12,IBM,69.053046,69.037657,69.381814
2020-03-12,INTC,51.888268,52.069022,51.239028
2020-03-12,MSFT,131.98575,131.23891,127.45107
2020-03-12,NKE,83.179056,83.74093,84.263984
2020-03-12,VZ,31.638398,32.276665,30.697711
2020-03-12,WMT,29.435571,29.792646,28.858122
2020-03-13,AAPL,72.081014,72.931995,71.256134
2020-03-13,AMGN,160.52689,164.18583,158.41397
2020-03-13,CRM,110.6257,112.53656,109.92846
2020-03-13,CSCO,36.055383,35.973061,35.704595
2020-03-13,IBM,67.766555,68.030032,67.667777
2020-03-13,INTC,51.348325,51.479019,49.901406
2020-03-13,MSFT,126.26904,127.57576,122.80903
2020-03-13,NKE,83.554495,84.572595,80.776007
2020-03-13,VZ,31.945755,32.402564,31.421825
2020-03-13,WMT,29.638197,29.619565,29.848964
2020-03-16,AAPL,74.440199,75.814287,74.176109
2020-03-16,AMGN,156.3306,157.26009,155.21879
2020-03-16,CRM,106.45367,110.11424,104.56606
2020-03-16,CSCO,36.976292,37.472844,36.432712
2020-03-16,IBM,68.184832,68.555513,68.323525
2020-03-16,INTC,50.786721,51.249852,51.41299
2020-03-16,MSFT,127.34247,127.04467,125.37336
2020-03-16,NKE,81.864163,81.574043,78.950023
2020-03-16,VZ,32.313716,32.939385,31.883302
2020-03-16,WMT,29.478694,29.718516,29.416238
2020-03-17,AAPL,77.327723,79.068642,76.427863
2020-03-17,AMGN,154.00212,156.47611,154.66349
2020-03-17,CRM,111.75121,116.10869,110.03029
2020-03-17,CSCO,36.989788,37.36111,36.657142
2020-03-17,IBM,66.276564,66.329397,65.001603
2020-03-17,INTC,51.674335,52.01036,51.29469
2020-03-17,MSFT,127.7213,128.24596,126.94064
2020-03-17,NKE,81.532807,82.229771,80.692243
2020-03-17,VZ,31.9896,32.227583,31.354213
2020-03-17,WMT,29.433475,29.928913,29.098432
2020-03-18,AAPL,76.008406,77.987888,76.286467
2020-03-18,AMGN,150.05037,151.14,148.12684
2020-03-18,CRM,110.43637,110.03363,111.09943
2020-03-18,CSCO,36.960695,36.972609,36.729302
2020-03-18,IBM,66.088481,66.659914,64.90096
2020-03-18,INTC,51.985624,52.16849,51.22895
2020-03-18,MSFT,126.71706,129.25059,127.66817
2020-03-18,NKE,79.950621,81.136813,77.797382
2020-03-18,VZ,31.065868,30.776983,31.359739
2020-03-18,WMT,29.790026,30.504942,29.372044
2020-03-19,AAPL,75.887238,76.804314,72.891108
2020-03-19,AMGN,153.22861,154.50084,150.95216
2020-03-19,CRM,105.63275,108.17999,105.39369
2020-03-19,CSCO,36.996437,38.026891,36.765972
2020-03-19,IBM,66.111664,67.578097,64.850948
2020-03-19,INTC,52.832661,53.495793,51.241306
2020-03-19,MSFT,128.41184,129.36722,126.6665
2020-03-19,NKE,78.910244,79.81711,77.625167
2020-03-19,VZ,31.195863,31.344962,30.787858
2020-03-19,WMT,29.419889,29.58396,28.687097
2020-03-20,AAPL,74.288892,73.833303,73.437842
2020-03-20,AMGN,153.29404,157.54781,149.44674
2020-03-20,CRM,107.29887,107.98013,105.02313
2020-03-20,CSCO,36.409818,35.931511,36.683288
2020-03-20,IBM,65.254345,65.263641,64.18293
2020-03-20,INTC,50.460617,51.438897,50.136183
2020-03-20,MSFT,125.19141,127.13954,123.22707
2020-03-20,NKE,78.470385,79.154219,76.630814
2020-03-20,VZ,31.188145,31.562294,31.385161
2020-03-20,WMT,28.985477,29.35221,28.847222
2020-03-23,AAPL,75.844885,76.994935,75.156029
2020-03-23,AMGN,148.25332,152.09934,148.55146
2020-03-23,CRM,104.87852,105.53085,104.58162
2020-03-23,CSCO,36.312417,37.001813,36.081972
2020-03-23,IBM,64.072683,65.360651,63.205561
2020-03-23,INTC,49.991349,49.821038,48.384352
2020-03-23,MSFT,120.84605,121.89168,121.84672
2020-03-23,NKE,79.220677,78.862609,78.909545
2020-03-23,VZ,31.290351,31.567084,31.362648
2020-03-23,WMT,28.744329,29.298608,28.658857
2020-03-24,AAPL,76.330115,78.148957,73.51935
2020-03-24,AMGN,141.57521,146.81107,140.38155
2020-03-24,CRM,109.89353,113.14908,107.80402
2020-03-24,CSCO,36.340043,37.221641,36.158363
2020-03-24,IBM,64.537823,64.452256,64.549287
2020-03-24,INTC,48.5132,49.851952,47.075635
2020-03-24,MSFT,125.12853,128.05901,123.92519
2020-03-24,NKE,79.254833,80.327483,79.577395
2020-03-24,VZ,31.081095,31.553495,31.557526
2020-03-24,WMT,27.910673,28.230894,28.293865
2020-03-25,AAPL,77.357718,76.697399,76.997664
2020-03-25,AMGN,141.957,142.94343,143.19629
2020-03-25,CRM,103.49312,105.35886,103.92613
2020-03-25,CSCO,36.141674,35.740346,35.605051
2020-03-25,IBM,63.699078,64.159299,63.779311
2020-03-25,INTC,49.782199,50.601143,48.887841
2020-03-25,MSFT,128.28701,129.46881,126.85936
2020-03-25,NKE,79.01074,80.004076,79.213527
2020-03-25,VZ,31.338167,31.617328,31.454179
2020-03-25,WMT,28.011439,28.077792,28.038152
2020-03-26,AAPL,78.345362,79.481119,77.882207
2020-03-26,AMGN,139.7518,141.46461,137.66278
2020-03-26,CRM,102.06346,102.64252,102.24656
2020-03-26,CSCO,36.389919,36.604959,35.016069
2020-03-26,IBM,63.782864,63.810701,63.235967
2020-03-26,INTC,50.090062,51.669074,49.280973
2020-03-26,MSFT,129.82309,131.67027,128.51263
2020-03-26,NKE,78.896725,79.43729,78.633736
2020-03-26,VZ,31.614472,31.98561,31.221967
2020-03-26,WMT,27.820656,27.861591,27.682022
2020-03-27,AAPL,77.549112,78.43121,76.332965
2020-03-27,AMGN,143.94898,146.74705,139.02596
2020-03-27,CRM,100.66346,99.344207,99.050842
2020-03-27,CSCO,36.54604,37.537709,36.006818
2020-03-27,IBM,63.994108,64.496945,63.324251
2020-03-27,INTC,50.590117,50.89024,50.455687
2020-03-27,MSFT,127.28975,128.88771,127.2867
2020-03-27,NKE,78.781821,79.383687,78.356474
2020-03-27,VZ,31.978644,31.851246,32.326213
2020-03-27,WMT,27.792175,28.249934,27.362513
2020-03-30,AAPL,76.660501,75.728647,75.780833
2020-03-30,AMGN,143.18048,145.34813,140.27432
2020-03-30,CRM,96.762293,98.63263,93.455623
2020-03-30,CSCO,37.733772,38.386135,37.835355
2020-03-30,IBM,63.177106,63.867891,62.394592
2020-03-30,INTC,52.573312,52.224149,51.974594
2020-03-30,MSFT,126.83541,129.32504,126.5597
2020-03-30,NKE,79.086594,80.504874,79.187444
2020-03-30,VZ,31.312749,31.589664,31.455273
2020-03-30,WMT,27.947034,28.347266,27.479143
2020-03-31,AAPL,77.513523,78.271711,74.919402
2020-03-31,AMGN,139.14693,141.21596,138.22279
2020-03-31,CRM,98.287105,100.39156,94.697431
2020-03-31,CSCO,37.717296,38.549565,38.113577
2020-03-31,IBM,63.706341,63.808828,62.866011
2020-03-31,INTC,52.439217,53.096029,51.573617
2020-03-31,MSFT,129.7857,131.6352,127.85098
2020-03-31,NKE,79.499092,79.817245,79.549282
2020-03-31,VZ,31.007034,31.34191,30.897083
2020-03-31,WMT,28.14666,28.82854,27.634784
2020-04-01,AAPL,76.53646,77.956834,76.453802
2020-04-01,AMGN,137.97148,138.27821,135.45075
2020-04-01,CRM,95.640502,97.072862,90.826113
2020-04-01,CSCO,36.772008,37.146847,36.505424
2020-04-01,IBM,64.860864,65.490104,64.813881
2020-04-01,INTC,51.70448,51.87019,51.218384
2020-04-01,MSFT,131.16439,132.39073,131.09986
2020-04-01,NKE,78.34216,78.870735,76.806319
2020-04-01,VZ,30.615195,31.077586,29.974092
2020-04-01,WMT,27.207934,27.355348,27.203602
2020-04-02,AAPL,74.45317,76.226524,71.701816
2020-04-02,AMGN,139.09269,138.87389,135.80086
2020-04-02,CRM,97.57792,99.908989,96.125902
2020-04-02,CSCO,37.538843,37.917069,37.355284
2020-04-02,IBM,65.21102,66.128363,64.110995
2020-04-02,INTC,52.550158,52.961088,50.569111
2020-04-02,MSFT,129.82335,134.08064,130.07824
2020-04-02,NKE,77.464257,78.549001,75.444372
2020-04-02,VZ,30.429657,30.495529,29.690866
2020-04-02,WMT,28.416816,28.80402,28.378662
2020-04-03,AAPL,77.427741,77.403927,75.222115
2020-04-03,AMGN,138.3484,141.90323,137.00426
2020-04-03,CRM,93.060003,95.37899,90.921559
2020-04-03,CSCO,37.276916,38.413935,36.540528
2020-04-03,IBM,64.040381,65.309484,62.842555
2020-04-03,INTC,54.077372,56.323038,53.122664
2020-04-03,MSFT,126.63342,129.41256,125.41243
2020-04-03,NKE,75.791294,78.712905,73.51903
2020-04-03,VZ,30.180349,30.631582,29.762271
2020-04-03,WMT,28.096524,28.701567,27.646483
2020-04-06,AAPL,73.717475,74.560235,72.733728
2020-04-06,AMGN,138.35051,141.54862,136.94755
2020-04-06,CRM,90.373996,93.052032,87.875732
2020-04-06,CSCO,36.927554,37.284666,35.5967
2020-04-06,IBM,64.239729,64.727642,63.30494
2020-04-06,INTC,54.755395,55.726319,53.707951
2020-04-06,MSFT,124.92616,125.24159,123.35221
2020-04-06,NKE,76.371301,77.471339,74.657705
2020-04-06,VZ,30.170234,30.485571,30.192429
2020-04-06,WMT,27.633297,27.89664,27.184629
2020-04-07,AAPL,76.670844,78.365076,75.284668
2020-04-07,AMGN,140.05813,143.84261,137.62439
2020-04-07,CRM,92.624202,94.050697,89.895823
2020-04-07,CSCO,37.253932,38.332898,36.676291
2020-04-07,IBM,66.170654,66.983781,65.369245
2020-04-07,INTC,53.580914,54.045005,52.620676
2020-04-07,MSFT,124.7159,127.10653,124.78459
2020-04-07,NKE,74.838074,75.323505,74.457621
2020-04-07,VZ,30.483149,30.718151,30.03027
2020-04-07,WMT,27.842651,28.202431,27.677925
2020-04-08,AAPL,75.196632,75.408257,74.298103
2020-04-08,AMGN,141.10755,142.18106,136.90159
2020-04-08,CRM,88.524181,91.623009,88.503238
2020-04-08,CSCO,37.564695,38.30101,37.522223
2020-04-08,IBM,64.169937,64.942231,63.08104
2020-04-08,INTC,55.275101,56.441257,53.812206
2020-04-08,MSFT,126.30093,128.22985,124.58328
2020-04-08,NKE,72.425047,73.892705,72.296344
2020-04-08,VZ,30.661689,31.02454,30.333944
2020-04-08,WMT,28.229963,28.341441,27.524527
2020-04-09,AAPL,74.398428,76.133245,72.836719
2020-04-09,AMGN,141.61928,142.6685,140.75848
2020-04-09,CRM,87.987217,89.844087,87.85833
2020-04-09,CSCO,37.936866,38.746516,37.203702
2020-04-09,IBM,64.468194,64.640219,63.848516
2020-04-09,INTC,54.008282,54.98291,52.244967
2020-04-09,MSFT,130.33437,132.18868,129.53647
2020-04-09,NKE,71.362776,72.904953,70.611173
2020-04-09,VZ,30.388772,30.864107,30.150504
2020-04-09,WMT,28.114311,28.598453,27.77506
2020-04-13,AAPL,74.720878,75.353795,73.767993
2020-04-13,AMGN,144.01402,147.47186,142.60195
2020-04-13,CRM,89.522759,89.246569,87.946235
2020-04-13,CSCO,36.601362,36.684211,36.379448
2020-04-13,IBM,63.398654,64.817833,62.324469
2020-04-13,INTC,54.514212,55.430066,54.400902
2020-04-13,MSFT,127.31969,127.33767,127.61583
2020-04-13,NKE,71.744561,73.36411,70.498795
2020-04-13,VZ,30.484891,30.853303,30.003482
2020-04-13,WMT,28.278524,28.733148,27.950829
2020-04-14,AAPL,74.481085,75.46716,73.813068
2020-04-14,AMGN,142.36708,142.91604,139.44457
2020-04-14,CRM,90.760788,90.452983,89.396273
2020-04-14,CSCO,37.046891,37.844896,37.161407
2020-04-14,IBM,62.484305,63.185586,62.05695
2020-04-14,INTC,54.542985,55.709307,53.611846
2020-04-14,MSFT,125.9932,125.98571,126.5422
2020-04-14,NKE,70.850885,72.328739,69.793752
2020-04-14,VZ,30.312657,30.832419,30.324011
2020-04-14,WMT,27.747818,27.772044,27.473529
2020-04-15,AAPL,73.563902,74.514455,72.463321
2020-04-15,AMGN,139.91274,142.33626,137.83782
2020-04-15,CRM,87.808077,88.25702,86.958919
2020-04-15,CSCO,36.607781,37.221065,35.871914
2020-04-15,IBM,62.155025,62.033117,60.957316
2020-04-15,INTC,53.901816,54.308235,52.470363
2020-04-15,MSFT,124.38604,125.11776,124.72881
2020-04-15,NKE,71.730729,72.910635,69.746776
2020-04-15,VZ,30.368866,31.239102,30.023545
2020-04-15,WMT,27.40109,27.528603,27.080282
2020-04-16,AAPL,73.142495,73.368577,70.798195
2020-04-16,AMGN,137.16336,138.04099,135.45159
2020-04-16,CRM,87.098807,87.428975,86.229398
2020-04-16,CSCO,36.478447,36.759382,35.794208
2020-04-16,IBM,62.212401,63.104218,61.349964
2020-04-16,INTC,52.768147,53.184745,52.773589
2020-04-16,MSFT,123.82678,126.03658,119.84566
2020-04-16,NKE,70.896395,72.542259,70.281007
2020-04-16,VZ,29.623778,30.247838,28.887004
2020-04-16,WMT,27.532108,27.682739,27.428734
2020-04-17,AAPL,72.469899,73.441278,71.507081
2020-04-17,AMGN,138.02709,138.33922,137.08267
2020-04-17,CRM,88.788036,90.547241,87.407253
2020-04-17,CSCO,36.816882,36.491333,36.258672
2020-04-17,IBM,60.43517,61.383389,59.125761
2020-04-17,INTC,50.544049,51.054767,49.117123
2020-04-17,MSFT,121.06328,122.73986,119.07232
2020-04-17,NKE,67.840307,68.325684,67.137647
2020-04-17,VZ,29.255768,29.134278,29.49868
2020-04-17,WMT,27.605821,27.840282,27.282598
2020-04-20,AAPL,72.553053,73.940361,71.323762
2020-04-20,AMGN,138.03124,140.49878,136.62138
2020-04-20,CRM,87.719065,91.221832,87.490048
2020-04-20,CSCO,36.654942,37.511652,36.411089
2020-04-20,IBM,60.433262,60.993223,60.025407
2020-04-20,INTC,50.795044,52.209245,50.807493
2020-04-20,MSFT,120.33557,121.84963,118.51622
2020-04-20,NKE,66.626776,65.90905,65.771406
2020-04-20,VZ,29.251305,29.403974,28.460142
2020-04-20,WMT,28.1507,28.210004,28.049159
2020-04-21,AAPL,74.557366,74.479628,72.643799
2020-04-21,AMGN,133.15801,136.35943,133.86239
2020-04-21,CRM,91.62611,93.722402,92.357744
2020-04-21,CSCO,36.422446,36.396369,36.925655
2020-04-21,IBM,59.384534,59.673768,58.6211
2020-04-21,INTC,50.225849,51.425728,49.927456
2020-04-21,MSFT,121.3309,123.47102,118.79212
2020-04-21,NKE,64.438555,64.734069,62.507651
2020-04-21,VZ,28.974782,28.923372,27.943886
2020-04-21,WMT,28.100097,28.278677,27.739033
2020-04-22,AAPL,76.120284,77.536492,74.16561
2020-04-22,AMGN,129.48632,132.43538,126.82365
2020-04-22,CRM,94.243839,96.065227,91.083956
2020-04-22,CSCO,36.311124,36.351185,35.722107
2020-04-22,IBM,59.413089,59.739292,59.277238
2020-04-22,INTC,50.93445,51.582566,50.315199
2020-04-22,MSFT,120.09376,122.09269,119.93461
2020-04-22,NKE,63.540815,64.288775,62.137758
2020-04-22,VZ,29.386243,30.037801,28.515287
2020-04-22,WMT,28.082342,28.578916,27.635935
2020-04-23,AAPL,75.098762,76.462725,73.260619
2020-04-23,AMGN,129.08317,129.27546,127.32039
2020-04-23,CRM,94.540437,95.807478,93.221779
2020-04-23,CSCO,37.492089,38.039082,37.571595
2020-04-23,IBM,59.478966,60.058362,57.997655
2020-04-23,INTC,51.698565,51.229336,51.388855
2020-04-23,MSFT,122.90459,127.11437,121.71564
2020-04-23,NKE,62.19873,63.99999,61.026246
2020-04-23,VZ,29.424803,29.56939,29.38198
2020-04-23,WMT,27.68096,28.062417,27.479285
2020-04-24,AAPL,75.534025,74.787731,71.977061
2020-04-24,AMGN,128.6454,131.71181,128.71127
2020-04-24,CRM,90.341244,91.089327,87.934064
2020-04-24,CSCO,37.616033,37.757899,36.788215
2020-04-24,IBM,58.392795,58.583581,58.273181
2020-04-24,INTC,51.454206,51.666589,50.245463
2020-04-24,MSFT,121.24316,122.81756,120.68824
2020-04-24,NKE,61.322215,63.471035,61.244918
2020-04-24,VZ,29.804206,30.244685,28.749963
2020-04-24,WMT,27.669143,28.046894,27.239563
2020-04-27,AAPL,78.196177,78.706895,77.640939
2020-04-27,AMGN,130.43705,130.09209,128.96497
2020-04-27,CRM,85.499876,85.420361,85.507979
2020-04-27,CSCO,38.739401,39.182374,38.272934
2020-04-27,IBM,57.529745,57.43867,57.486306
2020-04-27,INTC,50.792454,50.785936,49.506904
2020-04-27,MSFT,118.57265,121.15857,116.44322
2020-04-27,NKE,61.618208,62.898794,61.163204
2020-04-27,VZ,30.178711,30.195613,29.474979
2020-04-27,WMT,27.142362,27.277546,26.792865
2020-04-28,AAPL,75.467448,76.913101,74.112412
2020-04-28,AMGN,130.99401,133.54105,129.81515
2020-04-28,CRM,85.201268,86.763473,84.624124
2020-04-28,CSCO,38.049719,38.798638,37.970731
2020-04-28,IBM,56.548062,57.514662,55.520116
2020-04-28,INTC,52.471194,52.170799,51.445641
2020-04-28,MSFT,120.85121,121.26507,121.45512
2020-04-28,NKE,60.887298,61.790372,60.876871
2020-04-28,VZ,29.953899,30.216194,29.724296
2020-04-28,WMT,26.841264,27.278366,26.488889
2020-04-29,AAPL,73.522805,73.942735,71.348093
2020-04-29,AMGN,127.4937,128.01825,126.60557
2020-04-29,CRM,85.4656,86.4033,80.923618
2020-04-29,CSCO,37.136014,37.881204,36.561421
2020-04-29,IBM,58.8921,59.453036,58.263219
2020-04-29,INTC,53.665523,54.042178,53.113504
2020-04-29,MSFT,118.55206,120.87308,117.73884
2020-04-29,NKE,61.460987,61.760122,60.13899
2020-04-29,VZ,29.341043,29.212545,29.276522
2020-04-29,WMT,26.934949,27.098264,26.786586
2020-04-30,AAPL,76.094584,77.866939,72.97623
2020-04-30,AMGN,130.80464,133.22759,130.85839
2020-04-30,CRM,86.462654,88.060324,83.197075
2020-04-30,CSCO,36.635111,37.013406,35.741536
2020-04-30,IBM,58.332967,59.797103,58.025642
2020-04-30,INTC,53.193533,53.632976,52.342952
2020-04-30,MSFT,116.33743,117.68325,115.57866
2020-04-30,NKE,61.314515,61.742246,60.01888
2020-04-30,VZ,29.671191,30.305411,29.116781
2020-04-30,WMT,26.652139,27.075301,26.197551
2020-05-01,AAPL,76.777331,76.384544,74.185662
2020-05-01,AMGN,129.81689,130.12448,131.01331
2020-05-01,CRM,88.096508,88.670407,85.396769
2020-05-01,CSCO,37.187582,38.021427,37.006711
2020-05-01,IBM,58.621144,58.540787,57.658937
2020-05-01,INTC,51.840906,53.450991,51.475099
2020-05-01,MSFT,112.03044,115.52205,112.21973
2020-05-01,NKE,61.208656,62.349157,60.015392
2020-05-01,VZ,29.291896,29.566199,28.546951
2020-05-01,WMT,26.449871,26.966653,26.364043
2020-05-04,AAPL,75.406,76.941311,74.123328
2020-05-04,AMGN,127.11525,129.06687,125.93231
2020-05-04,CRM,87.416397,88.852525,87.503765
2020-05-04,CSCO,36.6576,36.96693,35.906265
2020-05-04,IBM,58.144022,57.686064,57.590734
2020-05-04,INTC,50.696857,50.259812,49.197939
2020-05-04,MSFT,112.80236,113.30732,115.28025
2020-05-04,NKE,61.096566,62.253099,59.131934
2020-05-04,VZ,29.456038,29.826768,28.881106
2020-05-04,WMT,26.662571,26.910355,26.43231
2020-05-05,AAPL,74.346995,74.54765,71.920785
2020-05-05,AMGN,126.52612,129.28529,124.97743
2020-05-05,CRM,87.223992,88.890725,84.533143
2020-05-05,CSCO,34.986008,35.202357,34.440716
2020-05-05,IBM,58.72137,59.816086,58.434246
2020-05-05,INTC,48.788871,49.597383,47.318009
2020-05-05,MSFT,109.91643,114.01669,108.47335
2020-05-05,NKE,60.100513,60.73691,59.013885
2020-05-05,VZ,29.249028,29.521431,28.787933
2020-05-05,WMT,26.529487,26.653883,26.006538
2020-05-06,AAPL,73.972784,75.322584,70.521615
2020-05-06,AMGN,126.0264,128.32079,123.75051
2020-05-06,CRM,89.124246,92.209817,89.134966
2020-05-06,CSCO,34.881093,34.504473,34.343222
2020-05-06,IBM,59.552233,60.051696,59.582405
2020-05-06,INTC,48.122805,49.152477,47.330612
2020-05-06,MSFT,110.22211,113.53139,108.71333
2020-05-06,NKE,59.999354,59.521178,60.212955
2020-05-06,VZ,28.557945,29.218332,28.122234
2020-05-06,WMT,25.940302,26.245945,25.795447
2020-05-07,AAPL,74.305856,75.916187,73.416943
2020-05-07,AMGN,127.8732,130.1371,124.77946
2020-05-07,CRM,89.488568,89.543966,87.97588
2020-05-07,CSCO,34.308235,34.460194,34.113249
2020-05-07,IBM,58.842189,59.626049,58.040213
2020-05-07,INTC,48.594234,49.135689,47.220918
2020-05-07,MSFT,110.16329,110.16539,108.82895
2020-05-07,NKE,61.281335,62.893857,60.347151
2020-05-07,VZ,28.539618,28.80013,27.991114
2020-05-07,WMT,26.444144,26.813159,26.38359
2020-05-08,AAPL,74.699786,77.611585,73.58731
2020-05-08,AMGN,126.20621,127.13982,123.70828
2020-05-08,CRM,90.910378,89.754937,89.198482
2020-05-08,CSCO,34.140327,34.917716,33.796608
2020-05-08,IBM,58.446904,58.985987,58.24047
2020-05-08,INTC,50.308189,50.833209,50.743472
2020-05-08,MSFT,108.80957,110.58204,108.31748
2020-05-08,NKE,60.091212,61.232647,59.100112
2020-05-08,VZ,28.788346,29.253398,28.133734
2020-05-08,WMT,26.220083,26.621326,25.931154
2020-05-11,AAPL,75.623758,78.886811,73.414682
2020-05-11,AMGN,124.74044,125.55408,124.19934
2020-05-11,CRM,90.382649,93.31136,90.610238
2020-05-11,CSCO,33.807215,33.956233,32.661869
2020-05-11,IBM,58.904544,60.555781,58.575919
2020-05-11,INTC,48.868877,49.907492,48.355266
2020-05-11,MSFT,108.63783,109.84587,106.4234
2020-05-11,NKE,59.989816,61.024315,59.969717
2020-05-11,VZ,28.122669,28.904853,27.680813
2020-05-11,WMT,25.509995,25.671181,25.203531
2020-05-12,AAPL,75.317312,76.239038,73.770865
2020-05-12,AMGN,125.14621,125.81069,123.14571
2020-05-12,CRM,86.167085,89.156675,84.843934
2020-05-12,CSCO,33.414145,34.17687,32.268401
2020-05-12,IBM,57.670763,58.32053,56.907035
2020-05-12,INTC,46.59692,48.503133,45.585946
2020-05-12,MSFT,110.00009,110.83965,108.52846
2020-05-12,NKE,61.084698,62.599959,61.226825
2020-05-12,VZ,28.319838,28.854723,28.064951
2020-05-12,WMT,25.308082,25.762768,25.070701
2020-05-13,AAPL,76.495691,76.979199,74.724805
2020-05-13,AMGN,125.70264,128.93143,122.28414
2020-05-13,CRM,84.241702,85.940614,84.334554
2020-05-13,CSCO,32.664656,32.997918,31.489051
2020-05-13,IBM,57.740618,58.784094,55.181249
2020-05-13,INTC,47.422524,48.34831,46.499964
2020-05-13,MSFT,106.9716,109.03614,105.89961
2020-05-13,NKE,59.468931,60.765448,58.003459
2020-05-13,VZ,28.946536,29.029904,29.222819
2020-05-13,WMT,25.311728,25.950959,25.27882
2020-05-14,AAPL,75.328919,75.460196,73.50576
2020-05-14,AMGN,128.28868,129.97954,124.26688
2020-05-14,CRM,83.064232,86.220454,81.217558
2020-05-14,CSCO,33.054911,33.31619,32.184435
2020-05-14,IBM,57.552009,59.228409,57.346698
2020-05-14,INTC,47.973364,48.935616,46.89532
2020-05-14,MSFT,108.07949,110.43063,105.89661
2020-05-14,NKE,58.88384,59.942289,56.972388
2020-05-14,VZ,28.924552,29.116844,28.808138
2020-05-14,WMT,25.195886,25.619178,24.817614
2020-05-15,AAPL,75.605631,76.052518,76.077799
2020-05-15,AMGN,129.9691,133.01026,126.90349
2020-05-15,CRM,83.612534,86.350856,81.914201
2020-05-15,CSCO,34.033616,34.407391,33.414026
2020-05-15,IBM,58.644541,59.787977,57.95521
2020-05-15,INTC,46.836313,46.322859,46.909672
2020-05-15,MSFT,107.78157,109.58118,105.13903
2020-05-15,NKE,58.591906,60.644744,58.250312
2020-05-15,VZ,28.925138,29.783678,28.179099
2020-05-15,WMT,24.838301,25.112521,24.503666
2020-05-18,AAPL,75.102511,76.204624,72.993087
2020-05-18,AMGN,130.7229,130.90775,127.13826
2020-05-18,CRM,85.606347,86.040256,84.657816
2020-05-18,CSCO,33.628937,33.503326,33.015409
2020-05-18,IBM,58.203468,58.938113,57.564911
2020-05-18,INTC,46.339203,47.348588,45.219362
2020-05-18,MSFT,106.76863,106.77433,106.69616
2020-05-18,NKE,60.345545,60.894169,60.518439
2020-05-18,VZ,28.548948,28.943135,27.823142
2020-05-18,WMT,25.132032,25.401451,25.057274
2020-05-19,AAPL,72.707746,74.749526,71.026766
2020-05-19,AMGN,131.16431,131.39032,129.50719
2020-05-19,CRM,85.894835,87.133943,85.124868
2020-05-19,CSCO,33.434692,33.525917,32.276769
2020-05-19,IBM,59.621967,60.099726,58.652541
2020-05-19,INTC,45.333933,45.90543,44.811415
2020-05-19,MSFT,111.0037,111.86056,110.5596
2020-05-19,NKE,58.157926,60.577656,56.630331
2020-05-19,VZ,28.267665,28.583271,28.030538
2020-05-19,WMT,25.685076,25.788069,25.683012
2020-05-20,AAPL,72.219206,73.870132,70.154418
2020-05-20,AMGN,130.17706,130.2064,128.95192
2020-05-20,CRM,86.506278,85.414505,84.485924
2020-05-20,CSCO,33.394077,33.806516,32.780051
2020-05-20,IBM,59.919703,60.62788,59.236912
2020-05-20,INTC,46.127926,46.801027,45.112528
2020-05-20,MSFT,110.56826,111.76781,109.25379
2020-05-20,NKE,57.758674,59.064711,56.182272
2020-05-20,VZ,27.205553,27.241922,27.17598
2020-05-20,WMT,25.849881,25.922624,25.277988
2020-05-21,AAPL,69.754609,70.403725,69.478974
2020-05-21,AMGN,132.87536,132.92606,129.37939
2020-05-21,CRM,84.738948,86.860632,85.481663
2020-05-21,CSCO,33.582432,34.183337,33.267965
2020-05-21,IBM,58.613366,60.050526,58.482009
2020-05-21,INTC,47.408855,48.014145,46.729434
2020-05-21,MSFT,110.62389,112.20095,108.013
2020-05-21,NKE,59.481874,61.177282,58.791064
2020-05-21,VZ,26.806966,27.084098,26.405814
2020-05-21,WMT,25.795822,26.195075,25.523279
2020-05-22,AAPL,67.35669,67.877911,65.528331
2020-05-22,AMGN,130.48607,131.99401,126.21321
2020-05-22,CRM,85.58421,88.210765,84.561768
2020-05-22,CSCO,33.456132,33.73272,33.115888
2020-05-22,IBM,58.351026,58.940783,56.770922
2020-05-22,INTC,45.166748,46.697864,44.032861
2020-05-22,MSFT,112.13941,114.68354,108.88112
2020-05-22,NKE,60.273293,60.595209,59.42055
2020-05-22,VZ,26.912391,27.7252,26.447738
2020-05-22,WMT,25.466314,25.832647,24.980848
2020-05-26,AAPL,66.408712,68.69321,65.848474
2020-05-26,AMGN,129.15858,130.39797,128.61675
2020-05-26,CRM,82.861411,85.933452,81.890404
2020-05-26,CSCO,34.319503,34.20219,33.289201
2020-05-26,IBM,57.700076,58.002828,56.968872
2020-05-26,INTC,45.41032,46.194544,45.512962
2020-05-26,MSFT,111.88894,112.67713,111.44287
2020-05-26,NKE,59.439897,60.430582,58.891269
2020-05-26,VZ,27.258498,27.847919,27.223665
2020-05-26,WMT,25.082879,25.201052,25.084838
2020-05-27,AAPL,67.24608,67.761403,65.701067
2020-05-27,AMGN,131.15074,133.52945,131.22861
2020-05-27,CRM,79.582081,81.846088,77.422331
2020-05-27,CSCO,33.982309,35.303456,34.060181
2020-05-27,IBM,56.420143,56.97149,55.875006
2020-05-27,INTC,45.731786,47.094601,45.180416
2020-05-27,MSFT,108.68309,109.77056,106.79111
2020-05-27,NKE,57.966746,58.976944,57.701862
2020-05-27,VZ,26.535996,26.990194,25.971381
2020-05-27,WMT,25.108475,25.415397,24.578558
2020-05-28,AAPL,66.538181,68.097765,65.945271
2020-05-28,AMGN,130.85124,133.15737,130.33237
2020-05-28,CRM,76.952273,79.230264,76.531061
2020-05-28,CSCO,33.624767,33.518707,33.840146
2020-05-28,IBM,56.183467,56.326802,55.528982
2020-05-28,INTC,45.471992,45.561103,45.160666
2020-05-28,MSFT,110.6828,112.06414,110.00503
2020-05-28,NKE,58.22392,58.881432,57.819484
2020-05-28,VZ,26.129553,26.624932,25.858798
2020-05-28,WMT,25.587758,25.61292,25.205829
2020-05-29,AAPL,66.185757,66.981482,64.059374
2020-05-29,AMGN,130.71067,132.82021,129.68352
2020-05-29,CRM,76.295041,81.14702,75.758336
2020-05-29,CSCO,34.280296,35.253605,33.634649
2020-05-29,IBM,56.615859,57.14161,55.692318
2020-05-29,INTC,45.183281,47.032149,44.62839
2020-05-29,MSFT,111.21202,111.70569,108.94391
2020-05-29,NKE,57.367028,58.509656,57.00227
2020-05-29,VZ,25.619575,25.646378,25.351542
2020-05-29,WMT,25.420528,25.454111,24.988012
2020-06-01,AAPL,66.068374,67.225661,64.411319
2020-06-01,AMGN,126.74663,129.32238,124.574
2020-06-01,CRM,75.326027,77.485621,71.80849
2020-06-01,CSCO,33.435115,33.464279,32.442794
2020-06-01,IBM,55.536171,55.314022,54.327158
2020-06-01,INTC,45.083662,46.18689,43.331922
2020-06-01,MSFT,111.6061,114.37878,110.54865
2020-06-01,NKE,56.742367,57.896356,54.861073
2020-06-01,VZ,25.114242,25.467531,24.626644
2020-06-01,WMT,25.106806,25.429948,24.587097
2020-06-02,AAPL,64.605997,65.179145,61.990275
2020-06-02,AMGN,125.0598,125.11469,123.23062
2020-06-02,CRM,73.947952,74.752963,73.067596
2020-06-02,CSCO,33.8196,33.889326,33.310331
2020-06-02,IBM,55.158651,55.669252,54.848261
2020-06-02,INTC,42.930654,44.354387,42.456122
2020-06-02,MSFT,112.11942,112.85687,110.68596
2020-06-02,NKE,59.04015,61.233747,58.779905
2020-06-02,VZ,25.375872,25.483297,24.92968
2020-06-02,WMT,24.987241,25.427437,24.658166
2020-06-03,AAPL,62.622902,63.445414,62.202068
2020-06-03,AMGN,125.12057,126.75725,121.6616
2020-06-03,CRM,72.61424,74.894004,71.749047
2020-06-03,CSCO,33.085576,33.346353,32.647901
2020-06-03,IBM,54.226364,55.421611,53.257167
2020-06-03,INTC,43.020024,44.131258,42.346669
2020-06-03,MSFT,111.03369,113.01197,107.80757
2020-06-03,NKE,58.48003,59.020241,58.762356
2020-06-03,VZ,25.003869,25.083769,24.583886
2020-06-03,WMT,24.706726,24.574884,24.54346
2020-06-04,AAPL,63.87584,63.466692,62.704784
2020-06-04,AMGN,125.58587,127.7555,125.38786
2020-06-04,CRM,72.475036,73.104395,71.349677
2020-06-04,CSCO,32.617958,32.920687,31.775151
2020-06-04,IBM,53.734525,54.819605,52.972272
2020-06-04,INTC,41.650317,41.932776,41.443349
2020-06-04,MSFT,108.87276,109.63876,108.84959
2020-06-04,NKE,57.464195,58.337624,54.565433
2020-06-04,VZ,25.035381,25.516385,24.483877
2020-06-04,WMT,24.749795,24.876532,24.388373
2020-06-05,AAPL,62.630942,62.328352,62.827519
2020-06-05,AMGN,125.08716,126.04769,123.66114
2020-06-05,CRM,73.158097,72.967266,71.025455
2020-06-05,CSCO,34.064195,34.703815,33.437608
2020-06-05,IBM,54.746677,55.336003,55.506738
2020-06-05,INTC,41.649999,42.047209,41.085188
2020-06-05,MSFT,110.65738,110.95819,108.51663
2020-06-05,NKE,56.084772,56.441989,54.169815
2020-06-05,VZ,24.558611,24.621614,24.712282
2020-06-05,WMT,24.743166,24.981035,24.404493
2020-06-08,AAPL,61.734674,61.474886,61.359701
2020-06-08,AMGN,124.91138,124.43083,123.44387
2020-06-08,CRM,74.006185,74.290305,72.520787
2020-06-08,CSCO,33.076762,34.131408,31.900925
2020-06-08,IBM,53.300716,53.700531,53.122123
2020-06-08,INTC,41.235,41.167538,40.54879
2020-06-08,MSFT,110.94917,111.80967,109.78179
2020-06-08,NKE,56.785398,57.710104,55.073254
2020-06-08,VZ,24.868047,24.937962,24.509207
2020-06-08,WMT,24.623423,24.935541,24.523149
2020-06-09,AAPL,62.923056,63.331314,62.163402
2020-06-09,AMGN,129.07532,131.84599,125.15066
2020-06-09,CRM,69.69339,69.789913,69.653423
2020-06-09,CSCO,32.303222,32.998392,31.867433
2020-06-09,IBM,52.90254,53.318408,52.187872
2020-06-09,INTC,40.14114,41.327132,39.071467
2020-06-09,MSFT,111.46366,112.42575,109.86423
2020-06-09,NKE,54.378716,55.250774,53.297379
2020-06-09,VZ,24.614931,24.455338,24.410055
2020-06-09,WMT,24.416755,24.578454,24.34651
2020-06-10,AAPL,59.18867,58.454291,57.924461
2020-06-10,AMGN,132.49556,134.51783,130.09106
2020-06-10,CRM,70.795994,71.570972,70.338516
2020-06-10,CSCO,33.383042,33.66312,33.130349
2020-06-10,IBM,52.680286,52.845004,52.251106
2020-06-10,INTC,40.182365,39.908024,39.491167
2020-06-10,MSFT,113.94793,116.83118,111.07506
2020-06-10,NKE,53.373691,54.469102,52.814876
2020-06-10,VZ,24.260642,24.523385,24.200596
2020-06-10,WMT,24.355925,24.66217,24.364836
2020-06-11,AAPL,57.883563,58.728914,57.049346
2020-06-11,AMGN,131.02728,132.29049,130.65096
2020-06-11,CRM,69.659628,70.160297,67.937985
2020-06-11,CSCO,34.108885,34.627357,33.795066
2020-06-11,IBM,53.27463,53.133299,51.712678
2020-06-11,INTC,39.845216,40.606952,38.79766
2020-06-11,MSFT,112.42709,112.5076,111.29411
2020-06-11,NKE,54.284972,54.415277,54.671106
2020-06-11,VZ,24.677603,24.722909,24.22913
2020-06-11,WMT,24.707259,24.897678,24.53404
2020-06-12,AAPL,55.673095,55.826278,54.023621
2020-06-12,AMGN,131.90493,133.21386,131.16019
2020-06-12,CRM,70.208497,72.508588,68.333557
2020-06-12,CSCO,34.020049,33.948666,34.08413
2020-06-12,IBM,52.304935,52.269004,52.20201
2020-06-12,INTC,40.002854,40.644828,38.617439
2020-06-12,MSFT,109.63782,109.76324,109.07128
2020-06-12,NKE,53.678875,54.516603,53.260939
2020-06-12,VZ,24.484363,24.831938,24.643464
2020-06-12,WMT,24.7556,24.936428,24.289742
2020-06-15,AAPL,55.083375,55.859391,53.83135
2020-06-15,AMGN,131.47877,132.18538,127.29746
2020-06-15,CRM,72.791221,73.782197,71.99668
2020-06-15,CSCO,32.906445,33.999999,32.002073
2020-06-15,IBM,52.961217,53.298963,52.396452
2020-06-15,INTC,39.109438,39.82939,38.852217
2020-06-15,MSFT,113.58036,115.20846,112.2126
2020-06-15,NKE,53.504181,53.913929,53.815443
2020-06-15,VZ,24.94817,24.98478,24.599706
2020-06-15,WMT,24.817902,25.151582,24.03381
2020-06-16,AAPL,55.082916,55.413041,54.882421
2020-06-16,AMGN,133.19459,135.67686,131.06964
2020-06-16,CRM,71.811816,74.156676,70.682835
2020-06-16,CSCO,33.072259,33.516084,32.578782
2020-06-16,IBM,52.323503,53.396937,52.045784
2020-06-16,INTC,39.719033,40.798126,38.432638
2020-06-16,MSFT,111.30894,112.22728,109.43432
2020-06-16,NKE,53.424987,54.890953,51.881035
2020-06-16,VZ,24.546242,24.915144,24.148533
2020-06-16,WMT,24.679779,25.086101,24.418567
2020-06-17,AAPL,55.940454,56.181518,54.436673
2020-06-17,AMGN,130.70896,131.10992,129.36738
2020-06-17,CRM,69.925708,72.367954,68.419771
2020-06-17,CSCO,32.840838,33.310074,32.957652
2020-06-17,IBM,51.767106,52.750054,51.477514
2020-06-17,INTC,40.129661,40.468509,39.750712
2020-06-17,MSFT,110.22505,110.27167,108.96816
2020-06-17,NKE,54.024545,54.604823,52.784222
2020-06-17,VZ,24.606266,24.90543,24.101101
2020-06-17,WMT,24.917115,25.600133,24.773764
2020-06-18,AAPL,55.657782,56.540718,55.742404
2020-06-18,AMGN,133.66028,135.42863,132.28697
2020-06-18,CRM,71.460277,72.233701,70.644635
2020-06-18,CSCO,33.786144,33.892614,33.159621
2020-06-18,IBM,52.37937,52.221644,52.338365
2020-06-18,INTC,40.260948,40.821835,40.31501
2020-06-18,MSFT,108.93019,110.23505,108.93766
2020-06-18,NKE,52.607198,53.115234,51.282585
2020-06-18,VZ,24.766905,25.296562,24.460012
2020-06-18,WMT,25.564002,25.896514,25.459367
2020-06-19,AAPL,56.445053,56.660071,55.656602
2020-06-19,AMGN,132.3732,135.40227,130.45984
2020-06-19,CRM,70.360698,70.735316,68.999345
2020-06-19,CSCO,33.79406,33.640004,33.301113
2020-06-19,IBM,51.111217,51.64174,50.992063
2020-06-19,INTC,38.970595,39.514769,38.708833
2020-06-19,MSFT,109.37857,111.81836,107.76044
2020-06-19,NKE,52.219205,53.531868,51.053995
2020-06-19,VZ,24.205155,24.451457,23.634972
2020-06-19,WMT,25.423355,25.566071,25.068707
2020-06-22,AAPL,56.34413,57.590206,56.897636
2020-06-22,AMGN,131.63878,130.9529,129.13622
2020-06-22,CRM,68.557709,68.795633,66.754612
2020-06-22,CSCO,33.18635,33.366449,32.809197
2020-06-22,IBM,50.94727,51.431769,50.719042
2020-06-22,INTC,39.13048,39.611277,38.791432
2020-06-22,MSFT,109.04811,110.41028,107.53401
2020-06-22,NKE,52.297747,53.41569,51.009847
2020-06-22,VZ,23.890417,24.122785,23.136943
2020-06-22,WMT,25.65837,26.240945,25.230515
2020-06-23,AAPL,55.654674,56.816908,55.826197
2020-06-23,AMGN,132.95427,134.54181,129.63277
2020-06-23,CRM,68.579588,68.964384,68.93703
2020-06-23,CSCO,33.923443,34.199643,33.426477
2020-06-23,IBM,49.499401,49.93197,49.161908
2020-06-23,INTC,39.454454,40.325375,38.510797
2020-06-23,MSFT,109.57169,110.33267,106.33667
2020-06-23,NKE,52.949128,54.715593,51.990429
2020-06-23,VZ,23.485912,23.925451,23.001814
2020-06-23,WMT,25.685547,25.875422,25.520788
2020-06-24,AAPL,56.408925,57.134744,54.941156
2020-06-24,AMGN,131.94169,133.1024,130.39811
2020-06-24,CRM,69.742017,69.089239,67.76277
2020-06-24,CSCO,33.887477,33.844497,32.85707
2020-06-24,IBM,49.221616,49.921612,48.641444
2020-06-24,INTC,38.881319,39.434467,39.50693
2020-06-24,MSFT,105.9205,109.33827,104.92224
2020-06-24,NKE,53.442487,53.930717,52.952143
2020-06-24,VZ,23.391594,23.412842,23.237088
2020-06-24,WMT,25.156523,25.387492,24.443712
2020-06-25,AAPL,55.488277,56.697394,54.418061
2020-06-25,AMGN,130.78507,133.3832,127.71208
2020-06-25,CRM,69.658427,70.076007,66.564527
2020-06-25,CSCO,33.440897,34.277006,32.379806
2020-06-25,IBM,48.694028,48.929737,48.381992
2020-06-25,INTC,39.597406,40.135161,39.51445
2020-06-25,MSFT,104.96744,106.01702,104.41544
2020-06-25,NKE,53.74879,54.033213,52.407523
2020-06-25,VZ,23.00714,23.081985,22.776973
2020-06-25,WMT,25.156567,25.609466,25.06069
2020-06-26,AAPL,52.693787,52.921771,52.648471
2020-06-26,AMGN,130.04886,132.77917,129.99251
2020-06-26,CRM,71.045936,73.548049,66.669272
2020-06-26,CSCO,33.394547,33.60941,32.914557
2020-06-26,IBM,48.508078,48.503207,47.357743
2020-06-26,INTC,39.726613,40.469047,38.739605
2020-06-26,MSFT,107.37762,107.49548,105.72402
2020-06-26,NKE,51.563097,52.159939,50.714553
2020-06-26,VZ,23.061622,23.23119,22.852096
2020-06-26,WMT,25.392298,25.268932,25.500268
2020-06-29,AAPL,54.080713,53.93343,52.784856
2020-06-29,AMGN,128.35906,128.74391,125.9026
2020-06-29,CRM,67.952946,69.559242,66.476449
2020-06-29,CSCO,33.13658,33.986282,32.658949
2020-06-29,IBM,46.729743,47.497575,45.686647
2020-06-29,INTC,40.631119,41.508446,40.507067
2020-06-29,MSFT,108.91487,110.55736,108.92518
2020-06-29,NKE,50.829642,52.355427,51.049191
2020-06-29,VZ,23.45908,23.507648,23.19567
2020-06-29,WMT,25.791372,26.491421,25.618495
2020-06-30,AAPL,53.681838,54.827461,51.182361
2020-06-30,AMGN,126.59689,128.51383,124.13851
2020-06-30,CRM,67.871128,67.424196,66.273407
2020-06-30,CSCO,32.881272,33.109515,32.641769
2020-06-30,IBM,46.770668,47.298628,46.614721
2020-06-30,INTC,40.235189,41.071064,39.519512
2020-06-30,MSFT,108.25875,107.30184,107.21376
2020-06-30,NKE,49.7305,50.753096,48.76657
2020-06-30,VZ,23.007603,23.166423,22.503388
2020-06-30,WMT,25.277118,25.571969,24.913311
2020-07-01,AAPL,52.883815,53.480808,50.832292
2020-07-01,AMGN,125.16575,128.48258,122.10564
2020-07-01,CRM,68.567829,70.032866,67.190356
2020-07-01,CSCO,32.40692,33.333934,32.146354
2020-07-01,IBM,46.014083,46.489775,45.490835
2020-07-01,INTC,40.666721,41.380383,39.609073
2020-07-01,MSFT,107.45392,110.68383,106.67056
2020-07-01,NKE,48.974405,49.113816,48.653424
2020-07-01,VZ,23.483455,23.761457,22.920671
2020-07-01,WMT,24.700644,25.14901,24.307245
2020-07-02,AAPL,52.68581,53.040716,50.950649
2020-07-02,AMGN,123.53519,126.71318,124.59194
2020-07-02,CRM,67.304867,65.70106,66.551529
2020-07-02,CSCO,32.992016,33.476654,32.179544
2020-07-02,IBM,45.579901,46.102217,45.90523
2020-07-02,INTC,40.925561,42.100266,40.324521
2020-07-02,MSFT,106.8649,106.74011,104.72816
2020-07-02,NKE,48.773309,49.594034,47.871025
2020-07-02,VZ,23.900193,23.948173,24.083603
2020-07-02,WMT,24.471659,24.610512,24.432364
2020-07-06,AAPL,53.052714,53.891858,53.23048
2020-07-06,AMGN,120.83911,124.32217,119.29282
2020-07-06,CRM,70.748896,71.394192,70.678093
2020-07-06,CSCO,33.979907,34.307181,33.914571
2020-07-06,IBM,45.976406,46.780842,45.366391
2020-07-06,INTC,40.685856,41.631331,39.356913
2020-07-06,MSFT,106.13886,107.79417,105.05097
2020-07-06,NKE,47.133971,47.39511,46.076469
2020-07-06,VZ,23.64785,23.907622,23.60085
2020-07-06,WMT,24.474261,24.610666,24.540268
2020-07-07,AAPL,52.553169,51.529302,52.554428
2020-07-07,AMGN,120.65652,121.39127,118.34788
2020-07-07,CRM,67.642674,68.922171,66.89711
2020-07-07,CSCO,34.267952,34.446101,33.811624
2020-07-07,IBM,45.704169,44.947752,45.221867
2020-07-07,INTC,41.487109,41.971041,40.77903
2020-07-07,MSFT,105.20217,106.1602,104.45263
2020-07-07,NKE,48.765143,49.032582,47.968212
2020-07-07,VZ,23.429802,23.752612,23.333245
2020-07-07,WMT,24.139768,24.45107,23.931616
2020-07-08,AAPL,54.250808,55.03517,53.566539
2020-07-08,AMGN,121.92801,123.52689,120.73544
2020-07-08,CRM,68.726534,71.78883,65.654079
2020-07-08,CSCO,33.286353,33.693137,32.541268
2020-07-08,IBM,45.490532,46.231126,45.343778
2020-07-08,INTC,40.964114,41.15074,40.087984
2020-07-08,MSFT,106.77146,109.15344,104.90343
2020-07-08,NKE,47.639851,47.371782,47.162033
2020-07-08,VZ,23.26423,23.549334,22.927828
2020-07-08,WMT,23.925097,24.284409,23.777403
2020-07-09,AAPL,55.794938,54.925899,53.68374
2020-07-09,AMGN,120.96439,123.3164,120.40331
2020-07-09,CRM,70.774558,71.393504,70.301328
2020-07-09,CSCO,33.592096,33.596185,32.798795
2020-07-09,IBM,46.001648,46.455522,45.896229
2020-07-09,INTC,40.851452,41.017598,40.579791
2020-07-09,MSFT,104.84767,106.69625,105.18394
2020-07-09,NKE,46.388017,47.731292,45.685785
2020-07-09,VZ,22.617797,23.013731,22.420953
2020-07-09,WMT,24.138335,24.023889,24.128911
2020-07-10,AAPL,57.085334,58.73421,57.231113
2020-07-10,AMGN,120.56011,120.21106,121.5095
2020-07-10,CRM,69.451623,70.832011,69.253219
2020-07-10,CSCO,34.103421,34.8078,34.01576
2020-07-10,IBM,46.002495,46.345109,45.252132
2020-07-10,INTC,41.960366,43.258637,41.528025
2020-07-10,MSFT,104.29078,107.4198,103.1769
2020-07-10,NKE,47.935509,48.220249,48.293799
2020-07-10,VZ,23.335131,23.229353,23.03255
2020-07-10,WMT,24.384648,24.375823,24.05725
2020-07-13,AAPL,57.401762,58.709883,56.266592
2020-07-13,AMGN,121.22199,122.11561,120.60365
2020-07-13,CRM,69.197802,68.096307,68.223795
2020-07-13,CSCO,34.29323,34.159352,33.738422
2020-07-13,IBM,46.01729,46.440714,45.073801
2020-07-13,INTC,42.180451,42.514325,41.097018
2020-07-13,MSFT,103.04784,103.65181,101.7509
2020-07-13,NKE,48.252852,49.761139,48.325467
2020-07-13,VZ,22.395308,22.684685,22.402567
2020-07-13,WMT,24.101229,24.282627,23.749042
2020-07-14,AAPL,58.159627,58.979668,58.08426
2020-07-14,AMGN,120.29629,121.73289,119.06528
2020-07-14,CRM,69.64267,70.926342,66.280098
2020-07-14,CSCO,33.608058,33.717016,33.643835
2020-07-14,IBM,46.458452,46.275046,46.057129
2020-07-14,INTC,41.718364,42.049402,40.64735
2020-07-14,MSFT,103.59711,103.27538,103.22406
2020-07-14,NKE,48.623042,48.86752,47.927962
2020-07-14,VZ,22.560163,22.660687,22.275631
2020-07-14,WMT,23.828347,24.359932,23.338508
2020-07-15,AAPL,58.417585,58.44019,57.960215
2020-07-15,AMGN,120.58171,122.32871,120.20108
2020-07-15,CRM,71.220488,72.942994,70.708702
2020-07-15,CSCO,33.023561,33.219987,33.711482
2020-07-15,IBM,45.498278,46.116816,44.6121
2020-07-15,INTC,42.088743,42.460344,42.271099
2020-07-15,MSFT,104.34053,104.93908,102.04474
2020-07-15,NKE,50.645773,51.312059,50.25883
2020-07-15,VZ,22.784315,22.880188,22.454584
2020-07-15,WMT,23.777078,23.996609,23.612012
2020-07-16,AAPL,57.024952,57.755753,56.023831
2020-07-16,AMGN,117.37002,118.44183,115.14585
2020-07-16,CRM,71.947388,72.118873,72.134954
2020-07-16,CSCO,32.85239,32.339959,32.395883
2020-07-16,IBM,44.801921,45.010581,43.931482
2020-07-16,INTC,42.374352,42.262662,41.599603
2020-07-16,MSFT,103.75807,104.69579,103.49212
2020-07-16,NKE,50.104793,50.962742,49.267205
2020-07-16,VZ,22.689779,23.119812,21.979977
2020-07-16,WMT,23.159528,23.431837,23.084167
2020-07-17,AAPL,57.053511,58.502985,56.087609
2020-07-17,AMGN,115.98734,117.23984,114.84604
2020-07-17,CRM,69.898421,71.596926,67.5358
2020-07-17,CSCO,33.0004,32.754742,32.320794
2020-07-17,IBM,44.998901,45.440758,44.377805
2020-07-17,INTC,43.194293,44.182035,42.955436
2020-07-17,MSFT,102.61544,101.82112,102.75582
2020-07-17,NKE,52.158877,52.595399,51.653104
2020-07-17,VZ,23.006752,23.220237,22.89214
2020-07-17,WMT,23.333978,23.555243,22.956559
2020-07-20,AAPL,56.716029,57.508339,55.816221
2020-07-20,AMGN,115.69254,115.12325,115.3109
2020-07-20,CRM,71.887259,72.905408,69.452734
2020-07-20,CSCO,33.872688,33.929793,33.590727
2020-07-20,IBM,44.324591,43.962728,44.090813
2020-07-20,INTC,44.345835,44.344061,43.576106
2020-07-20,MSFT,99.934542,100.0064,98.2952
2020-07-20,NKE,51.805425,53.312175,51.195452
2020-07-20,VZ,22.746743,23.316983,22.202752
2020-07-20,WMT,23.338928,23.806552,23.481258
2020-07-21,AAPL,57.674372,58.923198,56.015209
2020-07-21,AMGN,119.38905,119.35675,117.20722
2020-07-21,CRM,72.557774,73.223193,71.514953
2020-07-21,CSCO,33.820349,34.330267,33.556632
2020-07-21,IBM,44.93009,45.879686,44.660057
2020-07-21,INTC,44.557301,45.779637,44.495603
2020-07-21,MSFT,100.17074,101.09949,100.68814
2020-07-21,NKE,52.778865,52.87041,53.020996
2020-07-21,VZ,22.738241,23.105843,22.309738
2020-07-21,WMT,23.403667,23.677887,23.044197
2020-07-22,AAPL,56.619465,56.656607,56.658801
2020-07-22,AMGN,115.71878,117.25713,113.27551
2020-07-22,CRM,72.814735,73.741293,72.121144
2020-07-22,CSCO,32.655506,32.538793,32.664374
2020-07-22,IBM,44.833732,45.65804,44.041478
2020-07-22,INTC,44.201583,44.57837,43.765253
2020-07-22,MSFT,99.976631,100.79312,99.473358
2020-07-22,NKE,52.175056,52.774939,50.523109
2020-07-22,VZ,22.262149,22.224243,22.499276
2020-07-22,WMT,23.304452,23.68995,22.851047
2020-07-23,AAPL,59.085523,59.63311,58.533609
2020-07-23,AMGN,115.14172,117.05409,114.80306
2020-07-23,CRM,71.991709,72.381404,71.461495
2020-07-23,CSCO,31.636604,31.429923,31.473098
2020-07-23,IBM,44.350579,44.792593,44.02468
2020-07-23,INTC,44.390125,45.018389,43.545075
2020-07-23,MSFT,100.79506,100.34171,100.36046
2020-07-23,NKE,53.03016,53.462209,51.732156
2020-07-23,VZ,22.078927,22.183821,21.869386
2020-07-23,WMT,23.096669,23.420855,23.189082
2020-07-24,AAPL,57.502714,57.300133,55.767996
2020-07-24,AMGN,114.49584,118.05262,113.4492
2020-07-24,CRM,71.520021,74.04045,70.446228
2020-07-24,CSCO,31.76617,31.741976,31.223802
2020-07-24,IBM,43.584624,43.762322,43.652028
2020-07-24,INTC,44.492837,44.645989,44.22587
2020-07-24,MSFT,98.449749,99.042729,97.253733
2020-07-24,NKE,54.324333,55.163981,53.258839
2020-07-24,VZ,22.009184,22.067766,21.965384
2020-07-24,WMT,22.712962,22.818577,22.716452
2020-07-27,AAPL,58.617182,59.901621,59.5429
2020-07-27,AMGN,111.79111,112.07159,111.78144
2020-07-27,CRM,71.469263,71.35569,70.109056
2020-07-27,CSCO,32.562474,33.185627,32.023425
2020-07-27,IBM,43.458297,44.175483,42.762334
2020-07-27,INTC,44.752098,45.799738,44.326421
2020-07-27,MSFT,99.109433,99.401577,98.096311
2020-07-27,NKE,54.018079,54.80549,54.652849
2020-07-27,VZ,22.128287,22.1227,21.417397
2020-07-27,WMT,22.185228,22.536024,21.950459
2020-07-28,AAPL,58.738675,59.671059,57.768318
2020-07-28,AMGN,112.08185,112.58771,110.74522
2020-07-28,CRM,74.339451,75.118957,71.497711
2020-07-28,CSCO,31.828106,32.514329,31.561614
2020-07-28,IBM,42.851709,43.505921,42.194607
2020-07-28,INTC,44.182787,44.881687,44.057325
2020-07-28,MSFT,98.643714,100.75818,97.747888
2020-07-28,NKE,54.847697,55.214466,53.226296
2020-07-28,VZ,22.071517,22.389023,21.943242
2020-07-28,WMT,22.483895,22.758558,22.629365
2020-07-29,AAPL,59.621962,60.964226,58.218126
2020-07-29,AMGN,112.62634,114.04826,110.50288
2020-07-29,CRM,75.568194,76.543348,75.145685
2020-07-29,CSCO,31.526097,31.855019,31.313892
2020-07-29,IBM,42.843393,43.566816,43.06502
2020-07-29,INTC,42.700906,44.30274,41.482068
2020-07-29,MSFT,99.205473,101.52536,95.906906
2020-07-29,NKE,56.708951,57.774181,57.511897
2020-07-29,VZ,22.338481,22.306723,22.082745
2020-07-29,WMT,22.762646,23.240339,22.595427
2020-07-30,AAPL,60.825136,62.245098,60.951468
2020-07-30,AMGN,111.15725,111.86208,109.99394
2020-07-30,CRM,73.915691,74.574099,71.996828
2020-07-30,CSCO,31.478449,31.362709,30.980043
2020-07-30,IBM,42.285235,42.604458,42.082809
2020-07-30,INTC,41.846892,42.569811,41.308681
2020-07-30,MSFT,102.04265,102.80694,98.729917
2020-07-30,NKE,56.188427,56.305056,55.736963
2020-07-30,VZ,22.451311,23.03962,22.538565
2020-07-30,WMT,22.538946,22.754211,22.514067
2020-07-31,AAPL,59.143854,60.220233,58.23372
2020-07-31,AMGN,110.87883,113.42403,109.55036
2020-07-31,CRM,72.88163,74.04859,68.861941
2020-07-31,CSCO,31.424047,31.762663,30.678164
2020-07-31,IBM,41.450546,41.6211,41.227887
2020-07-31,INTC,41.924925,42.015855,41.438487
2020-07-31,MSFT,99.313926,100.11452,98.226933
2020-07-31,NKE,55.815845,56.731291,54.269087
2020-07-31,VZ,22.841518,23.11014,22.818266
2020-07-31,WMT,22.426287,22.294192,22.308909
2020-08-03,AAPL,58.737302,59.574157,58.927729
2020-08-03,AMGN,110.2091,112.63619,108.21825
2020-08-03,CRM,69.0184,70.668395,66.787506
2020-08-03,CSCO,31.996249,32.598142,32.580722
2020-08-03,IBM,41.215241,41.64968,41.113618
2020-08-03,INTC,41.710828,42.035486,41.074381
2020-08-03,MSFT,98.511359,100.46299,98.65672
2020-08-03,NKE,56.587159,57.438117,56.098799
2020-08-03,VZ,22.669945,22.870468,22.851859
2020-08-03,WMT,23.055439,23.142836,22.91044
2020-08-04,AAPL,59.562764,61.240767,59.091117
2020-08-04,AMGN,105.20366,108.09976,104.15635
2020-08-04,CRM,71.550981,70.583915,69.706186
2020-08-04,CSCO,32.474562,32.352042,32.408265
2020-08-04,IBM,41.028132,41.037987,40.910808
2020-08-04,INTC,42.983144,43.696537,42.394395
2020-08-04,MSFT,97.741375,98.691185,97.173944
2020-08-04,NKE,56.519931,56.447646,55.577573
2020-08-04,VZ,22.864324,22.910431,22.584376
2020-08-04,WMT,22.914706,23.338783,22.881575
2020-08-05,AAPL,59.031998,59.278066,58.122406
2020-08-05,AMGN,101.65695,104.52177,99.510327
2020-08-05,CRM,70.31916,68.56768,69.674548
2020-08-05,CSCO,31.781713,32.857936,31.098507
2020-08-05,IBM,41.246688,41.356277,40.751731
2020-08-05,INTC,42.448038,42.574574,41.387299
2020-08-05,MSFT,98.487014,98.392273,97.06431
2020-08-05,NKE,56.418081,56.052338,56.163656
2020-08-05,VZ,22.416117,22.412751,21.984168
2020-08-05,WMT,23.286794,23.632015,22.897667
2020-08-06,AAPL,59.01257,59.770173,58.768274
2020-08-06,AMGN,100.67132,104.90785,98.601909
2020-08-06,CRM,70.225259,72.164769,68.748903
2020-08-06,CSCO,31.450752,31.414012,31.02081
2020-08-06,IBM,39.802658,39.736785,39.60011
2020-08-06,INTC,42.981744,43.449385,42.085329
2020-08-06,MSFT,99.197299,98.467788,98.367208
2020-08-06,NKE,55.108261,55.10945,55.22
2020-08-06,VZ,21.923556,22.123595,22.190827
2020-08-06,WMT,23.666538,23.552285,23.571905
2020-08-07,AAPL,57.940045,57.935535,58.438088
2020-08-07,AMGN,98.961858,101.34692,98.870696
2020-08-07,CRM,68.324148,69.366162,67.172906
2020-08-07,CSCO,31.001042,31.240636,30.225534
2020-08-07,IBM,38.979763,39.237365,38.538215
2020-08-07,INTC,42.936674,42.80095,42.405248
2020-08-07,MSFT,104.24347,104.20832,102.45792
2020-08-07,NKE,54.563891,55.215267,54.694281
2020-08-07,VZ,21.670544,21.977121,21.479833
2020-08-07,WMT,23.715663,23.903545,23.600022
2020-08-10,AAPL,56.670716,57.035806,55.893992
2020-08-10,AMGN,99.104235,100.63801,99.95978
2020-08-10,CRM,65.534558,66.558239,61.702299
2020-08-10,CSCO,31.551397,31.702782,31.73488
2020-08-10,IBM,38.855495,39.292083,37.989916
2020-08-10,INTC,43.575898,44.028347,42.777919
2020-08-10,MSFT,106.90469,107.17895,104.55959
2020-08-10,NKE,53.591229,54.437409,53.544085
2020-08-10,VZ,21.885615,22.222613,21.499428
2020-08-10,WMT,23.618781,23.662623,23.574606
2020-08-11,AAPL,57.831903,58.403355,57.016218
2020-08-11,AMGN,99.96336,102.43444,99.116492
2020-08-11,CRM,64.076999,64.466902,62.561865
2020-08-11,CSCO,31.148469,31.36559,30.712501
2020-08-11,IBM,39.18527,39.408579,38.224219
2020-08-11,INTC,44.060459,43.878066,43.726542
2020-08-11,MSFT,105.37596,103.98896,105.46634
2020-08-11,NKE,52.288523,52.739968,51.19889
2020-08-11,VZ,22.065964,21.650232,22.079922
2020-08-11,WMT,23.185906,23.498669,22.93327
2020-08-12,AAPL,59.09051,59.646532,57.870719
2020-08-12,AMGN,99.814837,100.5657,98.898024
2020-08-12,CRM,61.054258,60.526506,59.324986
2020-08-12,CSCO,31.609269,32.147224,31.39468
2020-08-12,IBM,39.601656,39.831171,39.751152
2020-08-12,INTC,43.197738,42.682776,42.259131
2020-08-12,MSFT,106.12706,106.75406,104.95918
2020-08-12,NKE,51.349222,52.153133,51.567471
2020-08-12,VZ,21.814774,21.939627,21.647778
2020-08-12,WMT,22.546542,22.901224,22.273978
2020-08-13,AAPL,60.316628,59.258884,61.399049
2020-08-13,AMGN,98.30181,100.95622,96.498774
2020-08-13,CRM,62.327383,64.404426,60.512219
2020-08-13,CSCO,31.548522,31.961113,31.414987
2020-08-13,IBM,39.533191,40.290436,39.327214
2020-08-13,INTC,42.013564,42.758335,41.705104
2020-08-13,MSFT,106.74797,107.92056,104.04251
2020-08-13,NKE,51.507639,51.532973,51.468133
2020-08-13,VZ,21.815499,22.132477,21.462381
2020-08-13,WMT,22.441185,22.571453,22.300753
2020-08-14,AAPL,61.415172,62.50787,60.866626
2020-08-14,AMGN,96.918356,99.12741,95.322144
2020-08-14,CRM,62.332591,62.032832,61.765634
2020-08-14,CSCO,31.827173,31.683981,31.516125
2020-08-14,IBM,39.49364,39.983527,39.828855
2020-08-14,INTC,42.341044,42.036382,41.905141
2020-08-14,MSFT,106.44558,109.46066,105.40712
2020-08-14,NKE,51.277903,51.964848,50.872747
2020-08-14,VZ,21.353372,21.602774,21.097607
2020-08-14,WMT,22.671598,22.837198,22.620604
2020-08-17,AAPL,61.084972,62.054906,60.489011
2020-08-17,AMGN,97.80196,99.4544,97.159351
2020-08-17,CRM,61.196053,62.140956,60.612938
2020-08-17,CSCO,31.692588,32.020799,31.647907
2020-08-17,IBM,39.584441,39.696395,39.628316
2020-08-17,INTC,41.624303,42.306027,40.959431
2020-08-17,MSFT,106.8506,109.16842,106.61548
2020-08-17,NKE,53.129307,52.600164,53.593527
2020-08-17,VZ,20.543896,20.536091,20.349722
2020-08-17,WMT,22.62522,22.867479,22.525786
2020-08-18,AAPL,60.455283,61.160947,59.232594
2020-08-18,AMGN,97.128107,99.502675,96.210025
2020-08-18,CRM,62.068612,62.285888,61.474364
2020-08-18,CSCO,31.945974,32.698874,31.673036
2020-08-18,IBM,39.804696,39.945094,39.364418
2020-08-18,INTC,42.453863,43.21117,42.317166
2020-08-18,MSFT,108.79892,110.50168,107.17058
2020-08-18,NKE,52.085704,53.194799,52.023753
2020-08-18,VZ,20.686166,20.930168,20.488357
2020-08-18,WMT,22.129801,22.234612,21.930341
2020-08-19,AAPL,61.875153,62.692586,61.231438
2020-08-19,AMGN,96.86397,98.08594,96.644685
2020-08-19,CRM,61.622177,63.35357,60.927365
2020-08-19,CSCO,31.604377,31.398738,31.25646
2020-08-19,IBM,40.357667,40.922446,40.473204
2020-08-19,INTC,42.15303,42.26039,41.710054
2020-08-19,MSFT,109.92628,111.39229,109.11432
2020-08-19,NKE,52.512516,53.449472,51.990565
2020-08-19,VZ,20.679107,21.117182,20.419133
2020-08-19,WMT,22.153968,22.376432,22.419194
2020-08-20,AAPL,60.782038,60.66833,60.742534
2020-08-20,AMGN,95.972424,98.683746,95.729107
2020-08-20,CRM,62.149229,62.395089,60.543746
2020-08-20,CSCO,31.920848,32.112854,31.564293
2020-08-20,IBM,39.354551,39.693685,38.90089
2020-08-20,INTC,41.89942,42.386174,41.408963
2020-08-20,MSFT,109.79267,111.51642,107.57379
2020-08-20,NKE,53.133744,54.016734,52.97831
2020-08-20,VZ,20.668042,20.726055,20.313503
2020-08-20,WMT,22.195172,22.428746,21.810182
2020-08-21,AAPL,59.692684,61.011962,60.729766
2020-08-21,AMGN,95.18838,97.693327,92.833517
2020-08-21,CRM,63.510076,64.329386,63.131943
2020-08-21,CSCO,31.34512,31.536047,30.627351
2020-08-21,IBM,39.076491,39.048257,39.043177
2020-08-21,INTC,41.605507,41.617986,40.691247
2020-08-21,MSFT,109.51724,109.04778,106.37026
2020-08-21,NKE,52.829629,53.611939,50.982086
2020-08-21,VZ,20.244317,20.390699,19.608796
2020-08-21,WMT,21.664183,22.033612,21.599074
2020-08-24,AAPL,58.587397,58.362228,57.631695
2020-08-24,AMGN,97.588071,100.14321,95.70193
2020-08-24,CRM,63.377829,63.316065,64.116428
2020-08-24,CSCO,31.688604,31.718749,31.349854
2020-08-24,IBM,38.819336,39.400117,38.955369
2020-08-24,INTC,40.472351,40.636212,39.950866
2020-08-24,MSFT,113.07416,115.22191,110.44593
2020-08-24,NKE,51.308446,51.261995,50.374581
2020-08-24,VZ,19.964817,20.229524,19.543899
2020-08-24,WMT,21.801895,21.963414,21.564098
2020-08-25,AAPL,58.144739,58.853508,57.419753
2020-08-25,AMGN,98.028855,100.19305,95.469538
2020-08-25,CRM,60.76516,61.691754,59.353704
2020-08-25,CSCO,31.909432,32.60294,31.902108
2020-08-25,IBM,38.656957,39.090894,38.148102
2020-08-25,INTC,39.770825,39.771256,39.850522
2020-08-25,MSFT,116.71558,118.20865,113.71342
2020-08-25,NKE,51.863175,52.263447,51.301504
2020-08-25,VZ,19.836398,19.812537,19.762116
2020-08-25,WMT,21.802154,22.081458,21.672742
2020-08-26,AAPL,59.091462,59.673613,56.919293
2020-08-26,AMGN,98.102286,100.29385,95.231687
2020-08-26,CRM,61.576798,61.177863,60.742617
2020-08-26,CSCO,30.746337,30.574829,30.880826
2020-08-26,IBM,37.426301,37.238146,37.294672
2020-08-26,INTC,38.296045,39.222694,37.527961
2020-08-26,MSFT,120.28735,122.844,119.005
2020-08-26,NKE,51.636242,52.081822,51.25613
2020-08-26,VZ,19.609021,19.622339,19.866961
2020-08-26,WMT,21.792145,22.061706,21.677368
2020-08-27,AAPL,59.061825,59.677014,57.637987
2020-08-27,AMGN,99.21163,101.12659,98.29746
2020-08-27,CRM,61.11748,62.141772,59.606323
2020-08-27,CSCO,29.64802,29.985441,29.166831
2020-08-27,IBM,36.860345,37.210862,36.806359
2020-08-27,INTC,38.848263,39.321225,38.667047
2020-08-27,MSFT,118.60945,118.15229,118.57116
2020-08-27,NKE,52.747484,54.269605,52.633709
2020-08-27,VZ,19.771203,19.578776,19.777116
2020-08-27,WMT,21.862083,22.463762,21.364311
2020-08-28,AAPL,59.899412,60.368497,59.409569
2020-08-28,AMGN,98.371686,100.15765,98.362141
2020-08-28,CRM,61.331768,62.064318,60.285778
2020-08-28,CSCO,29.388892,29.743183,29.271476
2020-08-28,IBM,36.633196,36.991658,36.433628
2020-08-28,INTC,37.574166,38.187474,36.924981
2020-08-28,MSFT,118.64754,116.88796,116.99865
2020-08-28,NKE,52.278064,52.719142,51.983018
2020-08-28,VZ,19.866069,20.204075,19.589377
2020-08-28,WMT,21.759262,21.749713,21.358252
2020-08-31,AAPL,58.452996,59.089438,58.003784
2020-08-31,AMGN,99.150674,101.30274,96.834991
2020-08-31,CRM,65.495869,68.251002,63.232135
2020-08-31,CSCO,29.497356,29.032731,29.010926
2020-08-31,IBM,36.933517,37.211352,36.945048
2020-08-31,INTC,37.30244,38.122496,36.095275
2020-08-31,MSFT,119.68168,120.29157,118.38261
2020-08-31,NKE,52.003669,52.095382,51.47319
2020-08-31,VZ,20.1112,20.643864,19.977246
2020-08-31,WMT,21.838875,22.039985,21.674947
2020-09-01,AAPL,59.56727,60.014042,58.527514
2020-09-01,AMGN,97.09372,96.869725,97.057804
2020-09-01,CRM,63.681183,63.83248,62.00138
2020-09-01,CSCO,29.695155,29.927414,29.747716
2020-09-01,IBM,36.335848,36.308587,35.907523
2020-09-01,INTC,36.140309,36.443481,35.382159
2020-09-01,MSFT,122.67985,123.42364,123.18605
2020-09-01,NKE,52.565566,53.217337,51.912699
2020-09-01,VZ,20.185428,20.378405,20.426913
2020-09-01,WMT,22.120875,22.423222,22.144753
2020-09-02,AAPL,58.958501,58.631111,58.88348
2020-09-02,AMGN,95.715317,95.68965,93.431329
2020-09-02,CRM,60.841256,61.511317,59.989213
2020-09-02,CSCO,30.109647,29.747383,29.670705
2020-09-02,IBM,36.145067,35.986974,35.510176
2020-09-02,INTC,36.206258,36.579952,36.534732
2020-09-02,MSFT,124.89514,126.1574,124.31873
2020-09-02,NKE,51.933441,52.124834,51.517499
2020-09-02,VZ,20.158481,20.240998,20.14654
2020-09-02,WMT,21.846258,21.770808,21.871962
2020-09-03,AAPL,60.086159,60.135504,59.249537
2020-09-03,AMGN,97.49988,99.152423,96.568073
2020-09-03,CRM,57.106361,56.889453,55.503482
2020-09-03,CSCO,30.180441,30.139092,30.074037
2020-09-03,IBM,35.988482,36.316937,35.748473
2020-09-03,INTC,36.92192,36.557498,36.376377
2020-09-03,MSFT,125.38871,127.3858,122.14795
2020-09-03,NKE,50.364155,52.384615,49.452346
2020-09-03,VZ,19.858262,19.835384,19.615647
2020-09-03,WMT,21.557232,21.846964,21.675986
2020-09-04,AAPL,59.470319,60.650352,59.136985
2020-09-04,AMGN,95.902207,95.265724,96.842502
2020-09-04,CRM,56.180024,58.554757,54.703597
2020-09-04,CSCO,30.632183,31.350194,30.165547
2020-09-04,IBM,36.178774,36.657298,36.10336
2020-09-04,INTC,37.41041,37.727519,36.972741
2020-09-04,MSFT,124.37948,126.76464,123.41538
2020-09-04,NKE,51.023784,51.565164,52.083613
2020-09-04,VZ,19.905974,19.9932,19.594529
2020-09-04,WMT,21.537325,21.640657,21.468297
2020-09-08,AAPL,59.693059,58.886927,59.094919
2020-09-08,AMGN,93.971676,95.698711,95.084848
2020-09-08,CRM,55.510509,56.029681,53.440831
2020-09-08,CSCO,30.227132,29.928868,30.129768
2020-09-08,IBM,36.213983,36.948363,35.686736
2020-09-08,INTC,36.691467,36.436016,36.959538
2020-09-08,MSFT,125.56384,126.93483,124.54326
2020-09-08,NKE,50.976816,51.466141,50.966889
2020-09-08,VZ,19.668419,19.794056,19.656734
2020-09-08,WMT,21.013732,21.007568,20.776472
2020-09-09,AAPL,59.525537,60.442156,58.571981
2020-09-09,AMGN,93.729804,95.938809,92.819284
2020-09-09,CRM,56.603913,59.778603,56.139383
2020-09-09,CSCO,30.452515,30.551754,30.223798
2020-09-09,IBM,36.291821,36.820623,35.818134
2020-09-09,INTC,37.614963,37.486392,36.679536
2020-09-09,MSFT,124.22783,125.85158,123.1833
2020-09-09,NKE,50.076904,50.965932,48.65829
2020-09-09,VZ,19.900779,20.124614,19.688137
2020-09-09,WMT,20.364881,20.714084,20.272687
2020-09-10,AAPL,59.535582,61.590291,59.205122
2020-09-10,AMGN,93.583212,92.950154,91.256246
2020-09-10,CRM,54.098509,53.189436,53.440023
2020-09-10,CSCO,30.349492,30.415393,29.995324
2020-09-10,IBM,36.777718,36.771181,36.377936
2020-09-10,INTC,38.188264,38.578013,38.040092
2020-09-10,MSFT,123.00343,123.79377,119.0195
2020-09-10,NKE,50.386586,51.117895,50.582279
2020-09-10,VZ,19.456351,19.890805,19.13861
2020-09-10,WMT,20.145008,20.250649,19.980466
2020-09-11,AAPL,61.18026,61.515516,60.09219
2020-09-11,AMGN,93.44402,95.504931,91.645966
2020-09-11,CRM,54.657623,54.057094,53.377012
2020-09-11,CSCO,30.629487,31.025323,30.166755
2020-09-11,IBM,36.781708,37.82557,36.265995
2020-09-11,INTC,36.864687,37.05497,35.979515
2020-09-11,MSFT,119.76476,119.22446,119.74773
2020-09-11,NKE,50.303256,50.351355,49.672337
2020-09-11,VZ,19.631113,19.906713,19.474944
2020-09-11,WMT,20.08662,20.013395,20.016952
2020-09-14,AAPL,62.117187,63.341698,60.683989
2020-09-14,AMGN,94.693457,96.137811,93.966386
2020-09-14,CRM,55.394376,55.977837,53.562796
2020-09-14,CSCO,31.799586,32.133851,31.547093
2020-09-14,IBM,37.162342,37.633851,36.766369
2020-09-14,INTC,36.938157,37.394527,35.676428
2020-09-14,MSFT,118.26594,119.3102,114.57011
2020-09-14,NKE,49.987767,50.390816,50.006424
2020-09-14,VZ,19.292999,19.865988,19.205097
2020-09-14,WMT,19.975434,20.2125,19.839541
2020-09-15,AAPL,60.551725,61.293517,59.413095
2020-09-15,AMGN,95.107907,96.850133,94.243279
2020-09-15,CRM,53.940648,54.17836,52.265654
2020-09-15,CSCO,31.334388,31.241245,30.560159
2020-09-15,IBM,36.514187,37.508222,36.637094
2020-09-15,INTC,36.948053,37.212591,36.571044
2020-09-15,MSFT,118.15971,118.61086,115.17935
2020-09-15,NKE,50.128562,50.106117,49.657948
2020-09-15,VZ,19.022224,19.257148,19.084949
2020-09-15,WMT,20.022103,20.10657,19.893587
2020-09-16,AAPL,60.558552,61.096227,59.612282
2020-09-16,AMGN,94.103214,94.525594,93.778572
2020-09-16,CRM,55.761742,55.007923,54.280504
2020-09-16,CSCO,30.994021,31.485515,30.928712
2020-09-16,IBM,36.671492,36.777263,35.775169
2020-09-16,INTC,37.546352,38.574053,37.35779
2020-09-16,MSFT,116.69073,117.12835,115.71033
2020-09-16,NKE,49.101643,48.991026,49.20084
2020-09-16,VZ,18.907523,19.027404,18.665642
2020-09-16,WMT,19.9063,19.77362,19.748808
2020-09-17,AAPL,60.530267,61.320913,60.239378
2020-09-17,AMGN,94.016554,95.881327,92.824245
2020-09-17,CRM,56.366549,57.785871,55.557336
2020-09-17,CSCO,31.443153,31.591542,31.419605
2020-09-17,IBM,36.885598,37.474146,36.375285
2020-09-17,INTC,37.408274,37.304273,37.154286
2020-09-17,MSFT,116.83337,118.35175,115.36584
2020-09-17,NKE,49.079102,48.975039,48.406317
2020-09-17,VZ,18.479244,18.444169,18.312841
2020-09-17,WMT,19.486481,19.485705,19.419649
2020-09-18,AAPL,59.663834,60.713274,59.202857
2020-09-18,AMGN,94.595435,96.078337,93.77649
2020-09-18,CRM,55.749421,55.239864,52.348876
2020-09-18,CSCO,32.664839,33.104054,32.229606
2020-09-18,IBM,36.884586,37.12901,36.567625
2020-09-18,INTC,36.873847,36.93831,36.3402
2020-09-18,MSFT,115.36063,113.6461,113.5896
2020-09-18,NKE,48.796574,49.866711,48.545605
2020-09-18,VZ,17.894155,18.045551,17.829865
2020-09-18,WMT,19.08857,19.380303,18.989928
2020-09-21,AAPL,62.103608,61.928264,60.800179
2020-09-21,AMGN,94.686899,93.393514,93.401522
2020-09-21,CRM,56.171419,54.874825,55.89858
2020-09-21,CSCO,33.13002,34.235578,32.302809
2020-09-21,IBM,36.67779,36.951275,36.430405
2020-09-21,INTC,37.735224,38.009864,37.59498
2020-09-21,MSFT,114.00583,115.7755,112.40541
2020-09-21,NKE,46.330425,46.738803,46.298856
2020-09-21,VZ,17.882412,18.193234,17.839505
2020-09-21,WMT,19.350762,19.443816,19.278835
2020-09-22,AAPL,61.306866,61.786249,60.364604
2020-09-22,AMGN,95.931585,98.817603,92.925735
2020-09-22,CRM,56.927797,57.361226,55.961645
2020-09-22,CSCO,33.168569,33.540712,32.947396
2020-09-22,IBM,36.093335,36.755273,35.652673
2020-09-22,INTC,37.527534,38.396121,36.545445
2020-09-22,MSFT,114.62165,114.30669,114.06796
2020-09-22,NKE,47.071377,47.570776,47.514169
2020-09-22,VZ,17.960237,18.367593,17.870194
2020-09-22,WMT,19.167961,19.234489,19.116013
2020-09-23,AAPL,62.894594,63.687812,62.063228
2020-09-23,AMGN,93.911025,95.154372,93.296937
2020-09-23,CRM,56.305095,58.090961,55.360288
2020-09-23,CSCO,33.199597,33.242178,32.802175
2020-09-23,IBM,36.726712,36.588219,36.971469
2020-09-23,INTC,37.579506,37.907563,37.415421
2020-09-23,MSFT,116.7492,117.86017,116.6543
2020-09-23,NKE,46.61835,46.691585,45.459995
2020-09-23,VZ,17.555382,17.931564,17.507341
2020-09-23,WMT,19.056452,19.17247,18.818152
2020-09-24,AAPL,63.950798,64.314906,62.425719
2020-09-24,AMGN,92.799491,94.339256,92.563411
2020-09-24,CRM,57.87427,59.392676,56.04398
2020-09-24,CSCO,32.700166,33.372404,32.588602
2020-09-24,IBM,36.911513,37.54688,36.002743
2020-09-24,INTC,38.556801,38.460589,37.78924
2020-09-24,MSFT,117.71539,117.0191,116.10109
2020-09-24,NKE,47.789849,48.819011,48.758486
2020-09-24,VZ,17.090405,17.404029,16.948821
2020-09-24,WMT,18.739914,18.558753,18.811846
2020-09-25,AAPL,64.425006,64.578554,63.662284
2020-09-25,AMGN,88.903899,89.183405,90.46891
2020-09-25,CRM,58.04925,57.37821,58.214154
2020-09-25,CSCO,32.39552,32.354079,32.311882
2020-09-25,IBM,36.936012,36.81366,36.624252
2020-09-25,INTC,39.049965,39.403791,38.775936
2020-09-25,MSFT,119.03731,119.2565,117.18261
2020-09-25,NKE,48.191975,48.755633,48.71948
2020-09-25,VZ,17.167678,17.359058,17.228149
2020-09-25,WMT,18.705782,18.711082,18.794369
2020-09-28,AAPL,60.417248,59.804286,60.236848
2020-09-28,AMGN,89.441022,90.00712,88.945986
2020-09-28,CRM,58.941111,59.776942,57.29681
2020-09-28,CSCO,32.385782,32.739699,31.862856
2020-09-28,IBM,37.200153,37.945552,36.281465
2020-09-28,INTC,39.729307,39.316354,38.879181
2020-09-28,MSFT,116.15632,118.3399,114.01713
2020-09-28,NKE,47.909238,48.963131,47.05443
2020-09-28,VZ,17.172233,17.436529,16.984147
2020-09-28,WMT,18.613173,18.863816,18.356249
2020-09-29,AAPL,59.747132,59.905363,58.928418
2020-09-29,AMGN,89.422753,91.971107,87.881938
2020-09-29,CRM,59.021995,59.83529,56.643538
2020-09-29,CSCO,33.0207,33.307217,33.296211
2020-09-29,IBM,37.474202,37.848162,36.581072
2020-09-29,INTC,39.495641,40.506671,38.976583
2020-09-29,MSFT,115.53909,115.36928,113.34108
2020-09-29,NKE,48.862502,48.963027,48.766992
2020-09-29,VZ,17.06901,17.404465,17.241869
2020-09-29,WMT,18.490032,18.673824,18.291316
2020-09-30,AAPL,57.027078,58.564339,57.336245
2020-09-30,AMGN,89.8124,93.152167,89.826522
2020-09-30,CRM,59.823247,62.442057,60.520029
2020-09-30,CSCO,32.570541,32.685683,32.286676
2020-09-30,IBM,36.661766,37.018493,36.413475
2020-09-30,INTC,39.024914,39.733601,37.714892
2020-09-30,MSFT,115.82635,115.63843,116.19658
2020-09-30,NKE,49.234875,49.700747,49.431061
2020-09-30,VZ,16.693533,16.561871,16.491553
2020-09-30,WMT,18.382846,18.66882,18.209608
2020-10-01,AAPL,57.276558,57.639523,57.165905
2020-10-01,AMGN,90.263345,89.668401,88.4532
2020-10-01,CRM,58.437338,60.597524,55.820008
2020-10-01,CSCO,31.817982,31.62266,31.862664
2020-10-01,IBM,37.037354,37.700402,36.761687
2020-10-01,INTC,37.956952,39.218467,36.743019
2020-10-01,MSFT,119.53627,119.4562,119.44355
2020-10-01,NKE,47.920821,48.133679,48.00294
2020-10-01,VZ,16.465504,16.396096,16.370589
2020-10-01,WMT,18.07795,18.382982,17.774618
2020-10-02,AAPL,57.82249,58.216955,56.24455
2020-10-02,AMGN,89.042244,89.503323,88.82726
2020-10-02,CRM,56.889852,57.438072,55.81926
2020-10-02,CSCO,31.61231,32.218067,31.47425
2020-10-02,IBM,37.020529,37.62131,37.009752
2020-10-02,INTC,37.788095,38.521693,37.104819
2020-10-02,MSFT,123.0936,125.28231,123.27233
2020-10-02,NKE,48.849866,49.71934,48.453365
2020-10-02,VZ,16.157995,16.060507,15.927268
2020-10-02,WMT,18.245822,18.640736,18.03002
2020-10-05,AAPL,56.84637,57.320137,56.306599
2020-10-05,AMGN,88.823221,91.358131,89.034113
2020-10-05,CRM,58.473835,58.453617,57.719837
2020-10-05,CSCO,30.798074,31.402063,31.048392
2020-10-05,IBM,37.706073,38.067805,36.828692
2020-10-05,INTC,36.899024,36.438203,35.978498
2020-10-05,MSFT,123.99771,124.57659,124.31407
2020-10-05,NKE,48.223011,48.476526,46.569544
2020-10-05,VZ,15.866906,16.109742,15.724394
2020-10-05,WMT,18.244086,18.562502,18.207783
2020-10-06,AAPL,57.759295,58.796849,56.671116
2020-10-06,AMGN,89.288348,90.812505,88.003489
2020-10-06,CRM,59.109574,59.69704,57.968045
2020-10-06,CSCO,30.446883,30.934459,30.100434
2020-10-06,IBM,37.253611,37.430891,37.380796
2020-10-06,INTC,37.393302,37.830417,36.803334
2020-10-06,MSFT,121.73902,121.67643,119.6654
2020-10-06,NKE,47.628964,48.362123,47.566749
2020-10-06,VZ,15.546927,15.681241,15.503275
2020-10-06,WMT,18.270641,18.443705,18.161394
2020-10-07,AAPL,58.558603,59.395815,58.942878
2020-10-07,AMGN,88.592358,89.839859,88.441505
2020-10-07,CRM,60.772016,61.718826,60.883612
2020-10-07,CSCO,30.547114,30.779081,30.417278
2020-10-07,IBM,37.690384,37.593696,37.679098
2020-10-07,INTC,37.233558,37.357959,36.852865
2020-10-07,MSFT,123.3914,124.59908,121.0374
2020-10-07,NKE,47.461049,48.03222,47.188054
2020-10-07,VZ,15.548829,15.943457,15.358087
2020-10-07,WMT,17.945782,18.056466,17.842172
2020-10-08,AAPL,58.093045,58.766946,58.35556
2020-10-08,AMGN,86.601512,86.505512,86.080821
2020-10-08,CRM,61.256306,61.050279,59.155848
2020-10-08,CSCO,29.93892,29.873634,29.875608
2020-10-08,IBM,37.146524,37.70059,37.045304
2020-10-08,INTC,37.340399,37.419236,36.667933
2020-10-08,MSFT,123.70969,126.37263,120.34323
2020-10-08,NKE,47.0555,47.668254,47.332523
2020-10-08,VZ,15.740682,15.749616,15.693569
2020-10-08,WMT,17.869914,18.036379,17.474431
2020-10-09,AAPL,58.700033,59.807745,57.681055
2020-10-09,AMGN,84.320042,85.750494,84.17
2020-10-09,CRM,60.928229,62.119395,60.705252
2020-10-09,CSCO,29.506927,29.634834,29.492291
2020-10-09,IBM,37.243133,37.526978,36.854568
2020-10-09,INTC,38.048301,38.204592,37.40557
2020-10-09,MSFT,122.85865,123.30264,121.4816
2020-10-09,NKE,47.931044,48.515431,47.668085
2020-10-09,VZ,15.973521,16.184203,15.728564
2020-10-09,WMT,17.743789,17.957262,17.481317
2020-10-12,AAPL,59.079004,59.640249,58.433076
2020-10-12,AMGN,83.679935,84.056307,84.458307
2020-10-12,CRM,59.539628,60.676378,58.139988
2020-10-12,CSCO,30.632773,31.545178,30.475579
2020-10-12,IBM,39.05556,39.242146,38.604243
2020-10-12,INTC,39.119356,39.366497,38.756896
2020-10-12,MSFT,124.64501,127.60266,123.0558
2020-10-12,NKE,47.300257,48.17725,46.215295
2020-10-12,VZ,16.000482,16.307296,15.648366
2020-10-12,WMT,17.863874,17.968196,17.940109
2020-10-13,AAPL,57.969556,58.910636,57.848187
2020-10-13,AMGN,82.239139,82.866162,80.602603
2020-10-13,CRM,58.709436,59.747702,58.785477
2020-10-13,CSCO,30.364358,30.785559,30.411237
2020-10-13,IBM,38.716831,39.376866,38.551385
2020-10-13,INTC,40.023456,39.634584,40.029659
2020-10-13,MSFT,123.04782,122.88503,121.45133
2020-10-13,NKE,45.877209,46.280897,45.255642
2020-10-13,VZ,16.122062,16.140164,15.881687
2020-10-13,WMT,17.577425,17.648214,17.513894
2020-10-14,AAPL,57.259644,58.00359,56.78829
2020-10-14,AMGN,84.116662,85.152361,81.557637
2020-10-14,CRM,58.865749,59.204104,58.675951
2020-10-14,CSCO,29.976085,29.861876,29.371779
2020-10-14,IBM,39.206481,39.721583,38.592176
2020-10-14,INTC,41.107256,41.569007,40.62921
2020-10-14,MSFT,121.27434,123.37137,120.4245
2020-10-14,NKE,44.724138,45.893813,44.526688
2020-10-14,VZ,15.68413,15.773368,15.581552
2020-10-14,WMT,17.272621,17.274713,17.281976
2020-10-15,AAPL,58.08955,59.379061,57.389468
2020-10-15,AMGN,83.160645,83.410624,83.175882
2020-10-15,CRM,58.548916,59.206783,57.99553
2020-10-15,CSCO,30.241977,29.853828,29.902041
2020-10-15,IBM,39.49063,40.187701,38.741791
2020-10-15,INTC,41.289809,42.549648,40.465016
2020-10-15,MSFT,120.98744,122.7784,120.13341
2020-10-15,NKE,44.255868,44.046404,43.49755
2020-10-15,VZ,15.236591,15.424107,15.063281
2020-10-15,WMT,17.048074,17.347682,16.835299
2020-10-16,AAPL,58.145017,59.163617,57.846234
2020-10-16,AMGN,83.965136,87.073032,83.549905
2020-10-16,CRM,58.129906,59.340428,56.739127
2020-10-16,CSCO,30.154321,30.498123,29.873453
2020-10-16,IBM,39.064778,39.186444,38.894697
2020-10-16,INTC,41.954752,42.436502,41.249733
2020-10-16,MSFT,122.53765,123.92507,120.07478
2020-10-16,NKE,43.659706,43.645035,43.63398
2020-10-16,VZ,14.909253,14.794933,14.898953
2020-10-16,WMT,17.022303,16.994662,16.943569
2020-10-19,AAPL,57.508619,57.970581,56.985046
2020-10-19,AMGN,82.838795,82.508699,81.811132
2020-10-19,CRM,57.077154,57.849946,56.545663
2020-10-19,CSCO,31.484516,31.102366,30.669776
2020-10-19,IBM,38.203446,38.720284,37.824665
2020-10-19,INTC,42.740507,43.345225,41.746783
2020-10-19,MSFT,119.54312,123.42201,117.96132
2020-10-19,NKE,42.989476,43.169713,42.744544
2020-10-19,VZ,14.421393,14.577067,14.283094
2020-10-19,WMT,17.410278,17.431045,17.321973
2020-10-20,AAPL,58.557289,59.506423,59.595886
2020-10-20,AMGN,81.727555,83.384289,80.621863
2020-10-20,CRM,55.737124,56.224482,55.211775
2020-10-20,CSCO,30.845066,31.277586,30.753286
2020-10-20,IBM,38.471235,38.402691,37.886373
2020-10-20,INTC,42.191389,43.107552,41.000647
2020-10-20,MSFT,119.89053,120.82611,118.44454
2020-10-20,NKE,43.479588,43.669074,43.162798
2020-10-20,VZ,14.439354,14.691214,14.50125
2020-10-20,WMT,17.664102,17.936073,17.618236
2020-10-21,AAPL,59.444472,61.352928,59.080776
2020-10-21,AMGN,80.582911,81.629318,79.174402
2020-10-21,CRM,54.530617,54.966908,53.785192
2020-10-21,CSCO,30.945631,31.63114,30.792969
2020-10-21,IBM,39.080579,39.35636,38.324641
2020-10-21,INTC,42.231827,42.464815,41.847706
2020-10-21,MSFT,118.91789,122.56094,117.49972
2020-10-21,NKE,43.954177,44.943148,44.040554
2020-10-21,VZ,13.962959,14.192106,13.559825
2020-10-21,WMT,17.864562,18.252984,17.942915
2020-10-22,AAPL,58.948439,59.152397,56.981912
2020-10-22,AMGN,81.094813,80.860662,79.772753
2020-10-22,CRM,54.775585,55.669124,52.938921
2020-10-22,CSCO,31.515755,31.733907,31.346434
2020-10-22,IBM,39.190995,39.146574,38.838741
2020-10-22,INTC,42.695987,42.947284,41.988167
2020-10-22,MSFT,119.10504,119.35973,118.15876
2020-10-22,NKE,42.920866,43.411304,42.450779
2020-10-22,VZ,13.73424,13.983393,13.768931
2020-10-22,WMT,17.822256,18.16481,17.636098
2020-10-23,AAPL,58.278091,57.474735,57.592613
2020-10-23,AMGN,83.861203,85.268625,82.245677
2020-10-23,CRM,56.272309,56.369202,56.882633
2020-10-23,CSCO,31.913433,32.021462,31.549335
2020-10-23,IBM,39.863903,39.837227,39.119716
2020-10-23,INTC,44.215498,44.568664,43.884425
2020-10-23,MSFT,117.41834,117.3764,118.29509
2020-10-23,NKE,43.919192,44.42786,43.506139
2020-10-23,VZ,13.377278,13.663337,13.18612
2020-10-23,WMT,18.030123,18.477128,17.917911
2020-10-26,AAPL,57.129981,58.005359,55.744424
2020-10-26,AMGN,85.476843,86.507892,84.511671
2020-10-26,CRM,54.711315,57.740614,53.983785
2020-10-26,CSCO,31.822157,32.479027,31.752191
2020-10-26,IBM,39.939171,40.10969,39.761262
2020-10-26,INTC,44.735776,44.721895,44.013835
2020-10-26,MSFT,119.29386,121.55679,120.51926
2020-10-26,NKE,44.534606,44.551834,43.521132
2020-10-26,VZ,13.202189,13.515968,13.109452
2020-10-26,WMT,17.681696,17.651562,17.383638
2020-10-27,AAPL,58.220506,58.267437,57.720129
2020-10-27,AMGN,84.160321,85.431905,83.365522
2020-10-27,CRM,53.773872,53.76407,53.487358
2020-10-27,CSCO,32.611626,33.518675,32.176949
2020-10-27,IBM,40.059061,39.935564,40.078015
2020-10-27,INTC,44.318008,44.967737,44.470886
2020-10-27,MSFT,119.96764,120.78204,118.25596
2020-10-27,NKE,44.641176,45.0667,44.858661
2020-10-27,VZ,13.011033,13.185176,13.071888
2020-10-27,WMT,18.310832,18.461038,18.189411
2020-10-28,AAPL,59.106809,60.415167,58.735371
2020-10-28,AMGN,83.197293,85.057363,83.346289
2020-10-28,CRM,54.472756,55.525456,52.611981
2020-10-28,CSCO,32.058142,32.865523,31.461468
2020-10-28,IBM,39.979265,40.535422,39.293043
2020-10-28,INTC,45.48658,46.199933,45.139993
2020-10-28,MSFT,118.75778,120.17499,115.49615
2020-10-28,NKE,44.573493,44.309015,45.429553
2020-10-28,VZ,12.92265,13.027501,12.694156
2020-10-28,WMT,18.279353,18.52671,18.135427
2020-10-29,AAPL,59.075971,60.15884,59.019551
2020-10-29,AMGN,83.441513,84.073586,82.815111
2020-10-29,CRM,54.354321,53.21356,54.437085
2020-10-29,CSCO,31.835298,32.295745,31.328207
2020-10-29,IBM,39.97324,40.360587,39.502175
2020-10-29,INTC,45.38682,45.421161,43.919914
2020-10-29,MSFT,117.02071,119.81133,116.37446
2020-10-29,NKE,43.302665,43.896216,42.4352
2020-10-29,VZ,13.063326,13.112907,13.108023
2020-10-29,WMT,18.716026,18.977362,18.702185
2020-10-30,AAPL,57.616584,56.756931,56.389102
2020-10-30,AMGN,81.550826,83.562034,79.249399
2020-10-30,CRM,56.493983,57.842912,54.795283
2020-10-30,CSCO,30.814353,31.246454,30.507819
2020-10-30,IBM,39.366061,39.787287,39.109201
2020-10-30,INTC,46.656298,47.3146,45.852247
2020-10-30,MSFT,115.46896,115.44002,114.80101
2020-10-30,NKE,44.116449,44.247705,43.936872
2020-10-30,VZ,13.052417,13.220828,12.755941
2020-10-30,WMT,18.687322,18.674307,18.837641
2020-11-02,AAPL,58.025449,58.210269,56.743285
2020-11-02,AMGN,81.639836,84.276734,80.439463
2020-11-02,CRM,55.658889,55.979594,54.988788
2020-11-02,CSCO,30.662047,31.140685,30.78711
2020-11-02,IBM,38.660851,39.530192,38.824401
2020-11-02,INTC,45.696618,46.17399,44.89406
2020-11-02,MSFT,114.92935,116.7427,111.11516
2020-11-02,NKE,44.899836,44.737378,44.043025
2020-11-02,VZ,13.191827,13.388683,13.093914
2020-11-02,WMT,18.457932,18.506999,18.407454
2020-11-03,AAPL,57.978897,58.790923,57.400021
2020-11-03,AMGN,81.326682,83.097522,80.901134
2020-11-03,CRM,55.626094,57.279855,54.179453
2020-11-03,CSCO,30.243512,30.224698,29.335068
2020-11-03,IBM,38.91288,38.340392,38.513382
2020-11-03,INTC,46.107878,46.045457,45.458878
2020-11-03,MSFT,113.22165,114.65335,114.36554
2020-11-03,NKE,44.165139,44.58274,43.413557
2020-11-03,VZ,13.109298,13.266281,13.197406
2020-11-03,WMT,18.658522,18.804245,18.74687
2020-11-04,AAPL,58.312749,58.662065,56.552649
2020-11-04,AMGN,82.511759,83.918685,80.244237
2020-11-04,CRM,54.874451,55.943039,53.58962
2020-11-04,CSCO,29.675844,30.03507,29.909445
2020-11-04,IBM,39.611275,40.002373,39.188035
2020-11-04,INTC,46.433076,46.922802,46.1917
2020-11-04,MSFT,113.25031,115.18237,111.74906
2020-11-04,NKE,43.73447,43.456128,43.028747
2020-11-04,VZ,12.936369,12.987317,12.986438
2020-11-04,WMT,18.776225,18.8445,18.868221
2020-11-05,AAPL,58.4124,59.142252,58.247234
2020-11-05,AMGN,82.916772,83.449741,81.357273
2020-11-05,CRM,53.467368,55.347163,51.852029
2020-11-05,CSCO,29.721606,30.280536,29.833359
2020-11-05,IBM,40.229516,40.89537,39.971225
2020-11-05,INTC,46.534964,46.50222,45.59512
2020-11-05,MSFT,112.52388,112.75949,111.85228
2020-11-05,NKE,43.637196,44.019118,43.264696
2020-11-05,VZ,12.859757,12.943898,12.786865
2020-11-05,WMT,18.519148,18.752988,18.404321
2020-11-06,AAPL,56.7727,57.416924,55.877049
2020-11-06,AMGN,85.231316,86.224472,85.154966
2020-11-06,CRM,54.394525,54.407072,52.783707
2020-11-06,CSCO,29.747743,30.665037,29.0618
2020-11-06,IBM,41.441016,41.550115,40.952284
2020-11-06,INTC,46.644655,47.216906,47.421281
2020-11-06,MSFT,111.41244,112.14949,110.67163
2020-11-06,NKE,42.912513,43.450671,41.741626
2020-11-06,VZ,12.781818,12.979331,12.481571
2020-11-06,WMT,18.578213,18.675097,18.896316
2020-11-09,AAPL,56.630141,57.12622,55.885145
2020-11-09,AMGN,87.421245,89.70089,86.044883
2020-11-09,CRM,54.582385,54.710261,53.097937
2020-11-09,CSCO,30.476875,30.823399,30.287002
2020-11-09,IBM,41.231947,41.09322,41.116435
2020-11-09,INTC,45.643866,45.962817,45.54179
2020-11-09,MSFT,112.27078,112.38514,111.52342
2020-11-09,NKE,41.941988,42.336128,42.307939
2020-11-09,VZ,12.947548,13.011912,12.896614
2020-11-09,WMT,18.987848,19.025857,18.999879
2020-11-10,AAPL,57.095223,57.169921,55.972567
2020-11-10,AMGN,89.034702,86.423637,88.543996
2020-11-10,CRM,55.478352,55.877373,54.788445
2020-11-10,CSCO,30.257727,30.490058,29.865691
2020-11-10,IBM,41.313923,41.998272,41.371733
2020-11-10,INTC,43.802456,44.577073,42.772659
2020-11-10,MSFT,112.52268,116.59447,112.53559
2020-11-10,NKE,42.197571,41.960808,41.723155
2020-11-10,VZ,12.938131,13.199194,12.756465
2020-11-10,WMT,18.463711,18.595122,18.253711
2020-11-11,AAPL,54.815019,55.909815,55.324079
2020-11-11,AMGN,89.430095,91.842102,88.520289
2020-11-11,CRM,54.416076,54.538399,52.604148
2020-11-11,CSCO,30.259201,30.39833,30.023252
2020-11-11,IBM,40.630722,40.966797,39.655147
2020-11-11,INTC,44.068477,44.063399,43.389339
2020-11-11,MSFT,111.26635,111.63209,108.71049
2020-11-11,NKE,41.613347,41.920305,42.222649
2020-11-11,VZ,13.238136,13.498014,13.058062
2020-11-11,WMT,18.814762,19.101031,18.78328
2020-11-12,AAPL,55.198369,55.95493,53.824728
2020-11-12,AMGN,89.207245,90.047974,86.913834
2020-11-12,CRM,55.621825,56.56008,55.143779
2020-11-12,CSCO,30.566703,31.388041,30.179822
2020-11-12,IBM,39.902482,40.370142,39.366483
2020-11-12,INTC,43.4385,43.871093,42.59433
2020-11-12,MSFT,112.64079,113.52917,110.6971
2020-11-12,NKE,40.734183,40.91034,40.433737
2020-11-12,VZ,13.268416,13.421586,13.10294
2020-11-12,WMT,19.068285,19.157234,18.718369
2020-11-13,AAPL,55.80168,57.093986,55.555115
2020-11-13,AMGN,89.517738,92.395843,88.414961
2020-11-13,CRM,54.453645,54.375836,53.73351
2020-11-13,CSCO,30.912796,31.141842,30.612079
2020-11-13,IBM,40.089695,40.358738,39.370329
2020-11-13,INTC,41.769322,41.833491,40.937806
2020-11-13,MSFT,116.62942,120.87799,114.45063
2020-11-13,NKE,39.93511,40.164758,40.84094
2020-11-13,VZ,13.136599,13.437317,13.138041
2020-11-13,WMT,18.483337,18.417847,18.393297
2020-11-16,AAPL,56.009141,56.996668,55.56982
2020-11-16,AMGN,86.271209,87.011588,85.303602
2020-11-16,CRM,53.680194,55.564893,53.087717
2020-11-16,CSCO,30.336217,30.618908,30.207317
2020-11-16,IBM,41.682116,41.921075,42.114415
2020-11-16,INTC,40.309336,41.107314,39.520799
2020-11-16,MSFT,117.80893,118.25275,116.78516
2020-11-16,NKE,38.88774,38.58768,38.621913
2020-11-16,VZ,13.07795,13.196623,13.033168
2020-11-16,WMT,18.351625,18.547274,18.372272
2020-11-17,AAPL,56.235604,56.758843,54.80653
2020-11-17,AMGN,85.740068,87.130248,85.617533
2020-11-17,CRM,56.322305,56.861511,55.553042
2020-11-17,CSCO,30.108502,30.743413,30.183029
2020-11-17,IBM,42.299345,42.777018,41.858839
2020-11-17,INTC,40.155927,39.753552,40.122408
2020-11-17,MSFT,116.63774,118.95119,114.03867
2020-11-17,NKE,38.717579,39.355952,38.33686
2020-11-17,VZ,13.196284,13.308559,13.069897
2020-11-17,WMT,18.482561,18.714949,18.319826
2020-11-18,AAPL,55.544607,53.982098,54.260506
2020-11-18,AMGN,83.665063,83.859789,83.10055
2020-11-18,CRM,56.47866,57.977283,55.890323
2020-11-18,CSCO,30.041537,30.5919,29.282869
2020-11-18,IBM,41.153617,41.391828,40.989125
2020-11-18,INTC,39.993808,40.442871,39.595408
2020-11-18,MSFT,115.57262,114.61872,114.56044
2020-11-18,NKE,39.470059,39.850022,38.940117
2020-11-18,VZ,13.0588,13.379433,12.951973
2020-11-18,WMT,18.565016,18.749577,18.577609
2020-11-19,AAPL,55.416986,55.731528,55.547657
2020-11-19,AMGN,82.783579,85.30794,81.264974
2020-11-19,CRM,57.03279,58.977537,56.001172
2020-11-19,CSCO,30.297971,30.399766,29.934953
2020-11-19,IBM,40.656334,41.119544,40.458861
2020-11-19,INTC,40.815976,41.147113,40.041826
2020-11-19,MSFT,116.20139,118.05143,116.27008
2020-11-19,NKE,39.284418,39.954532,39.264987
2020-11-19,VZ,12.979291,13.111064,13.075971
2020-11-19,WMT,18.783117,18.797389,18.765652
2020-11-20,AAPL,54.990117,56.446345,53.239856
2020-11-20,AMGN,85.176453,87.234694,83.451069
2020-11-20,CRM,56.449634,56.755778,54.642236
2020-11-20,CSCO,30.249224,30.77511,29.671797
2020-11-20,IBM,41.348733,41.804985,41.306325
2020-11-20,INTC,41.045199,41.972471,41.183548
2020-11-20,MSFT,114.39102,115.1054,112.852
2020-11-20,NKE,39.390072,38.943883,38.775261
2020-11-20,VZ,12.702039,12.667089,12.457527
2020-11-20,WMT,18.695715,18.891722,18.856939
2020-11-23,AAPL,54.79933,54.988847,54.589673
2020-11-23,AMGN,86.603549,87.884297,85.676495
2020-11-23,CRM,56.079986,57.405144,55.546161
2020-11-23,CSCO,30.091246,30.177768,29.818668
2020-11-23,IBM,40.893149,40.935623,40.401777
2020-11-23,INTC,40.991352,41.38752,40.323557
2020-11-23,MSFT,113.24639,112.4367,111.23039
2020-11-23,NKE,38.531079,39.572289,38.06108
2020-11-23,VZ,12.316337,12.526578,12.117558
2020-11-23,WMT,18.692438,18.85236,18.431932
2020-11-24,AAPL,55.782244,55.647121,54.30723
2020-11-24,AMGN,89.295848,90.31103,87.940854
2020-11-24,CRM,58.362415,58.905324,56.108525
2020-11-24,CSCO,30.099973,30.828226,30.476837
2020-11-24,IBM,41.139857,41.546758,40.938739
2020-11-24,INTC,39.177036,39.676833,39.034838
2020-11-24,MSFT,115.13718,116.70353,113.35084
2020-11-24,NKE,40.926904,41.317101,41.483271
2020-11-24,VZ,12.305909,12.449659,12.446864
2020-11-24,WMT,18.828354,18.83996,18.609892
2020-11-25,AAPL,56.004474,56.139168,55.875449
2020-11-25,AMGN,89.399381,91.299257,87.367339
2020-11-25,CRM,58.245748,58.464418,56.839356
2020-11-25,CSCO,30.859916,31.195153,30.585315
2020-11-25,IBM,41.299727,41.285762,41.128277
2020-11-25,INTC,38.768956,39.304861,38.209847
2020-11-25,MSFT,112.09847,112.74263,112.11885
2020-11-25,NKE,38.526848,39.115295,38.313445
2020-11-25,VZ,12.070138,12.219092,11.973444
2020-11-25,WMT,18.893465,18.824042,18.488122
2020-11-27,AAPL,55.888377,55.845814,55.645032
2020-11-27,AMGN,88.327291,90.675882,85.945518
2020-11-27,CRM,58.886504,60.255965,57.919225
2020-11-27,CSCO,29.743747,30.215226,29.169502
2020-11-27,IBM,41.228712,41.484987,40.751055
2020-11-27,INTC,39.300975,39.311114,38.639471
2020-11-27,MSFT,111.06502,110.89058,110.90491
2020-11-27,NKE,38.94087,39.173328,39.01363
2020-11-27,VZ,11.950511,11.915184,11.838121
2020-11-27,WMT,18.612602,19.05562,18.192267
2020-11-30,AAPL,54.825615,55.91063,53.380675
2020-11-30,AMGN,86.6009,87.223074,85.690567
2020-11-30,CRM,58.429586,59.678466,56.864134
2020-11-30,CSCO,29.250864,29.84433,29.419812
2020-11-30,IBM,41.677021,41.857693,41.447829
2020-11-30,INTC,38.509623,38.655019,37.272868
2020-11-30,MSFT,111.67685,115.82607,110.14769
2020-11-30,NKE,38.520941,39.882945,38.345196
2020-11-30,VZ,11.616885,11.801571,11.443513
2020-11-30,WMT,18.498982,18.657522,18.551926
2020-12-01,AAPL,54.910601,55.677573,55.128402
2020-12-01,AMGN,84.967032,85.885031,84.472404
2020-12-01,CRM,55.860689,57.961539,55.90115
2020-12-01,CSCO,29.213305,29.359709,28.985567
2020-12-01,IBM,42.327278,42.573206,42.35665
2020-12-01,INTC,38.041428,38.553753,38.42133
2020-12-01,MSFT,112.31792,113.18118,112.36758
2020-12-01,NKE,36.959407,36.614744,36.608759
2020-12-01,VZ,11.479216,11.634056,11.390571
2020-12-01,WMT,17.993036,17.952777,18.045007
2020-12-02,AAPL,53.13658,53.271509,51.305335
2020-12-02,AMGN,85.794531,88.592439,85.530758
2020-12-02,CRM,56.212614,57.877125,57.570819
2020-12-02,CSCO,29.461564,29.535462,29.206421
2020-12-02,IBM,43.233771,43.646652,42.97642
2020-12-02,INTC,37.95265,38.259593,37.646151
2020-12-02,MSFT,116.16169,118.14815,115.08353
2020-12-02,NKE,37.402376,37.484902,36.471925
2020-12-02,VZ,11.242602,11.413556,11.217443
2020-12-02,WMT,18.016288,18.009964,18.010892
2020-12-03,AAPL,53.552575,54.618104,52.235784
2020-12-03,AMGN,82.381292,82.459602,80.263089
2020-12-03,CRM,54.418744,55.587365,52.824805
2020-12-03,CSCO,28.860576,28.76866,29.264953
2020-12-03,IBM,43.83706,44.262643,43.111578
2020-12-03,INTC,37.852213,37.866458,37.766923
2020-12-03,MSFT,115.79264,117.1169,116.743
2020-12-03,NKE,37.279956,37.661963,36.90853
2020-12-03,VZ,11.181837,11.264021,11.128313
2020-12-03,WMT,17.984487,18.254685,17.848235
2020-12-04,AAPL,52.954891,53.187723,50.983906
2020-12-04,AMGN,82.451344,83.699888,81.684533
2020-12-04,CRM,54.335859,55.703931,52.945546
2020-12-04,CSCO,28.341503,28.454641,28.221849
2020-12-04,IBM,43.336357,43.894104,42.834398
2020-12-04,INTC,39.209148,39.377191,38.898131
2020-12-04,MSFT,114.66072,115.66447,113.69176
2020-12-04,NKE,37.265855,37.228306,37.060599
2020-12-04,VZ,10.885879,11.148885,10.807996
2020-12-04,WMT,18.153557,18.173444,18.284388
2020-12-07,AAPL,54.410387,55.05369,54.059975
2020-12-07,AMGN,82.515621,84.176644,83.123338
2020-12-07,CRM,55.410466,55.341142,54.919239
2020-12-07,CSCO,28.568834,28.677291,27.437023
2020-12-07,IBM,43.260077,43.90201,43.417102
2020-12-07,INTC,39.178886,39.174512,39.3229
2020-12-07,MSFT,114.95156,114.63209,113.5701
2020-12-07,NKE,37.744234,38.459455,37.253669
2020-12-07,VZ,11.098836,11.123563,11.084497
2020-12-07,WMT,18.251424,18.444499,18.065127
2020-12-08,AAPL,55.348358,56.558517,53.085663
2020-12-08,AMGN,83.911933,84.644109,82.918752
2020-12-08,CRM,53.903026,55.380458,54.075268
2020-12-08,CSCO,28.305553,28.294705,28.142356
2020-12-08,IBM,42.476019,43.090965,42.164885
2020-12-08,INTC,39.599876,40.839109,39.533529
2020-12-08,MSFT,115.64677,117.51659,113.02485
2020-12-08,NKE,37.018057,37.065941,36.480156
2020-12-08,VZ,11.053304,11.061912,10.90712
2020-12-08,WMT,18.349051,18.34214,18.265418
2020-12-09,AAPL,55.830256,56.502334,55.50872
2020-12-09,AMGN,83.682007,85.461388,82.000757
2020-12-09,CRM,53.645908,55.821947,53.085686
2020-12-09,CSCO,27.838318,28.210348,27.892182
2020-12-09,IBM,42.588727,42.950888,41.933927
2020-12-09,INTC,39.261506,39.326507,38.967391
2020-12-09,MSFT,118.62763,119.82372,118.67259
2020-12-09,NKE,36.351405,36.87035,35.678706
2020-12-09,VZ,11.249403,11.216499,11.177739
2020-12-09,WMT,18.428813,18.757331,18.406471
2020-12-10,AAPL,55.641559,57.211024,54.121974
2020-12-10,AMGN,83.475753,83.559551,83.670606
2020-12-10,CRM,52.68852,53.32828,52.270007
2020-12-10,CSCO,27.761368,28.152081,27.515487
2020-12-10,IBM,42.91374,44.07512,42.928591
2020-12-10,INTC,39.372724,40.156568,38.094158
2020-12-10,MSFT,118.95664,118.57282,116.6909
2020-12-10,NKE,34.803963,35.041524,34.761444
2020-12-10,VZ,11.156774,11.204938,11.206304
2020-12-10,WMT,18.577303,18.935481,18.286422
2020-12-11,AAPL,56.891776,56.513912,58.095308
2020-12-11,AMGN,81.896248,84.607239,79.789335
2020-12-11,CRM,53.099416,52.36919,54.256232
2020-12-11,CSCO,27.741397,28.023371,27.463819
2020-12-11,IBM,43.145541,43.396228,42.911781
2020-12-11,INTC,40.868133,41.531949,40.796629
2020-12-11,MSFT,118.85568,119.1091,118.06372
2020-12-11,NKE,35.688425,35.704434,35.269446
2020-12-11,VZ,11.228296,11.302503,11.236348
2020-12-11,WMT,18.393205,18.536323,18.092857
2020-12-14,AAPL,56.961049,58.817812,56.31974
2020-12-14,AMGN,81.221388,82.490492,79.916058
2020-12-14,CRM,54.293039,55.163503,54.21965
2020-12-14,CSCO,27.85208,28.116463,27.437476
2020-12-14,IBM,42.400973,43.062857,41.91483
2020-12-14,INTC,40.993561,41.812039,39.938604
2020-12-14,MSFT,124.84331,125.40917,124.40511
2020-12-14,NKE,35.240926,35.838705,34.706986
2020-12-14,VZ,11.086648,11.205902,11.044024
2020-12-14,WMT,18.12104,18.100596,17.619227
2020-12-15,AAPL,58.150281,58.706835,56.771998
2020-12-15,AMGN,82.199506,82.923981,80.2084
2020-12-15,CRM,54.28958,54.757816,54.169194
2020-12-15,CSCO,27.181461,26.824332,26.803324
2020-12-15,IBM,42.555563,43.134004,42.037319
2020-12-15,INTC,41.768759,42.817239,42.881128
2020-12-15,MSFT,124.96849,127.17609,125.12893
2020-12-15,NKE,35.547122,36.090541,35.502776
2020-12-15,VZ,11.054035,11.192769,11.106594
2020-12-15,WMT,17.855795,17.902422,17.59647
2020-12-16,AAPL,58.11543,59.449508,56.816296
2020-12-16,AMGN,79.419045,80.574893,79.188853
2020-12-16,CRM,53.707982,54.297363,51.551514
2020-12-16,CSCO,27.654309,28.191805,27.385916
2020-12-16,IBM,42.242474,42.86113,42.494435
2020-12-16,INTC,42.34825,42.345362,42.134348
2020-12-16,MSFT,125.44259,126.34655,126.24166
2020-12-16,NKE,35.106089,35.191262,34.532173
2020-12-16,VZ,10.851244,10.74128,10.958341
2020-12-16,WMT,17.496659,17.638088,17.58512
2020-12-17,AAPL,57.21976,57.230544,56.660353
2020-12-17,AMGN,79.536007,79.743082,77.751199
2020-12-17,CRM,53.962474,56.818367,52.924705
2020-12-17,CSCO,27.300444,28.154848,26.76147
2020-12-17,IBM,42.379979,42.85967,42.503932
2020-12-17,INTC,41.503793,41.841746,42.743567
2020-12-17,MSFT,128.23294,128.20917,125.46323
2020-12-17,NKE,34.050114,34.373457,33.632521
2020-12-17,VZ,10.949497,11.085328,10.88326
2020-12-17,WMT,17.531056,17.823336,17.711522
2020-12-18,AAPL,57.869517,58.406351,56.052865
2020-12-18,AMGN,79.582116,80.479191,79.218017
2020-12-18,CRM,53.782072,54.167071,52.292035
2020-12-18,CSCO,27.753034,27.944842,27.386813
2020-12-18,IBM,42.655668,42.846171,42.276669
2020-12-18,INTC,40.634917,40.631902,40.459424
2020-12-18,MSFT,125.03201,126.39058,122.97739
2020-12-18,NKE,33.884859,34.153155,33.300454
2020-12-18,VZ,11.105881,11.399117,11.072175
2020-12-18,WMT,17.604671,17.750121,17.406955
2020-12-21,AAPL,56.367453,55.251438,55.075343
2020-12-21,AMGN,80.146432,81.431959,79.000854
2020-12-21,CRM,54.132033,56.860688,53.355942
2020-12-21,CSCO,26.994277,27.173466,26.303201
2020-12-21,IBM,41.382018,40.999341,40.590459
2020-12-21,INTC,41.142172,41.405604,41.356156
2020-12-21,MSFT,123.71112,125.0028,122.52709
2020-12-21,NKE,34.121398,34.282905,33.42127
2020-12-21,VZ,11.014671,11.174095,10.787453
2020-12-21,WMT,17.654096,17.997278,17.519124
2020-12-22,AAPL,55.499067,55.439556,54.300647
2020-12-22,AMGN,79.353409,80.023787,79.074632
2020-12-22,CRM,54.214485,54.64391,52.571238
2020-12-22,CSCO,27.456631,27.513262,26.642881
2020-12-22,IBM,41.278984,41.542215,41.000337
2020-12-22,INTC,41.07851,41.084969,40.262888
2020-12-22,MSFT,122.90068,126.59349,123.92371
2020-12-22,NKE,34.998094,35.389787,34.89065
2020-12-22,VZ,10.875987,10.980149,10.544512
2020-12-22,WMT,17.609972,17.665481,17.4104
2020-12-23,AAPL,56.102955,56.969485,54.862921
2020-12-23,AMGN,77.885031,79.395314,77.895486
2020-12-23,CRM,52.359418,54.361584,50.979568
2020-12-23,CSCO,26.785119,27.431376,26.476191
2020-12-23,IBM,40.200683,39.981922,39.770484
2020-12-23,INTC,39.290676,39.305992,38.832323
2020-12-23,MSFT,121.72104,123.68159,120.80888
2020-12-23,NKE,35.446237,36.19614,35.293393
2020-12-23,VZ,10.69803,10.660698,10.561438
2020-12-23,WMT,17.675973,17.63105,17.725162
2020-12-24,AAPL,57.859927,57.254898,56.857081
2020-12-24,AMGN,76.753157,77.440381,77.530807
2020-12-24,CRM,52.268338,54.425465,51.214355
2020-12-24,CSCO,26.908055,27.575328,26.931593
2020-12-24,IBM,40.195592,41.024501,40.494315
2020-12-24,INTC,38.700449,39.217091,38.060805
2020-12-24,MSFT,120.09061,119.82263,119.32833
2020-12-24,NKE,35.055943,35.117554,34.834245
2020-12-24,VZ,10.558518,10.613564,10.176787
2020-12-24,WMT,17.75579,17.976343,17.810619
2020-12-28,AAPL,55.998713,56.34129,55.540455
2020-12-28,AMGN,75.38465,75.649008,74.412508
2020-12-28,CRM,50.971122,50.801884,50.275239
2020-12-28,CSCO,27.549133,27.164541,27.470477
2020-12-28,IBM,39.775436,40.232502,40.309776
2020-12-28,INTC,39.348566,39.85127,38.630059
2020-12-28,MSFT,119.67535,119.78441,118.31616
2020-12-28,NKE,34.292053,34.459494,33.468386
2020-12-28,VZ,10.512112,10.43712,10.364674
2020-12-28,WMT,17.800532,18.060932,17.75702
2020-12-29,AAPL,57.133106,58.05097,56.118365
2020-12-29,AMGN,72.925821,74.555875,71.526583
2020-12-29,CRM,51.70009,52.052751,50.88166
2020-12-29,CSCO,26.644315,26.711325,25.886278
2020-12-29,IBM,40.274937,40.751042,39.788292
2020-12-29,INTC,39.682987,40.382914,39.560614
2020-12-29,MSFT,118.86001,119.10243,116.8374
2020-12-29,NKE,34.325963,34.680512,33.974337
2020-12-29,VZ,10.332121,10.435569,10.258828
2020-12-29,WMT,17.86105,18.109667,17.778203
2020-12-30,AAPL,56.075516,57.074508,55.756789
2020-12-30,AMGN,75.054412,76.137262,75.1564
2020-12-30,CRM,51.859233,53.10714,51.506714
2020-12-30,CSCO,27.233043,27.370481,26.888917
2020-12-30,IBM,39.984557,40.109416,39.395971
2020-12-30,INTC,38.607391,38.338961,38.423936
2020-12-30,MSFT,116.31818,117.77384,116.21543
2020-12-30,NKE,33.867161,34.414866,33.060859
2020-12-30,VZ,10.097414,10.229337,10.053894
2020-12-30,WMT,17.554704,17.62098,17.70728
2020-12-31,AAPL,57.163367,58.434628,55.771944
2020-12-31,AMGN,73.265927,72.901825,72.95888
2020-12-31,CRM,51.304689,51.489642,49.639358
2020-12-31,CSCO,27.653987,28.441027,27.298228
2020-12-31,IBM,38.728099,39.06008,38.638455
2020-12-31,INTC,37.484276,38.498459,36.658563
2020-12-31,MSFT,117.73942,118.49248,113.92847
2020-12-31,NKE,34.10804,34.864832,33.487891
2020-12-31,VZ,10.297513,10.489645,10.316693
2020-12-31,WMT,17.917575,17.995123,18.023885
2021-01-04,AAPL,57.729519,58.142935,56.971423
2021-01-04,AMGN,71.31366,72.200281,70.817837
2021-01-04,CRM,51.743987,52.057487,51.217384
2021-01-04,CSCO,27.262402,27.615598,26.962292
2021-01-04,IBM,37.974817,37.675628,37.70669
2021-01-04,INTC,38.424519,38.79969,37.904653
2021-01-04,MSFT,115.93283,115.32601,115.14209
2021-01-04,NKE,33.766338,33.396964,34.03304
2021-01-04,VZ,10.176119,10.312097,10.016572
2021-01-04,WMT,18.001514,18.202686,17.81163
2021-01-05,AAPL,57.155247,57.656095,56.590382
2021-01-05,AMGN,72.670097,73.601538,72.104463
2021-01-05,CRM,51.695378,51.939884,51.641101
2021-01-05,CSCO,26.654081,26.153608,26.560267
2021-01-05,IBM,37.876921,37.881052,37.728774
2021-01-05,INTC,38.027278,38.369779,37.714486
2021-01-05,MSFT,114.67201,113.62524,115.14745
2021-01-05,NKE,33.707581,34.002714,33.277724
2021-01-05,VZ,10.23859,10.37394,10.195137
2021-01-05,WMT,17.906562,17.960588,17.711679
2021-01-06,AAPL,57.836582,58.396222,57.36465
2021-01-06,AMGN,71.927687,73.669192,71.236775
2021-01-06,CRM,52.388025,52.73019,50.300456
2021-01-06,CSCO,26.751809,26.862894,26.810711
2021-01-06,IBM,37.962334,38.557505,37.799472
2021-01-06,INTC,39.571376,40.657453,39.683737
2021-01-06,MSFT,113.59498,114.17169,114.41376
2021-01-06,NKE,34.068567,34.534502,33.369491
2021-01-06,VZ,10.380681,10.309264,10.276957
2021-01-06,WMT,18.077066,18.166221,18.028762
2021-01-07,AAPL,57.360016,57.177582,57.501108
2021-01-07,AMGN,70.186601,70.852188,69.380384
2021-01-07,CRM,52.002562,52.038084,51.224651
2021-01-07,CSCO,26.996505,27.304664,26.406304
2021-01-07,IBM,38.092423,38.301117,37.927981
2021-01-07,INTC,38.454171,39.40598,38.007506
2021-01-07,MSFT,113.59327,113.9213,111.22119
2021-01-07,NKE,33.756472,34.49403,33.379826
2021-01-07,VZ,10.201424,10.214958,10.309028
2021-01-07,WMT,18.463294,18.65443,18.295723
2021-01-08,AAPL,56.997378,57.217639,57.07415
2021-01-08,AMGN,70.577838,73.069489,69.338263
2021-01-08,CRM,50.706858,51.081081,50.999773
2021-01-08,CSCO,27.184115,27.42016,26.891374
2021-01-08,IBM,38.424193,38.226056,38.031557
2021-01-08,INTC,38.618864,38.983861,38.461193
2021-01-08,MSFT,113.42946,113.97801,112.19268
2021-01-08,NKE,34.260805,34.572108,34.164149
2021-01-08,VZ,9.9980292,10.234171,9.96369
2021-01-08,WMT,18.448297,18.460562,18.377138
2021-01-11,AAPL,57.835909,57.274766,56.296005
2021-01-11,AMGN,69.839849,71.329691,68.681027
2021-01-11,CRM,51.004789,52.003232,51.318639
2021-01-11,CSCO,27.088815,27.626606,26.636783
2021-01-11,IBM,38.660834,38.971177,37.716749
2021-01-11,INTC,39.024816,39.197894,38.850483
2021-01-11,MSFT,115.07289,115.27042,113.80768
2021-01-11,NKE,33.65483,33.863171,32.925225
2021-01-11,VZ,9.902869,9.9703531,9.8114063
2021-01-11,WMT,18.182675,18.181528,18.261066
2021-01-12,AAPL,56.901698,57.597269,56.250368
2021-01-12,AMGN,70.721622,72.734597,71.163262
2021-01-12,CRM,48.384634,48.453463,45.846208
2021-01-12,CSCO,25.957399,26.066875,25.9502
2021-01-12,IBM,38.924677,39.126557,38.632044
2021-01-12,INTC,39.212118,38.731788,39.15333
2021-01-12,MSFT,113.16807,115.26289,112.94921
2021-01-12,NKE,34.759375,34.920003,34.475519
2021-01-12,VZ,9.823564,9.9558306,9.3684485
2021-01-12,WMT,17.92165,18.025912,17.9577
2021-01-13,AAPL,55.935067,57.84787,54.736394
2021-01-13,AMGN,71.567853,72.043069,70.235203
2021-01-13,CRM,48.813879,48.751353,47.7364
2021-01-13,CSCO,25.750342,26.003852,25.723441
2021-01-13,IBM,38.561842,39.26138,38.400311
2021-01-13,INTC,38.841328,38.911041,38.304437
2021-01-13,MSFT,115.25749,116.72396,113.33101
2021-01-13,NKE,35.173665,35.594352,35.112129
2021-01-13,VZ,9.6069813,9.6534312,9.5921997
2021-01-13,WMT,17.786727,18.176757,17.819359
2021-01-14,AAPL,55.870018,55.707928,56.370674
2021-01-14,AMGN,69.273891,69.500963,68.484153
2021-01-14,CRM,50.253271,50.946515,50.227972
2021-01-14,CSCO,25.586277,25.596354,25.182646
2021-01-14,IBM,37.900104,38.33038,37.822271
2021-01-14,INTC,38.972986,39.438501,38.596719
2021-01-14,MSFT,114.35889,114.04618,112.16199
2021-01-14,NKE,34.882872,35.147839,34.251321
2021-01-14,VZ,9.624461,9.7828963,9.5095639
2021-01-14,WMT,17.716995,17.963598,17.523675
2021-01-15,AAPL,56.163084,57.306892,55.355832
2021-01-15,AMGN,69.33566,71.338313,69.136553
2021-01-15,CRM,50.775968,52.35161,48.51875
2021-01-15,CSCO,25.838358,26.332498,25.743325
2021-01-15,IBM,38.152124,37.679041,38.207083
2021-01-15,INTC,38.603206,39.24113,38.580164
2021-01-15,MSFT,115.05866,116.73715,113.82978
2021-01-15,NKE,33.98734,34.134195,33.674511
2021-01-15,VZ,9.7529915,9.9243355,9.8836533
2021-01-15,WMT,17.607456,17.613389,17.534431
2021-01-19,AAPL,54.918376,55.309867,53.861745
2021-01-19,AMGN,68.360415,69.577848,67.700098
2021-01-19,CRM,51.336016,51.57165,50.18002
2021-01-19,CSCO,25.307843,25.795759,24.704252
2021-01-19,IBM,37.906777,38.138015,37.398102
2021-01-19,INTC,37.792869,37.626005,37.096831
2021-01-19,MSFT,118.01105,119.56826,117.97288
2021-01-19,NKE,32.961425,33.1062,32.60785
2021-01-19,VZ,9.8047371,9.8301366,9.6906297
2021-01-19,WMT,17.549697,17.863219,17.567429
2021-01-20,AAPL,54.656383,54.619401,53.625995
2021-01-20,AMGN,67.367273,68.863942,67.532965
2021-01-20,CRM,49.741617,49.935879,49.953982
2021-01-20,CSCO,25.885364,25.446031,25.349556
2021-01-20,IBM,38.008102,38.0851,37.571441
2021-01-20,INTC,38.349074,38.826478,37.359085
2021-01-20,MSFT,118.75788,118.24655,116.81673
2021-01-20,NKE,32.760682,33.340366,33.250472
2021-01-20,VZ,9.8799564,10.032226,9.8982308
2021-01-20,WMT,17.58702,17.772513,17.877057
2021-01-21,AAPL,55.679282,55.566936,54.520612
2021-01-21,AMGN,66.731416,67.020167,65.684947
2021-01-21,CRM,48.997465,50.55607,48.647919
2021-01-21,CSCO,25.315702,25.846606,25.248492
2021-01-21,IBM,37.941236,38.178705,37.936055
2021-01-21,INTC,38.470075,38.571425,38.653725
2021-01-21,MSFT,120.93628,122.001,120.7978
2021-01-21,NKE,32.8364,33.49449,32.313203
2021-01-21,VZ,9.7379131,9.9146281,9.6516452
2021-01-21,WMT,17.130419,17.317498,16.996255
2021-01-22,AAPL,55.36678,58.208774,54.814937
2021-01-22,AMGN,65.411538,65.276218,64.870139
2021-01-22,CRM,47.70064,48.264232,47.945603
2021-01-22,CSCO,25.547382,25.65984,25.09006
2021-01-22,IBM,37.422956,37.218973,36.716432
2021-01-22,INTC,38.356824,38.488311,38.173072
2021-01-22,MSFT,120.53081,120.46025,120.66487
2021-01-22,NKE,32.601915,33.006195,32.594443
2021-01-22,VZ,9.7307389,9.7898534,9.6588639
2021-01-22,WMT,17.210764,17.168517,17.128359
2021-01-25,AAPL,57.966094,57.12573,56.245276
2021-01-25,AMGN,63.606958,64.180767,63.996094
2021-01-25,CRM,46.732798,47.720823,45.460232
2021-01-25,CSCO,25.531063,25.534402,25.168012
2021-01-25,IBM,36.979073,36.942185,36.769467
2021-01-25,INTC,38.713162,39.287019,38.147957
2021-01-25,MSFT,121.93492,123.21735,122.99163
2021-01-25,NKE,32.668857,33.488355,32.001453
2021-01-25,VZ,9.6310068,9.7194419,9.5284781
2021-01-25,WMT,16.766744,17.108287,16.719628
2021-01-26,AAPL,58.293535,60.251078,57.788949
2021-01-26,AMGN,63.467101,63.84003,62.953447
2021-01-26,CRM,45.445345,46.693122,43.804304
2021-01-26,CSCO,25.323102,25.395479,25.048515
2021-01-26,IBM,37.832145,38.346405,37.678245
2021-01-26,INTC,39.004797,38.550083,38.340206
2021-01-26,MSFT,122.86664,122.49306,121.37489
2021-01-26,NKE,32.477304,33.143362,32.524987
2021-01-26,VZ,9.5003824,9.4952549,9.4858543
2021-01-26,WMT,16.690166,16.930616,16.674686
2021-01-27,AAPL,57.899134,59.244211,57.883069
2021-01-27,AMGN,64.414576,65.663044,62.660634
2021-01-27,CRM,46.31323,47.230898,44.731625
2021-01-27,CSCO,25.509313,25.661327,25.454538
2021-01-27,IBM,36.996713,37.211674,36.378364
2021-01-27,INTC,38.386107,38.858651,38.660991
2021-01-27,MSFT,120.62454,122.306,119.56688
2021-01-27,NKE,33.051558,33.189235,32.862835
2021-01-27,VZ,9.4282573,9.5687785,9.582613
2021-01-27,WMT,16.48278,16.453468,16.271382
2021-01-28,AAPL,57.781212,58.459803,57.096126
2021-01-28,AMGN,66.067489,66.279514,65.725995
2021-01-28,CRM,45.332105,46.17914,45.215189
2021-01-28,CSCO,24.736548,24.876296,24.401748
2021-01-28,IBM,36.197603,36.535349,35.501208
2021-01-28,INTC,37.847087,37.317302,37.765305
2021-01-28,MSFT,122.69567,124.85452,121.78774
2021-01-28,NKE,33.182761,33.274106,32.721432
2021-01-28,VZ,9.336921,9.3641985,9.4315791
2021-01-28,WMT,16.593518,16.947357,16.315069
2021-01-29,AAPL,57.439974,58.328681,56.165269
2021-01-29,AMGN,65.534752,66.045305,65.702444
2021-01-29,CRM,45.946174,46.450521,45.326477
2021-01-29,CSCO,25.338734,25.515932,25.448956
2021-01-29,IBM,36.421363,36.576507,35.765759
2021-01-29,INTC,37.071361,37.325118,36.581953
2021-01-29,MSFT,121.39632,123.5413,120.43919
2021-01-29,NKE,32.837801,33.295583,31.488225
2021-01-29,VZ,9.219635,9.3533705,9.0750523
2021-01-29,WMT,16.716829,16.844239,16.610027
2021-02-01,AAPL,57.737041,58.716538,58.362404
2021-02-01,AMGN,62.923279,63.705585,62.043156
2021-02-01,CRM,43.574942,44.120773,43.582214
2021-02-01,CSCO,25.194511,25.447233,24.876722
2021-02-01,IBM,36.674424,37.579244,36.335717
2021-02-01,INTC,37.560767,37.688392,37.367774
2021-02-01,MSFT,122.71875,124.96106,120.72223
2021-02-01,NKE,33.588326,34.165396,33.461026
2021-02-01,VZ,9.294258,9.4409787,9.0761845
2021-02-01,WMT,16.405655,16.495002,16.153932
2021-02-02,AAPL,57.563109,58.598099,56.63143
2021-02-02,AMGN,63.821307,63.940411,62.95411
2021-02-02,CRM,40.984099,40.870314,41.69139
2021-02-02,CSCO,25.933289,26.279381,25.619588
2021-02-02,IBM,36.042322,36.807895,36.389215
2021-02-02,INTC,37.957351,38.017414,37.513299
2021-02-02,MSFT,122.31234,122.58322,120.5036
2021-02-02,NKE,34.405656,34.853997,34.801801
2021-02-02,VZ,9.3360538,9.3817212,9.3537618
2021-02-02,WMT,16.25043,16.385684,16.158878
2021-02-03,AAPL,59.561382,60.278879,58.945863
2021-02-03,AMGN,64.152794,65.962929,64.312697
2021-02-03,CRM,41.387209,40.988035,40.551281
2021-02-03,CSCO,24.98618,24.915024,25.080512
2021-02-03,IBM,37.329588,37.509658,37.029411
2021-02-03,INTC,36.969391,37.155701,36.850071
2021-02-03,MSFT,121.84859,120.8809,120.23838
2021-02-03,NKE,33.371114,33.711516,33.430301
2021-02-03,VZ,9.1662489,9.2740702,9.1232806
2021-02-03,WMT,15.887522,16.025425,15.783521
2021-02-04,AAPL,59.595585,58.032064,59.212366
2021-02-04,AMGN,62.645802,64.064849,61.957222
2021-02-04,CRM,40.053359,40.899919,39.106821
2021-02-04,CSCO,25.450891,25.56938,25.091323
2021-02-04,IBM,37.907106,38.924157,38.189225
2021-02-04,INTC,36.186522,37.54287,35.300547
2021-02-04,MSFT,125.0944,124.90016,121.42483
2021-02-04,NKE,32.075389,32.176537,31.475426
2021-02-04,VZ,9.1149809,9.1701134,9.0087145
2021-02-04,WMT,15.663388,15.804647,15.782773
2021-02-05,AAPL,59.187247,59.42074,58.728815
2021-02-05,AMGN,62.70335,63.37873,61.487032
2021-02-05,CRM,41.739505,41.450791,41.403088
2021-02-05,CSCO,25.320359,25.816032,25.57307
2021-02-05,IBM,37.11879,37.054445,37.259541
2021-02-05,INTC,36.07324,36.587909,35.801467
2021-02-05,MSFT,123.80173,126.24609,122.34157
2021-02-05,NKE,33.009501,33.348768,32.749554
2021-02-05,VZ,9.1213936,9.2353506,9.0228809
2021-02-05,WMT,15.609071,15.668423,15.465189
2021-02-08,AAPL,57.767524,57.794884,57.02106
2021-02-08,AMGN,61.450045,62.259804,59.84746
2021-02-08,CRM,41.503928,41.736483,40.435265
2021-02-08,CSCO,24.787789,24.951578,24.777029
2021-02-08,IBM,37.874558,37.938274,37.985682
2021-02-08,INTC,36.180811,37.038537,35.959896
2021-02-08,MSFT,122.4955,123.58541,122.25476
2021-02-08,NKE,32.742206,32.823306,32.906361
2021-02-08,VZ,9.0270753,9.1212264,8.8512053
2021-02-08,WMT,16.118552,16.393028,16.055793
2021-02-09,AAPL,56.168719,56.109381,56.567101
2021-02-09,AMGN,61.679959,62.147282,60.840072
2021-02-09,CRM,43.033709,43.061294,42.335045
2021-02-09,CSCO,24.893959,25.224926,24.809779
2021-02-09,IBM,37.296918,38.034115,37.547992
2021-02-09,INTC,35.086551,35.134522,34.300568
2021-02-09,MSFT,123.27581,122.90892,123.36475
2021-02-09,NKE,32.622298,32.520164,32.014798
2021-02-09,VZ,8.9246696,8.9800682,8.9016356
2021-02-09,WMT,15.947955,16.116482,15.722076
2021-02-10,AAPL,55.299398,56.587685,55.385439
2021-02-10,AMGN,62.370091,63.476938,61.384699
2021-02-10,CRM,44.994288,45.766146,44.656142
2021-02-10,CSCO,24.780846,24.839328,24.437514
2021-02-10,IBM,36.997245,37.014477,36.545617
2021-02-10,INTC,34.387322,34.210761,34.48231
2021-02-10,MSFT,125.50229,125.29027,123.15334
2021-02-10,NKE,32.467147,32.787123,31.991875
2021-02-10,VZ,8.9705023,9.0916605,8.8378671
2021-02-10,WMT,15.869667,16.01754,15.862717
2021-02-11,AAPL,55.404023,55.946656,55.971635
2021-02-11,AMGN,61.690809,63.174877,60.693113
2021-02-11,CRM,44.869956,45.383104,45.247958
2021-02-11,CSCO,25.129442,24.82239,24.711474
2021-02-11,IBM,37.276204,37.837227,36.923175
2021-02-11,INTC,35.890888,35.748665,36.115309
2021-02-11,MSFT,124.69752,125.7372,122.60401
2021-02-11,NKE,32.427994,33.06576,32.503909
2021-02-11,VZ,8.8812828,8.9021324,8.8893726
2021-02-11,WMT,15.909902,16.250744,15.884792
2021-02-12,AAPL,55.522281,55.883613,55.920261
2021-02-12,AMGN,61.063936,61.690589,60.004352
2021-02-12,CRM,46.140218,47.36521,44.240946
2021-02-12,CSCO,25.34638,25.648928,25.060199
2021-02-12,IBM,37.470088,37.216837,37.05901
2021-02-12,INTC,35.184008,34.971856,34.505887
2021-02-12,MSFT,125.40003,125.80863,123.25031
2021-02-12,NKE,31.737828,32.311356,31.251731
2021-02-12,VZ,8.7156837,8.9147199,8.7679916
2021-02-12,WMT,15.700167,15.613217,15.597893
2021-02-16,AAPL,56.682007,56.925145,56.02459
2021-02-16,AMGN,62.163007,62.346793,60.769713
2021-02-16,CRM,44.349421,44.971336,44.032577
2021-02-16,CSCO,23.684157,23.975744,23.734461
2021-02-16,IBM,37.772418,38.647199,37.786417
2021-02-16,INTC,34.959377,35.348594,34.546004
2021-02-16,MSFT,126.04364,124.96138,123.89899
2021-02-16,NKE,32.142364,32.767294,31.901724
2021-02-16,VZ,8.8353698,8.9993758,8.8610187
2021-02-16,WMT,15.510662,15.554009,15.282837
2021-02-17,AAPL,54.885028,55.202649,56.154516
2021-02-17,AMGN,61.247135,62.148136,60.680936
2021-02-17,CRM,44.548425,44.740466,44.024074
2021-02-17,CSCO,23.870925,23.895187,23.289787
2021-02-17,IBM,37.951026,38.254726,37.528026
2021-02-17,INTC,34.683513,34.680348,34.572747
2021-02-17,MSFT,123.86256,124.10983,121.34861
2021-02-17,NKE,33.131285,33.904817,33.191397
2021-02-17,VZ,8.7823109,8.9861101,8.702933
2021-02-17,WMT,15.226222,15.511331,15.054358
2021-02-18,AAPL,56.15854,56.694411,55.738697
2021-02-18,AMGN,61.681437,63.626592,61.052557
2021-02-18,CRM,44.965229,45.379299,45.130567
2021-02-18,CSCO,24.114037,24.787684,24.291999
2021-02-18,IBM,37.313127,37.455559,36.882365
2021-02-18,INTC,34.717107,35.603157,33.858095
2021-02-18,MSFT,124.23602,124.11155,122.73932
2021-02-18,NKE,32.532537,32.861454,32.606529
2021-02-18,VZ,8.9907049,9.1304495,8.99535
2021-02-18,WMT,15.104268,15.17359,14.92973
2021-02-19,AAPL,57.394004,58.258532,55.864781
2021-02-19,AMGN,60.14754,61.820887,59.260464
2021-02-19,CRM,44.991735,46.545526,43.696184
2021-02-19,CSCO,24.025183,24.245561,23.734099
2021-02-19,IBM,36.631577,36.660057,36.86177
2021-02-19,INTC,35.167475,35.637192,35.052707
2021-02-19,MSFT,125.26595,125.06953,124.26652
2021-02-19,NKE,32.221233,32.635834,31.851276
2021-02-19,VZ,8.917994,9.0552614,8.729336
2021-02-19,WMT,15.007035,15.310804,14.662678
2021-02-22,AAPL,59.157732,59.885168,58.743344
2021-02-22,AMGN,60.429145,60.925898,60.064089
2021-02-22,CRM,44.197201,44.697229,42.692648
2021-02-22,CSCO,24.324514,24.432673,23.837539
2021-02-22,IBM,36.553889,37.347114,36.173099
2021-02-22,INTC,34.301287,34.926038,34.055984
2021-02-22,MSFT,125.11909,125.04905,123.89664
2021-02-22,NKE,31.475287,31.734061,31.653218
2021-02-22,VZ,8.8301645,9.0306246,8.8464656
2021-02-22,WMT,15.036453,15.060986,15.063858
2021-02-23,AAPL,63.090481,64.354876,63.849798
2021-02-23,AMGN,59.999771,61.348509,58.368336
2021-02-23,CRM,44.096691,43.983861,42.889598
2021-02-23,CSCO,24.16376,24.141616,24.017335
2021-02-23,IBM,36.586796,36.981445,36.618909
2021-02-23,INTC,34.587176,35.481719,34.4962
2021-02-23,MSFT,121.22568,121.56159,119.78256
2021-02-23,NKE,31.784086,32.076529,31.50264
2021-02-23,VZ,8.843183,8.9525478,8.7086932
2021-02-23,WMT,14.838456,14.972153,14.97325
2021-02-24,AAPL,63.850785,63.933424,62.173152
2021-02-24,AMGN,59.754432,60.502946,60.076675
2021-02-24,CRM,44.22718,43.766442,43.783717
2021-02-24,CSCO,23.850481,24.282525,23.369267
2021-02-24,IBM,35.791062,36.280743,35.340946
2021-02-24,INTC,34.724792,35.09371,34.767594
2021-02-24,MSFT,120.31162,120.73988,120.44999
2021-02-24,NKE,31.563931,32.216646,31.319526
2021-02-24,VZ,8.6555261,8.647335,8.5569621
2021-02-24,WMT,14.838335,14.970453,14.552405
2021-02-25,AAPL,63.842484,64.006477,64.369336
2021-02-25,AMGN,58.87867,59.231242,59.032425
2021-02-25,CRM,47.601593,48.064994,46.416273
2021-02-25,CSCO,23.873041,23.679374,23.505466
2021-02-25,IBM,35.461308,35.641282,35.256042
2021-02-25,INTC,34.838621,34.911824,34.837712
2021-02-25,MSFT,121.00068,124.09664,121.07761
2021-02-25,NKE,31.409751,31.509867,30.93432
2021-02-25,VZ,8.6860372,8.7950118,8.7542717
2021-02-25,WMT,14.756133,15.060707,14.840938
2021-02-26,AAPL,63.016912,64.244263,62.438135
2021-02-26,AMGN,58.944724,60.672127,57.32668
2021-02-26,CRM,47.791997,47.73299,45.673557
2021-02-26,CSCO,24.17139,24.353284,23.856035
2021-02-26,IBM,35.513798,36.288991,35.242057
2021-02-26,INTC,35.447109,36.537092,34.912852
2021-02-26,MSFT,118.66342,120.18127,119.9423
2021-02-26,NKE,31.45947,31.740526,31.111309
2021-02-26,VZ,8.7724094,8.8260638,8.710391
2021-02-26,WMT,14.537179,14.583687,14.388905
2021-03-01,AAPL,62.256503,62.996974,61.009344
2021-03-01,AMGN,58.172472,58.644759,57.947326
2021-03-01,CRM,47.545099,47.692865,46.91441
2021-03-01,CSCO,24.042895,24.117547,23.710012
2021-03-01,IBM,35.005969,35.180073,34.900821
2021-03-01,INTC,35.458704,35.178181,34.68944
2021-03-01,MSFT,120.26277,121.59198,120.41566
2021-03-01,NKE,31.040616,31.407519,30.76617
2021-03-01,VZ,8.6188997,8.740997,8.5121206
2021-03-01,WMT,14.655891,14.666568,14.469335
2021-03-02,AAPL,62.642478,63.718457,60.98022
2021-03-02,AMGN,57.866288,58.673377,57.833629
2021-03-02,CRM,46.815579,48.445104,46.680851
2021-03-02,CSCO,23.305805,23.633399,23.033262
2021-03-02,IBM,34.523883,35.207207,33.931227
2021-03-02,INTC,36.408765,36.65185,35.673032
2021-03-02,MSFT,117.81453,119.99825,114.47784
2021-03-02,NKE,31.562511,31.963203,30.742167
2021-03-02,VZ,8.6014379,8.6919721,8.5609265
2021-03-02,WMT,14.66714,14.992952,14.479198
2021-03-03,AAPL,62.604927,63.278799,60.953823
2021-03-03,AMGN,57.78253,58.117015,57.491276
2021-03-03,CRM,45.154461,46.019643,44.257283
2021-03-03,CSCO,23.191594,23.486812,23.371139
2021-03-03,IBM,34.12279,34.438447,33.44976
2021-03-03,INTC,37.488408,38.085444,36.404704
2021-03-03,MSFT,116.71652,117.40504,114.71323
2021-03-03,NKE,30.595909,30.939643,31.022485
2021-03-03,VZ,8.4167972,8.4479615,8.3139377
2021-03-03,WMT,14.491456,14.82601,14.385517
2021-03-04,AAPL,60.740975,60.470933,59.998584
2021-03-04,AMGN,57.102148,57.690582,56.089057
2021-03-04,CRM,45.955812,46.602653,45.401748
2021-03-04,CSCO,23.797684,24.052075,22.900451
2021-03-04,IBM,33.841064,33.875096,33.566486
2021-03-04,INTC,37.477863,38.092482,36.685794
2021-03-04,MSFT,118.16073,118.66734,116.68911
2021-03-04,NKE,29.421776,30.022876,29.627647
2021-03-04,VZ,8.342387,8.4569373,8.3407739
2021-03-04,WMT,14.608895,14.721115,14.440271
2021-03-05,AAPL,60.474766,61.055687,59.764956
2021-03-05,AMGN,57.12124,59.163354,56.411223
2021-03-05,CRM,45.572747,46.853521,45.386378
2021-03-05,CSCO,24.007087,23.836303,23.900449
2021-03-05,IBM,34.134378,34.497642,33.829334
2021-03-05,INTC,37.505964,38.039263,36.735491
2021-03-05,MSFT,117.90296,120.69322,117.17501
2021-03-05,NKE,29.30772,29.711961,29.146979
2021-03-05,VZ,8.1408295,8.2268746,8.0273892
2021-03-05,WMT,14.591019,14.742811,14.577775
2021-03-08,AAPL,61.267226,60.770729,60.971791
2021-03-08,AMGN,56.101736,56.874383,54.535692
2021-03-08,CRM,44.561837,46.294821,44.356394
2021-03-08,CSCO,24.002795,23.754295,23.656419
2021-03-08,IBM,34.121153,34.723929,33.96876
2021-03-08,INTC,37.13269,37.205733,36.675774
2021-03-08,MSFT,116.59861,119.71249,113.37359
2021-03-08,NKE,29.245889,29.590894,27.881085
2021-03-08,VZ,8.2043929,8.2859527,8.2205815
2021-03-08,WMT,14.568039,14.669643,14.620434
2021-03-09,AAPL,62.156262,62.415835,61.218862
2021-03-09,AMGN,57.208542,59.66218,56.856498
2021-03-09,CRM,45.658462,46.433631,45.500604
2021-03-09,CSCO,23.701301,23.605772,23.101871
2021-03-09,IBM,34.5608,35.140603,34.353607
2021-03-09,INTC,36.610558,36.933801,36.445997
2021-03-09,MSFT,115.72202,115.18281,113.5634
2021-03-09,NKE,29.404741,29.740382,28.597806
2021-03-09,VZ,8.1992507,8.1275452,8.0948669
2021-03-09,WMT,14.280662,14.413323,14.107285
2021-03-10,AAPL,60.304726,60.564266,58.832457
2021-03-10,AMGN,56.215777,57.681872,55.139827
2021-03-10,CRM,44.448363,45.694846,43.44666
2021-03-10,CSCO,23.524452,23.200359,23.369954
2021-03-10,IBM,34.589847,34.517058,34.477586
2021-03-10,INTC,35.760267,36.0089,35.131573
2021-03-10,MSFT,115.72783,114.58608,115.66914
2021-03-10,NKE,29.129414,29.737674,29.340781
2021-03-10,VZ,8.0703429,8.1496898,8.0636253
2021-03-10,WMT,13.980152,13.928406,13.88166
2021-03-11,AAPL,59.806288,59.237393,60.250946
2021-03-11,AMGN,57.209861,57.982131,56.205071
2021-03-11,CRM,45.679145,46.150546,44.518095
2021-03-11,CSCO,23.530873,23.861678,23.642333
2021-03-11,IBM,34.877408,35.468231,34.687723
2021-03-11,INTC,34.765693,34.920759,35.071309
2021-03-11,MSFT,118.36668,119.71878,116.06803
2021-03-11,NKE,29.264719,29.703177,29.094837
2021-03-11,VZ,7.8592284,7.8675911,7.8891875
2021-03-11,WMT,13.938712,13.860515,13.749192
2021-03-12,AAPL,59.672182,58.761898,59.552739
2021-03-12,AMGN,56.547659,57.655422,56.564942
2021-03-12,CRM,43.585,44.053432,42.754604
2021-03-12,CSCO,23.653722,24.228456,23.607392
2021-03-12,IBM,35.089452,35.108112,35.323549
2021-03-12,INTC,34.988562,34.696455,35.003503
2021-03-12,MSFT,120.60834,122.07369,117.94444
2021-03-12,NKE,28.605271,28.734282,28.320896
2021-03-12,VZ,7.8863832,7.9045823,7.849093
2021-03-12,WMT,14.122126,14.149593,13.844358
2021-03-15,AAPL,58.201415,59.012783,59.283537
2021-03-15,AMGN,57.520654,57.994137,57.596575
2021-03-15,CRM,41.879852,41.517232,40.424962
2021-03-15,CSCO,23.312598,23.403451,23.045271
2021-03-15,IBM,34.637737,34.991951,33.962449
2021-03-15,INTC,34.584196,34.962744,34.428704
2021-03-15,MSFT,120.81395,121.44577,120.57501
2021-03-15,NKE,28.550844,28.953059,28.576993
2021-03-15,VZ,7.8913145,7.964381,7.7903256
2021-03-15,WMT,13.873308,13.980451,13.921458
2021-03-16,AAPL,58.236367,59.573596,57.342651
2021-03-16,AMGN,57.013516,57.808235,57.148611
2021-03-16,CRM,40.451672,40.8206,39.821792
2021-03-16,CSCO,22.639918,23.186842,22.416848
2021-03-16,IBM,34.581132,34.965995,34.385409
2021-03-16,INTC,34.86754,34.535565,34.287776
2021-03-16,MSFT,119.16546,122.34022,117.47337
2021-03-16,NKE,28.383981,28.80317,28.636353
2021-03-16,VZ,7.742076,7.8496543,7.6523832
2021-03-16,WMT,13.89581,14.116066,13.554118
2021-03-17,AAPL,58.634197,59.085189,57.618207
2021-03-17,AMGN,56.566615,57.173685,56.861734
2021-03-17,CRM,38.807318,38.550025,39.107128
2021-03-17,CSCO,21.842995,22.111899,21.701827
2021-03-17,IBM,34.466359,34.822161,34.647266
2021-03-17,INTC,35.621022,35.660071,34.989563
2021-03-17,MSFT,123.31559,125.33226,121.13002
2021-03-17,NKE,28.647328,29.418445,28.27538
2021-03-17,VZ,7.6743551,7.7726041,7.5837282
2021-03-17,WMT,13.751597,13.852804,13.82808
2021-03-18,AAPL,57.830143,58.696946,57.698873
2021-03-18,AMGN,56.062833,57.159414,54.998231
2021-03-18,CRM,39.176781,40.457547,38.625822
2021-03-18,CSCO,22.258127,22.4955,22.00745
2021-03-18,IBM,33.595286,33.487983,33.294989
2021-03-18,INTC,35.776866,36.45285,35.588716
2021-03-18,MSFT,123.16824,122.16276,123.07731
2021-03-18,NKE,27.98658,28.612275,27.74905
2021-03-18,VZ,7.5434678,7.6915809,7.5430263
2021-03-18,WMT,13.160153,13.227445,12.918608
2021-03-19,AAPL,55.841202,56.782492,55.686079
2021-03-19,AMGN,56.065276,57.102047,54.952373
2021-03-19,CRM,39.446015,40.053415,39.952188
2021-03-19,CSCO,22.015656,22.287223,21.809788
2021-03-19,IBM,34.352766,34.781379,33.923824
2021-03-19,INTC,35.841377,36.681892,35.499642
2021-03-19,MSFT,123.28518,123.76349,122.82849
2021-03-19,NKE,28.189878,28.51921,28.597072
2021-03-19,VZ,7.5511623,7.7143935,7.5194525
2021-03-19,WMT,13.184423,13.228156,12.898569
2021-03-22,AAPL,57.313903,58.429837,56.218985
2021-03-22,AMGN,53.668251,53.978734,53.295265
2021-03-22,CRM,40.262178,42.344846,40.548922
2021-03-22,CSCO,20.914008,20.763817,21.021019
2021-03-22,IBM,34.908724,35.846135,34.82355
2021-03-22,INTC,36.16273,36.380785,35.729013
2021-03-22,MSFT,125.54757,126.46253,122.52628
2021-03-22,NKE,27.837095,28.096149,28.159597
2021-03-22,VZ,7.43905,7.5444147,7.4551925
2021-03-22,WMT,13.042639,13.141154,13.017222
2021-03-23,AAPL,55.370903,55.410309,56.092619
2021-03-23,AMGN,52.863654,53.074942,53.02287
2021-03-23,CRM,40.561887,40.543805,41.611144
2021-03-23,CSCO,20.655729,20.600922,20.472054
2021-03-23,IBM,35.474478,35.760414,35.676492
2021-03-23,INTC,37.20126,37.055187,36.557199
2021-03-23,MSFT,125.48893,127.97555,124.98575
2021-03-23,NKE,27.82977,28.128255,27.479317
2021-03-23,VZ,7.3644178,7.4100145,7.3468456
2021-03-23,WMT,12.928835,13.082837,12.760563
2021-03-24,AAPL,53.631817,53.637264,52.687833
2021-03-24,AMGN,52.444471,52.08732,52.371308
2021-03-24,CRM,40.686477,42.412083,40.650842
2021-03-24,CSCO,20.302007,20.596238,20.234854
2021-03-24,IBM,35.80133,36.03904,35.340677
2021-03-24,INTC,37.936627,38.814076,37.667074
2021-03-24,MSFT,128.47083,129.5084,126.05358
2021-03-24,NKE,27.071778,27.24173,26.778858
2021-03-24,VZ,7.238995,7.3610937,7.0950566
2021-03-24,WMT,12.795299,12.944524,12.832067
2021-03-25,AAPL,53.830816,53.099947,53.426745
2021-03-25,AMGN,51.49035,52.094311,50.416592
2021-03-25,CRM,40.750404,41.520384,40.825637
2021-03-25,CSCO,20.353542,20.136538,20.175381
2021-03-25,IBM,35.967589,36.107033,35.137998
2021-03-25,INTC,37.347529,38.343845,36.530008
2021-03-25,MSFT,126.21448,128.81154,121.76466
2021-03-25,NKE,26.581948,27.039563,25.87719
2021-03-25,VZ,7.101695,7.2275488,7.128266
2021-03-25,WMT,12.643032,12.914129,12.45827
2021-03-26,AAPL,54.270211,55.363132,53.173124
2021-03-26,AMGN,51.552254,52.717983,51.088204
2021-03-26,CRM,40.856197,40.873283,41.132468
2021-03-26,CSCO,20.270913,20.187427,20.607865
2021-03-26,IBM,34.09014,34.421329,33.550515
2021-03-26,INTC,37.660744,37.912462,36.860803
2021-03-26,MSFT,125.95288,125.99347,123.99555
2021-03-26,NKE,26.273224,26.222849,25.726085
2021-03-26,VZ,7.0571409,7.0939746,6.9556544
2021-03-26,WMT,12.586536,12.623889,12.673441
2021-03-29,AAPL,54.577803,55.637061,52.182861
2021-03-29,AMGN,50.743748,51.883409,50.771362
2021-03-29,CRM,39.901954,40.214154,39.343184
2021-03-29,CSCO,19.706499,19.905979,19.215586
2021-03-29,IBM,32.822432,33.107416,32.211419
2021-03-29,INTC,38.758789,38.674927,37.849477
2021-03-29,MSFT,125.80418,127.62912,126.92602
2021-03-29,NKE,26.524275,26.826439,25.914264
2021-03-29,VZ,7.1629339,7.1314156,7.1685038
2021-03-29,WMT,12.480442,12.512385,12.404869
2021-03-30,AAPL,54.468023,55.561707,53.779105
2021-03-30,AMGN,49.537641,49.92466,48.426582
2021-03-30,CRM,40.457127,42.023681,39.619188
2021-03-30,CSCO,19.321014,19.242961,19.004432
2021-03-30,IBM,31.587133,31.975949,31.705972
2021-03-30,INTC,39.826147,39.501007,39.565397
2021-03-30,MSFT,124.13185,126.01653,124.08206
2021-03-30,NKE,26.301732,26.872286,26.31353
2021-03-30,VZ,7.089227,7.2085824,7.0577989
2021-03-30,WMT,12.264109,12.221997,12.164449
2021-03-31,AAPL,53.622113,53.456749,51.875417
2021-03-31,AMGN,49.598633,49.969726,48.774488
2021-03-31,CRM,40.667266,42.175453,40.870869
2021-03-31,CSCO,19.882506,20.177211,19.835012
2021-03-31,IBM,32.145022,32.164458,32.057142
2021-03-31,INTC,38.968399,39.423136,38.318789
2021-03-31,MSFT,123.17954,123.27068,119.72064
2021-03-31,NKE,26.136218,26.222102,26.000582
2021-03-31,VZ,7.036676,7.1141586,6.9852612
2021-03-31,WMT,12.218605,12.271851,12.211086
2021-04-01,AAPL,53.996426,55.113694,53.863958
2021-04-01,AMGN,51.380388,51.404416,51.344734
2021-04-01,CRM,39.535507,40.43725,39.726138
2021-04-01,CSCO,20.261316,20.783691,19.980679
2021-04-01,IBM,32.258468,32.543605,32.277692
2021-04-01,INTC,38.148042,37.977496,37.672691
2021-04-01,MSFT,119.77775,121.64839,118.80611
2021-04-01,NKE,25.828895,26.399944,25.506953
2021-04-01,VZ,6.9150024,6.9351755,6.7745856
2021-04-01,WMT,11.984086,12.175843,11.790332
2021-04-05,AAPL,52.961937,53.987327,52.584591
2021-04-05,AMGN,53.095028,53.451805,52.71633
2021-04-05,CRM,37.945184,39.436994,36.860572
2021-04-05,CSCO,20.169009,20.368056,20.010392
2021-04-05,IBM,32.551132,33.069297,32.116887
2021-04-05,INTC,37.866716,38.483373,36.953659
2021-04-05,MSFT,120.61876,120.35049,120.3633
2021-04-05,NKE,26.390804,26.602846,26.096136
2021-04-05,VZ,6.9513963,6.9632247,6.9830192
2021-04-05,WMT,11.954191,12.110724,11.936646
2021-04-06,AAPL,50.38563,50.40177,49.527335
2021-04-06,AMGN,53.319721,54.720921,52.238429
2021-04-06,CRM,36.596685,37.203296,36.343109
2021-04-06,CSCO,20.577688,20.566187,20.476689
2021-04-06,IBM,32.852456,33.18362,31.948308
2021-04-06,INTC,38.169324,37.579808,37.477316
2021-04-06,MSFT,118.94121,119.07698,117.96598
2021-04-06,NKE,26.417403,26.658506,26.440213
2021-04-06,VZ,6.8522307,6.9149852,6.7954458
2021-04-06,WMT,11.799196,11.893629,11.878257
2021-04-07,AAPL,51.314597,51.095575,49.673848
2021-04-07,AMGN,53.760304,53.840099,53.006205
2021-04-07,CRM,34.838855,35.252912,34.470334
2021-04-07,CSCO,20.774975,20.770611,20.637262
2021-04-07,IBM,32.302556,32.306137,31.89084
2021-04-07,INTC,39.198333,39.727266,38.843512
2021-04-07,MSFT,121.67913,122.51693,121.08207
2021-04-07,NKE,26.288545,26.528221,26.060099
2021-04-07,VZ,6.8040685,6.9123563,6.777918
2021-04-07,WMT,11.685577,11.765799,11.580811
2021-04-08,AAPL,51.200003,52.271237,50.579291
2021-04-08,AMGN,53.428717,54.336398,52.510403
2021-04-08,CRM,34.96845,34.505352,33.826778
2021-04-08,CSCO,20.002292,19.901881,20.130008
2021-04-08,IBM,32.77135,32.85782,32.610904
2021-04-08,INTC,39.859015,39.599038,40.179864
2021-04-08,MSFT,124.52158,124.07233,124.29192
2021-04-08,NKE,26.63566,26.572124,26.307826
2021-04-08,VZ,6.8452136,7.0463331,6.7143076
2021-04-08,WMT,11.568199,11.639624,11.204072
2021-04-09,AAPL,50.955893,51.681379,50.288469
2021-04-09,AMGN,52.482868,53.502512,51.16364
2021-04-09,CRM,34.058055,34.520777,32.996201
2021-04-09,CSCO,19.902801,19.692161,19.711113
2021-04-09,IBM,32.768497,33.523528,32.666649
2021-04-09,INTC,40.250973,41.252007,40.190884
2021-04-09,MSFT,127.30499,128.47258,124.97828
2021-04-09,NKE,26.193171,26.73817,26.194773
2021-04-09,VZ,6.8450324,6.9472166,6.8057204
2021-04-09,WMT,11.717016,11.806662,11.733236
2021-04-12,AAPL,51.881524,51.445675,50.833909
2021-04-12,AMGN,51.246977,51.236268,50.857264
2021-04-12,CRM,33.444887,34.439589,32.762215
2021-04-12,CSCO,19.633105,19.661574,18.984444
2021-04-12,IBM,33.101218,33.468469,32.841044
2021-04-12,INTC,41.016756,41.777985,41.28357
2021-04-12,MSFT,127.2466,126.32754,126.17759
2021-04-12,NKE,26.050588,26.389115,25.83688
2021-04-12,VZ,6.8624539,6.9350378,6.9619997
2021-04-12,WMT,11.417279,11.583568,11.33709
2021-04-13,AAPL,50.294566,50.728185,49.423718
2021-04-13,AMGN,51.816779,53.013736,51.619568
2021-04-13,CRM,34.320933,35.369508,33.535723
2021-04-13,CSCO,19.353362,19.713673,19.343286
2021-04-13,IBM,33.376169,33.477007,32.734222
2021-04-13,INTC,41.01882,40.639712,41.088133
2021-04-13,MSFT,130.71786,131.2111,127.41581
2021-04-13,NKE,26.615463,27.123294,26.656463
2021-04-13,VZ,6.7636595,6.7971198,6.7493963
2021-04-13,WMT,11.476803,11.543152,11.238638
2021-04-14,AAPL,50.693538,50.606142,49.04528
2021-04-14,AMGN,51.822537,52.833312,51.82764
2021-04-14,CRM,35.410614,35.987552,35.581913
2021-04-14,CSCO,19.040246,19.004,18.860889
2021-04-14,IBM,33.260257,33.711776,32.382994
2021-04-14,INTC,40.535943,40.602923,40.73093
2021-04-14,MSFT,135.77426,136.52098,134.8668
2021-04-14,NKE,25.702488,25.933132,25.391138
2021-04-14,VZ,6.8721488,6.8703486,6.8110573
2021-04-14,WMT,11.313146,11.556211,11.226436
2021-04-15,AAPL,51.552857,51.843015,50.940558
2021-04-15,AMGN,51.613852,52.499075,50.534104
2021-04-15,CRM,34.966885,35.335657,34.646701
2021-04-15,CSCO,18.80387,18.957613,18.721538
2021-04-15,IBM,32.797436,33.280636,32.762626
2021-04-15,INTC,40.733661,41.543075,40.078464
2021-04-15,MSFT,133.69065,134.57151,130.56091
2021-04-15,NKE,25.613,25.924574,24.934066
2021-04-15,VZ,6.9410562,6.9948736,6.8859169
2021-04-15,WMT,11.420525,11.561201,11.309927
2021-04-16,AAPL,51.262773,51.796263,51.749655
2021-04-16,AMGN,51.758684,51.935396,50.570243
2021-04-16,CRM,34.075091,33.221072,33.480932
2021-04-16,CSCO,18.259751,18.198044,17.987822
2021-04-16,IBM,33.730859,34.106395,33.30763
2021-04-16,INTC,39.491321,40.162281,39.44562
2021-04-16,MSFT,134.20135,136.39558,132.61278
2021-04-16,NKE,26.472047,26.694543,26.241484
2021-04-16,VZ,6.9756908,7.0723455,6.8380115
2021-04-16,WMT,11.46344,11.511189,11.63062
2021-04-19,AAPL,53.245244,54.746584,51.976468
2021-04-19,AMGN,52.079197,52.57626,52.059573
2021-04-19,CRM,34.229822,34.891624,33.42976
2021-04-19,CSCO,18.400107,18.369275,18.437611
2021-04-19,IBM,33.849105,34.088985,33.789544
2021-04-19,INTC,40.198149,40.662896,39.348637
2021-04-19,MSFT,128.64984,130.33289,126.10428
2021-04-19,NKE,25.846053,26.221678,25.940328
2021-04-19,VZ,6.8789692,6.9020885,6.778807
2021-04-19,WMT,11.313255,11.467845,11.244938
2021-04-20,AAPL,51.972756,52.600703,51.524586
2021-04-20,AMGN,51.004199,51.728913,49.403797
2021-04-20,CRM,34.877777,35.12027,34.149739
2021-04-20,CSCO,18.715772,19.050988,18.37806
2021-04-20,IBM,34.457564,34.671704,34.214643
2021-04-20,INTC,40.12006,40.779989,40.277908
2021-04-20,MSFT,128.70964,130.79801,128.13842
2021-04-20,NKE,25.783336,26.007037,25.488423
2021-04-20,VZ,6.9805985,7.0561555,6.9681366
2021-04-20,WMT,10.935151,11.010211,10.836464
2021-04-21,AAPL,51.8719,52.186269,51.555782
2021-04-21,AMGN,50.17026,49.767414,49.343079
2021-04-21,CRM,34.735956,34.57551,33.808813
2021-04-21,CSCO,18.781291,19.066546,18.811917
2021-04-21,IBM,34.113225,34.1859,34.092593
2021-04-21,INTC,40.192274,41.063092,40.132891
2021-04-21,MSFT,129.98079,130.94358,127.54275
2021-04-21,NKE,25.484862,25.987821,25.470543
2021-04-21,VZ,6.6871827,6.7725848,6.6230433
2021-04-21,WMT,10.935221,11.066335,10.888453
2021-04-22,AAPL,51.368826,51.758565,50.537235
2021-04-22,AMGN,51.39258,52.513768,51.141279
2021-04-22,CRM,34.163889,34.978497,33.761283
2021-04-22,CSCO,18.861584,19.113759,18.926191
2021-04-22,IBM,33.306832,33.828513,32.493268
2021-04-22,INTC,39.372513,39.170213,38.615105
2021-04-22,MSFT,128.92875,130.43079,126.74054
2021-04-22,NKE,24.817075,24.913351,24.443124
2021-04-22,VZ,6.7910698,6.8203572,6.6926121
2021-04-22,WMT,10.661734,10.866001,10.496901
2021-04-23,AAPL,51.675613,52.186763,51.904447
2021-04-23,AMGN,50.659784,51.455788,49.225566
2021-04-23,CRM,34.322196,34.554562,34.282099
2021-04-23,CSCO,19.035347,19.063242,18.80493
2021-04-23,IBM,32.455957,32.855236,32.077241
2021-04-23,INTC,39.963838,40.50958,39.297382
2021-04-23,MSFT,128.16215,129.59993,126.37983
2021-04-23,NKE,24.494809,24.531946,23.769732
2021-04-23,VZ,6.6121299,6.7400457,6.5793309
2021-04-23,WMT,10.592473,10.752448,10.431954
2021-04-26,AAPL,52.136075,53.303464,50.870481
2021-04-26,AMGN,50.696679,50.531492,49.924777
2021-04-26,CRM,32.536976,34.082561,32.125668
2021-04-26,CSCO,19.633677,19.455654,19.169024
2021-04-26,IBM,32.182119,32.290432,31.599952
2021-04-26,INTC,41.073343,42.32481,40.220536
2021-04-26,MSFT,129.06112,131.18597,126.94393
2021-04-26,NKE,24.016236,24.252639,23.789068
2021-04-26,VZ,6.7246857,6.915029,6.8024396
2021-04-26,WMT,10.598485,10.724617,10.573508
2021-04-27,AAPL,53.611816,54.734994,53.266752
2021-04-27,AMGN,49.673695,51.127078,48.493894
2021-04-27,CRM,31.95144,32.208328,32.286228
2021-04-27,CSCO,19.396005,19.237165,19.052321
2021-04-27,IBM,32.917813,33.625632,33.007063
2021-04-27,INTC,41.501779,41.791978,40.921731
2021-04-27,MSFT,129.78586,128.17987,129.78264
2021-04-27,NKE,24.068031,23.956008,23.387276
2021-04-27,VZ,6.5945129,6.6251907,6.5704695
2021-04-27,WMT,10.520584,10.703104,10.376315
2021-04-28,AAPL,52.768594,53.094461,52.671006
2021-04-28,AMGN,50.458217,51.155275,49.621716
2021-04-28,CRM,31.28041,32.139221,31.616069
2021-04-28,CSCO,19.595434,19.8303,19.195538
2021-04-28,IBM,32.635283,32.905208,32.607246
2021-04-28,INTC,42.265683,42.118827,41.180025
2021-04-28,MSFT,127.95964,126.65251,125.21796
2021-04-28,NKE,23.789704,24.084648,23.871997
2021-04-28,VZ,6.5396942,6.6452058,6.4193676
2021-04-28,WMT,10.184637,10.313858,10.152846
2021-04-29,AAPL,52.751048,53.544388,52.984732
2021-04-29,AMGN,50.150785,49.50277,49.724555
2021-04-29,CRM,29.671932,30.972295,29.024299
2021-04-29,CSCO,19.981503,20.381778,19.90937
2021-04-29,IBM,32.956525,33.048481,32.987853
2021-04-29,INTC,42.626372,42.0539,42.039705
2021-04-29,MSFT,126.24374,127.55766,125.0039
2021-04-29,NKE,23.998862,24.417867,23.646262
2021-04-29,VZ,6.5758109,6.6796232,6.5992463
2021-04-29,WMT,10.309286,10.416846,10.340425
2021-04-30,AAPL,53.874975,54.683992,52.413299
2021-04-30,AMGN,49.598486,49.780694,48.784418
2021-04-30,CRM,29.260005,29.76613,28.766105
2021-04-30,CSCO,19.170186,19.198444,18.705946
2021-04-30,IBM,33.448801,33.874289,32.776813
2021-04-30,INTC,42.835655,43.497731,42.698039
2021-04-30,MSFT,125.73092,125.75354,121.76305
2021-04-30,NKE,23.732035,24.048137,23.591801
2021-04-30,VZ,6.4721273,6.6145987,6.4031021
2021-04-30,WMT,10.309237,10.489602,10.162297
2021-05-03,AAPL,51.573043,51.117035,51.056259
2021-05-03,AMGN,47.916981,48.609745,47.697129
2021-05-03,CRM,29.369112,30.244887,28.321234
2021-05-03,CSCO,19.015211,19.088442,18.695681
2021-05-03,IBM,34.252005,34.642465,34.540137
2021-05-03,INTC,42.194727,42.365451,41.524884
2021-05-03,MSFT,125.65751,125.55081,122.35904
2021-05-03,NKE,23.922922,24.215885,23.886337
2021-05-03,VZ,6.4139448,6.55018,6.2871501
2021-05-03,WMT,10.203309,10.251482,10.12266
2021-05-04,AAPL,51.893531,52.944244,51.319326
2021-05-04,AMGN,46.423515,47.149707,45.668972
2021-05-04,CRM,30.317505,30.98648,30.117315
2021-05-04,CSCO,19.214851,19.253509,19.039051
2021-05-04,IBM,33.555347,33.529525,32.800739
2021-05-04,INTC,40.994477,41.093086,40.45747
2021-05-04,MSFT,121.54075,123.20787,119.16931
2021-05-04,NKE,23.332374,23.760512,23.338916
2021-05-04,VZ,6.2440546,6.2740079,6.2450059
2021-05-04,WMT,10.28661,10.342939,10.029296
2021-05-05,AAPL,51.345494,51.174057,50.704777
2021-05-05,AMGN,45.360357,45.67101,44.754622
2021-05-05,CRM,29.560168,30.214159,28.947236
2021-05-05,CSCO,19.404912,19.657516,19.169398
2021-05-05,IBM,33.725345,34.219317,33.884894
2021-05-05,INTC,41.487027,42.07581,40.627816
2021-05-05,MSFT,121.20512,121.98906,119.8908
2021-05-05,NKE,23.112461,23.270189,23.057508
2021-05-05,VZ,6.2599569,6.3127806,6.2869322
2021-05-05,WMT,10.213112,10.245978,10.129865
2021-05-06,AAPL,51.696663,51.413002,50.321689
2021-05-06,AMGN,44.608403,44.693928,44.215079
2021-05-06,CRM,30.170633,30.17547,30.486377
2021-05-06,CSCO,19.896932,19.977288,19.420142
2021-05-06,IBM,33.470119,33.517028,33.40047
2021-05-06,INTC,41.279973,42.354764,41.001548
2021-05-06,MSFT,122.13805,122.83452,120.3073
2021-05-06,NKE,22.889429,23.23948,22.291656
2021-05-06,VZ,6.1335159,6.1557721,6.076426
2021-05-06,WMT,10.232463,10.310026,10.200862
2021-05-07,AAPL,51.746693,51.837336,51.079602
2021-05-07,AMGN,43.818121,44.339429,43.846887
2021-05-07,CRM,32.051759,32.459328,32.054805
2021-05-07,CSCO,19.751083,20.043659,19.481679
2021-05-07,IBM,32.780215,33.410946,32.085325
2021-05-07,INTC,41.945315,42.841454,41.537041
2021-05-07,MSFT,118.88639,117.29957,116.46001
2021-05-07,NKE,21.742931,21.619024,21.320326
2021-05-07,VZ,6.1507432,6.0626407,5.9795871
2021-05-07,WMT,10.510338,10.574626,10.466914
2021-05-10,AAPL,53.590379,55.044107,54.199379
2021-05-10,AMGN,44.811636,45.348552,44.352943
2021-05-10,CRM,32.97707,32.909014,31.250155
2021-05-10,CSCO,19.181491,19.546756,18.79268
2021-05-10,IBM,32.950233,33.31539,33.101712
2021-05-10,INTC,41.014173,41.219204,41.42339
2021-05-10,MSFT,116.22232,117.48752,116.27035
2021-05-10,NKE,21.688381,21.656995,21.479381
2021-05-10,VZ,6.0727354,6.1587111,5.9638801
2021-05-10,WMT,10.600739,10.851814,10.540987
2021-05-11,AAPL,52.011537,51.854426,51.351687
2021-05-11,AMGN,44.261907,45.28584,43.35654
2021-05-11,CRM,33.298672,32.386423,33.041988
2021-05-11,CSCO,19.093963,19.477453,18.796304
2021-05-11,IBM,33.047797,33.059647,32.539933
2021-05-11,INTC,41.439722,42.034795,40.774025
2021-05-11,MSFT,121.17466,120.40148,118.24495
2021-05-11,NKE,22.07792,22.239129,22.124368
2021-05-11,VZ,6.0186572,6.1242523,5.9625585
2021-05-11,WMT,10.490013,10.620218,10.318111
2021-05-12,AAPL,52.741104,55.041526,52.02116
2021-05-12,AMGN,44.442059,44.517602,43.580312
2021-05-12,CRM,34.2408,33.571114,34.060175
2021-05-12,CSCO,18.733574,18.457159,18.721756
2021-05-12,IBM,32.469755,32.809424,32.336094
2021-05-12,INTC,41.164557,42.052554,39.667919
2021-05-12,MSFT,119.64056,122.11824,117.44983
2021-05-12,NKE,21.550853,21.696149,21.277358
2021-05-12,VZ,6.14901,6.2123348,6.0063762
2021-05-12,WMT,10.418971,10.372118,10.431348
2021-05-13,AAPL,53.424007,51.818031,52.436636
2021-05-13,AMGN,45.170767,45.551783,44.766817
2021-05-13,CRM,33.406357,34.695631,32.570248
2021-05-13,CSCO,18.761313,18.998547,18.719579
2021-05-13,IBM,32.01854,32.864057,31.995972
2021-05-13,INTC,41.239405,41.342781,40.770152
2021-05-13,MSFT,119.54986,121.0482,118.46036
2021-05-13,NKE,21.826663,22.31928,21.777793
2021-05-13,VZ,6.1839248,6.1769559,5.9813555
2021-05-13,WMT,10.362298,10.450909,10.421614
2021-05-14,AAPL,54.80107,55.206097,54.235584
2021-05-14,AMGN,43.358345,44.085816,42.980556
2021-05-14,CRM,32.532522,33.09668,32.399215
2021-05-14,CSCO,18.896766,19.125362,18.665539
2021-05-14,IBM,31.784426,32.350184,31.781368
2021-05-14,INTC,40.972494,40.518493,41.264615
2021-05-14,MSFT,123.05115,125.29113,121.62919
2021-05-14,NKE,22.027648,21.925211,22.002604
2021-05-14,VZ,6.1196562,6.2236259,5.9894332
2021-05-14,WMT,10.300125,10.339508,10.11247
2021-05-17,AAPL,54.832463,54.95148,54.266298
2021-05-17,AMGN,43.375633,44.281626,43.219576
2021-05-17,CRM,32.229675,32.595587,31.982124
2021-05-17,CSCO,18.694245,18.946528,18.514143
2021-05-17,IBM,31.226244,31.041067,30.882712
2021-05-17,INTC,41.626493,42.281095,41.395924
2021-05-17,MSFT,125.20846,127.43063,122.98179
2021-05-17,NKE,21.979215,22.269968,21.370651
2021-05-17,VZ,6.1696741,6.1642624,6.1537321
2021-05-17,WMT,10.145139,10.202014,10.023244
2021-05-18,AAPL,54.598975,55.423862,53.822252
2021-05-18,AMGN,43.140812,43.612158,42.808086
2021-05-18,CRM,31.002288,31.58916,30.502752
2021-05-18,CSCO,18.607724,18.945773,18.36459
2021-05-18,IBM,30.418735,30.714077,30.7428
2021-05-18,INTC,41.313243,40.929353,41.982968
2021-05-18,MSFT,127.23777,130.09661,127.7034
2021-05-18,NKE,21.669878,21.548818,21.52166
2021-05-18,VZ,6.0409215,6.0673893,6.0189179
2021-05-18,WMT,10.208446,10.315458,10.069129
2021-05-19,AAPL,54.582865,54.126984,54.767866
2021-05-19,AMGN,43.373154,43.332545,43.555435
2021-05-19,CRM,32.290784,33.918244,31.841914
2021-05-19,CSCO,18.598382,19.208342,18.413794
2021-05-19,IBM,30.029866,30.168345,29.913319
2021-05-19,INTC,41.487672,41.608352,41.445065
2021-05-19,MSFT,123.96713,127.48346,122.3115
2021-05-19,NKE,21.589939,22.213806,21.253508
2021-05-19,VZ,6.199122,6.2635318,6.1348576
2021-05-19,WMT,10.230073,10.526186,10.156562
2021-05-20,AAPL,55.556703,56.832083,55.96038
2021-05-20,AMGN,43.320128,44.230399,42.570281
2021-05-20,CRM,32.45112,32.934096,31.826851
2021-05-20,CSCO,18.658489,18.916491,18.27155
2021-05-20,IBM,29.587099,29.905956,29.352178
2021-05-20,INTC,40.797666,41.807738,40.513975
2021-05-20,MSFT,123.70356,123.532,121.94632
2021-05-20,NKE,21.897636,21.855222,21.746632
2021-05-20,VZ,6.083902,6.2241407,6.0451902
2021-05-20,WMT,10.202528,10.172258,10.098122
2021-05-21,AAPL,53.300543,53.509219,54.035139
2021-05-21,AMGN,43.174987,44.027935,42.614306
2021-05-21,CRM,32.573471,33.156245,31.181188
2021-05-21,CSCO,18.923046,19.344245,18.730658
2021-05-21,IBM,29.95079,30.257592,29.701316
2021-05-21,INTC,40.422772,40.637549,40.129084
2021-05-21,MSFT,123.29104,125.64467,120.96393
2021-05-21,NKE,21.797587,22.2409,21.619633
2021-05-21,VZ,6.2220865,6.2004892,6.1741225
2021-05-21,WMT,10.281081,10.252652,10.281018
2021-05-24,AAPL,51.988322,52.813475,52.348762
2021-05-24,AMGN,42.831025,42.973912,41.596707
2021-05-24,CRM,32.909713,33.534799,32.114746
2021-05-24,CSCO,18.95088,18.903361,18.629355
2021-05-24,IBM,30.038884,30.505209,30.068706
2021-05-24,INTC,40.974681,41.967161,40.550047
2021-05-24,MSFT,123.59585,125.8235,122.69964
2021-05-24,NKE,21.546393,21.906452,21.32016
2021-05-24,VZ,6.0701671,6.2099192,6.038885
2021-05-24,WMT,10.381705,10.309179,10.319285
2021-05-25,AAPL,52.047749,53.048894,51.925329
2021-05-25,AMGN,42.809604,43.289402,42.51235
2021-05-25,CRM,34.448825,34.760542,34.34825
2021-05-25,CSCO,19.308321,19.335507,19.168026
2021-05-25,IBM,29.957807,30.291573,29.605564
2021-05-25,INTC,40.591917,41.515191,40.357715
2021-05-25,MSFT,126.03566,130.05336,124.40253
2021-05-25,NKE,21.660302,21.944618,21.724028
2021-05-25,VZ,5.9585738,5.946122,5.8986699
2021-05-25,WMT,10.311273,10.329641,10.316079
2021-05-26,AAPL,53.130692,54.155006,53.308694
2021-05-26,AMGN,42.811309,43.272069,41.848711
2021-05-26,CRM,35.276285,34.807211,33.85214
2021-05-26,CSCO,19.014546,18.951981,18.862389
2021-05-26,IBM,29.840045,29.623405,29.694674
2021-05-26,INTC,41.31531,42.457216,41.064703
2021-05-26,MSFT,122.84349,124.90463,121.75365
2021-05-26,NKE,22.336382,22.396018,22.336515
2021-05-26,VZ,5.9985795,6.1404906,5.9653359
2021-05-26,WMT,10.380455,10.378524,10.371663
2021-05-27,AAPL,53.966961,54.006102,54.187767
2021-05-27,AMGN,43.757114,44.692383,43.491203
2021-05-27,CRM,34.935691,34.444986,33.949579
2021-05-27,CSCO,19.464782,19.179609,19.236367
2021-05-27,IBM,30.081509,30.30729,30.104438
2021-05-27,INTC,40.193829,40.545586,40.622235
2021-05-27,MSFT,126.91505,128.65266,126.07178
2021-05-27,NKE,22.34454,23.148965,21.839726
2021-05-27,VZ,5.8920443,5.916927,5.8118251
2021-05-27,WMT,10.283507,10.209428,10.22897
2021-05-28,AAPL,52.467382,51.905688,52.217008
2021-05-28,AMGN,43.676279,44.124137,42.820181
2021-05-28,CRM,33.706205,34.423888,33.046813
2021-05-28,CSCO,19.225387,19.585044,18.924771
2021-05-28,IBM,30.644371,30.925298,30.659659
2021-05-28,INTC,38.068002,38.744219,37.449837
2021-05-28,MSFT,128.91198,129.18359,128.46368
2021-05-28,NKE,21.785687,22.302948,21.681239
2021-05-28,VZ,5.8149044,5.7595586,5.8623172
2021-05-28,WMT,10.229318,10.43272,10.099
2021-06-01,AAPL,53.352944,53.549454,52.888452
2021-06-01,AMGN,44.077401,44.398883,43.765082
2021-06-01,CRM,34.483002,35.479442,33.249637
2021-06-01,CSCO,18.788566,18.931519,18.531883
2021-06-01,IBM,31.376561,31.676449,31.256343
2021-06-01,INTC,37.956593,38.568723,37.103563
2021-06-01,MSFT,126.64449,128.51536,126.55384
2021-06-01,NKE,21.367045,21.872107,20.94638
2021-06-01,VZ,5.7261649,5.8322496,5.6619458
2021-06-01,WMT,10.174603,10.246944,10.160634
2021-06-02,AAPL,54.200812,54.765414,53.20045
2021-06-02,AMGN,44.052671,43.824402,43.879115
2021-06-02,CRM,34.16467,34.614139,33.880252
2021-06-02,CSCO,18.845587,19.366829,18.726429
2021-06-02,IBM,31.155894,31.60812,30.719803
2021-06-02,INTC,38.45161,40.279767,38.460365
2021-06-02,MSFT,126.75021,126.24674,124.65062
2021-06-02,NKE,21.352902,21.549839,21.094285
2021-06-02,VZ,5.6139271,5.6204434,5.6152441
2021-06-02,WMT,10.068918,10.151939,9.9622065
2021-06-03,AAPL,56.143568,56.40341,55.203606
2021-06-03,AMGN,43.016785,43.068686,43.199644
2021-06-03,CRM,33.512447,34.521143,32.581429
2021-06-03,CSCO,17.903646,18.393325,17.716801
2021-06-03,IBM,31.129866,31.593815,30.982969
2021-06-03,INTC,38.098104,38.060876,38.412872
2021-06-03,MSFT,129.76225,131.05155,128.42062
2021-06-03,NKE,21.151426,21.015579,20.86397
2021-06-03,VZ,5.5476128,5.5328741,5.562742
2021-06-03,WMT,10.013824,10.018463,9.9549993
2021-06-04,AAPL,56.807333,57.55902,56.448439
2021-06-04,AMGN,43.336506,43.976133,42.602704
2021-06-04,CRM,33.544584,33.922165,33.090479
2021-06-04,CSCO,18.053083,18.094967,17.960472
2021-06-04,IBM,31.451658,31.497674,31.191573
2021-06-04,INTC,36.837072,37.313113,36.667606
2021-06-04,MSFT,129.98243,130.56844,127.61829
2021-06-04,NKE,20.272983,20.126767,20.16063
2021-06-04,VZ,5.4779922,5.4621736,5.4623082
2021-06-04,WMT,10.046799,10.108381,9.8139679
2021-06-07,AAPL,55.377738,55.527956,54.470353
2021-06-07,AMGN,43.104917,43.666407,43.290587
2021-06-07,CRM,33.404333,33.660458,33.521008
2021-06-07,CSCO,18.109205,18.030493,17.997782
2021-06-07,IBM,31.598713,31.699375,31.505679
2021-06-07,INTC,36.70085,37.7048,36.117671
2021-06-07,MSFT,130.20059,129.97725,125.55758
2021-06-07,NKE,20.417424,20.859962,20.496365
2021-06-07,VZ,5.4390511,5.4563449,5.3855366
2021-06-07,WMT,9.9933274,10.152936,10.006286
2021-06-08,AAPL,56.617414,57.797674,56.215363
2021-06-08,AMGN,43.958499,44.894017,43.867612
2021-06-08,CRM,33.215165,33.694893,32.583759
2021-06-08,CSCO,18.077551,18.142128,17.929234
2021-06-08,IBM,31.751001,32.38928,31.476955
2021-06-08,INTC,36.819865,38.019694,36.50212
2021-06-08,MSFT,129.09415,130.00834,128.94966
2021-06-08,NKE,20.632681,21.19156,20.601632
2021-06-08,VZ,5.3169804,5.3115206,5.2660709
2021-06-08,WMT,9.8256082,9.9498074,9.849319
2021-06-09,AAPL,57.95399,58.082636,57.541799
2021-06-09,AMGN,43.95874,44.624666,43.420573
2021-06-09,CRM,30.948836,30.455537,30.87814
2021-06-09,CSCO,17.565272,17.324059,17.448602
2021-06-09,IBM,31.841232,32.43122,31.209762
2021-06-09,INTC,36.329883,36.400935,35.596409
2021-06-09,MSFT,128.65744,129.22405,126.93461
2021-06-09,NKE,21.28537,21.428962,21.105239
2021-06-09,VZ,5.1400542,5.221772,5.1037275
2021-06-09,WMT,9.6218592,9.655461,9.6778772
2021-06-10,AAPL,58.8148,59.741325,57.01196
2021-06-10,AMGN,44.336707,44.42863,43.795657
2021-06-10,CRM,31.417427,30.994929,31.107846
2021-06-10,CSCO,17.269561,17.484293,16.973196
2021-06-10,IBM,31.76691,32.161968,31.404226
2021-06-10,INTC,35.512384,36.12934,34.827538
2021-06-10,MSFT,130.46228,130.71292,130.19214
2021-06-10,NKE,21.196251,21.301854,21.376606
2021-06-10,VZ,5.0966813,5.0828998,5.0507917
2021-06-10,WMT,9.5092094,9.6598811,9.4253331
2021-06-11,AAPL,57.807274,59.29795,57.278377
2021-06-11,AMGN,45.537465,46.582042,45.245095
2021-06-11,CRM,31.722932,32.141207,31.469083
2021-06-11,CSCO,17.139089,17.238668,17.062623
2021-06-11,IBM,32.216376,32.539856,32.27628
2021-06-11,INTC,35.126294,35.323382,34.357676
2021-06-11,MSFT,127.31111,125.84128,127.67566
2021-06-11,NKE,20.719716,21.036839,20.661098
2021-06-11,VZ,5.0942726,5.1837572,5.0622374
2021-06-11,WMT,9.585811,9.6989092,9.578297
2021-06-14,AAPL,57.025533,57.119297,56.051672
2021-06-14,AMGN,45.087677,45.460344,45.140373
2021-06-14,CRM,31.232081,31.4719,31.468907
2021-06-14,CSCO,17.260443,17.197126,17.079774
2021-06-14,IBM,31.93709,31.826565,31.781206
2021-06-14,INTC,36.331778,36.500374,35.433138
2021-06-14,MSFT,124.52071,126.83314,122.61138
2021-06-14,NKE,20.929303,21.448815,21.014623
2021-06-14,VZ,5.141116,5.1810873,5.0880756
2021-06-14,WMT,9.5428003,9.6816967,9.5226769
2021-06-15,AAPL,56.765726,56.98993,55.598851
2021-06-15,AMGN,44.058196,44.490217,44.143922
2021-06-15,CRM,32.295096,32.972809,32.932038
2021-06-15,CSCO,17.774192,18.203151,17.322445
2021-06-15,IBM,31.743279,32.014205,31.745568
2021-06-15,INTC,35.425047,35.227417,35.487015
2021-06-15,MSFT,120.72768,120.60502,120.63406
2021-06-15,NKE,20.85013,21.003999,20.694316
2021-06-15,VZ,5.2634849,5.3332674,5.2860218
2021-06-15,WMT,9.5436108,9.6399023,9.4513398
2021-06-16,AAPL,56.811005,58.83795,56.870433
2021-06-16,AMGN,42.584394,43.25971,42.370794
2021-06-16,CRM,31.990601,33.146748,31.549566
2021-06-16,CSCO,18.291901,18.072026,18.180333
2021-06-16,IBM,32.139052,32.288598,32.088165
2021-06-16,INTC,35.385335,35.49717,34.95003
2021-06-16,MSFT,122.73912,123.40076,121.02258
2021-06-16,NKE,20.996402,21.654559,20.647325
2021-06-16,VZ,5.2801196,5.3310991,5.2159328
2021-06-16,WMT,9.5232887,9.7034177,9.5293862
2021-06-17,AAPL,58.079332,59.230013,58.159237
2021-06-17,AMGN,41.939983,42.791066,41.473197
2021-06-17,CRM,30.949331,31.835087,31.229508
2021-06-17,CSCO,18.695723,18.81666,18.332659
2021-06-17,IBM,31.577065,31.790474,30.826095
2021-06-17,INTC,34.769371,34.316934,33.743074
2021-06-17,MSFT,124.69974,124.73064,122.3652
2021-06-17,NKE,21.340998,21.419721,21.306194
2021-06-17,VZ,5.2418657,5.2913049,5.1667646
2021-06-17,WMT,9.4557654,9.6381815,9.4527737
2021-06-18,AAPL,57.24714,57.191675,57.63321
2021-06-18,AMGN,40.549638,40.909076,40.210915
2021-06-18,CRM,30.559578,30.953953,29.778624
2021-06-18,CSCO,19.091759,19.323704,18.810051
2021-06-18,IBM,31.107713,30.913291,30.702192
2021-06-18,INTC,33.841504,34.733406,33.947507
2021-06-18,MSFT,122.76696,123.69193,121.81232
2021-06-18,NKE,21.261998,21.232695,21.133864
2021-06-18,VZ,5.169053,5.2048196,5.1002072
2021-06-18,WMT,9.4459934,9.4340375,9.4783741
2021-06-21,AAPL,58.987195,59.550211,58.900418
2021-06-21,AMGN,41.217515,41.68341,41.440687
2021-06-21,CRM,30.152949,30.428483,29.284227
2021-06-21,CSCO,19.916152,19.920468,19.924799
2021-06-21,IBM,31.209827,31.515522,30.906052
2021-06-21,INTC,33.821246,34.317053,34.642996
2021-06-21,MSFT,124.87741,126.76515,124.84139
2021-06-21,NKE,21.552266,21.399007,21.498393
2021-06-21,VZ,5.1570684,5.1977299,5.1920556
2021-06-21,WMT,9.3092901,9.4824039,9.2620007
2021-06-22,AAPL,58.719428,60.531555,57.084699
2021-06-22,AMGN,40.326841,40.940444,39.188772
2021-06-22,CRM,30.802195,31.116966,30.824924
2021-06-22,CSCO,19.686714,19.829691,19.493745
2021-06-22,IBM,31.76248,31.773052,32.169459
2021-06-22,INTC,33.482086,33.577795,33.293456
2021-06-22,MSFT,126.96695,127.23897,125.68761
2021-06-22,NKE,22.006298,21.967164,21.750456
2021-06-22,VZ,5.2271405,5.2989811,5.0805628
2021-06-22,WMT,9.2939799,9.3841055,9.3346464
2021-06-23,AAPL,59.868528,62.120836,57.996862
2021-06-23,AMGN,39.807413,39.614799,39.889138
2021-06-23,CRM,31.28456,32.181435,31.228442
2021-06-23,CSCO,19.430898,19.578704,19.215317
2021-06-23,IBM,32.190561,32.578317,32.037186
2021-06-23,INTC,33.310511,33.894856,32.857443
2021-06-23,MSFT,131.50006,134.55999,130.13841
2021-06-23,NKE,21.585062,21.505576,21.428554
2021-06-23,VZ,5.2044908,5.2125774,5.142504
2021-06-23,WMT,9.3183737,9.3521865,9.2733587
2021-06-24,AAPL,60.562536,60.794467,59.373148
2021-06-24,AMGN,39.056534,39.356537,38.984018
2021-06-24,CRM,32.12244,32.972995,31.76514
2021-06-24,CSCO,18.732112,18.719789,18.47631
2021-06-24,IBM,31.805958,32.244475,31.357611
2021-06-24,INTC,34.248221,33.77506,33.65918
2021-06-24,MSFT,131.73876,132.28251,130.50703
2021-06-24,NKE,21.580556,21.516044,20.918404
2021-06-24,VZ,5.178236,5.2498594,5.2217719
2021-06-24,WMT,9.2305575,9.360412,9.2479422
2021-06-25,AAPL,62.074641,62.427696,61.719336
2021-06-25,AMGN,39.80522,40.010903,39.540322
2021-06-25,CRM,32.752776,32.755825,32.844393
2021-06-25,CSCO,19.242454,19.066683,19.268171
2021-06-25,IBM,31.796934,32.124527,31.998952
2021-06-25,INTC,33.13757,33.483771,32.411109
2021-06-25,MSFT,130.69673,132.26158,128.99823
2021-06-25,NKE,21.445114,21.573847,21.587329
2021-06-25,VZ,5.1606889,5.2016282,5.1227497
2021-06-25,WMT,9.2153295,9.408934,9.0648437
2021-06-28,AAPL,62.114441,61.524885,59.682638
2021-06-28,AMGN,39.93347,39.946419,39.144968
2021-06-28,CRM,33.399685,33.957994,33.386016
2021-06-28,CSCO,18.954956,19.312891,18.898011
2021-06-28,IBM,31.601283,31.683438,31.553452
2021-06-28,INTC,32.253506,32.605104,31.6906
2021-06-28,MSFT,129.93013,131.56997,130.34656
2021-06-28,NKE,21.204242,21.487691,21.22339
2021-06-28,VZ,5.1732457,5.1914204,5.1508792
2021-06-28,WMT,8.9916253,9.0569545,8.9279794
2021-06-29,AAPL,60.609547,61.242642,60.442124
2021-06-29,AMGN,39.854952,40.513305,39.62195
2021-06-29,CRM,34.490473,34.959559,33.80296
2021-06-29,CSCO,18.594007,18.862282,18.59897
2021-06-29,IBM,31.75884,32.201156,31.737067
2021-06-29,INTC,33.183094,33.815129,33.157995
2021-06-29,MSFT,131.16904,132.41331,131.53542
2021-06-29,NKE,21.112466,20.957747,20.714344
2021-06-29,VZ,5.1304289,5.1204841,5.1373356
2021-06-29,WMT,8.8255638,8.9122202,8.7997377
2021-06-30,AAPL,58.792483,60.517421,58.450722
2021-06-30,AMGN,38.732756,38.447356,38.834951
2021-06-30,CRM,36.043612,37.014752,35.134336
2021-06-30,CSCO,17.896708,17.948453,17.590635
2021-06-30,IBM,31.836054,32.316968,31.452823
2021-06-30,INTC,32.674814,33.078397,32.378259
2021-06-30,MSFT,134.30829,135.80677,132.65652
2021-06-30,NKE,20.811815,21.01114,20.543772
2021-06-30,VZ,5.0691115,5.1081126,5.0450815
2021-06-30,WMT,8.6241003,8.7089174,8.6228558
2021-07-01,AAPL,56.032406,57.769118,55.585231
2021-07-01,AMGN,37.448699,38.142856,37.272617
2021-07-01,CRM,36.530971,36.789648,35.576743
2021-07-01,CSCO,18.306542,18.702733,18.271118
2021-07-01,IBM,31.4279,31.609279,31.541344
2021-07-01,INTC,32.056663,32.142668,31.860282
2021-07-01,MSFT,129.6163,131.84584,127.86694
2021-07-01,NKE,21.578467,21.689765,21.342812
2021-07-01,VZ,5.0618086,5.0976538,5.0677347
2021-07-01,WMT,8.3011194,8.4326126,8.1914092
2021-07-02,AAPL,55.327144,55.861407,54.346355
2021-07-02,AMGN,37.135272,37.64553,36.990644
2021-07-02,CRM,36.631202,37.539265,36.30096
2021-07-02,CSCO,18.527941,18.348528,18.192198
2021-07-02,IBM,31.38917,31.311081,31.321167
2021-07-02,INTC,32.38394,32.141113,32.254285
2021-07-02,MSFT,126.61238,128.08265,124.59953
2021-07-02,NKE,21.757367,22.085292,22.1137
2021-07-02,VZ,5.1131305,5.1716206,4.9980105
2021-07-02,WMT,8.369417,8.4454317,8.1998269
2021-07-06,AAPL,54.711126,56.377425,53.525299
2021-07-06,AMGN,36.314514,36.92895,36.721841
2021-07-06,CRM,36.296978,37.011157,35.770866
2021-07-06,CSCO,18.88065,19.373629,18.928251
2021-07-06,IBM,31.358984,32.272366,30.997068
2021-07-06,INTC,31.998857,32.173725,31.905099
2021-07-06,MSFT,130.56462,131.8105,130.46033
2021-07-06,NKE,21.351347,21.255568,21.015308
2021-07-06,VZ,5.081551,5.1725416,4.9558681
2021-07-06,WMT,8.4549834,8.547921,8.4116613
2021-07-07,AAPL,55.56999,55.752289,55.553661
2021-07-07,AMGN,37.406002,36.859688,36.627257
2021-07-07,CRM,35.751882,36.347537,36.041401
2021-07-07,CSCO,18.849953,18.854258,18.853748
2021-07-07,IBM,30.609889,30.597291,30.555864
2021-07-07,INTC,31.907238,31.618663,31.469486
2021-07-07,MSFT,131.07324,134.48724,130.57646
2021-07-07,NKE,21.155201,21.201599,20.577486
2021-07-07,VZ,5.0208772,5.0301479,4.9553783
2021-07-07,WMT,8.1880589,8.2877736,8.2274882
2021-07-08,AAPL,55.256755,56.317419,54.383837
2021-07-08,AMGN,36.755406,37.196663,36.82857
2021-07-08,CRM,36.600191,36.768864,36.537501
2021-07-08,CSCO,18.446658,18.43445,17.973974
2021-07-08,IBM,30.848984,30.733725,30.623674
2021-07-08,INTC,32.60159,32.504832,32.077169
2021-07-08,MSFT,126.67553,128.52903,126.55358
2021-07-08,NKE,20.614151,20.616918,20.376786
2021-07-08,VZ,4.9682708,4.9893892,4.8537163
2021-07-08,WMT,8.0664897,8.0700534,7.9994123
2021-07-09,AAPL,54.263009,56.028046,53.536382
2021-07-09,AMGN,36.188006,36.730174,36.033006
2021-07-09,CRM,36.652736,36.765666,35.44194
2021-07-09,CSCO,18.670305,18.568229,18.645682
2021-07-09,IBM,31.197198,31.505763,30.67747
2021-07-09,INTC,31.733236,32.076387,31.392833
2021-07-09,MSFT,130.69269,131.04506,128.15473
2021-07-09,NKE,21.075862,21.560265,20.754029
2021-07-09,VZ,4.9869719,4.9886406,4.9203259
2021-07-09,WMT,8.0426302,8.1498843,7.9581058
2021-07-12,AAPL,53.481399,54.465448,54.133234
2021-07-12,AMGN,36.516723,37.484255,35.659467
2021-07-12,CRM,36.698181,37.166049,36.36126
2021-07-12,CSCO,18.706219,18.488649,18.1509
2021-07-12,IBM,31.03481,31.572086,30.987247
2021-07-12,INTC,31.376877,32.047458,31.102586
2021-07-12,MSFT,134.24935,136.42195,132.866
2021-07-12,NKE,20.994701,21.010779,21.164219
2021-07-12,VZ,5.1136207,5.2139076,5.1180018
2021-07-12,WMT,8.1247321,8.1786519,8.15371
2021-07-13,AAPL,54.471742,55.878534,54.146029
2021-07-13,AMGN,35.450123,35.95329,35.378024
2021-07-13,CRM,36.283137,36.853513,35.989325
2021-07-13,CSCO,18.673074,18.643837,18.532001
2021-07-13,IBM,31.037574,31.147874,30.436742
2021-07-13,INTC,29.837404,29.758578,29.445774
2021-07-13,MSFT,134.62828,134.19102,134.19525
2021-07-13,NKE,20.453107,20.195048,20.291151
2021-07-13,VZ,5.1570421,5.2008486,5.0990803
2021-07-13,WMT,8.0468727,8.2216886,7.928966
2021-07-14,AAPL,55.984196,56.552272,55.531626
2021-07-14,AMGN,36.105002,36.586845,36.048322
2021-07-14,CRM,35.139057,35.933704,34.026677
2021-07-14,CSCO,18.692183,19.298509,18.742673
2021-07-14,IBM,31.360493,31.511778,31.228703
2021-07-14,INTC,30.235373,30.289456,29.60953
2021-07-14,MSFT,131.92494,132.09852,130.24012
2021-07-14,NKE,19.886008,20.224688,19.722023
2021-07-14,VZ,5.0879783,5.1580166,5.0204252
2021-07-14,WMT,8.0508332,8.025382,7.9641025
2021-07-15,AAPL,58.715452,58.87051,57.194875
2021-07-15,AMGN,36.13186,36.630024,36.235686
2021-07-15,CRM,35.129334,35.338797,34.127549
2021-07-15,CSCO,19.154986,19.33866,19.065926
2021-07-15,IBM,31.225559,31.264309,30.949558
2021-07-15,INTC,30.235602,30.238356,29.990021
2021-07-15,MSFT,131.29253,133.48146,130.12664
2021-07-15,NKE,20.236348,20.565777,20.268584
2021-07-15,VZ,5.0114108,5.0420674,4.9570734
2021-07-15,WMT,7.8548754,7.9716824,7.7548191
2021-07-16,AAPL,58.609311,58.996832,56.736918
2021-07-16,AMGN,35.700914,36.312658,35.74383
2021-07-16,CRM,33.412632,34.265493,32.888569
2021-07-16,CSCO,18.61834,18.517257,18.635266
2021-07-16,IBM,31.448284,31.474999,31.075573
2021-07-16,INTC,30.15027,29.624479,30.224813
2021-07-16,MSFT,129.19676,129.52931,127.8845
2021-07-16,NKE,20.041531,20.179002,19.949764
2021-07-16,VZ,4.9290823,5.040746,4.8247379
2021-07-16,WMT,7.9211604,7.9966524,7.8701109
2021-07-19,AAPL,59.575247,59.744408,59.101549
2021-07-19,AMGN,36.253831,37.042057,36.327522
2021-07-19,CRM,35.568192,35.914948,35.844949
2021-07-19,CSCO,18.730065,18.885421,18.242023
2021-07-19,IBM,31.708313,32.042958,30.937516
2021-07-19,INTC,30.253293,30.61455,30.188079
2021-07-19,MSFT,127.06017,128.47163,129.64785
2021-07-19,NKE,20.158756,20.203514,20.479509
2021-07-19,VZ,4.87609,4.8920035,4.8586357
2021-07-19,WMT,7.8777164,7.9196085,7.835518
2021-07-20,AAPL,58.189374,57.540354,57.715769
2021-07-20,AMGN,35.855898,36.343371,35.86275
2021-07-20,CRM,35.147745,35.336845,34.894203
2021-07-20,CSCO,18.266156,18.728643,17.953092
2021-07-20,IBM,32.019528,31.990156,31.630873
2021-07-20,INTC,30.353032,30.27248,30.228748
2021-07-20,MSFT,128.20146,127.77279,127.2654
2021-07-20,NKE,20.002507,20.335977,19.782627
2021-07-20,VZ,4.7818848,4.8575925,4.7280437
2021-07-20,WMT,7.9300781,7.9531851,7.9183205
2021-07-21,AAPL,58.149995,58.675969,56.19389
2021-07-21,AMGN,35.387751,35.497315,35.077388
2021-07-21,CRM,36.422059,36.363711,35.744581
2021-07-21,CSCO,18.331163,18.321064,17.831183
2021-07-21,IBM,31.425737,31.633024,31.485441
2021-07-21,INTC,29.868106,30.014709,29.957505
2021-07-21,MSFT,126.70334,127.53212,124.15932
2021-07-21,NKE,20.145135,20.330122,20.051437
2021-07-21,VZ,4.8232854,4.8581936,4.7985664
2021-07-21,WMT,7.8845966,7.9838256,7.9038593
2021-07-22,AAPL,57.584036,57.330546,56.385252
2021-07-22,AMGN,35.764201,36.472446,35.982203
2021-07-22,CRM,36.804877,37.136597,36.775836
2021-07-22,CSCO,18.799351,18.815793,18.728204
2021-07-22,IBM,31.732158,32.183431,31.386116
2021-07-22,INTC,30.253101,30.440676,30.376009
2021-07-22,MSFT,126.48849,127.46581,128.0401
2021-07-22,NKE,20.336095,20.626275,20.264584
2021-07-22,VZ,4.8902538,4.9254001,4.8395374
2021-07-22,WMT,7.7284758,7.6928489,7.7372365
2021-07-23,AAPL,56.331095,56.393613,55.935389
2021-07-23,AMGN,35.936483,36.237161,35.522977
2021-07-23,CRM,35.505766,34.777368,34.19015
2021-07-23,CSCO,18.050763,18.342937,18.272497
2021-07-23,IBM,32.070642,32.242304,31.846793
2021-07-23,INTC,30.343686,30.207654,30.211448
2021-07-23,MSFT,120.56614,123.02951,119.23707
2021-07-23,NKE,20.108755,20.401265,19.673242
2021-07-23,VZ,4.9245658,4.9503686,4.8927134
2021-07-23,WMT,7.6710216,7.79871,7.6002778
2021-07-26,AAPL,57.100167,57.176281,56.33288
2021-07-26,AMGN,35.365997,35.801168,35.279185
2021-07-26,CRM,35.309718,35.733812,35.336662
2021-07-26,CSCO,17.830627,17.739715,17.770753
2021-07-26,IBM,32.295027,32.689777,31.978329
2021-07-26,INTC,30.381519,30.956759,30.017641
2021-07-26,MSFT,124.0724,126.80752,124.45714
2021-07-26,NKE,20.129098,20.240088,19.691122
2021-07-26,VZ,4.9089539,4.8690932,4.8802549
2021-07-26,WMT,7.425637,7.4777738,7.2777179
2021-07-27,AAPL,58.710718,59.586297,58.017278
2021-07-27,AMGN,34.819182,35.296641,34.502671
2021-07-27,CRM,36.602702,37.164405,35.856368
2021-07-27,CSCO,17.927716,17.912777,17.685721
2021-07-27,IBM,32.149388,32.112962,32.010728
2021-07-27,INTC,29.821818,30.335436,29.638542
2021-07-27,MSFT,123.95902,124.82853,119.86399
2021-07-27,NKE,19.602182,19.62354,19.302175
2021-07-27,VZ,4.9361526,4.9308067,4.9037825
2021-07-27,WMT,7.5340487,7.5386777,7.4942656
2021-07-28,AAPL,59.299819,59.492834,59.085198
2021-07-28,AMGN,34.333476,35.03077,34.023554
2021-07-28,CRM,36.824484,37.274453,37.453988
2021-07-28,CSCO,18.271012,18.23883,18.167016
2021-07-28,IBM,31.398789,31.369981,31.152027
2021-07-28,INTC,29.911758,30.288833,29.081153
2021-07-28,MSFT,123.38352,124.48639,122.60808
2021-07-28,NKE,19.166275,19.342954,18.965417
2021-07-28,VZ,4.9402649,4.91399,4.9311221
2021-07-28,WMT,7.6033821,7.69636,7.5856974
2021-07-29,AAPL,62.085966,62.019288,60.63214
2021-07-29,AMGN,34.649785,35.059043,34.645519
2021-07-29,CRM,36.824839,37.054411,35.695138
2021-07-29,CSCO,17.679573,17.823353,17.642752
2021-07-29,IBM,31.362332,31.516579,31.466361
2021-07-29,INTC,29.529057,29.778004,29.56216
2021-07-29,MSFT,126.3704,128.58886,124.05217
2021-07-29,NKE,19.506677,19.679532,19.383117
2021-07-29,VZ,4.8816986,4.8966039,4.9140023
2021-07-29,WMT,7.5768006,7.6184049,7.59495
2021-07-30,AAPL,62.06559,62.314663,61.374113
2021-07-30,AMGN,33.224076,33.886933,32.457759
2021-07-30,CRM,35.450603,35.476069,34.938511
2021-07-30,CSCO,17.434132,17.546897,17.460398
2021-07-30,IBM,32.335471,32.405854,32.178159
2021-07-30,INTC,29.347815,29.827579,29.300595
2021-07-30,MSFT,128.02617,127.94494,127.97166
2021-07-30,NKE,19.416441,19.505679,19.257674
2021-07-30,VZ,4.958078,5.0411635,4.9615711
2021-07-30,WMT,7.5589202,7.6566329,7.520439
2021-08-02,AAPL,60.553932,61.579838,60.114165
2021-08-02,AMGN,33.163031,33.630952,33.097552
2021-08-02,CRM,35.231833,35.286286,34.824563
2021-08-02,CSCO,17.613489,17.670611,17.304628
2021-08-02,IBM,31.451253,31.675427,31.298793
2021-08-02,INTC,29.184356,29.899634,28.814564
2021-08-02,MSFT,132.05364,132.40182,132.0704
2021-08-02,NKE,19.516804,19.658793,19.336827
2021-08-02,VZ,4.9242027,4.9738133,4.9287984
2021-08-02,WMT,7.4867113,7.5105665,7.5120114
2021-08-03,AAPL,60.664622,60.687142,60.636075
2021-08-03,AMGN,32.39905,32.122728,31.562884
2021-08-03,CRM,36.180686,36.936367,36.491447
2021-08-03,CSCO,17.571764,17.700267,17.746262
2021-08-03,IBM,31.051207,31.141303,31.182761
2021-08-03,INTC,27.614073,27.832883,27.308617
2021-08-03,MSFT,131.81544,130.7964,131.0505
2021-08-03,NKE,19.569044,19.788389,19.606985
2021-08-03,VZ,4.962541,4.9446717,5.0042415
2021-08-03,WMT,7.3664085,7.4876152,7.2755693
2021-08-04,AAPL,60.724179,60.388363,59.838418
2021-08-04,AMGN,32.465043,33.360217,31.995065
2021-08-04,CRM,34.601198,35.357906,33.753617
2021-08-04,CSCO,17.376142,17.086982,17.333406
2021-08-04,IBM,30.840764,30.555388,30.617729
2021-08-04,INTC,27.518598,27.073164,27.307402
2021-08-04,MSFT,130.2733,130.41062,129.66329
2021-08-04,NKE,19.525169,19.941543,19.946005
2021-08-04,VZ,4.9935263,4.9074145,4.8815182
2021-08-04,WMT,7.3787853,7.3819986,7.3511217
2021-08-05,AAPL,61.392989,61.210657,60.286733
2021-08-05,AMGN,31.614855,31.837356,31.081836
2021-08-05,CRM,34.441502,34.356788,33.920688
2021-08-05,CSCO,17.646213,17.935724,17.464879
2021-08-05,IBM,31.139711,31.718642,31.592322
2021-08-05,INTC,28.310033,28.46166,28.208377
2021-08-05,MSFT,127.10167,129.60741,125.47617
2021-08-05,NKE,19.110373,19.471454,19.06698
2021-08-05,VZ,4.8534786,4.813773,4.8258581
2021-08-05,WMT,7.4570527,7.5670113,7.4055731
2021-08-06,AAPL,63.032575,63.282155,62.68866
2021-08-06,AMGN,31.345531,31.609375,31.019034
2021-08-06,CRM,34.292515,34.659015,33.22302
2021-08-06,CSCO,17.441021,17.653989,17.56727
2021-08-06,IBM,30.974186,30.783872,30.538105
2021-08-06,INTC,26.720036,27.074988,26.786733
2021-08-06,MSFT,127.69685,128.63753,128.68139
2021-08-06,NKE,18.708061,18.736962,18.530128
2021-08-06,VZ,4.8192575,4.832899,4.7804032
2021-08-06,WMT,7.3444482,7.4398473,7.294763
2021-08-09,AAPL,64.171049,67.108957,64.512467
2021-08-09,AMGN,30.548906,30.768319,30.38934
2021-08-09,CRM,32.47654,31.199154,31.778364
2021-08-09,CSCO,17.314874,17.345259,17.326185
2021-08-09,IBM,31.287029,31.278511,31.250363
2021-08-09,INTC,26.321981,26.151018,26.099872
2021-08-09,MSFT,122.66509,125.26206,121.20317
2021-08-09,NKE,18.185775,18.241366,18.246513
2021-08-09,VZ,4.7933717,4.8066394,4.7738645
2021-08-09,WMT,7.3433454,7.4495361,7.2388649
2021-08-10,AAPL,65.528419,67.310814,64.022651
2021-08-10,AMGN,30.540343,30.409194,29.821404
2021-08-10,CRM,31.283365,31.637667,30.96939
2021-08-10,CSCO,17.377421,17.469824,17.158
2021-08-10,IBM,31.40574,31.980059,30.981719
2021-08-10,INTC,25.590293,25.599213,25.442958
2021-08-10,MSFT,121.73835,121.3469,121.14033
2021-08-10,NKE,17.879164,18.126647,17.727443
2021-08-10,VZ,4.8003096,4.8397245,4.6998341
2021-08-10,WMT,7.2364763,7.3030017,7.1375112
2021-08-11,AAPL,64.550083,65.417722,64.161106
2021-08-11,AMGN,31.038583,31.86889,31.07269
2021-08-11,CRM,30.256203,30.417922,30.033376
2021-08-11,CSCO,16.769695,16.734288,16.644165
2021-08-11,IBM,31.859838,31.250189,32.130696
2021-08-11,INTC,26.195772,26.254393,25.936847
2021-08-11,MSFT,119.81413,120.83858,119.74453
2021-08-11,NKE,18.584184,18.598526,18.530086
2021-08-11,VZ,4.7818053,4.872681,4.7476282
2021-08-11,WMT,7.3379191,7.4666899,7.3291699
2021-08-12,AAPL,65.537899,66.614297,65.092577
2021-08-12,AMGN,31.458746,31.582697,31.158235
2021-08-12,CRM,29.915006,30.585,29.31374
2021-08-12,CSCO,17.039493,17.169677,17.049533
2021-08-12,IBM,32.03703,32.160444,31.180546
2021-08-12,INTC,26.008719,26.405593,25.777255
2021-08-12,MSFT,119.87977,121.31789,118.27731
2021-08-12,NKE,18.640883,18.659171,18.555454
2021-08-12,VZ,4.8008846,4.9122733,4.8176871
2021-08-12,WMT,7.3494596,7.361671,7.3058829
2021-08-13,AAPL,66.121475,65.635125,64.653724
2021-08-13,AMGN,30.844527,31.418993,30.823201
2021-08-13,CRM,29.690693,30.129176,29.536407
2021-08-13,CSCO,16.84417,16.922387,16.421311
2021-08-13,IBM,32.665815,33.08567,32.608366
2021-08-13,INTC,25.735738,26.138668,25.252549
2021-08-13,MSFT,118.69076,117.92733,116.14936
2021-08-13,NKE,18.68082,18.830383,18.907575
2021-08-13,VZ,4.7779074,4.8082165,4.840264
2021-08-13,WMT,7.2720448,7.3356628,7.2646328
2021-08-16,AAPL,65.866326,65.901934,65.252996
2021-08-16,AMGN,31.313705,31.793761,31.263752
2021-08-16,CRM,30.224233,30.323286,29.275036
2021-08-16,CSCO,17.075263,17.00485,17.005616
2021-08-16,IBM,32.545173,32.785046,32.543421
2021-08-16,INTC,26.066063,26.148565,25.869589
2021-08-16,MSFT,117.44775,120.13912,115.72991
2021-08-16,NKE,18.695151,18.881068,18.337501
2021-08-16,VZ,4.8190692,4.9034645,4.811077
2021-08-16,WMT,7.054023,7.1419438,6.9981016
2021-08-17,AAPL,67.646605,68.821247,68.081688
2021-08-17,AMGN,30.290011,30.489666,30.01498
2021-08-17,CRM,29.999292,30.847051,29.709597
2021-08-17,CSCO,16.896083,16.668473,16.942471
2021-08-17,IBM,33.123606,33.902957,32.773606
2021-08-17,INTC,25.359856,25.660382,24.987167
2021-08-17,MSFT,119.83866,120.05253,118.69756
2021-08-17,NKE,18.144643,17.817907,17.953987
2021-08-17,VZ,4.7875707,4.8274197,4.7624133
2021-08-17,WMT,6.9598171,7.0124558,6.8492252
2021-08-18,AAPL,65.72161,65.972867,66.212003
2021-08-18,AMGN,30.222043,31.182215,29.800078
2021-08-18,CRM,29.462622,29.238274,28.124002
2021-08-18,CSCO,17.167963,17.496488,17.425048
2021-08-18,IBM,33.09887,33.321624,32.965508
2021-08-18,INTC,25.211187,25.124891,25.179342
2021-08-18,MSFT,122.02809,122.14013,120.12713
2021-08-18,NKE,17.85562,18.161983,17.588392
2021-08-18,VZ,4.6892326,4.7052356,4.6615394
2021-08-18,WMT,6.9461333,6.9813384,6.8376616
2021-08-19,AAPL,67.655092,68.307173,68.384872
2021-08-19,AMGN,29.607121,29.606392,29.356852
2021-08-19,CRM,30.519158,31.976451,31.071763
2021-08-19,CSCO,18.42317,18.446536,18.144236
2021-08-19,IBM,32.875515,33.029366,32.941543
2021-08-19,INTC,24.716318,25.156757,24.689096
2021-08-19,MSFT,121.22747,122.07519,121.06918
2021-08-19,NKE,18.305807,18.860087,18.075101
2021-08-19,VZ,4.6634259,4.6715875,4.6165841
2021-08-19,WMT,6.8146693,6.7894598,6.6812157
2021-08-20,AAPL,70.217871,71.549168,69.884862
2021-08-20,AMGN,29.12913,29.791197,28.720026
2021-08-20,CRM,30.702591,31.469009,30.346014
2021-08-20,CSCO,18.601658,18.494809,18.258295
2021-08-20,IBM,32.039597,32.07026,31.697083
2021-08-20,INTC,25.262282,25.308566,25.066735
2021-08-20,MSFT,121.26447,122.28324,121.4787
2021-08-20,NKE,18.263924,18.119441,18.453907
2021-08-20,VZ,4.5771896,4.639651,4.4910859
2021-08-20,WMT,6.878678,7.0014971,6.8057248
2021-08-23,AAPL,69.255577,70.575408,67.677126
2021-08-23,AMGN,28.997274,29.615295,28.44509
2021-08-23,CRM,31.343504,31.382049,30.757447
2021-08-23,CSCO,18.227383,18.420485,18.174322
2021-08-23,IBM,31.554721,31.71275,31.554552
2021-08-23,INTC,25.219226,25.850069,25.14626
2021-08-23,MSFT,119.62713,120.82002,120.14882
2021-08-23,NKE,17.975739,18.061015,18.052175
2021-08-23,VZ,4.5923477,4.561541,4.5795836
2021-08-23,WMT,6.8061173,6.8745687,6.7754008
2021-08-24,AAPL,68.521739,68.571885,69.155405
2021-08-24,AMGN,28.014305,28.427783,27.718047
2021-08-24,CRM,31.414573,31.774541,31.266297
2021-08-24,CSCO,18.162444,18.143828,18.189768
2021-08-24,IBM,31.362994,31.628297,31.35822
2021-08-24,INTC,24.393062,24.255854,24.359463
2021-08-24,MSFT,120.8084,122.23281,118.5094
2021-08-24,NKE,17.906893,17.870475,17.800479
2021-08-24,VZ,4.5604584,4.6743789,4.5703011
2021-08-24,WMT,6.7652144,6.7371648,6.8101368
2021-08-25,AAPL,67.75198,69.235736,67.48073
2021-08-25,AMGN,28.194996,28.732692,28.332267
2021-08-25,CRM,31.207066,31.329051,30.949203
2021-08-25,CSCO,18.218681,18.155419,17.915027
2021-08-25,IBM,31.595966,32.166539,31.53327
2021-08-25,INTC,24.230935,24.366108,23.725648
2021-08-25,MSFT,123.28366,124.743,124.34253
2021-08-25,NKE,17.929873,18.167121,17.334696
2021-08-25,VZ,4.5153983,4.616489,4.4345905
2021-08-25,WMT,6.6174959,6.6322075,6.5318766
2021-08-26,AAPL,67.338386,67.903978,65.64719
2021-08-26,AMGN,28.38488,29.300264,28.253133
2021-08-26,CRM,30.200605,30.873657,29.988451
2021-08-26,CSCO,18.2915,18.365688,18.296858
2021-08-26,IBM,31.437499,31.695914,31.313032
2021-08-26,INTC,24.277683,24.612762,23.741357
2021-08-26,MSFT,122.82364,122.09895,122.12322
2021-08-26,NKE,17.858328,18.006519,17.606043
2021-08-26,VZ,4.5430643,4.5792828,4.5205099
2021-08-26,WMT,6.5588444,6.6047889,6.5716726
2021-08-27,AAPL,65.635407,65.693682,64.537623
2021-08-27,AMGN,27.238376,27.55727,27.278925
2021-08-27,CRM,30.40453,30.805781,29.764275
2021-08-27,CSCO,18.758716,18.621253,18.440203
2021-08-27,IBM,31.438074,31.743708,31.25171
2021-08-27,INTC,24.347494,24.727886,24.167823
2021-08-27,MSFT,121.04977,123.43071,120.85506
2021-08-27,NKE,17.986768,18.234306,17.860602
2021-08-27,VZ,4.5800848,4.6502345,4.5426398
2021-08-27,WMT,6.5689876,6.5585311,6.5478557
2021-08-30,AAPL,65.985965,67.523418,64.473802
2021-08-30,AMGN,27.552501,27.537399,27.042121
2021-08-30,CRM,28.91462,29.144558,28.572947
2021-08-30,CSCO,18.773976,19.039261,18.907913
2021-08-30,IBM,30.814392,30.350353,30.534025
2021-08-30,INTC,24.249378,24.553517,24.029901
2021-08-30,MSFT,121.71173,120.23542,121.81121
2021-08-30,NKE,18.507411,18.353176,18.000079
2021-08-30,VZ,4.5643928,4.6197312,4.5444783
2021-08-30,WMT,6.5615719,6.7139945,6.4697908
2021-08-31,AAPL,67.469519,67.711758,67.772491
2021-08-31,AMGN,27.724777,28.440208,26.88711
2021-08-31,CRM,29.449053,30.205141,28.949363
2021-08-31,CSCO,18.505666,19.262876,18.593676
2021-08-31,IBM,31.131529,31.627842,30.789903
2021-08-31,INTC,23.817214,24.455621,22.808405
2021-08-31,MSFT,122.26486,123.90888,119.86844
2021-08-31,NKE,17.73082,17.842101,17.790094
2021-08-31,VZ,4.6432573,4.7114072,4.5600218
2021-08-31,WMT,6.5503394,6.5552135,6.5836353
2021-09-01,AAPL,66.538249,67.652874,67.379998
2021-09-01,AMGN,27.373005,27.617106,27.322288
2021-09-01,CRM,28.939551,29.528522,28.677244
2021-09-01,CSCO,18.985321,18.906858,18.392775
2021-09-01,IBM,30.620754,30.703893,30.528008
2021-09-01,INTC,24.82196,24.836092,24.303941
2021-09-01,MSFT,125.83896,127.30888,125.13215
2021-09-01,NKE,17.611521,18.094014,17.302941
2021-09-01,VZ,4.6009444,4.6851732,4.5799857
2021-09-01,WMT,6.5259434,6.6056999,6.5420727
2021-09-02,AAPL,66.367379,65.85028,66.600257
2021-09-02,AMGN,27.791026,27.839365,27.120929
2021-09-02,CRM,29.021211,30.380792,29.222238
2021-09-02,CSCO,19.580828,19.844919,19.54444
2021-09-02,IBM,30.659065,30.791264,30.661039
2021-09-02,INTC,24.968998,24.962051,24.67957
2021-09-02,MSFT,122.63939,122.14242,120.50619
2021-09-02,NKE,17.377118,17.451193,17.377116
2021-09-02,VZ,4.5517674,4.5852178,4.5365539
2021-09-02,WMT,6.4065905,6.4591073,6.3777362
2021-09-03,AAPL,68.720894,68.513125,69.775005
2021-09-03,AMGN,27.432611,28.241713,26.7623
2021-09-03,CRM,29.247917,29.277239,28.79551
2021-09-03,CSCO,19.074927,18.997678,19.003095
2021-09-03,IBM,30.837387,31.291368,30.636567
2021-09-03,INTC,24.775714,25.025923,25.163907
2021-09-03,MSFT,123.95065,121.7735,124.91955
2021-09-03,NKE,17.503415,17.302944,17.222962
2021-09-03,VZ,4.5260474,4.5564692,4.4711857
2021-09-03,WMT,6.3250964,6.392615,6.1956883
2021-09-07,AAPL,71.944246,72.67006,72.38323
2021-09-07,AMGN,26.661267,27.217414,26.31845
2021-09-07,CRM,28.870051,29.211528,29.139651
2021-09-07,CSCO,18.761085,19.14383,18.649733
2021-09-07,IBM,30.847287,30.653858,30.673631
2021-09-07,INTC,24.902307,24.738801,24.490375
2021-09-07,MSFT,122.63906,120.75645,122.0505
2021-09-07,NKE,17.462721,18.04662,17.373245
2021-09-07,VZ,4.535188,4.5734948,4.4924004
2021-09-07,WMT,6.3486587,6.4769547,6.3043458
2021-09-08,AAPL,72.124604,71.225232,71.94508
2021-09-08,AMGN,26.410171,26.68872,26.270193
2021-09-08,CRM,29.015639,28.85383,28.720469
2021-09-08,CSCO,19.004111,19.03972,19.154017
2021-09-08,IBM,30.628289,30.790727,30.587376
2021-09-08,INTC,24.044769,23.93453,23.571096
2021-09-08,MSFT,121.62174,125.2609,120.93175
2021-09-08,NKE,17.303334,17.118244,17.176492
2021-09-08,VZ,4.5115044,4.5146877,4.4313944
2021-09-08,WMT,6.2632495,6.3183947,6.2601036
2021-09-09,AAPL,70.981249,71.37694,68.988731
2021-09-09,AMGN,25.940761,26.701164,25.959989
2021-09-09,CRM,29.0393,28.953454,28.448304
2021-09-09,CSCO,19.044851,19.087658,18.99064
2021-09-09,IBM,29.941581,30.466356,29.553375
2021-09-09,INTC,24.473906,24.654722,24.495907
2021-09-09,MSFT,122.27769,122.61627,120.94656
2021-09-09,NKE,17.645243,17.715005,17.391183
2021-09-09,VZ,4.5396538,4.540786,4.4679557
2021-09-09,WMT,6.2368258,6.2689192,6.1727743
2021-09-10,AAPL,71.761402,72.935815,71.82788
2021-09-10,AMGN,25.199675,25.328398,25.430721
2021-09-10,CRM,29.742577,30.256567,28.799859
2021-09-10,CSCO,18.773357,18.860215,18.615962
2021-09-10,IBM,29.830671,29.797478,29.661623
2021-09-10,INTC,24.276287,24.500552,24.440676
2021-09-10,MSFT,122.80471,123.01442,121.43923
2021-09-10,NKE,17.795145,18.20696,17.876091
2021-09-10,VZ,4.4241753,4.4356352,4.4059946
2021-09-10,WMT,6.3159685,6.316171,6.2405272
2021-09-13,AAPL,71.511695,71.621384,71.999913
2021-09-13,AMGN,24.600095,24.810723,24.530871
2021-09-13,CRM,30.758041,31.501659,29.940851
2021-09-13,CSCO,18.973544,18.824498,18.946775
2021-09-13,IBM,29.886844,30.05996,29.968375
2021-09-13,INTC,24.377572,24.629133,24.318686
2021-09-13,MSFT,122.47651,121.63256,120.65183
2021-09-13,NKE,18.142031,18.329898,17.841273
2021-09-13,VZ,4.4448493,4.4710157,4.4124108
2021-09-13,WMT,6.2566448,6.2456484,6.1417753
2021-09-14,AAPL,71.87953,73.142746,71.910043
2021-09-14,AMGN,24.499298,24.815552,24.071545
2021-09-14,CRM,30.152215,30.054375,29.078706
2021-09-14,CSCO,18.552495,18.481724,18.315585
2021-09-14,IBM,30.053702,30.311938,30.036896
2021-09-14,INTC,23.996975,23.910979,23.719524
2021-09-14,MSFT,124.85932,128.24406,123.34782
2021-09-14,NKE,18.148686,18.215264,17.951996
2021-09-14,VZ,4.4204372,4.4013198,4.5049506
2021-09-14,WMT,6.2940779,6.3751552,6.2932154
2021-09-15,AAPL,70.970038,72.152566,71.097382
2021-09-15,AMGN,23.408814,23.52533,23.326822
2021-09-15,CRM,31.106588,31.513421,30.856234
2021-09-15,CSCO,18.797168,19.043013,18.581053
2021-09-15,IBM,29.894651,30.530736,29.705154
2021-09-15,INTC,23.617106,23.042865,23.32737
2021-09-15,MSFT,125.38209,126.26121,124.61144
2021-09-15,NKE,18.341079,18.338239,17.926654
2021-09-15,VZ,4.4799348,4.5498435,4.4417631
2021-09-15,WMT,6.2393566,6.2380821,6.1771992
2021-09-16,AAPL,70.044604,70.19452,69.738014
2021-09-16,AMGN,23.807155,23.571629,23.504144
2021-09-16,CRM,31.403852,31.782307,31.219797
2021-09-16,CSCO,18.812085,19.131668,18.609742
2021-09-16,IBM,29.307883,29.210936,28.935192
2021-09-16,INTC,23.188109,23.436346,23.260336
2021-09-16,MSFT,130.96185,133.07544,130.88979
2021-09-16,NKE,18.010733,18.695205,17.650605
2021-09-16,VZ,4.3932951,4.3797069,4.3658827
2021-09-16,WMT,6.2947738,6.3564023,6.1865172
2021-09-17,AAPL,71.037609,71.62521,70.021442
2021-09-17,AMGN,23.547295,23.965454,23.335657
2021-09-17,CRM,30.747888,30.737088,30.637645
2021-09-17,CSCO,18.785949,18.967728,18.788452
2021-09-17,IBM,29.423749,29.825998,29.087217
2021-09-17,INTC,23.302039,23.133192,23.426524
2021-09-17,MSFT,127.76167,128.50457,126.71482
2021-09-17,NKE,17.443593,17.552406,17.392216
2021-09-17,VZ,4.419994,4.4560306,4.4029982
2021-09-17,WMT,6.2759181,6.3096229,6.2134384
2021-09-20,AAPL,70.542629,70.883384,69.422194
2021-09-20,AMGN,23.584442,23.642162,23.009104
2021-09-20,CRM,31.381401,31.794766,31.404764
2021-09-20,CSCO,18.38152,18.194226,18.27012
2021-09-20,IBM,28.667139,29.385675,28.152119
2021-09-20,INTC,23.045898,23.271477,22.833721
2021-09-20,MSFT,128.28627,129.97694,127.09737
2021-09-20,NKE,17.525098,17.543908,17.285057
2021-09-20,VZ,4.3169398,4.2615827,4.3322539
2021-09-20,WMT,6.3448117,6.4612655,6.2713763
2021-09-21,AAPL,71.655455,73.069403,70.831519
2021-09-21,AMGN,23.922493,24.239032,23.944138
2021-09-21,CRM,32.621384,32.943732,33.191906
2021-09-21,CSCO,18.261625,18.092066,18.225982
2021-09-21,IBM,27.844053,28.213441,27.723924
2021-09-21,INTC,22.88556,22.823162,22.915962
2021-09-21,MSFT,128.73639,127.99859,127.57121
2021-09-21,NKE,18.062499,18.561318,17.837307
2021-09-21,VZ,4.3256457,4.3530415,4.3110709
2021-09-21,WMT,6.2091712,6.2932991,6.2302459
2021-09-22,AAPL,72.948643,73.676233,73.038239
2021-09-22,AMGN,24.040522,24.669459,23.591887
2021-09-22,CRM,31.311292,31.874694,30.454618
2021-09-22,CSCO,18.492052,18.770046,18.311695
2021-09-22,IBM,27.78618,27.905448,27.377804
2021-09-22,INTC,23.171424,23.316792,23.214241
2021-09-22,MSFT,129.75483,130.12668,128.98713
2021-09-22,NKE,18.219955,18.526689,18.008091
2021-09-22,VZ,4.2206238,4.2515436,4.1410219
2021-09-22,WMT,6.207312,6.3119466,6.1873635
2021-09-23,AAPL,74.957496,73.553775,76.198485
2021-09-23,AMGN,22.882231,23.244002,22.766257
2021-09-23,CRM,31.582709,31.930862,31.122368
2021-09-23,CSCO,18.832196,18.967292,18.692577
2021-09-23,IBM,28.072775,28.275341,28.24471
2021-09-23,INTC,22.823801,23.020093,22.569334
2021-09-23,MSFT,128.58807,130.19526,126.68706
2021-09-23,NKE,18.467176,18.838434,18.303137
2021-09-23,VZ,4.203908,4.1651655,4.1985871
2021-09-23,WMT,6.203525,6.2142206,6.1130979
2021-09-24,AAPL,74.213352,74.393369,71.959789
2021-09-24,AMGN,22.112407,22.415342,22.059705
2021-09-24,CRM,31.564015,31.336773,31.391519
2021-09-24,CSCO,19.38436,19.550513,19.230141
2021-09-24,IBM,27.30817,27.759126,26.908122
2021-09-24,INTC,22.723184,22.569735,22.72611
2021-09-24,MSFT,129.8297,133.59964,128.2372
2021-09-24,NKE,18.153746,18.205933,17.833548
2021-09-24,VZ,4.2631795,4.2796867,4.2053876
2021-09-24,WMT,6.2817113,6.3054959,6.1925636
2021-09-27,AAPL,73.43394,74.841042,71.708621
2021-09-27,AMGN,22.067215,22.3397,22.094079
2021-09-27,CRM,32.309154,32.996317,32.092362
2021-09-27,CSCO,20.050503,20.345481,19.91256
2021-09-27,IBM,27.311559,27.955349,27.217772
2021-09-27,INTC,22.402345,22.017577,22.449972
2021-09-27,MSFT,126.7309,128.06963,125.38059
2021-09-27,NKE,18.144754,18.241841,18.053001
2021-09-27,VZ,4.2839664,4.3082022,4.2507433
2021-09-27,WMT,6.2847624,6.2919038,6.3585611
2021-09-28,AAPL,75.519032,77.065178,75.337707
2021-09-28,AMGN,22.088948,22.609264,21.8493
2021-09-28,CRM,32.022533,32.577718,31.123513
2021-09-28,CSCO,20.429946,20.221998,20.238814
2021-09-28,IBM,27.500359,27.831821,27.471522
2021-09-28,INTC,22.218229,22.434059,21.832445
2021-09-28,MSFT,126.04679,126.34976,124.46701
2021-09-28,NKE,18.024226,18.645055,18.152237
2021-09-28,VZ,4.2359626,4.2283141,4.1410375
2021-09-28,WMT,6.4687978,6.4726265,6.4699059
2021-09-29,AAPL,75.286685,77.503927,74.576023
2021-09-29,AMGN,21.807295,21.79797,21.916563
2021-09-29,CRM,32.327483,31.868135,32.277165
2021-09-29,CSCO,20.769613,21.214283,20.841653
2021-09-29,IBM,27.383667,27.954324,27.450665
2021-09-29,INTC,22.463095,22.532276,21.874182
2021-09-29,MSFT,127.94754,129.11529,127.13412
2021-09-29,NKE,17.810773,17.741765,17.68177
2021-09-29,VZ,4.2212352,4.2615696,4.1603126
2021-09-29,WMT,6.4174226,6.496461,6.3468709
2021-09-30,AAPL,76.49073,77.116526,74.833159
2021-09-30,AMGN,21.703019,22.165497,21.342513
2021-09-30,CRM,33.187759,33.229387,32.129531
2021-09-30,CSCO,21.412716,21.932748,21.044098
2021-09-30,IBM,27.213492,27.53399,27.128953
2021-09-30,INTC,22.795842,22.975902,22.987845
2021-09-30,MSFT,125.33037,125.62031,121.13471
2021-09-30,NKE,17.837783,17.685085,17.517248
2021-09-30,VZ,4.2253515,4.2058059,4.2031305
2021-09-30,WMT,6.2839817,6.295712,6.3115556
2021-10-01,AAPL,79.50163,78.520157,79.173477
2021-10-01,AMGN,21.435647,21.601669,21.260009
2021-10-01,CRM,34.611532,34.915822,34.710718
2021-10-01,CSCO,20.702298,20.918328,20.66348
2021-10-01,IBM,27.725533,28.107376,27.432392
2021-10-01,INTC,23.128954,23.17654,23.399164
2021-10-01,MSFT,121.50072,124.70539,121.82703
2021-10-01,NKE,17.781896,17.910593,17.916501
2021-10-01,VZ,4.1725587,4.2311031,4.079869
2021-10-01,WMT,6.3559302,6.4045971,6.4372124
2021-10-04,AAPL,79.341386,79.72975,78.196595
2021-10-04,AMGN,21.035332,21.649578,21.008233
2021-10-04,CRM,34.164401,33.873962,33.266176
2021-10-04,CSCO,21.017172,21.279214,21.307445
2021-10-04,IBM,27.93525,28.121664,27.886616
2021-10-04,INTC,21.874563,22.121432,22.086828
2021-10-04,MSFT,124.54641,125.77847,124.30191
2021-10-04,NKE,17.614429,18.041172,17.698192
2021-10-04,VZ,4.251894,4.2298694,4.186188
2021-10-04,WMT,6.3638954,6.3864746,6.3636458
2021-10-05,AAPL,78.616127,78.658019,77.087001
2021-10-05,AMGN,21.186773,21.191993,21.397615
2021-10-05,CRM,33.895793,33.913338,33.061788
2021-10-05,CSCO,21.212534,21.296101,21.1178
2021-10-05,IBM,27.619388,27.845111,27.574826
2021-10-05,INTC,22.155171,22.054188,21.974536
2021-10-05,MSFT,126.1438,126.31566,125.6399
2021-10-05,NKE,17.799933,18.175646,17.612387
2021-10-05,VZ,4.1599079,4.1990984,4.0860719
2021-10-05,WMT,6.2507463,6.2912443,6.2225581
2021-10-06,AAPL,79.653122,78.896401,78.431065
2021-10-06,AMGN,21.196581,21.420276,21.111639
2021-10-06,CRM,33.356131,33.866704,32.184479
2021-10-06,CSCO,21.83133,21.775047,21.750925
2021-10-06,IBM,27.772041,28.100633,27.728755
2021-10-06,INTC,22.011516,22.766996,22.17643
2021-10-06,MSFT,126.47635,125.76556,126.21364
2021-10-06,NKE,17.828112,18.277261,17.684175
2021-10-06,VZ,4.1658104,4.2295077,4.1836916
2021-10-06,WMT,6.2745117,6.2782583,6.2522952
2021-10-07,AAPL,80.29286,79.960029,79.821456
2021-10-07,AMGN,20.869648,21.301507,20.607219
2021-10-07,CRM,34.83317,35.68969,34.477126
2021-10-07,CSCO,22.122388,22.40437,21.736213
2021-10-07,IBM,28.257417,28.523357,28.037035
2021-10-07,INTC,21.938849,22.094614,22.142603
2021-10-07,MSFT,123.34889,124.66153,121.21846
2021-10-07,NKE,18.193126,18.423599,18.058045
2021-10-07,VZ,4.1702313,4.1909214,4.1915995
2021-10-07,WMT,6.2162611,6.305865,6.2652992
2021-10-08,AAPL,80.031048,78.439258,77.890115
2021-10-08,AMGN,20.041016,20.277427,20.168418
2021-10-08,CRM,34.021194,33.601662,34.181748
2021-10-08,CSCO,22.105451,21.694796,21.575714
2021-10-08,IBM,28.147097,28.606857,27.813071
2021-10-08,INTC,21.944108,22.15442,22.279051
2021-10-08,MSFT,121.66277,123.42025,120.7571
2021-10-08,NKE,18.505584,18.566903,18.340328
2021-10-08,VZ,4.0977888,4.1335393,4.0257312
2021-10-08,WMT,6.1332293,6.2549799,6.1007544
2021-10-11,AAPL,81.376427,83.701647,79.623468
2021-10-11,AMGN,19.259273,19.431926,19.168342
2021-10-11,CRM,34.719965,34.540594,34.101773
2021-10-11,CSCO,21.418796,21.370232,21.113169
2021-10-11,IBM,27.732704,27.99592,27.509921
2021-10-11,INTC,21.568414,21.547807,21.216641
2021-10-11,MSFT,123.69742,124.63508,122.30702
2021-10-11,NKE,18.721063,18.930783,18.734625
2021-10-11,VZ,4.0112153,4.0551074,4.0078289
2021-10-11,WMT,6.2234197,6.2696601,6.1674052
2021-10-12,AAPL,81.963629,82.357549,82.392978
2021-10-12,AMGN,19.3219,19.625774,18.854555
2021-10-12,CRM,35.29309,35.262646,35.233037
2021-10-12,CSCO,20.859667,20.438309,20.644231
2021-10-12,IBM,27.603445,27.91711,27.827442
2021-10-12,INTC,21.216953,21.417622,21.223575
2021-10-12,MSFT,125.6754,125.24463,125.2928
2021-10-12,NKE,19.056889,19.304935,19.009757
2021-10-12,VZ,3.9671855,4.0101394,3.9318679
2021-10-12,WMT,6.2094338,6.2457506,6.1801191
2021-10-13,AAPL,81.92655,81.613102,83.198878
2021-10-13,AMGN,19.094614,19.283958,18.776856
2021-10-13,CRM,36.604306,36.790805,35.888627
2021-10-13,CSCO,20.642809,20.547051,20.112001
2021-10-13,IBM,27.68615,28.116396,27.964255
2021-10-13,INTC,21.829157,22.149225,21.654773
2021-10-13,MSFT,128.00478,129.80999,127.02608
2021-10-13,NKE,19.204508,19.28513,18.959224
2021-10-13,VZ,3.9461704,4.0074647,4.0362831
2021-10-13,WMT,6.1105348,6.2697803,5.9734452
2021-10-14,AAPL,81.56344,82.518785,82.148879
2021-10-14,AMGN,18.737643,19.145651,18.474007
2021-10-14,CRM,36.717916,37.388451,36.92484
2021-10-14,CSCO,21.040601,21.026002,20.452221
2021-10-14,IBM,27.342138,27.551149,27.178957
2021-10-14,INTC,22.267676,22.131292,22.042113
2021-10-14,MSFT,131.10792,131.9059,127.87219
2021-10-14,NKE,18.780312,19.095583,18.907905
2021-10-14,VZ,3.8648427,3.8896688,3.7931292
2021-10-14,WMT,6.0466218,6.1945875,5.9641174
2021-10-15,AAPL,78.646257,79.772313,78.331198
2021-10-15,AMGN,18.752052,18.812341,18.795041
2021-10-15,CRM,38.475274,38.329613,37.859093
2021-10-15,CSCO,20.812473,21.20996,20.598963
2021-10-15,IBM,27.41448,27.687667,27.135301
2021-10-15,INTC,21.394892,21.146582,21.187671
2021-10-15,MSFT,130.13279,130.0483,131.11644
2021-10-15,NKE,18.344075,18.613747,18.317398
2021-10-15,VZ,3.8648529,3.9327538,3.8539242
2021-10-15,WMT,6.0310214,6.0533291,6.0111003
2021-10-18,AAPL,76.549415,77.96658,76.888633
2021-10-18,AMGN,18.40166,18.518011,17.840862
2021-10-18,CRM,36.615353,36.54754,35.510911
2021-10-18,CSCO,20.880663,20.849601,20.664395
2021-10-18,IBM,27.294714,27.258675,26.994565
2021-10-18,INTC,21.236927,21.150444,20.915156
2021-10-18,MSFT,129.39111,130.30212,128.75911
2021-10-18,NKE,18.018136,18.249167,18.022745
2021-10-18,VZ,3.898525,3.9350387,3.8177475
2021-10-18,WMT,6.0185257,6.1139851,6.0323714
2021-10-19,AAPL,78.36802,80.002858,78.121003
2021-10-19,AMGN,18.186932,18.323001,18.278367
2021-10-19,CRM,37.693929,38.212066,38.05311
2021-10-19,CSCO,20.520233,20.541412,20.451083
2021-10-19,IBM,27.069592,27.306314,26.391928
2021-10-19,INTC,21.796697,21.764985,21.83971
2021-10-19,MSFT,126.4734,128.18375,124.48898
2021-10-19,NKE,18.11186,18.026583,18.170074
2021-10-19,VZ,3.8624111,3.9209397,3.843329
2021-10-19,WMT,5.984059,6.0329452,5.9008621
2021-10-20,AAPL,77.075497,76.852952,76.55121
2021-10-20,AMGN,18.087958,18.303245,17.711742
2021-10-20,CRM,36.840393,37.087712,35.8299
2021-10-20,CSCO,20.649416,20.582239,20.579866
2021-10-20,IBM,26.947883,27.02013,26.977803
2021-10-20,INTC,21.963446,21.685348,21.827078
2021-10-20,MSFT,124.49003,126.96941,124.43835
2021-10-20,NKE,18.432406,18.447335,18.430034
2021-10-20,VZ,3.7621602,3.7866148,3.7647319
2021-10-20,WMT,5.8331845,5.8644893,5.7784043
2021-10-21,AAPL,78.316579,79.004797,76.195444
2021-10-21,AMGN,17.661684,18.078992,17.562558
2021-10-21,CRM,37.159167,36.71346,36.40186
2021-10-21,CSCO,19.82206,20.217577,19.531822
2021-10-21,IBM,27.235175,27.528698,27.222509
2021-10-21,INTC,22.303209,22.356671,22.051941
2021-10-21,MSFT,125.30347,127.64343,122.17184
2021-10-21,NKE,18.032829,18.132511,18.247154
2021-10-21,VZ,3.7362342,3.7679311,3.6971554
2021-10-21,WMT,5.8242894,5.8139456,5.7848085
2021-10-22,AAPL,77.253396,77.312778,76.663498
2021-10-22,AMGN,17.669683,18.1312,17.616501
2021-10-22,CRM,36.077389,36.003115,36.081642
2021-10-22,CSCO,20.187814,20.516615,19.947592
2021-10-22,IBM,26.954935,27.57798,26.803506
2021-10-22,INTC,22.760866,23.149881,22.24069
2021-10-22,MSFT,127.23959,128.99606,126.09599
2021-10-22,NKE,17.92436,18.093791,17.83668
2021-10-22,VZ,3.6115275,3.6272469,3.602802
2021-10-22,WMT,5.7092017,5.7454458,5.6525449
2021-10-25,AAPL,76.647765,77.571647,76.228087
2021-10-25,AMGN,17.549486,17.815864,17.592141
2021-10-25,CRM,38.274898,38.951883,37.774075
2021-10-25,CSCO,19.718506,19.620096,19.613808
2021-10-25,IBM,26.913689,26.709498,26.872459
2021-10-25,INTC,22.186687,22.596651,21.860394
2021-10-25,MSFT,128.04665,127.32026,127.40662
2021-10-25,NKE,17.821754,17.864954,17.806682
2021-10-25,VZ,3.6041024,3.6398895,3.6327054
2021-10-25,WMT,5.711586,5.8013777,5.6911397
2021-10-26,AAPL,75.179053,76.367159,74.639412
2021-10-26,AMGN,17.513827,17.951218,17.352455
2021-10-26,CRM,38.931694,40.556997,37.393664
2021-10-26,CSCO,20.396371,20.705946,19.915469
2021-10-26,IBM,26.751377,26.808438,26.66568
2021-10-26,INTC,21.739702,21.784788,21.329953
2021-10-26,MSFT,127.04385,129.95502,126.55234
2021-10-26,NKE,17.42211,17.380847,17.108461
2021-10-26,VZ,3.6888484,3.7426903,3.6475596
2021-10-26,WMT,5.6560829,5.6860024,5.6575757
2021-10-27,AAPL,74.327917,76.429956,73.854904
2021-10-27,AMGN,17.065321,17.212122,16.957183
2021-10-27,CRM,37.154634,37.390948,36.743413
2021-10-27,CSCO,20.604546,20.8013,20.52742
2021-10-27,IBM,26.687671,26.95568,26.727251
2021-10-27,INTC,21.533743,21.569674,21.34328
2021-10-27,MSFT,129.02745,128.61886,127.65168
2021-10-27,NKE,17.385632,17.641231,17.448148
2021-10-27,VZ,3.7144468,3.7392846,3.6622185
2021-10-27,WMT,5.5853599,5.7461304,5.4929857
2021-10-28,AAPL,74.180939,75.80341,74.810981
2021-10-28,AMGN,16.702255,16.768626,16.570957
2021-10-28,CRM,37.468529,38.418865,35.914359
2021-10-28,CSCO,20.588801,20.803012,20.703622
2021-10-28,IBM,26.566725,26.798315,26.647161
2021-10-28,INTC,22.00172,22.113827,21.783809
2021-10-28,MSFT,129.63938,130.7975,126.40059
2021-10-28,NKE,17.063815,17.37843,16.825476
2021-10-28,VZ,3.6158059,3.6888482,3.5767179
2021-10-28,WMT,5.5372849,5.5487013,5.4614917
2021-10-29,AAPL,76.855507,79.106804,75.966579
2021-10-29,AMGN,16.6248,16.810993,16.586687
2021-10-29,CRM,36.486491,37.84691,36.19576
2021-10-29,CSCO,20.277344,20.348205,20.257133
2021-10-29,IBM,26.783508,27.674251,26.557386
2021-10-29,INTC,22.059167,22.269218,21.826268
2021-10-29,MSFT,130.95509,132.87223,129.33839
2021-10-29,NKE,16.96443,16.996492,16.899348
2021-10-29,VZ,3.6311586,3.6393999,3.6404094
2021-10-29,WMT,5.5473784,5.5468447,5.5640253
2021-11-01,AAPL,76.596383,75.848179,76.142417
2021-11-01,AMGN,16.290796,16.454236,15.870762
2021-11-01,CRM,37.081599,37.105293,37.034534
2021-11-01,CSCO,21.213441,21.346994,20.952537
2021-11-01,IBM,26.422608,26.751978,26.181026
2021-11-01,INTC,22.504495,22.764641,22.716759
2021-11-01,MSFT,130.12452,130.67653,128.60179
2021-11-01,NKE,17.170558,17.309751,17.240889
2021-11-01,VZ,3.5834745,3.627993,3.5717665
2021-11-01,WMT,5.552065,5.5245132,5.6111755
2021-11-02,AAPL,76.374657,75.48419,75.333728
2021-11-02,AMGN,16.130187,16.594478,16.238298
2021-11-02,CRM,34.933573,34.704079,34.619083
2021-11-02,CSCO,21.033555,21.21254,20.804028
2021-11-02,IBM,27.13965,27.201748,27.016221
2021-11-02,INTC,21.860047,21.835198,21.727679
2021-11-02,MSFT,126.60285,124.93085,124.68732
2021-11-02,NKE,17.656253,18.054176,17.953504
2021-11-02,VZ,3.5763176,3.5885213,3.5645108
2021-11-02,WMT,5.5524724,5.6382919,5.5526677
2021-11-03,AAPL,75.799341,76.649239,74.277884
2021-11-03,AMGN,15.915825,16.028231,15.683953
2021-11-03,CRM,34.684631,34.33874,33.951126
2021-11-03,CSCO,20.885467,21.098146,20.716171
2021-11-03,IBM,26.884067,27.021144,26.425368
2021-11-03,INTC,21.631269,21.860145,21.574093
2021-11-03,MSFT,129.50496,130.34188,128.45226
2021-11-03,NKE,18.190218,18.399436,18.255066
2021-11-03,VZ,3.4914455,3.5208493,3.5066631
2021-11-03,WMT,5.4646221,5.4881545,5.3876311
2021-11-04,AAPL,76.014016,76.644756,76.018574
2021-11-04,AMGN,15.964511,16.365414,15.60116
2021-11-04,CRM,35.814134,35.584117,34.333687
2021-11-04,CSCO,21.337829,21.012822,21.457069
2021-11-04,IBM,26.316807,26.429781,25.962743
2021-11-04,INTC,21.080946,20.90952,20.854792
2021-11-04,MSFT,128.79245,129.36351,128.14704
2021-11-04,NKE,17.942306,18.1527,18.070276
2021-11-04,VZ,3.5052354,3.615532,3.5421137
2021-11-04,WMT,5.5236756,5.5185069,5.5213733
2021-11-05,AAPL,76.669328,77.422741,76.61019
2021-11-05,AMGN,16.180433,16.457449,15.815428
2021-11-05,CRM,35.450629,36.870521,34.863934
2021-11-05,CSCO,21.247042,21.077762,21.049178
2021-11-05,IBM,26.468026,26.805008,26.289614
2021-11-05,INTC,20.836815,20.84581,20.644201
2021-11-05,MSFT,127.60216,129.14769,127.85797
2021-11-05,NKE,17.774295,17.897244,17.410976
2021-11-05,VZ,3.397321,3.4038815,3.4499798
2021-11-05,WMT,5.6030166,5.6868039,5.5196056
2021-11-08,AAPL,75.103513,74.449203,73.982065
2021-11-08,AMGN,15.555399,15.754764,15.584372
2021-11-08,CRM,34.071129,34.082652,34.07859
2021-11-08,CSCO,21.03414,20.716796,20.813521
2021-11-08,IBM,26.20058,26.080165,26.069099
2021-11-08,INTC,20.552493,20.65737,20.232526
2021-11-08,MSFT,126.20341,127.47662,124.56346
2021-11-08,NKE,18.033699,18.088654,17.651455
2021-11-08,VZ,3.3804683,3.3799404,3.3309576
2021-11-08,WMT,5.5181315,5.5406399,5.5037971
2021-11-09,AAPL,75.152696,75.632024,73.708226
2021-11-09,AMGN,15.328543,15.743133,15.16956
2021-11-09,CRM,35.169393,35.657926,34.153468
2021-11-09,CSCO,20.713909,20.61968,20.313062
2021-11-09,IBM,25.756428,25.796083,25.522181
2021-11-09,INTC,21.10588,21.472265,20.812649
2021-11-09,MSFT,131.59498,134.43116,132.84512
2021-11-09,NKE,18.206213,18.771399,18.258321
2021-11-09,VZ,3.4169571,3.4104941,3.4416036
2021-11-09,WMT,5.633833,5.5943081,5.5905222
2021-11-10,AAPL,73.397029,73.882528,72.480845
2021-11-10,AMGN,15.120025,15.350696,14.554426
2021-11-10,CRM,33.866848,34.485786,32.885193
2021-11-10,CSCO,21.024926,20.990212,20.890673
2021-11-10,IBM,25.253093,25.429072,25.03623
2021-11-10,INTC,21.297527,21.17475,20.744843
2021-11-10,MSFT,128.45539,131.26399,127.28359
2021-11-10,NKE,18.391041,18.318163,18.500691
2021-11-10,VZ,3.3711414,3.3790571,3.3645411
2021-11-10,WMT,5.5285357,5.5547838,5.5213533
2021-11-11,AAPL,73.677044,74.449832,73.699361
2021-11-11,AMGN,14.108978,13.88855,14.009039
2021-11-11,CRM,33.002013,33.610755,32.233365
2021-11-11,CSCO,21.223155,20.937171,21.007378
2021-11-11,IBM,25.045557,25.053155,25.07659
2021-11-11,INTC,21.41002,21.279008,20.683513
2021-11-11,MSFT,135.29068,136.75722,137.29068
2021-11-11,NKE,17.987004,17.887951,17.862722
2021-11-11,VZ,3.2467993,3.2702827,3.2646593
2021-11-11,WMT,5.3825461,5.4579804,5.3293027
2021-11-12,AAPL,75.090339,75.289285,74.159418
2021-11-12,AMGN,14.109412,14.134149,13.837175
2021-11-12,CRM,32.586347,33.62181,32.707819
2021-11-12,CSCO,21.813481,21.628383,22.059749
2021-11-12,IBM,25.147327,24.951796,25.025912
2021-11-12,INTC,21.077382,21.628616,20.833588
2021-11-12,MSFT,143.44131,146.85378,142.90077
2021-11-12,NKE,17.506948,17.723649,17.325326
2021-11-12,VZ,3.3257214,3.4171273,3.3221497
2021-11-12,WMT,5.2438534,5.271958,5.1889761
2021-11-15,AAPL,74.38426,76.280797,74.88465
2021-11-15,AMGN,14.153425,14.27366,14.124895
2021-11-15,CRM,31.670821,31.366952,30.905147
2021-11-15,CSCO,21.308026,21.704556,21.204166
2021-11-15,IBM,24.799579,24.7875,24.507806
2021-11-15,INTC,20.818048,20.868687,20.9636
2021-11-15,MSFT,139.60588,140.54335,137.78962
2021-11-15,NKE,17.424742,17.74165,16.887038
2021-11-15,VZ,3.3600513,3.4284932,3.3432593
2021-11-15,WMT,5.2684039,5.292338,5.2081687
2021-11-16,AAPL,72.04204,73.328508,70.753184
2021-11-16,AMGN,14.466732,14.57225,14.353763
2021-11-16,CRM,29.8494,30.665146,29.114552
2021-11-16,CSCO,21.962629,21.757251,21.632132
2021-11-16,IBM,24.437147,24.372857,24.614632
2021-11-16,INTC,20.683529,20.844752,20.530709
2021-11-16,MSFT,137.79634,137.67257,135.32904
2021-11-16,NKE,17.771632,17.98662,18.001445
2021-11-16,VZ,3.409404,3.435579,3.3982811
2021-11-16,WMT,5.2690237,5.3355481,5.1846416
2021-11-17,AAPL,71.614054,71.647178,72.050435
2021-11-17,AMGN,14.053182,14.341687,13.797072
2021-11-17,CRM,29.491634,30.397188,28.791798
2021-11-17,CSCO,21.297315,21.601623,21.298554
2021-11-17,IBM,24.22914,24.259268,23.959047
2021-11-17,INTC,20.945835,21.215699,20.434139
2021-11-17,MSFT,138.62661,137.34269,138.56958
2021-11-17,NKE,18.001388,18.402871,18.042622
2021-11-17,VZ,3.5088667,3.5456716,3.4990792
2021-11-17,WMT,5.3186061,5.4105597,5.3664086
2021-11-18,AAPL,71.267117,72.628893,70.567904
2021-11-18,AMGN,13.745343,13.949471,13.606238
2021-11-18,CRM,29.917684,30.264427,29.938266
2021-11-18,CSCO,20.593203,20.852753,20.112327
2021-11-18,IBM,23.944675,24.212023,23.792879
2021-11-18,INTC,21.158695,21.389406,20.82988
2021-11-18,MSFT,143.28502,144.34267,143.54278
2021-11-18,NKE,18.070532,18.156762,17.956447
2021-11-18,VZ,3.5758286,3.561569,3.5600261
2021-11-18,WMT,5.2772612,5.3083638,5.2955655
2021-11-19,AAPL,73.752474,74.886709,72.51673
2021-11-19,AMGN,13.538037,13.649632,13.36635
2021-11-19,CRM,29.325706,30.199174,28.476258
2021-11-19,CSCO,20.468035,20.469582,20.375346
2021-11-19,IBM,24.049607,23.847895,23.98694
2021-11-19,INTC,21.16344,21.620636,20.912957
2021-11-19,MSFT,143.55117,145.54219,141.60894
2021-11-19,NKE,17.566318,17.449396,16.968207
2021-11-19,VZ,3.5521991,3.6384616,3.4437537
2021-11-19,WMT,5.1362754,5.2025297,5.0652765
2021-11-22,AAPL,73.383569,74.589359,73.489848
2021-11-22,AMGN,13.391762,13.553454,13.323662
2021-11-22,CRM,29.822296,29.228286,30.175065
2021-11-22,CSCO,20.287173,20.690111,19.725279
2021-11-22,IBM,24.08428,24.382461,23.744875
2021-11-22,INTC,21.110135,21.285396,20.705044
2021-11-22,MSFT,142.71243,145.78456,143.17327
2021-11-22,NKE,17.865307,18.086609,17.579954
2021-11-22,VZ,3.4980757,3.4854845,3.4906322
2021-11-22,WMT,5.0280799,5.0629808,4.9620423
2021-11-23,AAPL,73.023837,72.819528,73.537474
2021-11-23,AMGN,13.155508,13.277879,13.015474
2021-11-23,CRM,29.40143,30.172422,28.878361
2021-11-23,CSCO,19.90133,20.223085,19.620844
2021-11-23,IBM,24.287435,24.575131,24.240609
2021-11-23,INTC,21.140112,21.567044,20.671647
2021-11-23,MSFT,141.863,143.91528,139.61656
2021-11-23,NKE,18.015262,18.132544,18.085797
2021-11-23,VZ,3.4527852,3.4561423,3.4477778
2021-11-23,WMT,5.0714158,5.0370892,5.0291828
2021-11-24,AAPL,72.995611,71.529165,73.451678
2021-11-24,AMGN,12.992974,13.091832,12.837807
2021-11-24,CRM,28.190638,28.791803,28.24301
2021-11-24,CSCO,19.933025,20.113386,19.739681
2021-11-24,IBM,23.917788,24.069595,23.668403
2021-11-24,INTC,20.985492,20.767633,20.912658
2021-11-24,MSFT,142.83442,142.64514,140.43139
2021-11-24,NKE,18.037697,18.065662,17.894118
2021-11-24,VZ,3.4002472,3.4415782,3.3735973
2021-11-24,WMT,5.0767573,5.1125438,5.0626895
2021-11-26,AAPL,71.717172,72.953836,70.274366
2021-11-26,AMGN,12.988647,13.194521,12.66891
2021-11-26,CRM,30.344837,30.302662,28.983723
2021-11-26,CSCO,20.13815,20.422925,20.316949
2021-11-26,IBM,23.620707,23.862861,24.100388
2021-11-26,INTC,20.675521,20.976549,20.178889
2021-11-26,MSFT,139.47657,142.66591,136.32212
2021-11-26,NKE,18.013546,17.906316,17.679913
2021-11-26,VZ,3.3600089,3.3892266,3.3332566
2021-11-26,WMT,5.1687777,5.2268908,5.1600253
2021-11-29,AAPL,70.73283,71.480581,69.641606
2021-11-29,AMGN,12.719855,12.744848,12.512542
2021-11-29,CRM,29.593178,30.053458,29.92746
2021-11-29,CSCO,20.608768,20.738352,20.496173
2021-11-29,IBM,23.593379,23.762534,23.760099
2021-11-29,INTC,20.153367,20.137333,19.904089
2021-11-29,MSFT,141.90096,142.70128,139.20232
2021-11-29,NKE,17.885661,17.774609,17.913818
2021-11-29,VZ,3.3404026,3.4105683,3.3669837
2021-11-29,WMT,5.1406336,5.1710186,5.045695
2021-11-30,AAPL,71.091307,72.713314,69.48522
2021-11-30,AMGN,12.602577,12.956518,12.419107
2021-11-30,CRM,28.951164,29.771809,28.170718
2021-11-30,CSCO,20.391618,20.449167,20.140259
2021-11-30,IBM,23.413481,23.809335,23.371376
2021-11-30,INTC,19.793933,20.082229,19.703567
2021-11-30,MSFT,140.5269,139.13363,137.76895
2021-11-30,NKE,17.869091,17.960558,17.764522
2021-11-30,VZ,3.3477952,3.3684456,3.3383268
2021-11-30,WMT,5.0736154,5.0987518,5.0721118
2021-12-01,AAPL,72.821595,72.860842,72.339903
2021-12-01,AMGN,12.406293,12.399503,12.211905
2021-12-01,CRM,29.539673,30.471479,28.52948
2021-12-01,CSCO,20.069735,20.47506,19.967509
2021-12-01,IBM,22.847792,23.081674,22.380603
2021-12-01,INTC,19.618465,19.595133,19.865341
2021-12-01,MSFT,142.28173,144.79351,140.79573
2021-12-01,NKE,18.360746,18.73561,18.479592
2021-12-01,VZ,3.3170923,3.3426966,3.2970191
2021-12-01,WMT,5.0048537,5.0492652,4.9921369
2021-12-02,AAPL,76.015279,77.025263,73.514827
2021-12-02,AMGN,12.055427,11.99592,11.893101
2021-12-02,CRM,27.986586,28.600265,28.15375
2021-12-02,CSCO,19.787349,19.663877,19.300737
2021-12-02,IBM,22.655587,22.883758,22.555026
2021-12-02,INTC,19.537892,19.595842,19.037824
2021-12-02,MSFT,145.19497,147.87814,143.43987
2021-12-02,NKE,18.323461,18.385485,18.377502
2021-12-02,VZ,3.3612916,3.3616241,3.3637118
2021-12-02,WMT,4.9972402,5.0168149,4.9836045
2021-12-03,AAPL,75.757595,76.057082,75.17412
2021-12-03,AMGN,11.912898,11.985767,11.777267
2021-12-03,CRM,28.004744,28.491146,27.381415
2021-12-03,CSCO,19.290136,19.495857,18.995937
2021-12-03,IBM,22.622464,22.732917,22.706758
2021-12-03,INTC,19.549531,19.559667,19.167567
2021-12-03,MSFT,146.1817,147.88469,145.1386
2021-12-03,NKE,18.240033,18.643031,18.433818
2021-12-03,VZ,3.3778941,3.4033279,3.4316357
2021-12-03,WMT,4.8997832,4.9279999,4.8101362
2021-12-06,AAPL,76.680809,77.721218,77.907778
2021-12-06,AMGN,11.948348,11.853941,11.890746
2021-12-06,CRM,27.337545,27.261236,26.681671
2021-12-06,CSCO,19.382167,19.505827,19.222814
2021-12-06,IBM,22.305661,22.616142,22.334286
2021-12-06,INTC,19.506549,19.471937,18.972188
2021-12-06,MSFT,147.9325,148.22093,146.13072
2021-12-06,NKE,18.252557,18.430974,18.169237
2021-12-06,VZ,3.2974872,3.3274953,3.3514711
2021-12-06,WMT,4.8564008,4.8946095,4.7876256
2021-12-07,AAPL,77.904421,76.473797,75.734943
2021-12-07,AMGN,11.862921,11.939272,12.000706
2021-12-07,CRM,27.473956,28.15394,27.165894
2021-12-07,CSCO,19.604408,19.820454,19.726873
2021-12-07,IBM,22.206587,21.982349,22.044817
2021-12-07,INTC,20.131602,20.249002,19.624909
2021-12-07,MSFT,150.23595,152.40429,149.63716
2021-12-07,NKE,17.825061,18.201863,17.480544
2021-12-07,VZ,3.2669021,3.3058575,3.2851191
2021-12-07,WMT,4.8190337,4.8708478,4.7513642
2021-12-08,AAPL,78.574819,79.430481,76.342489
2021-12-08,AMGN,11.538754,11.783543,11.36327
2021-12-08,CRM,29.292352,29.497027,28.771856
2021-12-08,CSCO,19.38472,19.679772,18.904844
2021-12-08,IBM,22.197963,22.331753,21.913027
2021-12-08,INTC,20.107782,20.505929,19.982707
2021-12-08,MSFT,149.42572,152.05993,148.07196
2021-12-08,NKE,18.186407,18.389131,17.717794
2021-12-08,VZ,3.1876627,3.2018184,3.1878341
2021-12-08,WMT,4.7786976,4.8606108,4.7149967
2021-12-09,AAPL,80.434278,80.331906,78.425331
2021-12-09,AMGN,11.377838,11.629879,10.979031
2021-12-09,CRM,30.253378,31.511738,30.009765
2021-12-09,CSCO,19.493674,19.196158,19.58996
2021-12-09,IBM,21.493927,21.797157,21.99755
2021-12-09,INTC,20.296605,20.361604,20.071436
2021-12-09,MSFT,149.67163,150.5533,146.56657
2021-12-09,NKE,18.161401,18.719221,17.921046
2021-12-09,VZ,3.2503311,3.2950048,3.2496675
2021-12-09,WMT,4.7041486,4.7786788,4.723358
2021-12-10,AAPL,79.442928,80.313423,79.784088
2021-12-10,AMGN,11.101008,11.385748,11.064403
2021-12-10,CRM,30.452008,30.680152,30.151862
2021-12-10,CSCO,19.032776,19.381762,18.836518
2021-12-10,IBM,21.866282,21.770926,21.77025
2021-12-10,INTC,20.690417,20.865422,20.553949
2021-12-10,MSFT,150.51386,148.30584,148.12663
2021-12-10,NKE,18.281747,18.59037,17.962141
2021-12-10,VZ,3.2417957,3.2687712,3.2491402
2021-12-10,WMT,4.8499074,4.9356748,4.8798766
2021-12-13,AAPL,78.62188,80.27805,78.781727
2021-12-13,AMGN,11.287947,11.364896,11.267071
2021-12-13,CRM,29.119015,29.550742,28.70031
2021-12-13,CSCO,19.160251,18.945707,19.156217
2021-12-13,IBM,21.561744,21.835804,21.525368
2021-12-13,INTC,20.28685,20.681269,19.988918
2021-12-13,MSFT,149.92491,150.54287,148.86042
2021-12-13,NKE,18.266926,18.46837,17.867183
2021-12-13,VZ,3.1852314,3.2154425,3.1900704
2021-12-13,WMT,4.9081559,4.9246667,4.775135
2021-12-14,AAPL,76.599752,77.008474,76.185953
2021-12-14,AMGN,11.238384,11.349092,11.162408
2021-12-14,CRM,29.011949,29.213676,28.538428
2021-12-14,CSCO,19.045797,19.371486,18.713524
2021-12-14,IBM,21.591168,21.878263,21.679599
2021-12-14,INTC,20.280175,20.634885,20.035804
2021-12-14,MSFT,152.22977,151.22462,153.0926
2021-12-14,NKE,17.876561,17.816717,17.703036
2021-12-14,VZ,3.1544322,3.148052,3.1924726
2021-12-14,WMT,4.9137869,4.9210042,4.8965287
2021-12-15,AAPL,73.276375,73.411954,74.13434
2021-12-15,AMGN,11.171766,11.492054,11.082292
2021-12-15,CRM,30.146655,30.30463,29.666721
2021-12-15,CSCO,18.973076,18.756488,18.988171
2021-12-15,IBM,21.589906,21.523753,21.593877
2021-12-15,INTC,19.53584,19.746867,18.954344
2021-12-15,MSFT,149.89155,150.54854,145.68839
2021-12-15,NKE,18.363432,18.375025,18.457147
2021-12-15,VZ,3.1341449,3.1236462,3.1071017
2021-12-15,WMT,4.8036646,4.8000682,4.7877767
2021-12-16,AAPL,72.051886,73.067334,72.367018
2021-12-16,AMGN,11.070192,11.243811,11.04236
2021-12-16,CRM,30.367097,31.416322,29.940593
2021-12-16,CSCO,18.911109,19.008349,18.841961
2021-12-16,IBM,22.302777,22.279811,22.12039
2021-12-16,INTC,19.523134,19.539681,19.327502
2021-12-16,MSFT,150.93528,152.45876,147.1095
2021-12-16,NKE,18.453075,18.95592,18.213293
2021-12-16,VZ,3.1476808,3.1774394,3.1508365
2021-12-16,WMT,4.7749024,4.8194393,4.771048
2021-12-17,AAPL,72.941972,74.410835,72.203209
2021-12-17,AMGN,10.799878,10.838139,10.817723
2021-12-17,CRM,29.483072,31.354925,28.241682
2021-12-17,CSCO,19.15257,19.354148,18.988278
2021-12-17,IBM,22.412408,22.94441,22.22046
2021-12-17,INTC,19.871114,20.079617,19.817057
2021-12-17,MSFT,154.38069,156.7441,154.59655
2021-12-17,NKE,19.208597,19.323199,19.185528
2021-12-17,VZ,3.063744,3.1161321,3.0068217
2021-12-17,WMT,4.7714882,4.7958126,4.740703
2021-12-20,AAPL,72.417843,74.042137,71.440204
2021-12-20,AMGN,10.89938,10.920741,10.855042
2021-12-20,CRM,28.802994,29.166782,28.448451
2021-12-20,CSCO,18.811076,19.038304,18.619735
2021-12-20,IBM,22.372572,22.720543,22.385056
2021-12-20,INTC,19.413651,19.612682,19.281136
2021-12-20,MSFT,155.01913,154.28268,152.47121
2021-12-20,NKE,19.0598,19.14409,19.040887
2021-12-20,VZ,3.0460797,3.0732404,3.0818543
2021-12-20,WMT,4.6943879,4.7073548,4.6270042
2021-12-21,AAPL,70.33201,71.27957,68.571536
2021-12-21,AMGN,10.79918,11.076827,10.556215
2021-12-21,CRM,29.097598,29.131352,28.785274
2021-12-21,CSCO,18.533664,18.971339,18.393726
2021-12-21,IBM,22.247753,22.118964,22.09765
2021-12-21,INTC,18.77991,18.99244,18.573323
2021-12-21,MSFT,153.94521,154.66804,154.11753
2021-12-21,NKE,19.587176,19.789032,19.596385
2021-12-21,VZ,3.0480575,3.0893774,3.0257167
2021-12-21,WMT,4.6758321,4.6836196,4.619984
2021-12-22,AAPL,71.733951,71.499451,70.618286
2021-12-22,AMGN,10.743741,10.850083,10.685257
2021-12-22,CRM,28.206843,28.044951,28.400887
2021-12-22,CSCO,18.455239,18.905221,18.48794
2021-12-22,IBM,22.071778,22.511593,22.007874
2021-12-22,INTC,18.721431,18.867503,18.509248
2021-12-22,MSFT,154.15867,155.25527,152.13044
2021-12-22,NKE,19.758053,20.133963,19.682747
2021-12-22,VZ,3.0005894,3.0031763,3.0176036
2021-12-22,WMT,4.6314123,4.6785888,4.5693395
2021-12-23,AAPL,71.232102,71.877857,70.401554
2021-12-23,AMGN,10.443268,10.666852,10.448334
2021-12-23,CRM,28.297909,28.396087,27.619461
2021-12-23,CSCO,17.956473,18.09408,17.767524
2021-12-23,IBM,22.56658,22.291415,22.582718
2021-12-23,INTC,18.453044,18.635747,17.921303
2021-12-23,MSFT,160.39338,160.8372,160.74697
2021-12-23,NKE,19.774101,19.73268,19.537179
2021-12-23,VZ,2.9812128,3.0078058,2.9771124
2021-12-23,WMT,4.523689,4.5401431,4.4718702
2021-12-27,AAPL,74.603323,74.484943,73.760691
2021-12-27,AMGN,10.083298,10.067051,9.9336049
2021-12-27,CRM,27.453704,27.999544,26.859665
2021-12-27,CSCO,17.84318,18.180149,17.677236
2021-12-27,IBM,22.536209,22.74849,22.454708
2021-12-27,INTC,18.300361,18.366085,18.02548
2021-12-27,MSFT,155.86708,156.84224,154.95553
2021-12-27,NKE,19.688568,19.904686,19.236292
2021-12-27,VZ,2.968018,2.9415132,2.9571594
2021-12-27,WMT,4.5335005,4.588526,4.5489375
2021-12-28,AAPL,74.745794,76.233286,73.782852
2021-12-28,AMGN,9.9699138,10.05964,9.9568687
2021-12-28,CRM,26.477441,26.535073,25.34068
2021-12-28,CSCO,17.909131,17.730992,17.67685
2021-12-28,IBM,22.259369,22.560403,22.198083
2021-12-28,INTC,18.016604,17.872509,17.730612
2021-12-28,MSFT,152.73737,154.33972,151.0254
2021-12-28,NKE,19.736554,19.895971,19.672289
2021-12-28,VZ,2.9140799,2.9163184,2.8798435
2021-12-28,WMT,4.4995537,4.5219732,4.5029619
2021-12-29,AAPL,76.797816,79.951718,75.703078
2021-12-29,AMGN,9.9932574,10.113675,10.09284
2021-12-29,CRM,26.80198,27.340821,26.452118
2021-12-29,CSCO,17.631699,17.83669,17.536462
2021-12-29,IBM,22.264886,22.202059,22.353647
2021-12-29,INTC,17.733989,18.114574,17.662961
2021-12-29,MSFT,152.50811,151.37467,148.93082
2021-12-29,NKE,19.577671,19.781843,19.758826
2021-12-29,VZ,2.9264353,2.9515691,2.93117
2021-12-29,WMT,4.5658373,4.5454912,4.4893316
2021-12-30,AAPL,74.292042,74.967087,73.362666
2021-12-30,AMGN,9.8563585,9.9212098,9.7199534
2021-12-30,CRM,26.785133,27.161761,26.370972
2021-12-30,CSCO,17.357926,17.623619,16.95456
2021-12-30,IBM,21.800849,22.204928,21.802068
2021-12-30,INTC,17.426317,17.634915,17.357994
2021-12-30,MSFT,150.35,151.43368,147.98363
2021-12-30,NKE,19.669757,20.077818,19.671173
2021-12-30,VZ,2.8102967,2.8188446,2.7719573
2021-12-30,WMT,4.5865409,4.6183441,4.6330924
2021-12-31,AAPL,75.527034,77.376475,75.721249
2021-12-31,AMGN,9.6065711,9.7275206,9.4788998
2021-12-31,CRM,27.862918,28.711981,27.325201
2021-12-31,CSCO,17.751077,17.88125,17.418269
2021-12-31,IBM,22.167087,22.351857,22.127753
2021-12-31,INTC,17.465415,17.307875,17.552471
2021-12-31,MSFT,157.24166,158.53364,158.47195
2021-12-31,NKE,19.758821,20.133556,19.572353
2021-12-31,VZ,2.7883989,2.7956951,2.7870016
2021-12-31,WMT,4.6641183,4.7407732,4.6548619
2022-01-03,AAPL,75.092984,75.42778,74.677769
2022-01-03,AMGN,9.8519114,10.036325,9.9212973
2022-01-03,CRM,27.851028,28.750231,27.382668
2022-01-03,CSCO,17.58822,17.740829,17.388573
2022-01-03,IBM,22.240238,22.518775,21.847268
2022-01-03,INTC,17.535609,17.616211,17.467942
2022-01-03,MSFT,160.8628,162.85921,161.55838
2022-01-03,NKE,19.722652,19.770058,19.304867
2022-01-03,VZ,2.8245329,2.8641186,2.8019756
2022-01-03,WMT,4.6795376,4.7711763,4.5988524
2022-01-04,AAPL,73.747849,73.466528,71.898432
2022-01-04,AMGN,9.6900344,9.7552226,9.6787418
2022-01-04,CRM,26.778148,27.003485,26.2698
2022-01-04,CSCO,17.668051,17.504014,17.809979
2022-01-04,IBM,21.874331,21.701259,21.591623
2022-01-04,INTC,17.288914,17.558395,17.135497
2022-01-04,MSFT,162.18881,163.20182,159.42944
2022-01-04,NKE,19.594274,20.032817,19.113984
2022-01-04,VZ,2.7392108,2.7404657,2.7580171
2022-01-04,WMT,4.6704836,4.7007716,4.6463289
2022-01-05,AAPL,71.403692,72.674403,71.717903
2022-01-05,AMGN,9.7939427,9.8444279,9.8947227
2022-01-05,CRM,25.766924,26.123377,24.640841
2022-01-05,CSCO,18.197376,18.111932,17.957534
2022-01-05,IBM,22.049644,22.445573,21.866666
2022-01-05,INTC,17.35814,17.181794,16.998987
2022-01-05,MSFT,161.35684,159.95895,159.83934
2022-01-05,NKE,18.988224,19.050011,18.944981
2022-01-05,VZ,2.6643132,2.6760085,2.6500354
2022-01-05,WMT,4.6569851,4.7152798,4.5585576
2022-01-06,AAPL,72.256352,73.082339,71.920546
2022-01-06,AMGN,9.7124707,9.8913048,9.590559
2022-01-06,CRM,24.122165,24.672814,23.149523
2022-01-06,CSCO,17.609697,17.727393,17.522747
2022-01-06,IBM,21.734048,21.729232,21.841648
2022-01-06,INTC,17.811162,17.70929,17.51075
2022-01-06,MSFT,162.4861,162.60212,160.98971
2022-01-06,NKE,19.024608,18.818729,18.711261
2022-01-06,VZ,2.6333718,2.6645198,2.6288149
2022-01-06,WMT,4.6617517,4.7460606,4.6438596
2022-01-07,AAPL,72.431329,72.860463,72.178058
2022-01-07,AMGN,9.7100165,9.8995344,9.5356627
2022-01-07,CRM,24.480265,24.80766,23.806724
2022-01-07,CSCO,17.273151,17.263464,16.863768
2022-01-07,IBM,21.53316,21.633112,21.152386
2022-01-07,INTC,18.301475,18.445616,18.18551
2022-01-07,MSFT,157.24966,158.33747,153.5775
2022-01-07,NKE,19.409424,19.612451,19.56929
2022-01-07,VZ,2.6785125,2.7147704,2.6519294
2022-01-07,WMT,4.6018645,4.6597057,4.5954982
2022-01-10,AAPL,69.997636,71.971113,67.931804
2022-01-10,AMGN,9.8623392,10.14795,9.7341798
2022-01-10,CRM,24.754864,25.430267,24.710522
2022-01-10,CSCO,17.307722,17.11488,17.104183
2022-01-10,IBM,21.298767,21.414409,20.779758
2022-01-10,INTC,18.463794,18.881334,18.515752
2022-01-10,MSFT,161.19962,163.15501,158.90979
2022-01-10,NKE,19.403074,19.612567,18.55752
2022-01-10,VZ,2.6160356,2.622757,2.6490262
2022-01-10,WMT,4.6074832,4.6338282,4.589065
2022-01-11,AAPL,70.040498,71.096749,68.397129
2022-01-11,AMGN,9.8315188,9.8236775,9.8907743
2022-01-11,CRM,24.408433,25.216457,24.329523
2022-01-11,CSCO,17.595316,17.586484,17.54357
2022-01-11,IBM,21.479971,21.741383,21.219526
2022-01-11,INTC,18.232528,18.428944,18.400904
2022-01-11,MSFT,159.60268,160.72899,156.86046
2022-01-11,NKE,19.297749,19.281295,19.089997
2022-01-11,VZ,2.5958039,2.6515004,2.5947624
2022-01-11,WMT,4.5271572,4.566141,4.3935823
2022-01-12,AAPL,69.597157,69.433203,68.373068
2022-01-12,AMGN,9.9371778,9.9997545,9.8959086
2022-01-12,CRM,25.044172,24.710257,24.454887
2022-01-12,CSCO,18.025342,18.534835,18.02169
2022-01-12,IBM,21.369211,22.0263,21.247176
2022-01-12,INTC,18.442106,18.803161,18.581412
2022-01-12,MSFT,161.2777,161.9954,161.91287
2022-01-12,NKE,19.087758,18.879852,18.945343
2022-01-12,VZ,2.5528235,2.5752172,2.5588618
2022-01-12,WMT,4.5453786,4.6038086,4.5129209
2022-01-13,AAPL,67.202384,69.159123,67.219552
2022-01-13,AMGN,9.891732,10.094426,9.6541572
2022-01-13,CRM,24.582004,24.49088,23.048756
2022-01-13,CSCO,18.236918,18.329513,18.290575
2022-01-13,IBM,21.542534,21.445436,21.587922
2022-01-13,INTC,18.780838,18.60055,18.549752
2022-01-13,MSFT,159.47017,161.93866,156.57702
2022-01-13,NKE,19.468972,19.452671,19.187312
2022-01-13,VZ,2.5727389,2.6235162,2.5944167
2022-01-13,WMT,4.5104847,4.5545184,4.4528487
2022-01-14,AAPL,65.907124,66.130334,64.713646
2022-01-14,AMGN,9.4924572,9.6228718,9.6127316
2022-01-14,CRM,23.787589,23.4596,23.675138
2022-01-14,CSCO,18.832748,19.004304,18.530171
2022-01-14,IBM,21.426409,21.190737,20.833919
2022-01-14,INTC,19.095126,19.356632,18.829212
2022-01-14,MSFT,162.32826,162.56386,161.72334
2022-01-14,NKE,19.726468,19.95736,20.025906
2022-01-14,VZ,2.5732169,2.5818646,2.5620434
2022-01-14,WMT,4.4921642,4.5889637,4.4250429
2022-01-18,AAPL,66.299458,66.71131,64.891969
2022-01-18,AMGN,9.3951603,9.480293,9.2685174
2022-01-18,CRM,23.746794,23.904373,22.969627
2022-01-18,CSCO,18.369388,18.53419,18.427983
2022-01-18,IBM,21.519344,21.681556,21.237898
2022-01-18,INTC,19.064479,19.18803,19.071804
2022-01-18,MSFT,161.64482,161.61467,158.2163
2022-01-18,NKE,20.022562,20.012497,19.787017
2022-01-18,VZ,2.6296748,2.6031231,2.6038396
2022-01-18,WMT,4.4453079,4.443029,4.4457732
2022-01-19,AAPL,66.254023,67.29605,64.949068
2022-01-19,AMGN,9.2742673,9.3231317,9.1581418
2022-01-19,CRM,23.116006,23.42905,22.663538
2022-01-19,CSCO,18.792023,18.882598,18.624869
2022-01-19,IBM,21.669614,21.679267,21.494813
2022-01-19,INTC,18.918787,19.094062,18.327034
2022-01-19,MSFT,163.27686,164.50772,162.98702
2022-01-19,NKE,20.190471,20.232656,19.683092
2022-01-19,VZ,2.6002799,2.6356424,2.6012734
2022-01-19,WMT,4.4944213,4.5386878,4.4761112
2022-01-20,AAPL,66.433409,67.466093,66.669718
2022-01-20,AMGN,9.132928,9.2980883,8.9874209
2022-01-20,CRM,22.10771,22.590355,21.63048
2022-01-20,CSCO,18.893329,18.865353,18.826218
2022-01-20,IBM,21.579876,22.140845,21.32183
2022-01-20,INTC,18.931247,18.852967,18.683436
2022-01-20,MSFT,161.71967,161.73591,161.02308
2022-01-20,NKE,20.262396,20.036706,19.995842
2022-01-20,VZ,2.6155581,2.6948569,2.6026133
2022-01-20,WMT,4.3934392,4.4405447,4.3394228
2022-01-21,AAPL,66.203205,68.643707,66.687666
2022-01-21,AMGN,9.2826625,9.6041649,9.2233886
2022-01-21,CRM,22.534606,22.818382,22.096216
2022-01-21,CSCO,18.577392,18.42918,18.399591
2022-01-21,IBM,21.939193,22.0701,21.709022
2022-01-21,INTC,18.945825,18.723154,18.975132
2022-01-21,MSFT,160.85884,163.75882,157.44657
2022-01-21,NKE,20.520322,20.968713,20.297772
2022-01-21,VZ,2.6606732,2.6687732,2.5917262
2022-01-21,WMT,4.4517151,4.5052396,4.4638859
2022-01-24,AAPL,64.291809,64.62186,64.405385
2022-01-24,AMGN,9.2309741,9.3665753,9.2042774
2022-01-24,CRM,22.33746,22.956108,22.559943
2022-01-24,CSCO,18.406047,18.63188,18.241977
2022-01-24,IBM,21.495681,21.501395,21.01893
2022-01-24,INTC,19.32913,19.395317,19.080674
2022-01-24,MSFT,165.37179,167.14304,165.59804
2022-01-24,NKE,19.992549,20.199772,19.878541
2022-01-24,VZ,2.7078178,2.7181628,2.7024597
2022-01-24,WMT,4.5082927,4.5233396,4.5127297
2022-01-25,AAPL,64.394017,63.839668,64.141399
2022-01-25,AMGN,8.9677299,9.0605693,8.644001
2022-01-25,CRM,22.137465,22.035884,22.137906
2022-01-25,CSCO,18.400507,18.512287,18.017333
2022-01-25,IBM,21.654181,21.870315,21.390349
2022-01-25,INTC,19.189655,18.934388,18.935423
2022-01-25,MSFT,164.83167,166.03434,163.88168
2022-01-25,NKE,19.747966,20.080813,19.757413
2022-01-25,VZ,2.7283706,2.7324713,2.6961456
2022-01-25,WMT,4.4958372,4.5280299,4.4747076
2022-01-26,AAPL,65.856563,66.771792,65.871275
2022-01-26,AMGN,9.0521212,9.1985093,9.0406628
2022-01-26,CRM,21.37368,21.633219,21.059332
2022-01-26,CSCO,18.218266,18.340594,18.049792
2022-01-26,IBM,21.226356,21.500882,20.907159
2022-01-26,INTC,19.606429,19.983225,20.00437
2022-01-26,MSFT,167.79964,166.10226,166.53772
2022-01-26,NKE,19.760279,19.88504,19.494482
2022-01-26,VZ,2.6983777,2.7268608,2.6778205
2022-01-26,WMT,4.4777628,4.5033629,4.4824207
2022-01-27,AAPL,65.217664,66.316737,63.761533
2022-01-27,AMGN,9.2625091,9.4536256,9.252927
2022-01-27,CRM,21.545364,21.625942,21.155839
2022-01-27,CSCO,18.621854,19.187528,18.502037
2022-01-27,IBM,21.258529,21.469102,20.869841
2022-01-27,INTC,19.952781,20.027225,19.593266
2022-01-27,MSFT,168.50196,170.7973,164.61502
2022-01-27,NKE,19.886256,20.049699,19.613435
2022-01-27,VZ,2.6454002,2.7016869,2.597193
2022-01-27,WMT,4.4755408,4.522378,4.4347477
2022-01-28,AAPL,66.309629,65.356912,64.613686
2022-01-28,AMGN,9.0838512,9.1511533,8.8161114
2022-01-28,CRM,21.756763,21.785046,21.446733
2022-01-28,CSCO,18.114249,18.738502,17.967724
2022-01-28,IBM,21.409255,21.455141,21.02458
2022-01-28,INTC,19.456189,19.865365,19.362388
2022-01-28,MSFT,165.55292,168.659,162.8919
2022-01-28,NKE,20.053756,20.524105,20.20339
2022-01-28,VZ,2.6494578,2.6759283,2.6144381
2022-01-28,WMT,4.4430702,4.4917302,4.3869347
2022-01-31,AAPL,64.619128,65.350478,63.373274
2022-01-31,AMGN,8.9509954,9.0944271,8.9309286
2022-01-31,CRM,22.053839,22.527681,21.349652
2022-01-31,CSCO,17.624011,17.970522,17.435882
2022-01-31,IBM,21.263572,21.52405,21.30241
2022-01-31,INTC,19.599925,20.011404,19.521775
2022-01-31,MSFT,156.84595,157.26668,155.98184
2022-01-31,NKE,19.495385,19.93484,19.286107
2022-01-31,VZ,2.6289035,2.6892166,2.6151294
2022-01-31,WMT,4.4559498,4.4655697,4.402929
2022-02-01,AAPL,63.690086,64.330691,64.019492
2022-02-01,AMGN,9.0595995,9.1707843,8.9262107
2022-02-01,CRM,21.775407,22.642051,21.072458
2022-02-01,CSCO,17.413423,17.602688,17.353042
2022-02-01,IBM,21.329287,21.41654,21.095488
2022-02-01,INTC,19.224027,19.40152,19.271238
2022-02-01,MSFT,154.55351,154.86357,155.85763
2022-02-01,NKE,19.065051,19.097546,19.0256
2022-02-01,VZ,2.6167692,2.5941692,2.6145157
2022-02-01,WMT,4.527713,4.5438681,4.4759851
2022-02-02,AAPL,63.974139,64.076004,62.829277
2022-02-02,AMGN,8.9308014,9.0019616,8.8500835
2022-02-02,CRM,21.123778,20.948132,20.495002
2022-02-02,CSCO,17.428138,17.637929,17.15236
2022-02-02,IBM,21.33356,21.319757,21.246817
2022-02-02,INTC,19.702165,19.772895,19.225262
2022-02-02,MSFT,151.20291,151.98821,151.98351
2022-02-02,NKE,18.270641,18.485428,18.354332
2022-02-02,VZ,2.5295089,2.5388018,2.5007844
2022-02-02,WMT,4.4530157,4.4855827,4.4469232
2022-02-03,AAPL,62.354684,64.27749,61.386923
2022-02-03,AMGN,9.0620898,9.0532666,8.937857
2022-02-03,CRM,20.698698,21.263385,20.655153
2022-02-03,CSCO,18.322201,18.368545,18.146779
2022-02-03,IBM,21.195104,21.444129,20.766674
2022-02-03,INTC,19.441078,19.776375,18.948087
2022-02-03,MSFT,153.73955,157.32407,150.57593
2022-02-03,NKE,18.509201,18.750062,18.432782
2022-02-03,VZ,2.5408615,2.5930111,2.5298173
2022-02-03,WMT,4.4480581,4.5186481,4.3779463
2022-02-04,AAPL,62.924648,63.59134,61.305712
2022-02-04,AMGN,9.2103643,9.4329792,9.2286794
2022-02-04,CRM,21.300767,21.68202,20.991218
2022-02-04,CSCO,18.375273,19.010898,18.330196
2022-02-04,IBM,20.672704,20.915411,20.908971
2022-02-04,INTC,19.015398,18.971253,18.869503
2022-02-04,MSFT,154.33052,157.00002,152.75656
2022-02-04,NKE,18.59736,18.857511,18.791623
2022-02-04,VZ,2.5241634,2.5243385,2.4721941
2022-02-04,WMT,4.41836,4.4007959,4.3774247
2022-02-07,AAPL,64.68379,64.479936,64.343677
2022-02-07,AMGN,9.0865675,9.1329578,9.02137
2022-02-07,CRM,21.332666,21.589393,20.356916
2022-02-07,CSCO,17.947143,17.900197,18.079993
2022-02-07,IBM,20.281431,20.471262,19.867063
2022-02-07,INTC,19.466762,19.687689,19.66019
2022-02-07,MSFT,152.48515,151.50943,150.95803
2022-02-07,NKE,18.312238,18.301386,17.757597
2022-02-07,VZ,2.4968584,2.5246121,2.4610831
2022-02-07,WMT,4.3687441,4.4304177,4.3066195
2022-02-08,AAPL,62.762922,64.749484,62.130336
2022-02-08,AMGN,8.9902419,9.1911048,8.8250855
2022-02-08,CRM,21.307933,21.923545,20.775788
2022-02-08,CSCO,17.657479,17.736709,17.569511
2022-02-08,IBM,20.284674,20.402939,19.958527
2022-02-08,INTC,20.050463,20.241234,19.803305
2022-02-08,MSFT,156.07158,159.51375,155.45172
2022-02-08,NKE,18.025396,18.303009,18.036009
2022-02-08,VZ,2.4518369,2.4344537,2.4185029
2022-02-08,WMT,4.3148995,4.3831875,4.3612617
2022-02-09,AAPL,60.462995,61.410648,58.990516
2022-02-09,AMGN,9.1198797,9.2486609,8.8333728
2022-02-09,CRM,21.227464,21.307633,21.068054
2022-02-09,CSCO,17.095281,17.065588,16.740792
2022-02-09,IBM,19.766305,19.978947,19.654351
2022-02-09,INTC,20.015861,20.0318,19.76196
2022-02-09,MSFT,155.99304,157.7898,155.72865
2022-02-09,NKE,18.505758,18.989761,18.422015
2022-02-09,VZ,2.4321908,2.4334254,2.4169384
2022-02-09,WMT,4.354778,4.3903472,4.3441677
2022-02-10,AAPL,61.622337,62.05605,62.461826
2022-02-10,AMGN,8.9886384,9.0097282,8.8575732
2022-02-10,CRM,20.465294,20.056564,20.088678
2022-02-10,CSCO,17.412495,17.383515,17.180823
2022-02-10,IBM,19.687002,19.677534,19.488782
2022-02-10,INTC,19.888649,20.211138,19.329325
2022-02-10,MSFT,154.41351,156.33636,151.95917
2022-02-10,NKE,18.543566,18.862107,17.993048
2022-02-10,VZ,2.4661168,2.5090388,2.436962
2022-02-10,WMT,4.3335914,4.3866302,4.304046
2022-02-11,AAPL,60.810576,61.188179,60.076661
2022-02-11,AMGN,8.9144319,8.9367802,8.6595857
2022-02-11,CRM,20.794546,21.822234,20.417641
2022-02-11,CSCO,17.11416,17.429367,16.816818
2022-02-11,IBM,19.637136,20.007075,19.213241
2022-02-11,INTC,20.070038,19.747802,19.865387
2022-02-11,MSFT,151.75823,153.22132,149.21799
2022-02-11,NKE,17.81582,17.931455,17.605309
2022-02-11,VZ,2.4213812,2.4011619,2.3947972
2022-02-11,WMT,4.3136406,4.3230643,4.2570572
2022-02-14,AAPL,62.632054,63.460121,63.106591
2022-02-14,AMGN,8.7085066,8.848633,8.4959874
2022-02-14,CRM,21.250929,21.81547,21.329404
2022-02-14,CSCO,16.638007,16.753189,16.40957
2022-02-14,IBM,19.232612,19.176066,18.947463
2022-02-14,INTC,20.706835,20.968404,20.60226
2022-02-14,MSFT,153.95678,155.72871,151.75014
2022-02-14,NKE,17.421063,17.901881,17.016596
2022-02-14,VZ,2.4143605,2.427642,2.4082956
2022-02-14,WMT,4.3115852,4.3352921,4.2313258
2022-02-15,AAPL,63.84945,64.582417,62.120148
2022-02-15,AMGN,8.6440215,8.662178,8.5913244
2022-02-15,CRM,22.399484,23.007294,21.741611
2022-02-15,CSCO,16.386558,16.521284,15.972844
2022-02-15,IBM,18.807701,18.87388,18.787228
2022-02-15,INTC,20.358936,20.451867,20.322187
2022-02-15,MSFT,154.78911,153.07137,156.10817
2022-02-15,NKE,17.239033,17.550107,17.508445
2022-02-15,VZ,2.3745076,2.4071426,2.3541616
2022-02-15,WMT,4.3213783,4.3495981,4.3268564
2022-02-16,AAPL,62.832792,63.103378,62.690017
2022-02-16,AMGN,8.7163087,8.9349581,8.5895942
2022-02-16,CRM,22.686845,23.131384,21.991662
2022-02-16,CSCO,16.189344,16.498427,16.292612
2022-02-16,IBM,18.97257,19.22027,18.746595
2022-02-16,INTC,20.205339,20.229243,20.241397
2022-02-16,MSFT,156.78349,159.90444,156.16809
2022-02-16,NKE,16.964182,16.91524,16.554093
2022-02-16,VZ,2.3618068,2.3962777,2.308436
2022-02-16,WMT,4.3281227,4.3591732,4.3122533
2022-02-17,AAPL,61.805425,62.639937,61.901575
2022-02-17,AMGN,8.861031,9.0270144,8.8161882
2022-02-17,CRM,21.872264,21.493518,21.455085
2022-02-17,CSCO,16.165977,16.390619,15.927957
2022-02-17,IBM,19.52724,19.59751,19.656886
2022-02-17,INTC,21.021798,20.808697,20.991478
2022-02-17,MSFT,157.52546,160.60075,153.48837
2022-02-17,NKE,16.6439,16.864841,16.343975
2022-02-17,VZ,2.3231103,2.3602375,2.2967022
2022-02-17,WMT,4.2425387,4.2817293,4.1847358
2022-02-18,AAPL,61.543976,63.817908,59.632608
2022-02-18,AMGN,8.6694404,8.7026192,8.4462459
2022-02-18,CRM,21.980128,21.923658,21.875747
2022-02-18,CSCO,16.486758,16.506278,16.165534
2022-02-18,IBM,18.932203,19.271516,18.779327
2022-02-18,INTC,20.424092,21.130096,20.087305
2022-02-18,MSFT,158.32772,159.76353,156.12937
2022-02-18,NKE,16.684032,16.83704,16.732685
2022-02-18,VZ,2.3772546,2.4129868,2.3864226
2022-02-18,WMT,4.2254988,4.281877,4.1696339
2022-02-22,AAPL,61.719992,61.454391,60.429621
2022-02-22,AMGN,8.8912215,8.8876326,8.6891437
2022-02-22,CRM,22.095458,22.789795,22.001121
2022-02-22,CSCO,16.194639,16.207203,16.258839
2022-02-22,IBM,18.58791,18.862411,18.671514
2022-02-22,INTC,19.934937,19.89379,19.907261
2022-02-22,MSFT,160.80824,162.19823,158.09974
2022-02-22,NKE,16.595044,16.507126,16.214215
2022-02-22,VZ,2.3528673,2.3793332,2.327103
2022-02-22,WMT,4.2083419,4.2595993,4.1600422
2022-02-23,AAPL,61.237685,61.904812,60.302685
2022-02-23,AMGN,8.8920097,8.9742177,8.9091574
2022-02-23,CRM,21.831034,22.089417,21.939968
2022-02-23,CSCO,16.424905,16.49608,16.170903
2022-02-23,IBM,18.254377,18.072501,18.120567
2022-02-23,INTC,19.605041,19.631147,19.070598
2022-02-23,MSFT,166.43584,166.07881,163.3519
2022-02-23,NKE,16.561352,16.686483,16.482541
2022-02-23,VZ,2.3590527,2.3779778,2.3296214
2022-02-23,WMT,4.2309,4.264493,4.2298935
2022-02-24,AAPL,60.072286,61.239708,58.296963
2022-02-24,AMGN,8.9931355,9.223146,8.9392026
2022-02-24,CRM,21.76031,22.342955,21.324047
2022-02-24,CSCO,16.799897,17.05384,16.246703
2022-02-24,IBM,18.582763,18.884888,18.371191
2022-02-24,INTC,19.498534,19.494769,19.3826
2022-02-24,MSFT,173.10694,174.5007,173.45206
2022-02-24,NKE,16.495287,16.425163,16.118026
2022-02-24,VZ,2.4018259,2.418218,2.4232283
2022-02-24,WMT,4.0739924,4.1106669,4.0051264
2022-02-25,AAPL,60.271888,60.153516,59.340439
2022-02-25,AMGN,8.9996321,9.2273133,8.8784607
2022-02-25,CRM,21.493103,21.821918,21.439299
2022-02-25,CSCO,17.217478,17.54496,17.08487
2022-02-25,IBM,18.451916,18.566154,18.49203
2022-02-25,INTC,19.163231,19.784053,18.884948
2022-02-25,MSFT,171.70134,172.74932,170.87317
2022-02-25,NKE,16.292125,16.584651,16.616796
2022-02-25,VZ,2.4081827,2.4402536,2.3569024
2022-02-25,WMT,4.1348511,4.1916947,4.0695226
2022-02-28,AAPL,61.334658,60.993317,60.097828
2022-02-28,AMGN,8.7930091,8.8781719,8.7939022
2022-02-28,CRM,22.139393,22.890069,21.47648
2022-02-28,CSCO,17.199411,17.243073,16.833222
2022-02-28,IBM,18.14542,18.352332,18.015873
2022-02-28,INTC,19.207964,19.535811,19.471318
2022-02-28,MSFT,166.63187,167.67251,164.55088
2022-02-28,NKE,16.321558,16.592129,16.288352
2022-02-28,VZ,2.3612797,2.3916811,2.3374314
2022-02-28,WMT,4.0352748,4.049973,3.9611118
2022-03-01,AAPL,59.421443,60.715791,59.398184
2022-03-01,AMGN,8.5199332,8.5728286,8.3777151
2022-03-01,CRM,21.948198,22.851821,21.447132
2022-03-01,CSCO,17.202488,17.358566,17.106772
2022-03-01,IBM,17.867842,17.992561,17.751674
2022-03-01,INTC,19.662557,19.794229,19.491225
2022-03-01,MSFT,169.28822,172.92016,166.94424
2022-03-01,NKE,15.709517,15.84183,15.756352
2022-03-01,VZ,2.379035,2.3848449,2.3748241
2022-03-01,WMT,4.004333,3.9784179,4.030154
2022-03-02,AAPL,59.041663,60.597448,59.423942
2022-03-02,AMGN,8.4542677,8.48276,8.2254425
2022-03-02,CRM,21.021584,22.052309,20.618411
2022-03-02,CSCO,16.715795,16.830051,16.476101
2022-03-02,IBM,17.419119,17.504963,17.430359
2022-03-02,INTC,19.090241,19.159123,18.986983
2022-03-02,MSFT,169.93438,167.65192,166.65076
2022-03-02,NKE,15.731507,16.079075,15.540035
2022-03-02,VZ,2.3967822,2.4522653,2.3842789
2022-03-02,WMT,3.9976453,4.00626,3.9894185
2022-03-03,AAPL,59.167477,58.589053,58.584098
2022-03-03,AMGN,8.4510996,8.5239614,8.3897334
2022-03-03,CRM,20.339212,20.262087,19.431709
2022-03-03,CSCO,17.212724,17.189484,16.793508
2022-03-03,IBM,17.460055,17.524214,17.153019
2022-03-03,INTC,18.750343,18.6101,18.358561
2022-03-03,MSFT,170.43969,177.40082,170.76534
2022-03-03,NKE,15.889985,16.015012,15.863959
2022-03-03,VZ,2.3583406,2.3833898,2.3525379
2022-03-03,WMT,3.9035831,3.9255622,3.9608017
2022-03-04,AAPL,57.577285,57.077677,56.253817
2022-03-04,AMGN,8.4834176,8.5621839,8.3656146
2022-03-04,CRM,19.940957,20.913429,19.475067
2022-03-04,CSCO,17.312549,17.318516,17.511384
2022-03-04,IBM,17.234861,17.36866,16.927581
2022-03-04,INTC,18.330439,18.35366,18.234997
2022-03-04,MSFT,171.69609,172.98624,168.95548
2022-03-04,NKE,15.686699,15.851248,15.821003
2022-03-04,VZ,2.4474541,2.4525795,2.4191894
2022-03-04,WMT,3.896293,3.937955,3.8484528
2022-03-07,AAPL,56.620349,57.165979,56.338628
2022-03-07,AMGN,8.7210671,8.8807036,8.5429578
2022-03-07,CRM,19.054545,20.475025,18.838629
2022-03-07,CSCO,16.719853,16.602074,16.587692
2022-03-07,IBM,17.015425,17.292159,17.080622
2022-03-07,INTC,18.583046,18.573176,18.466736
2022-03-07,MSFT,172.72539,176.86245,171.3076
2022-03-07,NKE,15.78823,15.747844,15.588422
2022-03-07,VZ,2.4012302,2.3638183,2.3468881
2022-03-07,WMT,3.8522938,3.877393,3.8244108
2022-03-08,AAPL,56.497285,57.10621,57.063261
2022-03-08,AMGN,8.6436771,8.7971356,8.3309482
2022-03-08,CRM,19.298205,19.670616,19.032996
2022-03-08,CSCO,16.494915,16.142305,16.300959
2022-03-08,IBM,17.169218,17.391323,16.984897
2022-03-08,INTC,18.372257,18.220135,18.136112
2022-03-08,MSFT,164.99973,166.22903,162.94216
2022-03-08,NKE,15.868811,16.179804,15.875069
2022-03-08,VZ,2.4237434,2.4523044,2.4117115
2022-03-08,WMT,3.8435876,3.8879336,3.7756779
2022-03-09,AAPL,56.208347,55.888857,55.800065
2022-03-09,AMGN,8.461955,8.4424524,8.3559965
2022-03-09,CRM,18.957402,18.89667,18.272399
2022-03-09,CSCO,16.638979,17.02929,16.379465
2022-03-09,IBM,16.874344,17.001821,16.844598
2022-03-09,INTC,17.827492,17.810499,17.418974
2022-03-09,MSFT,163.53356,166.31959,160.49797
2022-03-09,NKE,16.046927,16.461204,15.842356
2022-03-09,VZ,2.3415406,2.3405615,2.3396157
2022-03-09,WMT,3.8767944,3.9260808,3.8788445
2022-03-10,AAPL,56.414017,57.141926,55.134592
2022-03-10,AMGN,8.2226159,8.3349374,8.1014533
2022-03-10,CRM,18.423192,18.875417,18.504984
2022-03-10,CSCO,16.436422,16.822577,16.482046
2022-03-10,IBM,16.897076,16.867159,16.905447
2022-03-10,INTC,17.914618,17.691416,17.702215
2022-03-10,MSFT,167.15461,167.78884,167.79988
2022-03-10,NKE,15.73075,15.972942,15.923338
2022-03-10,VZ,2.282487,2.3091214,2.2860604
2022-03-10,WMT,3.8607853,3.8722219,3.771715
2022-03-11,AAPL,56.763321,57.495493,55.986817
2022-03-11,AMGN,8.2346737,8.4054915,8.2199833
2022-03-11,CRM,18.712013,19.301015,18.437493
2022-03-11,CSCO,16.145111,16.021136,15.999863
2022-03-11,IBM,16.78812,16.876119,16.594053
2022-03-11,INTC,18.042412,18.445405,17.512522
2022-03-11,MSFT,164.23028,162.12096,163.4539
2022-03-11,NKE,15.463531,15.648898,15.550722
2022-03-11,VZ,2.2415689,2.2814255,2.1972942
2022-03-11,WMT,3.91899,3.9593945,3.929289
2022-03-14,AAPL,54.318476,54.453136,52.945406
2022-03-14,AMGN,8.0349852,8.256006,7.9345178
2022-03-14,CRM,19.027139,19.310883,18.924246
2022-03-14,CSCO,16.332756,16.632643,15.963594
2022-03-14,IBM,16.945373,17.098658,16.96721
2022-03-14,INTC,18.092156,18.130251,17.968115
2022-03-14,MSFT,162.15636,163.57637,160.6594
2022-03-14,NKE,15.214194,15.799969,14.864482
2022-03-14,VZ,2.2875673,2.323244,2.2506373
2022-03-14,WMT,3.855899,3.8895484,3.8085604
2022-03-15,AAPL,53.77361,54.459071,53.878848
2022-03-15,AMGN,8.0096009,8.1100621,7.986077
2022-03-15,CRM,17.112342,16.883404,16.672008
2022-03-15,CSCO,16.110449,16.188169,15.964906
2022-03-15,IBM,16.864118,17.153335,16.754081
2022-03-15,INTC,18.181109,18.309085,18.022459
2022-03-15,MSFT,162.36568,164.45619,159.50622
2022-03-15,NKE,15.49298,15.627896,15.565123
2022-03-15,VZ,2.2909843,2.3625803,2.2935439
2022-03-15,WMT,3.8207836,3.8275069,3.7793292
2022-03-16,AAPL,54.257168,54.025631,53.914492
2022-03-16,AMGN,7.8323582,7.7924093,7.7526192
2022-03-16,CRM,17.345607,17.644121,17.215472
2022-03-16,CSCO,15.900475,16.025739,15.467401
2022-03-16,IBM,16.770178,17.066785,16.568243
2022-03-16,INTC,17.96954,18.046335,17.717405
2022-03-16,MSFT,160.04527,160.17573,159.89687
2022-03-16,NKE,15.075029,15.350035,14.718349
2022-03-16,VZ,2.2737145,2.313552,2.2687503
2022-03-16,WMT,3.7651584,3.8198601,3.7062941
2022-03-17,AAPL,53.771015,52.926135,53.031647
2022-03-17,AMGN,7.8233242,8.0614707,7.83058
2022-03-17,CRM,17.27054,17.478469,17.255628
2022-03-17,CSCO,15.75858,15.839158,15.485608
2022-03-17,IBM,16.759117,16.780947,16.697057
2022-03-17,INTC,17.768623,18.221326,17.629884
2022-03-17,MSFT,163.24959,165.00145,162.66048
2022-03-17,NKE,15.332524,15.475446,15.149548
2022-03-17,VZ,2.3155235,2.3236935,2.3211758
2022-03-17,WMT,3.7429812,3.7842621,3.7038884
2022-03-18,AAPL,53.568794,54.036932,52.360949
2022-03-18,AMGN,7.8585719,8.0276482,7.8030801
2022-03-18,CRM,17.319333,17.497133,16.82064
2022-03-18,CSCO,15.797242,15.787596,15.580855
2022-03-18,IBM,16.689938,16.755676,16.903036
2022-03-18,INTC,17.56597,17.440324,17.458413
2022-03-18,MSFT,168.78291,171.83835,165.78892
2022-03-18,NKE,14.513384,14.764907,14.409884
2022-03-18,VZ,2.3148369,2.3144999,2.266749
2022-03-18,WMT,3.7528345,3.7898041,3.7620696
2022-03-21,AAPL,51.569548,51.861336,51.059109
2022-03-21,AMGN,7.8750245,7.8629091,7.6123357
2022-03-21,CRM,17.045159,17.382063,16.776107
2022-03-21,CSCO,15.522704,15.384384,15.613977
2022-03-21,IBM,16.640074,16.76325,16.40056
2022-03-21,INTC,17.517321,17.502892,17.228429
2022-03-21,MSFT,169.42782,169.64609,170.1035
2022-03-21,NKE,14.301214,14.29777,14.107781
2022-03-21,VZ,2.247428,2.26909,2.2503869
2022-03-21,WMT,3.7761666,3.832024,3.7461119
2022-03-22,AAPL,50.748904,52.401663,50.454675
2022-03-22,AMGN,7.7580428,7.852161,7.6259664
2022-03-22,CRM,17.561531,17.416623,17.014423
2022-03-22,CSCO,15.451168,15.586362,15.250915
2022-03-22,IBM,16.635404,16.711585,16.496809
2022-03-22,INTC,16.683164,16.885515,16.458808
2022-03-22,MSFT,170.39471,173.36864,171.63884
2022-03-22,NKE,14.128102,14.340368,14.022382
2022-03-22,VZ,2.2573784,2.3020055,2.2363623
2022-03-22,WMT,3.7926312,3.8206859,3.7458707
2022-03-23,AAPL,51.100137,52.44168,50.98128
2022-03-23,AMGN,8.0786575,8.3292838,7.9350458
2022-03-23,CRM,17.233037,17.727692,17.418868
2022-03-23,CSCO,15.715352,15.996231,15.520923
2022-03-23,IBM,16.755455,16.727777,16.581477
2022-03-23,INTC,16.943833,16.941321,16.998606
2022-03-23,MSFT,171.72401,170.11272,169.03
2022-03-23,NKE,13.82721,14.139399,13.819607
2022-03-23,VZ,2.2453318,2.2645405,2.2548644
2022-03-23,WMT,3.7968056,3.8307313,3.7374255
2022-03-24,AAPL,50.548351,50.262862,50.083662
2022-03-24,AMGN,8.0646421,8.205244,8.0173951
2022-03-24,CRM,16.841341,17.060232,16.359106
2022-03-24,CSCO,15.753293,15.971677,15.500682
2022-03-24,IBM,16.432359,16.856285,16.418671
2022-03-24,INTC,17.226561,17.600163,17.208288
2022-03-24,MSFT,169.51753,171.03606,164.695
2022-03-24,NKE,13.778983,14.071519,13.67593
2022-03-24,VZ,2.2234473,2.2270709,2.2064885
2022-03-24,WMT,3.7981129,3.8088408,3.7628758
2022-03-25,AAPL,51.127769,51.31651,50.773966
2022-03-25,AMGN,8.1330033,8.1637335,8.0804291
2022-03-25,CRM,16.768888,16.441658,16.149306
2022-03-25,CSCO,16.106865,16.328583,15.834214
2022-03-25,IBM,16.764984,16.719519,16.575196
2022-03-25,INTC,17.169667,17.32677,17.56232
2022-03-25,MSFT,162.23269,165.6401,158.77245
2022-03-25,NKE,14.047015,14.157546,13.826126
2022-03-25,VZ,2.1968924,2.2457605,2.1945876
2022-03-25,WMT,3.8156656,3.8537903,3.8177739
2022-03-28,AAPL,49.549121,50.353681,48.936745
2022-03-28,AMGN,7.9973922,8.2474518,7.9244265
2022-03-28,CRM,17.972913,18.435328,17.868109
2022-03-28,CSCO,16.702894,16.686203,16.375827
2022-03-28,IBM,16.737252,16.889864,16.373172
2022-03-28,INTC,16.627494,16.892965,16.560684
2022-03-28,MSFT,167.91858,169.80292,166.70287
2022-03-28,NKE,13.987939,14.103452,13.649543
2022-03-28,VZ,2.1334507,2.1563613,2.144307
2022-03-28,WMT,3.8305724,3.8654743,3.7863048
2022-03-29,AAPL,50.069754,50.453338,47.963249
2022-03-29,AMGN,7.9761415,7.998603,7.8654677
2022-03-29,CRM,17.656176,17.698078,17.12062
2022-03-29,CSCO,16.272082,16.403891,16.583427
2022-03-29,IBM,16.289124,16.261802,16.088868
2022-03-29,INTC,16.396002,16.671055,16.418329
2022-03-29,MSFT,164.30616,164.44051,160.33494
2022-03-29,NKE,13.972726,14.341083,14.081633
2022-03-29,VZ,2.1127877,2.1211186,2.0728526
2022-03-29,WMT,3.8426502,3.8674268,3.8014361
2022-03-30,AAPL,51.406419,51.575285,48.869839
2022-03-30,AMGN,7.8898051,7.9807016,7.7844668
2022-03-30,CRM,16.811937,16.989137,16.520346
2022-03-30,CSCO,16.240542,16.589539,15.89764
2022-03-30,IBM,16.220195,16.478705,16.077104
2022-03-30,INTC,16.24742,16.412834,16.048298
2022-03-30,MSFT,165.43496,166.5946,163.12782
2022-03-30,NKE,13.848636,14.045092,13.615994
2022-03-30,VZ,2.0870908,2.1247624,2.0583589
2022-03-30,WMT,3.7932839,3.8551762,3.7173516
2022-03-31,AAPL,51.686037,52.480187,50.873089
2022-03-31,AMGN,7.84691,7.9680288,7.7007812
2022-03-31,CRM,16.762277,17.139818,16.677687
2022-03-31,CSCO,15.918281,15.964841,15.893385
2022-03-31,IBM,16.430515,16.696079,16.135114
2022-03-31,INTC,16.084977,16.533657,15.767274
2022-03-31,MSFT,163.10349,165.72432,160.8857
2022-03-31,NKE,13.854558,14.193572,13.584851
2022-03-31,VZ,2.0955708,2.1340595,2.0716999
2022-03-31,WMT,3.7661075,3.8362782,3.7298557
2022-04-01,AAPL,51.351158,52.174309,50.866972
2022-04-01,AMGN,7.6231927,7.6460343,7.5375848
2022-04-01,CRM,16.747268,16.834444,16.456213
2022-04-01,CSCO,16.031267,16.0963,15.978362
2022-04-01,IBM,16.282985,16.417283,16.02839
2022-04-01,INTC,16.180566,16.353515,15.834153
2022-04-01,MSFT,166.08795,165.46781,164.35918
2022-04-01,NKE,13.634545,13.939431,13.535485
2022-04-01,VZ,2.0943315,2.1061653,2.0580905
2022-04-01,WMT,3.7875304,3.8371806,3.7968987
2022-04-04,AAPL,51.949563,53.55948,50.963992
2022-04-04,AMGN,7.4765151,7.6253465,7.3554632
2022-04-04,CRM,16.286925,16.934231,15.996558
2022-04-04,CSCO,15.834026,16.053552,15.434302
2022-04-04,IBM,16.301359,16.282612,16.04155
2022-04-04,INTC,15.989161,16.302904,15.970102
2022-04-04,MSFT,161.73471,163.23084,161.53154
2022-04-04,NKE,13.529477,13.77487,13.245668
2022-04-04,VZ,2.055893,2.0561616,2.0707998
2022-04-04,WMT,3.7808468,3.8075321,3.7740212
2022-04-05,AAPL,50.921063,51.086544,50.938175
2022-04-05,AMGN,7.2525233,7.378024,6.9958443
2022-04-05,CRM,16.849842,16.75496,15.888788
2022-04-05,CSCO,15.597596,15.50397,15.455785
2022-04-05,IBM,16.279335,16.71318,16.191318
2022-04-05,INTC,16.026479,16.06319,15.725912
2022-04-05,MSFT,164.54032,167.31377,164.54291
2022-04-05,NKE,13.122073,13.307467,13.116321
2022-04-05,VZ,2.0467461,2.0369028,2.0241237
2022-04-05,WMT,3.7650998,3.828991,3.7609669
2022-04-06,AAPL,52.103704,52.807687,51.407433
2022-04-06,AMGN,7.3671618,7.4545918,7.3362467
2022-04-06,CRM,16.098984,16.653916,15.933523
2022-04-06,CSCO,15.203405,15.509207,14.880007
2022-04-06,IBM,16.096022,16.242116,16.027824
2022-04-06,INTC,15.741701,15.792012,15.560599
2022-04-06,MSFT,164.97616,164.758,161.49599
2022-04-06,NKE,12.934363,13.109618,12.931608
2022-04-06,VZ,2.0570775,2.0855785,2.0572632
2022-04-06,WMT,3.7553834,3.7285781,3.7028331
2022-04-07,AAPL,50.413962,50.508929,49.294869
2022-04-07,AMGN,7.5124375,7.6430315,7.4187001
2022-04-07,CRM,15.721927,15.932838,15.732814
2022-04-07,CSCO,15.603656,15.620517,15.413077
2022-04-07,IBM,16.479694,16.55526,16.448027
2022-04-07,INTC,15.584367,15.726338,15.530185
2022-04-07,MSFT,163.30544,160.81311,163.21019
2022-04-07,NKE,12.866562,13.296315,12.842852
2022-04-07,VZ,2.0503556,2.066552,2.0495946
2022-04-07,WMT,3.7620778,3.7351084,3.6878418
2022-04-08,AAPL,49.329203,49.178568,49.553726
2022-04-08,AMGN,7.2703911,7.3035085,7.1693172
2022-04-08,CRM,15.403133,15.73652,15.294003
2022-04-08,CSCO,15.571683,15.740728,15.494548
2022-04-08,IBM,16.597889,16.735884,16.72451
2022-04-08,INTC,16.149913,16.565225,15.909757
2022-04-08,MSFT,166.107,166.89492,167.28812
2022-04-08,NKE,12.798745,12.988443,12.897292
2022-04-08,VZ,2.024146,2.0240156,1.9944448
2022-04-08,WMT,3.7478399,3.7346423,3.678238
2022-04-11,AAPL,51.1267,51.649845,51.29878
2022-04-11,AMGN,7.3302231,7.2286171,7.2855568
2022-04-11,CRM,15.113726,15.807011,14.872873
2022-04-11,CSCO,16.047771,16.218918,15.61914
2022-04-11,IBM,16.476036,16.695328,16.32813
2022-04-11,INTC,16.072341,16.469289,15.874834
2022-04-11,MSFT,167.7287,173.63987,165.85607
2022-04-11,NKE,13.066342,13.415036,12.922327
2022-04-11,VZ,2.0316512,2.0336047,2.0066951
2022-04-11,WMT,3.7082372,3.7211033,3.6908335
2022-04-12,AAPL,52.295152,54.038116,52.544004
2022-04-12,AMGN,7.0487365,7.170668,7.0068215
2022-04-12,CRM,15.264854,15.583621,14.87088
2022-04-12,CSCO,15.659472,15.467774,15.22558
2022-04-12,IBM,16.269256,16.502203,15.969702
2022-04-12,INTC,15.83928,16.068364,15.618079
2022-04-12,MSFT,167.89995,168.97971,164.82434
2022-04-12,NKE,13.371044,13.506579,13.508846
2022-04-12,VZ,2.0218762,2.0293627,2.0296044
2022-04-12,WMT,3.7303723,3.7872528,3.6929005
2022-04-13,AAPL,51.635064,52.16511,51.178732
2022-04-13,AMGN,6.8743727,6.9570338,6.7214167
2022-04-13,CRM,15.920753,16.349726,15.983526
2022-04-13,CSCO,15.989141,16.045745,15.586728
2022-04-13,IBM,15.996938,16.024052,15.810171
2022-04-13,INTC,16.341376,16.287299,16.333814
2022-04-13,MSFT,171.26761,174.72108,168.3321
2022-04-13,NKE,13.553146,13.758692,13.39308
2022-04-13,VZ,1.9607126,1.9796681,1.9392972
2022-04-13,WMT,3.6895272,3.7039047,3.7063114
2022-04-14,AAPL,51.368788,51.653366,50.911052
2022-04-14,AMGN,6.8371794,7.0766695,6.8101293
2022-04-14,CRM,15.354613,15.302495,15.485434
2022-04-14,CSCO,15.711933,15.613948,15.363398
2022-04-14,IBM,16.610517,16.945026,16.550465
2022-04-14,INTC,16.408981,16.51121,16.312171
2022-04-14,MSFT,164.41518,165.73114,163.72232
2022-04-14,NKE,13.803784,14.122773,13.635084
2022-04-14,VZ,1.9400587,1.941831,1.9230721
2022-04-14,WMT,3.6653803,3.6951666,3.6418601
2022-04-18,AAPL,50.588572,51.390313,50.00263
2022-04-18,AMGN,6.7410658,6.8872755,6.6803311
2022-04-18,CRM,15.288163,15.486773,14.663294
2022-04-18,CSCO,15.840909,15.713093,15.791808
2022-04-18,IBM,16.546928,16.492402,16.093421
2022-04-18,INTC,16.489905,16.802978,16.03783
2022-04-18,MSFT,163.37734,162.16802,161.96126
2022-04-18,NKE,13.559343,13.745788,13.653068
2022-04-18,VZ,1.9201972,1.9510221,1.915407
2022-04-18,WMT,3.6562291,3.6785702,3.6102116
2022-04-19,AAPL,51.373122,51.549007,50.7881
2022-04-19,AMGN,6.6955022,6.8395017,6.5895944
2022-04-19,CRM,15.419896,15.85344,15.566336
2022-04-19,CSCO,15.6782,16.244866,15.578089
2022-04-19,IBM,16.812956,17.19695,16.661712
2022-04-19,INTC,16.364617,16.840241,16.436502
2022-04-19,MSFT,164.16057,165.45624,162.7606
2022-04-19,NKE,13.837602,13.886515,13.679569
2022-04-19,VZ,1.9260642,1.9289318,1.9035393
2022-04-19,WMT,3.6506474,3.6906158,3.6149154
2022-04-20,AAPL,51.720547,51.59719,51.711687
2022-04-20,AMGN,6.9978141,7.1549766,6.9575012
2022-04-20,CRM,15.642726,16.013302,15.178017
2022-04-20,CSCO,15.849477,16.265901,16.000204
2022-04-20,IBM,16.54057,16.513964,16.321384
2022-04-20,INTC,16.543517,16.639377,16.618898
2022-04-20,MSFT,158.80942,165.5253,160.6887
2022-04-20,NKE,13.943567,14.091463,13.66706
2022-04-20,VZ,1.9091532,1.9433074,1.9109163
2022-04-20,WMT,3.7479453,3.8142958,3.7572582
2022-04-21,AAPL,52.150799,53.268397,51.661156
2022-04-21,AMGN,6.9239359,6.9912198,6.7777737
2022-04-21,CRM,15.400886,15.386461,15.00005
2022-04-21,CSCO,15.501321,15.528162,15.294803
2022-04-21,IBM,16.334106,16.580399,16.105799
2022-04-21,INTC,16.764538,17.157938,16.649128
2022-04-21,MSFT,154.93906,159.101,153.83354
2022-04-21,NKE,13.820707,14.06471,13.738867
2022-04-21,VZ,1.8962403,1.9168883,1.8674664
2022-04-21,WMT,3.732221,3.7663949,3.6750298
2022-04-22,AAPL,52.731451,53.627808,51.921264
2022-04-22,AMGN,7.0161028,7.0073342,6.9862427
2022-04-22,CRM,15.767944,16.415198,15.822785
2022-04-22,CSCO,15.196656,15.49749,14.895906
2022-04-22,IBM,16.782009,17.00689,16.784026
2022-04-22,INTC,16.647058,16.713435,16.141939
2022-04-22,MSFT,160.8035,162.33879,160.41998
2022-04-22,NKE,13.584283,13.635571,13.379133
2022-04-22,VZ,1.8778502,1.8836766,1.8414255
2022-04-22,WMT,3.7368519,3.7994709,3.6920778
2022-04-25,AAPL,54.189731,54.379504,54.200674
2022-04-25,AMGN,6.9821452,7.1347766,6.9692877
2022-04-25,CRM,15.604685,15.961777,15.698005
2022-04-25,CSCO,14.706694,14.695992,14.25364
2022-04-25,IBM,16.75071,16.905044,16.441763
2022-04-25,INTC,16.231388,16.472823,15.935258
2022-04-25,MSFT,163.55495,166.46927,161.31532
2022-04-25,NKE,13.634967,13.561602,13.581073
2022-04-25,VZ,1.8692661,1.8787377,1.8582061
2022-04-25,WMT,3.697959,3.7828383,3.695319
2022-04-26,AAPL,53.837875,54.470251,54.342642
2022-04-26,AMGN,6.869086,7.0577298,6.9122185
2022-04-26,CRM,15.981925,16.611081,15.738671
2022-04-26,CSCO,14.620947,14.857571,14.341321
2022-04-26,IBM,16.643918,17.007748,16.400717
2022-04-26,INTC,16.061932,16.210195,16.108238
2022-04-26,MSFT,169.8856,171.94462,170.15911
2022-04-26,NKE,13.969234,13.997392,13.687887
2022-04-26,VZ,1.8694458,1.9040296,1.8363099
2022-04-26,WMT,3.6831386,3.7369244,3.6188918
2022-04-27,AAPL,52.633801,54.29679,51.931142
2022-04-27,AMGN,6.8359717,6.9497089,6.7310042
2022-04-27,CRM,16.127628,16.483672,15.621773
2022-04-27,CSCO,14.357275,14.553944,14.016296
2022-04-27,IBM,16.440721,16.655676,16.354503
2022-04-27,INTC,16.170511,16.197308,15.657923
2022-04-27,MSFT,172.15313,174.362,169.84381
2022-04-27,NKE,13.938467,14.198272,14.001001
2022-04-27,VZ,1.825974,1.8263111,1.819571
2022-04-27,WMT,3.6323829,3.6425392,3.6159396
2022-04-28,AAPL,53.036327,54.466863,52.969448
2022-04-28,AMGN,6.7410113,6.7048027,6.5912111
2022-04-28,CRM,16.106083,16.690951,15.975639
2022-04-28,CSCO,14.348619,14.253245,14.342451
2022-04-28,IBM,16.209799,16.239814,16.153089
2022-04-28,INTC,16.404836,16.623299,16.349934
2022-04-28,MSFT,172.99664,173.70994,174.24152
2022-04-28,NKE,13.67266,13.97886,13.381957
2022-04-28,VZ,1.8131757,1.8320866,1.7887616
2022-04-28,WMT,3.5395548,3.5871121,3.5083766
2022-04-29,AAPL,52.613088,53.395271,51.30647
2022-04-29,AMGN,6.7079015,6.6848082,6.5841521
2022-04-29,CRM,16.14188,16.210342,15.390952
2022-04-29,CSCO,13.809116,14.302391,13.668726
2022-04-29,IBM,16.425411,16.583955,16.529913
2022-04-29,INTC,16.349254,16.33719,16.065249
2022-04-29,MSFT,172.17458,172.45961,167.35894
2022-04-29,NKE,13.45676,13.719697,13.213288
2022-04-29,VZ,1.7922439,1.8137161,1.7681552
2022-04-29,WMT,3.4187916,3.441304,3.3873451
2022-05-02,AAPL,52.534031,53.62734,51.566102
2022-05-02,AMGN,6.5901339,6.6537271,6.4848337
2022-05-02,CRM,16.613244,16.629458,16.194341
2022-05-02,CSCO,13.73003,13.806142,13.402678
2022-05-02,IBM,16.185821,16.314551,16.038795
2022-05-02,INTC,16.420795,16.703959,15.939662
2022-05-02,MSFT,170.12728,172.75715,169.5146
2022-05-02,NKE,13.448453,13.55832,13.332639
2022-05-02,VZ,1.7960753,1.8170554,1.7587007
2022-05-02,WMT,3.3656189,3.4014191,3.322533
2022-05-03,AAPL,52.069489,52.125974,52.324423
2022-05-03,AMGN,6.5024788,6.6017677,6.3653091
2022-05-03,CRM,16.160977,16.905673,15.705731
2022-05-03,CSCO,14.19468,14.384395,14.141946
2022-05-03,IBM,16.061538,16.000998,15.805127
2022-05-03,INTC,16.391082,16.617623,15.908051
2022-05-03,MSFT,169.23345,170.47596,171.26166
2022-05-03,NKE,13.446712,13.659853,13.201787
2022-05-03,VZ,1.7460568,1.7568756,1.7204959
2022-05-03,WMT,3.3452652,3.4135052,3.3275028
2022-05-04,AAPL,52.256502,51.861616,51.254665
2022-05-04,AMGN,6.4732332,6.5855397,6.364907
2022-05-04,CRM,15.470585,15.595159,16.045111
2022-05-04,CSCO,13.957539,14.362014,13.774077
2022-05-04,IBM,16.056119,16.189776,15.679794
2022-05-04,INTC,16.280473,16.639018,16.173347
2022-05-04,MSFT,169.13338,172.01651,169.66726
2022-05-04,NKE,13.136074,13.481302,13.131417
2022-05-04,VZ,1.7271592,1.7176587,1.7108633
2022-05-04,WMT,3.4183861,3.4664801,3.4176756
2022-05-05,AAPL,51.142636,50.475273,50.189573
2022-05-05,AMGN,6.5672612,6.6381297,6.5948303
2022-05-05,CRM,15.458754,15.831897,15.402759
2022-05-05,CSCO,13.833469,14.170024,13.546927
2022-05-05,IBM,15.865351,16.114272,15.797692
2022-05-05,INTC,16.757164,16.986247,16.321651
2022-05-05,MSFT,171.32219,174.27638,168.82995
2022-05-05,NKE,13.26447,13.568341,13.016002
2022-05-05,VZ,1.6779537,1.6864213,1.6646002
2022-05-05,WMT,3.3816393,3.4153568,3.3942018
2022-05-06,AAPL,51.153831,51.755266,51.504253
2022-05-06,AMGN,6.8226121,6.9670364,6.8070509
2022-05-06,CRM,15.655027,16.444819,15.191473
2022-05-06,CSCO,13.423533,13.414622,13.348835
2022-05-06,IBM,15.966667,15.976591,15.97322
2022-05-06,INTC,16.807338,17.062463,17.084855
2022-05-06,MSFT,170.7026,174.63885,167.69602
2022-05-06,NKE,12.976316,13.491459,13.202286
2022-05-06,VZ,1.6656583,1.6912472,1.6584973
2022-05-06,WMT,3.3939621,3.4167151,3.3666495
2022-05-09,AAPL,48.872604,49.233033,48.696726
2022-05-09,AMGN,6.9165474,7.0152,6.8896249
2022-05-09,CRM,15.782883,15.878049,15.331353
2022-05-09,CSCO,13.048749,13.15541,12.722669
2022-05-09,IBM,15.909253,16.193865,15.866206
2022-05-09,INTC,16.392931,16.764668,16.159975
2022-05-09,MSFT,175.19837,175.60091,173.99568
2022-05-09,NKE,12.670071,13.038583,12.27671
2022-05-09,VZ,1.6360147,1.6491939,1.6050868
2022-05-09,WMT,3.3733671,3.4061654,3.3560887
2022-05-10,AAPL,50.20643,50.831373,49.690507
2022-05-10,AMGN,6.8959715,7.0175293,6.9386999
2022-05-10,CRM,15.137239,15.09184,14.839164
2022-05-10,CSCO,13.130778,13.196612,13.022331
2022-05-10,IBM,15.777366,15.947606,15.797779
2022-05-10,INTC,16.196651,16.37645,16.35112
2022-05-10,MSFT,174.19748,175.35794,171.11145
2022-05-10,NKE,12.031318,12.244206,11.879735
2022-05-10,VZ,1.6587207,1.658718,1.6669967
2022-05-10,WMT,3.3212517,3.3556754,3.2767655
2022-05-11,AAPL,50.026362,50.765634,48.977569
2022-05-11,AMGN,7.0642597,7.2735936,6.9223216
2022-05-11,CRM,15.607793,15.964271,15.569519
2022-05-11,CSCO,13.173694,13.668534,12.818707
2022-05-11,IBM,16.158642,16.242791,16.015748
2022-05-11,INTC,15.702669,15.933406,15.761425
2022-05-11,MSFT,175.85308,182.14594,177.47455
2022-05-11,NKE,11.63592,11.692823,11.62495
2022-05-11,VZ,1.6526355,1.6543351,1.6278626
2022-05-11,WMT,3.3599602,3.349069,3.3471025
2022-05-12,AAPL,49.175289,49.258062,49.0705
2022-05-12,AMGN,6.8931493,6.9716785,6.878933
2022-05-12,CRM,15.315814,15.827846,15.132714
2022-05-12,CSCO,13.015813,13.066195,12.969175
2022-05-12,IBM,16.419964,16.805034,16.347914
2022-05-12,INTC,15.102659,15.13164,14.977606
2022-05-12,MSFT,174.18389,176.0255,171.95229
2022-05-12,NKE,11.586077,11.742629,11.380002
2022-05-12,VZ,1.6449534,1.6431592,1.6337514
2022-05-12,WMT,3.366097,3.4239734,3.3791094
2022-05-13,AAPL,48.492824,49.191861,48.046321
2022-05-13,AMGN,6.9536392,7.0618024,6.9420399
2022-05-13,CRM,15.031842,15.266704,14.946399
2022-05-13,CSCO,13.252385,13.508851,13.076263
2022-05-13,IBM,16.442851,16.583487,16.377927
2022-05-13,INTC,15.302625,15.588151,15.229026
2022-05-13,MSFT,166.32643,166.76403,167.782
2022-05-13,NKE,11.246121,11.484837,11.277286
2022-05-13,VZ,1.6679365,1.7080832,1.6582247
2022-05-13,WMT,3.3737724,3.4089804,3.3631838
2022-05-16,AAPL,48.775964,49.714873,48.642011
2022-05-16,AMGN,6.8076173,6.824683,6.8251732
2022-05-16,CRM,14.583828,15.185733,14.322313
2022-05-16,CSCO,13.389613,13.399201,13.400667
2022-05-16,IBM,16.785248,17.122201,16.667987
2022-05-16,INTC,15.219777,15.330858,15.062808
2022-05-16,MSFT,168.32731,168.09052,166.91687
2022-05-16,NKE,10.944304,11.091767,10.78276
2022-05-16,VZ,1.6736873,1.7023464,1.6617743
2022-05-16,WMT,3.4036892,3.4007165,3.3996658
2022-05-17,AAPL,48.683742,49.163783,47.498978
2022-05-17,AMGN,6.8306791,6.9313144,6.7470643
2022-05-17,CRM,14.166376,14.154707,14.16804
2022-05-17,CSCO,12.895957,13.104846,12.938896
2022-05-17,IBM,16.668251,17.149585,16.652472
2022-05-17,INTC,15.784612,15.830694,15.828535
2022-05-17,MSFT,169.98439,173.95665,168.86587
2022-05-17,NKE,10.86013,10.957243,10.690752
2022-05-17,VZ,1.6694488,1.6759066,1.6364062
2022-05-17,WMT,3.448276,3.4736511,3.4806146
2022-05-18,AAPL,48.172888,47.93043,46.862351
2022-05-18,AMGN,6.8305555,6.9219063,6.6778294
2022-05-18,CRM,13.633153,13.849458,13.107256
2022-05-18,CSCO,12.433079,12.729202,12.227642
2022-05-18,IBM,16.364862,16.508247,16.05502
2022-05-18,INTC,16.565728,17.083664,16.634271
2022-05-18,MSFT,172.0681,176.08021,169.72005
2022-05-18,NKE,10.5973,10.918397,10.515326
2022-05-18,VZ,1.6508566,1.6384585,1.6298889
2022-05-18,WMT,3.4460277,3.4623011,3.4596786
2022-05-19,AAPL,48.760477,49.349676,47.952297
2022-05-19,AMGN,6.5660683,6.7267312,6.4528776
2022-05-19,CRM,13.85,14.570667,14.089804
2022-05-19,CSCO,12.370754,12.677633,12.259728
2022-05-19,IBM,16.337816,16.590362,16.136528
2022-05-19,INTC,17.071463,17.470218,17.119086
2022-05-19,MSFT,171.97308,171.16848,169.54627
2022-05-19,NKE,10.443612,10.678272,10.224938
2022-05-19,VZ,1.6294093,1.6310533,1.6046251
2022-05-19,WMT,3.5033614,3.5394019,3.4558114
2022-05-20,AAPL,48.736631,49.37969,47.340496
2022-05-20,AMGN,6.5652338,6.6729145,6.3823339
2022-05-20,CRM,14.021791,13.830926,13.82593
2022-05-20,CSCO,12.364125,12.875344,12.174313
2022-05-20,IBM,16.412024,16.50436,16.443067
2022-05-20,INTC,16.99985,17.347829,17.02977
2022-05-20,MSFT,171.97255,173.17149,170.93325
2022-05-20,NKE,10.626247,10.689681,10.75857
2022-05-20,VZ,1.6472287,1.6572407,1.6300556
2022-05-20,WMT,3.4540672,3.4977835,3.3821502
2022-05-23,AAPL,47.530101,47.672166,47.068252
2022-05-23,AMGN,6.4292496,6.4795479,6.368321
2022-05-23,CRM,13.997238,14.208618,13.580977
2022-05-23,CSCO,12.37929,12.722364,12.062943
2022-05-23,IBM,16.354603,16.72824,16.358116
2022-05-23,INTC,17.140425,17.272883,16.878608
2022-05-23,MSFT,172.12719,172.71923,170.19788
2022-05-23,NKE,10.796251,10.785977,10.726881
2022-05-23,VZ,1.6396589,1.6399748,1.6335752
2022-05-23,WMT,3.403673,3.4160139,3.3792599
2022-05-24,AAPL,49.418763,50.633606,49.175861
2022-05-24,AMGN,6.3949808,6.5682113,6.286928
2022-05-24,CRM,13.994558,13.965041,13.604306
2022-05-24,CSCO,12.353624,12.521941,12.553755
2022-05-24,IBM,16.537044,16.724216,16.625474
2022-05-24,INTC,17.143855,17.216602,17.043971
2022-05-24,MSFT,168.77383,170.29257,166.01612
2022-05-24,NKE,10.861075,11.096215,10.777789
2022-05-24,VZ,1.6399873,1.6635709,1.6104207
2022-05-24,WMT,3.3895045,3.3897566,3.3913042
2022-05-25,AAPL,48.406962,48.209147,48.309483
2022-05-25,AMGN,6.3054373,6.3713622,6.258766
2022-05-25,CRM,13.823064,14.189316,13.613967
2022-05-25,CSCO,12.187006,12.38385,12.067228
2022-05-25,IBM,16.597504,16.808656,16.398257
2022-05-25,INTC,16.672809,16.775314,16.44605
2022-05-25,MSFT,167.46612,167.06406,167.00548
2022-05-25,NKE,10.74924,11.114044,10.847341
2022-05-25,VZ,1.6618948,1.6669116,1.6629127
2022-05-25,WMT,3.3935765,3.3832699,3.3666105
2022-05-26,AAPL,48.614983,48.649581,48.398294
2022-05-26,AMGN,6.4218553,6.4298008,6.4123671
2022-05-26,CRM,13.719725,13.743213,13.379805
2022-05-26,CSCO,12.149076,12.141638,12.31672
2022-05-26,IBM,16.722598,16.79608,16.845036
2022-05-26,INTC,16.233088,16.420477,16.115366
2022-05-26,MSFT,166.61097,167.03406,165.56842
2022-05-26,NKE,10.684133,10.710056,10.502287
2022-05-26,VZ,1.6495865,1.6877459,1.6305432
2022-05-26,WMT,3.4274873,3.4818316,3.424767
2022-05-27,AAPL,48.077246,49.040057,46.383732
2022-05-27,AMGN,6.4484133,6.4871833,6.3351857
2022-05-27,CRM,13.845286,14.349594,13.750684
2022-05-27,CSCO,12.032653,12.041554,11.933363
2022-05-27,IBM,16.504575,17.109508,16.240369
2022-05-27,INTC,15.759037,16.09922,15.449199
2022-05-27,MSFT,168.50989,170.45143,165.80056
2022-05-27,NKE,10.512237,10.604362,10.345737
2022-05-27,VZ,1.6672577,1.7092002,1.6518286
2022-05-27,WMT,3.5007866,3.5137412,3.5502372
2022-05-31,AAPL,46.465571,47.717624,45.711809
2022-05-31,AMGN,6.1452117,6.2039987,6.1878331
2022-05-31,CRM,13.322711,14.108229,12.837176
2022-05-31,CSCO,11.965903,11.957823,11.854394
2022-05-31,IBM,16.050269,16.283722,15.954341
2022-05-31,INTC,15.437421,15.513685,14.937895
2022-05-31,MSFT,169.06573,170.72438,167.34401
2022-05-31,NKE,10.567992,10.794849,10.245396
2022-05-31,VZ,1.6793513,1.692492,1.6667486
2022-05-31,WMT,3.480377,3.5108185,3.4169487
2022-06-01,AAPL,46.451327,48.11626,47.790759
2022-06-01,AMGN,6.0590667,6.2549457,6.0804207
2022-06-01,CRM,13.460492,13.31476,13.451296
2022-06-01,CSCO,11.551831,11.819533,11.274176
2022-06-01,IBM,15.983125,16.367159,15.772666
2022-06-01,INTC,15.419043,15.456957,15.833265
2022-06-01,MSFT,163.94702,166.88472,164.34578
2022-06-01,NKE,10.002775,10.166438,9.9046747
2022-06-01,VZ,1.6647882,1.7082396,1.6304831
2022-06-01,WMT,3.5079165,3.5519693,3.4726092
2022-06-02,AAPL,44.447254,44.374786,43.579907
2022-06-02,AMGN,6.0857535,6.1463303,6.0086406
2022-06-02,CRM,12.977446,13.399458,13.087728
2022-06-02,CSCO,11.53195,11.743547,11.291869
2022-06-02,IBM,15.936642,16.109063,15.798216
2022-06-02,INTC,15.437697,15.322989,15.43738
2022-06-02,MSFT,160.50625,160.24145,158.90397
2022-06-02,NKE,9.881796,10.23384,9.71831
2022-06-02,VZ,1.6404103,1.6587822,1.6270708
2022-06-02,WMT,3.4946111,3.5071343,3.4780284
2022-06-03,AAPL,44.133273,45.014801,43.792754
2022-06-03,AMGN,6.0829597,6.0846862,5.9895338
2022-06-03,CRM,12.755558,13.054696,12.71656
2022-06-03,CSCO,11.603416,11.771612,11.619522
2022-06-03,IBM,15.902386,16.072547,15.730722
2022-06-03,INTC,15.443484,15.54077,15.347103
2022-06-03,MSFT,160.18328,162.32174,159.74621
2022-06-03,NKE,9.4901819,9.7120084,9.346931
2022-06-03,VZ,1.6312707,1.6523429,1.5749483
2022-06-03,WMT,3.4739787,3.4635637,3.4349465
2022-06-06,AAPL,43.20677,43.62372,42.799689
2022-06-06,AMGN,6.2841962,6.3641505,6.1219894
2022-06-06,CRM,12.245764,12.502804,11.95909
2022-06-06,CSCO,11.571123,11.692436,11.313446
2022-06-06,IBM,16.125629,16.261752,16.164158
2022-06-06,INTC,15.319109,15.666221,15.409016
2022-06-06,MSFT,158.93016,160.88252,159.73735
2022-06-06,NKE,9.4009666,9.4613131,9.35004
2022-06-06,VZ,1.6325731,1.6667889,1.5958188
2022-06-06,WMT,3.4351435,3.4485588,3.4106779
2022-06-07,AAPL,44.124037,43.513333,43.872217
2022-06-07,AMGN,6.3067943,6.4885504,6.2826336
2022-06-07,CRM,12.21912,12.590611,11.967995
2022-06-07,CSCO,11.352742,11.494145,11.200848
2022-06-07,IBM,15.962803,16.341795,15.727899
2022-06-07,INTC,15.439176,15.566508,15.309315
2022-06-07,MSFT,156.32014,158.23837,152.85238
2022-06-07,NKE,9.2402782,9.4062529,9.2534502
2022-06-07,VZ,1.6647388,1.6722036,1.6682195
2022-06-07,WMT,3.4629007,3.4645214,3.4311705
2022-06-08,AAPL,43.749219,43.159597,42.804794
2022-06-08,AMGN,6.2055964,6.2698368,5.96005
2022-06-08,CRM,11.979792,12.036402,11.537204
2022-06-08,CSCO,10.896395,11.06767,10.904464
2022-06-08,IBM,16.313962,16.458482,16.230375
2022-06-08,INTC,14.840517,14.979521,14.865723
2022-06-08,MSFT,161.05998,164.84369,160.92672
2022-06-08,NKE,9.0745571,9.286806,9.0764751
2022-06-08,VZ,1.622411,1.6426274,1.5741634
2022-06-08,WMT,3.4578618,3.4652536,3.4236068
2022-06-09,AAPL,43.020359,43.415874,42.230615
2022-06-09,AMGN,6.0576582,6.0149475,5.9699494
2022-06-09,CRM,11.318177,11.464313,11.188357
2022-06-09,CSCO,10.902583,11.048056,10.832491
2022-06-09,IBM,16.12854,16.369366,15.954927
2022-06-09,INTC,14.672293,14.922063,14.59595
2022-06-09,MSFT,155.68179,158.96755,155.92836
2022-06-09,NKE,9.1977543,9.351857,9.168987
2022-06-09,VZ,1.6438445,1.6563298,1.6219065
2022-06-09,WMT,3.4179315,3.4488251,3.3468917
2022-06-10,AAPL,43.171603,43.750976,42.373275
2022-06-10,AMGN,6.016999,6.1060805,5.9129659
2022-06-10,CRM,11.372912,11.721305,11.650928
2022-06-10,CSCO,10.43069,10.730431,10.302154
2022-06-10,IBM,16.358155,16.477151,16.157912
2022-06-10,INTC,14.283469,14.447509,13.958927
2022-06-10,MSFT,153.54276,155.45477,151.98961
2022-06-10,NKE,9.3582474,9.5432735,9.3992219
2022-06-10,VZ,1.6392519,1.6737139,1.6242252
2022-06-10,WMT,3.4298901,3.4416775,3.387471
2022-06-13,AAPL,43.916753,45.461288,43.362287
2022-06-13,AMGN,5.9657381,6.0187929,5.9841902
2022-06-13,CRM,11.717091,11.70317,11.195427
2022-06-13,CSCO,10.164485,10.24734,10.108891
2022-06-13,IBM,16.452373,16.80037,16.422244
2022-06-13,INTC,14.21783,14.345157,14.225735
2022-06-13,MSFT,154.81884,156.29643,149.67917
2022-06-13,NKE,9.1277481,9.3140645,8.9640704
2022-06-13,VZ,1.6371433,1.6559402,1.6288842
2022-06-13,WMT,3.3939053,3.4277784,3.3930618
2022-06-14,AAPL,42.634157,43.258198,42.094497
2022-06-14,AMGN,5.8424501,5.9388902,5.7403407
2022-06-14,CRM,11.367175,11.495834,10.936071
2022-06-14,CSCO,9.9866063,10.231489,9.8853981
2022-06-14,IBM,16.358025,16.412263,16.233333
2022-06-14,INTC,14.442155,14.709618,14.133033
2022-06-14,MSFT,152.78565,154.05997,153.74497
2022-06-14,NKE,9.0693908,9.3303828,9.1264682
2022-06-14,VZ,1.6061738,1.6009519,1.5823839
2022-06-14,WMT,3.3216005,3.3403352,3.2826466
2022-06-15,AAPL,43.203515,43.118556,43.233711
2022-06-15,AMGN,5.7177327,5.7695948,5.6627822
2022-06-15,CRM,10.704231,10.684173,10.485029
2022-06-15,CSCO,10.152083,10.255517,10.173036
2022-06-15,IBM,15.963679,16.329359,15.910071
2022-06-15,INTC,14.256258,14.174059,13.973022
2022-06-15,MSFT,150.34335,153.16117,147.73218
2022-06-15,NKE,9.0395838,9.0286435,8.9421739
2022-06-15,VZ,1.6023947,1.6033999,1.5887894
2022-06-15,WMT,3.3344458,3.3972996,3.250881
2022-06-16,AAPL,43.064893,43.472758,42.507339
2022-06-16,AMGN,5.7782656,5.945476,5.6652411
2022-06-16,CRM,10.47637,10.766047,10.033832
2022-06-16,CSCO,10.148733,10.149042,10.021781
2022-06-16,IBM,16.028103,16.13638,15.724606
2022-06-16,INTC,14.090731,14.266368,13.948636
2022-06-16,MSFT,150.19054,150.87496,150.68441
2022-06-16,NKE,9.113754,9.1482616,8.8600497
2022-06-16,VZ,1.5832868,1.5876866,1.5791389
2022-06-16,WMT,3.2933035,3.3463259,3.270381
2022-06-17,AAPL,42.635425,43.723541,42.91775
2022-06-17,AMGN,5.9127666,5.9426215,5.8655334
2022-06-17,CRM,9.6540678,9.8210004,9.4285078
2022-06-17,CSCO,9.9578126,10.005004,9.8946181
2022-06-17,IBM,15.944801,16.083975,15.728665
2022-06-17,INTC,13.866203,13.815856,13.792418
2022-06-17,MSFT,150.31593,150.69746,146.9131
2022-06-17,NKE,8.9839598,9.1123789,9.0190427
2022-06-17,VZ,1.5416348,1.5572889,1.5237006
2022-06-17,WMT,3.3114036,3.3705821,3.3379872
2022-06-21,AAPL,41.596131,41.958409,40.935324
2022-06-21,AMGN,5.7428079,5.9139056,5.6982688
2022-06-21,CRM,9.5525242,9.8746298,9.445131
2022-06-21,CSCO,10.022514,10.053671,9.7341637
2022-06-21,IBM,15.830656,16.07539,15.673994
2022-06-21,INTC,13.440615,13.644011,13.374602
2022-06-21,MSFT,147.60381,147.52743,146.94687
2022-06-21,NKE,8.8890339,8.9829989,8.6401956
2022-06-21,VZ,1.5459275,1.5687632,1.5435798
2022-06-21,WMT,3.3007789,3.3258513,3.2675066
2022-06-22,AAPL,41.101092,42.368764,41.272897
2022-06-22,AMGN,5.8461632,5.9393005,5.7837096
2022-06-22,CRM,9.3146947,9.4690134,9.2608376
2022-06-22,CSCO,9.9518943,9.9183465,9.8848692
2022-06-22,IBM,15.617414,15.707543,15.466886
2022-06-22,INTC,13.092874,13.16581,13.078829
2022-06-22,MSFT,148.8577,153.05662,148.84385
2022-06-22,NKE,8.970194,9.1028358,9.0718167
2022-06-22,VZ,1.5573178,1.5552945,1.5407858
2022-06-22,WMT,3.2479817,3.2475072,3.2176148
2022-06-23,AAPL,40.708939,41.610003,39.45715
2022-06-23,AMGN,5.8482472,5.8386898,5.689511
2022-06-23,CRM,9.0484983,9.3222128,8.8389892
2022-06-23,CSCO,9.8239069,10.147326,9.7912877
2022-06-23,IBM,15.687089,16.017999,15.691093
2022-06-23,INTC,13.212752,13.482292,12.948248
2022-06-23,MSFT,148.06729,146.43835,146.54446
2022-06-23,NKE,8.9706752,9.07034,8.9081305
2022-06-23,VZ,1.5315182,1.5384759,1.5092991
2022-06-23,WMT,3.159389,3.2031276,3.2013974
2022-06-24,AAPL,40.034497,40.263815,39.617349
2022-06-24,AMGN,5.822584,5.9447238,5.7557905
2022-06-24,CRM,9.023468,9.1111812,8.9187747
2022-06-24,CSCO,9.709633,9.7671863,9.7950445
2022-06-24,IBM,15.763115,15.546805,15.40911
2022-06-24,INTC,13.352587,13.889613,13.260298
2022-06-24,MSFT,148.92922,152.29835,148.58327
2022-06-24,NKE,8.8648101,8.8994911,8.7264517
2022-06-24,VZ,1.5208745,1.5184722,1.5041275
2022-06-24,WMT,3.2005845,3.2364515,3.1612739
2022-06-27,AAPL,38.870252,39.061995,38.126373
2022-06-27,AMGN,5.8515124,5.8876046,5.7133269
2022-06-27,CRM,9.2526212,9.4989274,9.1787297
2022-06-27,CSCO,9.6810438,9.8945884,9.5282247
2022-06-27,IBM,15.791009,15.877294,15.703695
2022-06-27,INTC,13.138682,13.170023,13.05246
2022-06-27,MSFT,150.81082,152.73424,148.59173
2022-06-27,NKE,8.6873743,8.7592543,8.529067
2022-06-27,VZ,1.4958897,1.5178863,1.4735213
2022-06-27,WMT,3.2167187,3.2674251,3.1863975
2022-06-28,AAPL,38.556406,38.951264,37.741364
2022-06-28,AMGN,5.8691282,5.9245618,5.7797011
2022-06-28,CRM,8.9914277,8.7650779,8.7421545
2022-06-28,CSCO,9.4622103,9.6726062,9.381538
2022-06-28,IBM,15.800196,15.789443,15.774466
2022-06-28,INTC,12.782046,13.098278,12.720047
2022-06-28,MSFT,151.23887,152.72791,150.97032
2022-06-28,NKE,8.4543797,8.5741756,8.4269382
2022-06-28,VZ,1.5218234,1.5342667,1.5091665
2022-06-28,WMT,3.2775222,3.3276078,3.2847582
2022-06-29,AAPL,39.038772,39.786482,38.968177
2022-06-29,AMGN,6.0154386,6.0415122,5.9624326
2022-06-29,CRM,8.8615454,8.9865319,8.4368242
2022-06-29,CSCO,9.3841937,9.4094346,9.2923224
2022-06-29,IBM,15.549628,15.759657,15.472394
2022-06-29,INTC,12.469487,12.684766,12.261692
2022-06-29,MSFT,148.80119,150.85654,149.53671
2022-06-29,NKE,8.6391474,8.7358827,8.4426071
2022-06-29,VZ,1.5254272,1.5371279,1.5255012
2022-06-29,WMT,3.3061339,3.3498089,3.3218294
2022-06-30,AAPL,39.375951,39.393722,38.60365
2022-06-30,AMGN,5.9604735,6.1223488,5.8954399
2022-06-30,CRM,8.5982656,8.6625952,8.5340139
2022-06-30,CSCO,9.1373174,9.2210657,8.9860191
2022-06-30,IBM,15.617101,15.688147,15.542848
2022-06-30,INTC,12.507826,12.577344,12.129738
2022-06-30,MSFT,148.68327,151.17798,146.20266
2022-06-30,NKE,8.7710942,8.9789848,8.8342618
2022-06-30,VZ,1.4980149,1.5271812,1.4712828
2022-06-30,WMT,3.3006955,3.3141283,3.2947231
2022-07-01,AAPL,40.352513,39.788865,39.384609
2022-07-01,AMGN,6.0034827,6.0606555,5.9656756
2022-07-01,CRM,8.4259341,8.7775497,8.4371819
2022-07-01,CSCO,8.9412064,8.9740268,8.9058492
2022-07-01,IBM,15.283461,15.344615,15.244109
2022-07-01,INTC,12.944311,13.221361,12.771407
2022-07-01,MSFT,147.81843,153.52666,145.22414
2022-07-01,NKE,8.4254989,8.3858719,8.2740628
2022-07-01,VZ,1.4944352,1.5447409,1.4836527
2022-07-01,WMT,3.2586552,3.2706952,3.2660892
2022-07-05,AAPL,41.71692,42.259743,41.044005
2022-07-05,AMGN,5.9251471,5.9441736,5.9255017
2022-07-05,CRM,8.8036392,9.0974021,8.569901
2022-07-05,CSCO,8.7855512,9.0426503,8.7873044
2022-07-05,IBM,15.38535,15.502511,15.23018
2022-07-05,INTC,12.81942,12.993457,12.871992
2022-07-05,MSFT,150.28073,149.43044,147.14915
2022-07-05,NKE,8.2480673,8.4266818,8.0711523
2022-07-05,VZ,1.4904642,1.5022456,1.4668354
2022-07-05,WMT,3.2124802,3.2348557,3.2360811
2022-07-06,AAPL,41.75498,41.677975,41.811207
2022-07-06,AMGN,6.0987676,6.1336622,6.1531698
2022-07-06,CRM,8.5603119,8.8545528,8.4108117
2022-07-06,CSCO,8.5593879,8.5771288,8.6152464
2022-07-06,IBM,15.251133,15.302486,15.098873
2022-07-06,INTC,12.505195,12.653479,12.456502
2022-07-06,MSFT,151.81211,151.71686,150.14538
2022-07-06,NKE,8.2823728,8.2616141,8.1924596
2022-07-06,VZ,1.504389,1.5223911,1.4878906
2022-07-06,WMT,3.2968128,3.329753,3.2513497
2022-07-07,AAPL,41.749602,41.397954,40.909898
2022-07-07,AMGN,6.0496898,6.223313,6.0473478
2022-07-07,CRM,8.7431857,8.9353759,8.4421268
2022-07-07,CSCO,8.3367595,8.591702,8.1142539
2022-07-07,IBM,15.175796,15.328366,15.091174
2022-07-07,INTC,12.426149,12.457384,12.247202
2022-07-07,MSFT,150.33169,152.08117,148.66411
2022-07-07,NKE,8.2361936,8.2960646,8.0598803
2022-07-07,VZ,1.5097972,1.526945,1.5004716
2022-07-07,WMT,3.2450581,3.2941254,3.2395172
2022-07-08,AAPL,42.691019,43.943386,42.115131
2022-07-08,AMGN,6.0747882,6.2113886,6.0202968
2022-07-08,CRM,8.3859935,8.4405175,8.049332
2022-07-08,CSCO,8.3689184,8.4317406,8.2779709
2022-07-08,IBM,15.599445,15.914146,15.259949
2022-07-08,INTC,12.62225,12.77401,12.572194
2022-07-08,MSFT,145.86378,148.61193,145.10422
2022-07-08,NKE,8.2399929,8.262388,8.3128901
2022-07-08,VZ,1.4865037,1.4868863,1.4781087
2022-07-08,WMT,3.1980459,3.2600308,3.1877052
2022-07-11,AAPL,43.060656,44.003148,42.332094
2022-07-11,AMGN,6.0220256,6.0604409,5.8523745
2022-07-11,CRM,8.3113289,8.6965917,8.099184
2022-07-11,CSCO,8.2912598,8.5546809,8.2725499
2022-07-11,IBM,15.792049,16.02686,15.864141
2022-07-11,INTC,12.73113,12.761863,12.369307
2022-07-11,MSFT,144.93525,148.98815,143.25105
2022-07-11,NKE,7.9914486,8.1744469,8.0096348
2022-07-11,VZ,1.504255,1.4967536,1.5084955
2022-07-11,WMT,3.2013507,3.2177719,3.1222936
2022-07-12,AAPL,43.199177,44.340231,43.111103
2022-07-12,AMGN,6.0557864,6.2246294,6.0713117
2022-07-12,CRM,8.0444286,8.1248614,7.8788715
2022-07-12,CSCO,8.0979158,8.1915032,7.9364528
2022-07-12,IBM,15.506156,15.59651,15.347395
2022-07-12,INTC,12.156462,12.119877,11.875574
2022-07-12,MSFT,148.17818,151.79851,147.4239
2022-07-12,NKE,8.0050663,8.0560754,7.8076505
2022-07-12,VZ,1.4947264,1.49851,1.5014679
2022-07-12,WMT,3.2025042,3.2608808,3.1613195
2022-07-13,AAPL,41.814251,42.024164,40.903092
2022-07-13,AMGN,6.0210524,6.0725126,5.9196497
2022-07-13,CRM,7.7953177,8.0026462,7.8812012
2022-07-13,CSCO,7.9899656,8.1632662,7.9428389
2022-07-13,IBM,15.939526,16.07074,15.756876
2022-07-13,INTC,11.89794,11.9905,11.939767
2022-07-13,MSFT,145.66612,145.55385,144.42134
2022-07-13,NKE,8.0833944,8.1518467,7.810113
2022-07-13,VZ,1.4682612,1.4887249,1.453076
2022-07-13,WMT,3.1873373,3.2235307,3.1599598
2022-07-14,AAPL,41.417377,42.86134,41.019111
2022-07-14,AMGN,6.1266537,6.2286585,6.1246488
2022-07-14,CRM,7.5095316,7.7900793,7.329559
2022-07-14,CSCO,7.9226593,8.1065352,7.8451172
2022-07-14,IBM,15.937054,15.949973,15.811711
2022-07-14,INTC,11.801017,12.016557,11.632925
2022-07-14,MSFT,145.87325,147.30722,144.687
2022-07-14,NKE,7.9256051,8.0344788,8.000942
2022-07-14,VZ,1.4695634,1.4973652,1.4622146
2022-07-14,WMT,3.1941233,3.2299719,3.1749239
2022-07-15,AAPL,41.715277,42.738695,41.498165
2022-07-15,AMGN,5.9343205,5.9902199,5.9101775
2022-07-15,CRM,7.6718944,7.7273908,7.4752615
2022-07-15,CSCO,7.7963384,7.8003636,7.6094438
2022-07-15,IBM,16.23773,16.415186,15.996497
2022-07-15,INTC,11.786472,11.788259,11.528588
2022-07-15,MSFT,145.91064,149.10712,142.75516
2022-07-15,NKE,7.8267222,7.973472,7.8488917
2022-07-15,VZ,1.4712611,1.4796268,1.4430191
2022-07-15,WMT,3.1372399,3.2009391,3.0821223
2022-07-18,AAPL,40.475712,40.917863,38.893869
2022-07-18,AMGN,5.9973809,6.1009905,5.8919386
2022-07-18,CRM,7.8378592,7.9602407,7.9158509
2022-07-18,CSCO,7.6518752,7.8665957,7.5578355
2022-07-18,IBM,16.034931,16.21221,15.60405
2022-07-18,INTC,12.212284,12.532065,12.105429
2022-07-18,MSFT,150.11546,153.27152,146.62815
2022-07-18,NKE,7.6941317,7.8504503,7.6720278
2022-07-18,VZ,1.466337,1.4865184,1.4676903
2022-07-18,WMT,3.2224192,3.273391,3.2084883
2022-07-19,AAPL,40.419895,40.117917,39.429937
2022-07-19,AMGN,6.1043671,6.2045631,6.0831726
2022-07-19,CRM,7.952238,8.3150568,7.9528068
2022-07-19,CSCO,7.5818707,7.4855713,7.4674802
2022-07-19,IBM,15.978834,15.914903,15.993842
2022-07-19,INTC,11.998444,11.887209,11.97559
2022-07-19,MSFT,148.85874,151.18921,148.11765
2022-07-19,NKE,7.6796796,7.7338564,7.7117245
2022-07-19,VZ,1.4324451,1.440586,1.3962134
2022-07-19,WMT,3.210845,3.2254941,3.1947203
2022-07-20,AAPL,40.772151,40.908014,40.567741
2022-07-20,AMGN,6.128985,6.2245882,6.0915416
2022-07-20,CRM,7.4259286,7.5062137,7.1078957
2022-07-20,CSCO,7.4280153,7.528381,7.3637882
2022-07-20,IBM,15.77681,16.026591,15.843742
2022-07-20,INTC,12.05674,12.159409,12.064287
2022-07-20,MSFT,150.18784,153.77812,146.81415
2022-07-20,NKE,7.6939747,7.7867818,7.6064703
2022-07-20,VZ,1.4386473,1.4407447,1.4248899
2022-07-20,WMT,3.2167557,3.2669074,3.2214228
2022-07-21,AAPL,40.951735,41.101573,40.563017
2022-07-21,AMGN,6.2407064,6.3310569,6.2257735
2022-07-21,CRM,7.3394955,7.2930315,7.0082057
2022-07-21,CSCO,7.4222815,7.5796936,7.3403118
2022-07-21,IBM,15.426562,15.728554,15.103705
2022-07-21,INTC,12.136324,12.465957,12.018107
2022-07-21,MSFT,143.80653,145.05886,141.11202
2022-07-21,NKE,7.6721496,7.7168941,7.5283342
2022-07-21,VZ,1.4059916,1.4192758,1.3765745
2022-07-21,WMT,3.1929316,3.2108154,3.1699048
2022-07-22,AAPL,40.757078,41.986878,40.716992
2022-07-22,AMGN,6.2424534,6.3194307,6.1460566
2022-07-22,CRM,7.0945642,7.2417125,7.1878009
2022-07-22,CSCO,7.2586608,7.3821373,7.1105193
2022-07-22,IBM,15.405012,15.466403,15.473132
2022-07-22,INTC,12.296767,12.361228,12.227512
2022-07-22,MSFT,141.55536,140.85973,140.53611
2022-07-22,NKE,7.3754421,7.4603247,7.3316942
2022-07-22,VZ,1.3775414,1.4079029,1.3420932
2022-07-22,WMT,3.2204138,3.3104376,3.1751013
2022-07-25,AAPL,40.967373,41.211064,40.757291
2022-07-25,AMGN,6.267355,6.4177711,6.1005428
2022-07-25,CRM,7.2026079,7.4486526,7.0675487
2022-07-25,CSCO,7.0328259,7.2519444,7.0053518
2022-07-25,IBM,15.373415,15.542349,15.096828
2022-07-25,INTC,12.389364,12.443873,12.313549
2022-07-25,MSFT,143.72726,143.81188,140.77906
2022-07-25,NKE,7.5810991,7.7365076,7.5929561
2022-07-25,VZ,1.3428058,1.3295937,1.3212612
2022-07-25,WMT,3.268549,3.2553716,3.3138355
2022-07-26,AAPL,41.204378,40.976758,40.785993
2022-07-26,AMGN,6.1376878,6.1532029,6.2225505
2022-07-26,CRM,7.056832,7.2039127,6.7708512
2022-07-26,CSCO,6.9335676,7.062307,6.8663814
2022-07-26,IBM,15.071531,15.176392,14.958616
2022-07-26,INTC,12.32259,12.393525,12.155533
2022-07-26,MSFT,146.18118,148.51207,145.29991
2022-07-26,NKE,7.7237014,7.8082638,7.6350395
2022-07-26,VZ,1.3112262,1.3235856,1.2980105
2022-07-26,WMT,3.2758529,3.3068057,3.2414365
2022-07-27,AAPL,41.588701,42.826302,41.11765
2022-07-27,AMGN,6.1600906,6.3478525,6.1155826
2022-07-27,CRM,6.8814738,7.0624062,6.7685103
2022-07-27,CSCO,7.1470005,7.1201569,7.1102657
2022-07-27,IBM,14.544529,14.73774,14.335032
2022-07-27,INTC,12.449204,12.785123,12.40739
2022-07-27,MSFT,144.50546,145.66735,141.72941
2022-07-27,NKE,7.7891987,7.930215,7.8252467
2022-07-27,VZ,1.309546,1.3190425,1.3002784
2022-07-27,WMT,3.294798,3.3306069,3.2945673
2022-07-28,AAPL,42.309117,42.797397,42.244551
2022-07-28,AMGN,5.942099,6.0200675,5.9052707
2022-07-28,CRM,7.0075551,7.2288552,6.7011363
2022-07-28,CSCO,7.1180687,7.1297031,6.9751004
2022-07-28,IBM,14.367358,14.486346,14.36599
2022-07-28,INTC,12.53106,12.53034,12.626031
2022-07-28,MSFT,143.43972,148.01065,141.11603
2022-07-28,NKE,7.8680307,8.0926754,7.6947941
2022-07-28,VZ,1.3155731,1.3169644,1.2942863
2022-07-28,WMT,3.2688592,3.2913802,3.2519436
2022-07-29,AAPL,41.185261,42.377824,40.347446
2022-07-29,AMGN,6.0421953,6.2069686,5.9160513
2022-07-29,CRM,6.5184812,6.5684099,6.6032317
2022-07-29,CSCO,6.9103549,6.851005,6.6727084
2022-07-29,IBM,14.469822,14.635871,14.340233
2022-07-29,INTC,12.501902,12.595339,12.395848
2022-07-29,MSFT,141.26286,140.2751,140.82364
2022-07-29,NKE,7.9671562,8.060357,7.9554628
2022-07-29,VZ,1.3375669,1.363757,1.3110929
2022-07-29,WMT,3.2253277,3.269084,3.2372087
2022-08-01,AAPL,40.443392,40.49885,40.163182
2022-08-01,AMGN,6.0167039,6.1608268,6.0290808
2022-08-01,CRM,6.5588435,6.8549396,6.3944777
2022-08-01,CSCO,6.8597213,6.8887789,6.7739049
2022-08-01,IBM,14.431287,14.658763,14.368273
2022-08-01,INTC,12.622536,12.892413,12.286738
2022-08-01,MSFT,145.35281,143.61738,142.24759
2022-08-01,NKE,7.8251455,7.9175274,7.9274919
2022-08-01,VZ,1.3064578,1.3193775,1.2944598
2022-08-01,WMT,3.2109987,3.2302993,3.1410723
2022-08-02,AAPL,39.7143,40.143579,39.686503
2022-08-02,AMGN,5.8842551,5.901755,5.8136488
2022-08-02,CRM,6.5331473,6.7353098,6.4222979
2022-08-02,CSCO,6.701074,6.890674,6.6646361
2022-08-02,IBM,14.584806,14.557581,14.461888
2022-08-02,INTC,12.547092,12.793252,12.581658
2022-08-02,MSFT,145.15921,147.14379,143.02216
2022-08-02,NKE,7.7888567,8.0138722,7.7147829
2022-08-02,VZ,1.2655793,1.2761395,1.2665281
2022-08-02,WMT,3.2128233,3.2275584,3.2164702
2022-08-03,AAPL,40.074685,40.913536,39.892102
2022-08-03,AMGN,5.824897,5.815686,5.869261
2022-08-03,CRM,6.7561786,6.8104367,6.5796331
2022-08-03,CSCO,6.7158874,6.775949,6.6647902
2022-08-03,IBM,14.303892,14.599249,14.054631
2022-08-03,INTC,12.394348,12.554161,12.481658
2022-08-03,MSFT,146.53371,147.302,142.34433
2022-08-03,NKE,7.6653818,7.8473237,7.7026158
2022-08-03,VZ,1.2731063,1.2795802,1.263215
2022-08-03,WMT,3.1942205,3.2060917,3.2072352
2022-08-04,AAPL,38.997014,39.362219,38.105345
2022-08-04,AMGN,5.891418,5.9179057,5.8257044
2022-08-04,CRM,6.8518218,6.9089741,6.6190331
2022-08-04,CSCO,6.8692334,6.9030718,6.8928792
2022-08-04,IBM,14.460636,14.623129,14.41624
2022-08-04,INTC,12.157716,12.430294,11.853332
2022-08-04,MSFT,145.25375,147.92418,144.78537
2022-08-04,NKE,7.346876,7.5188923,7.2927952
2022-08-04,VZ,1.2799916,1.2973958,1.2722165
2022-08-04,WMT,3.2379692,3.2758343,3.2347616
2022-08-05,AAPL,38.020165,38.456155,37.967778
2022-08-05,AMGN,5.7977826,5.8750773,5.6846314
2022-08-05,CRM,6.6668896,6.8693964,6.5259449
2022-08-05,CSCO,7.1233119,7.2087354,7.0841234
2022-08-05,IBM,14.6095,14.719845,14.477017
2022-08-05,INTC,12.365492,12.262502,12.08997
2022-08-05,MSFT,143.15988,144.61782,141.84792
2022-08-05,NKE,7.4623443,7.5796052,7.405263
2022-08-05,VZ,1.2536293,1.257606,1.2329124
2022-08-05,WMT,3.2364753,3.2554039,3.1956675
2022-08-08,AAPL,39.791891,40.226335,39.277248
2022-08-08,AMGN,5.6499393,5.7095894,5.6411858
2022-08-08,CRM,6.6896627,6.721705,6.3220514
2022-08-08,CSCO,7.1894688,7.1829287,7.1004242
2022-08-08,IBM,14.612304,14.669751,14.406691
2022-08-08,INTC,12.271948,12.184758,12.214533
2022-08-08,MSFT,141.72693,143.33224,140.78107
2022-08-08,NKE,7.4333387,7.5265261,7.3924734
2022-08-08,VZ,1.2501079,1.2613886,1.2409128
2022-08-08,WMT,3.2544767,3.2933841,3.2559781
2022-08-09,AAPL,39.3903,39.493689,38.871327
2022-08-09,AMGN,5.5370084,5.5985844,5.3913207
2022-08-09,CRM,6.4082559,6.671792,6.2499247
2022-08-09,CSCO,6.8881353,6.8252233,6.7983005
2022-08-09,IBM,14.603315,14.858338,14.45339
2022-08-09,INTC,12.286756,12.503799,12.27522
2022-08-09,MSFT,140.3255,142.3941,136.84216
2022-08-09,NKE,7.5313852,7.6598215,7.4513395
2022-08-09,VZ,1.23912,1.2339614,1.2111139
2022-08-09,WMT,3.3883169,3.393641,3.3614206
2022-08-10,AAPL,38.202832,38.573379,37.566132
2022-08-10,AMGN,5.4422014,5.4461809,5.2919935
2022-08-10,CRM,6.3799571,6.4362142,6.2718453
2022-08-10,CSCO,6.6946021,6.7783648,6.5730195
2022-08-10,IBM,14.39435,14.44491,14.228132
2022-08-10,INTC,11.901989,11.789392,11.656167
2022-08-10,MSFT,141.97357,141.89942,139.40293
2022-08-10,NKE,7.4716856,7.525414,7.2708451
2022-08-10,VZ,1.2285862,1.2253516,1.2219701
2022-08-10,WMT,3.341224,3.3838848,3.3126127
2022-08-11,AAPL,37.654347,37.99744,37.320629
2022-08-11,AMGN,5.5057751,5.5357771,5.4169941
2022-08-11,CRM,6.3459544,6.3910991,6.0710011
2022-08-11,CSCO,6.4984817,6.4257587,6.3833585
2022-08-11,IBM,14.114329,14.416301,13.98927
2022-08-11,INTC,11.824361,12.069283,11.708184
2022-08-11,MSFT,141.70861,145.22823,139.13029
2022-08-11,NKE,7.4311463,7.5498199,7.4269101
2022-08-11,VZ,1.1947301,1.2066544,1.1900216
2022-08-11,WMT,3.4095086,3.4095338,3.3966692
2022-08-12,AAPL,37.543009,38.390637,37.513661
2022-08-12,AMGN,5.4333548,5.4647854,5.3437951
2022-08-12,CRM,6.1310611,6.207465,5.935681
2022-08-12,CSCO,6.3524638,6.3865448,6.3035985
2022-08-12,IBM,14.491718,14.602119,14.295721
2022-08-12,INTC,11.848107,12.155509,11.702188
2022-08-12,MSFT,141.11195,141.18761,139.52273
2022-08-12,NKE,7.5198981,7.5037048,7.3912552
2022-08-12,VZ,1.1861385,1.1950054,1.1832532
2022-08-12,WMT,3.4146923,3.4215114,3.407807
2022-08-15,AAPL,37.355204,38.171776,36.640219
2022-08-15,AMGN,5.4420524,5.4986643,5.4096058
2022-08-15,CRM,6.0312393,6.2446972,5.9369498
2022-08-15,CSCO,6.2665757,6.4082448,6.149734
2022-08-15,IBM,14.66863,14.717712,14.657118
2022-08-15,INTC,11.974115,12.071265,11.75371
2022-08-15,MSFT,139.07234,139.0674,137.39368
2022-08-15,NKE,7.6141158,7.7666412,7.4524342
2022-08-15,VZ,1.1819023,1.1810071,1.1800069
2022-08-15,WMT,3.4370054,3.4895692,3.3737936
2022-08-16,AAPL,35.218798,35.238581,34.801222
2022-08-16,AMGN,5.5391771,5.5319879,5.4862471
2022-08-16,CRM,5.985664,5.8914633,5.7792963
2022-08-16,CSCO,6.2683955,6.293291,6.2307823
2022-08-16,IBM,14.457793,14.469462,14.461774
2022-08-16,INTC,11.635968,11.570201,11.409265
2022-08-16,MSFT,137.46249,138.22576,135.6922
2022-08-16,NKE,7.7698629,7.8386621,7.7465619
2022-08-16,VZ,1.2288441,1.250053,1.2239087
2022-08-16,WMT,3.4968307,3.5713527,3.422512
2022-08-17,AAPL,35.144014,35.284831,34.512065
2022-08-17,AMGN,5.3576611,5.3694671,5.312434
2022-08-17,CRM,5.9395699,6.1126078,5.7091078
2022-08-17,CSCO,6.1459222,6.2462647,6.0356711
2022-08-17,IBM,14.135005,14.146094,13.949457
2022-08-17,INTC,11.460121,11.58175,11.539189
2022-08-17,MSFT,136.29202,137.62308,136.54982
2022-08-17,NKE,7.8992958,8.0107443,7.8915374
2022-08-17,VZ,1.2278111,1.2467264,1.2133902
2022-08-17,WMT,3.5620591,3.5930206,3.4943197
2022-08-18,AAPL,35.00848,35.913109,34.330964
2022-08-18,AMGN,5.2288501,5.304024,5.1598197
2022-08-18,CRM,5.9644692,6.0237661,5.7883609
2022-08-18,CSCO,6.2219438,6.1781323,6.2269
2022-08-18,IBM,14.273302,14.126139,14.078644
2022-08-18,INTC,11.516456,11.672247,11.182422
2022-08-18,MSFT,135.44111,136.25196,132.15344
2022-08-18,NKE,7.6605535,7.8505293,7.6958627
2022-08-18,VZ,1.1868206,1.2031324,1.1866458
2022-08-18,WMT,3.5469699,3.5799457,3.5273102
2022-08-19,AAPL,35.090017,35.021479,34.464535
2022-08-19,AMGN,5.1857246,5.2375126,5.117955
2022-08-19,CRM,6.0338629,6.1355579,5.9705885
2022-08-19,CSCO,6.1465004,6.2771239,6.1707432
2022-08-19,IBM,14.342535,14.440484,14.304262
2022-08-19,INTC,11.28877,11.335939,11.078697
2022-08-19,MSFT,138.13146,140.90914,135.72083
2022-08-19,NKE,7.9931255,8.1352256,7.8956498
2022-08-19,VZ,1.1450417,1.1562931,1.1444534
2022-08-19,WMT,3.5850543,3.5713024,3.5623184
2022-08-22,AAPL,34.801036,35.21354,34.577374
2022-08-22,AMGN,5.1329742,5.3044214,5.1365581
2022-08-22,CRM,6.146807,6.2135648,6.1135061
2022-08-22,CSCO,6.1192886,5.9964609,5.9827383
2022-08-22,IBM,14.364792,14.459771,14.044831
2022-08-22,INTC,11.296077,11.411263,11.337402
2022-08-22,MSFT,139.18143,139.35007,136.84472
2022-08-22,NKE,7.8515384,7.924319,7.775195
2022-08-22,VZ,1.1495655,1.1619428,1.1369454
2022-08-22,WMT,3.6202016,3.7227273,3.5408031
2022-08-23,AAPL,34.122031,35.003494,33.228634
2022-08-23,AMGN,5.0583446,5.1417741,5.0672172
2022-08-23,CRM,6.0176316,6.1217274,5.9420824
2022-08-23,CSCO,6.2001538,6.2933733,6.0824847
2022-08-23,IBM,14.119224,14.352117,13.850864
2022-08-23,INTC,11.225264,11.298619,11.299355
2022-08-23,MSFT,136.29322,138.16899,134.36122
2022-08-23,NKE,7.8809546,8.0340396,7.6869852
2022-08-23,VZ,1.1317836,1.1389299,1.1269044
2022-08-23,WMT,3.6109527,3.6229233,3.5449579
2022-08-24,AAPL,33.451663,32.895716,33.183961
2022-08-24,AMGN,5.0372738,5.1885282,4.9210436
2022-08-24,CRM,5.8789311,6.0782698,5.8921262
2022-08-24,CSCO,6.0418279,6.0142139,5.9330386
2022-08-24,IBM,14.079772,14.183475,14.13248
2022-08-24,INTC,10.98088,10.941847,10.842413
2022-08-24,MSFT,134.46395,133.75796,132.10393
2022-08-24,NKE,8.0110039,8.1443562,7.9126795
2022-08-24,VZ,1.1043316,1.116224,1.0926483
2022-08-24,WMT,3.6182657,3.6408571,3.6174037
2022-08-25,AAPL,32.915912,33.871778,31.885785
2022-08-25,AMGN,4.9143343,4.9369604,4.7559288
2022-08-25,CRM,5.8202614,5.8757081,6.1141487
2022-08-25,CSCO,5.9925358,5.9834544,5.9146267
2022-08-25,IBM,13.976315,14.022679,13.716398
2022-08-25,INTC,10.741695,10.777166,10.855122
2022-08-25,MSFT,135.70102,136.26281,135.5133
2022-08-25,NKE,8.3764417,8.39618,8.3668716
2022-08-25,VZ,1.101716,1.0974854,1.0875063
2022-08-25,WMT,3.6197988,3.6641153,3.5988348
2022-08-26,AAPL,32.581715,32.539762,31.886571
2022-08-26,AMGN,4.7882252,4.8696449,4.7325687
2022-08-26,CRM,5.8119948,5.8709572,5.6836174
2022-08-26,CSCO,5.8725962,6.0404081,5.8378119
2022-08-26,IBM,14.168096,14.17078,13.78313
2022-08-26,INTC,10.659525,10.828822,10.508353
2022-08-26,MSFT,136.11379,138.97132,134.1498
2022-08-26,NKE,8.4280292,8.5996801,8.3678769
2022-08-26,VZ,1.1071112,1.1342432,1.1002391
2022-08-26,WMT,3.6357922,3.6988289,3.5956519
2022-08-29,AAPL,33.582596,33.435801,32.888097
2022-08-29,AMGN,4.6758702,4.6973538,4.5637414
2022-08-29,CRM,6.0838568,6.1524244,6.0849244
2022-08-29,CSCO,5.7150442,5.7732785,5.6429501
2022-08-29,IBM,13.772277,13.832823,13.725646
2022-08-29,INTC,10.817261,10.945059,10.685107
2022-08-29,MSFT,137.05502,137.88384,135.46246
2022-08-29,NKE,8.0889137,8.1701297,7.9361892
2022-08-29,VZ,1.0832087,1.1020111,1.0888884
2022-08-29,WMT,3.6598629,3.6687912,3.6730642
2022-08-30,AAPL,33.649445,34.177046,32.885233
2022-08-30,AMGN,4.6733479,4.7047815,4.6575353
2022-08-30,CRM,5.8793671,5.8280017,5.7422934
2022-08-30,CSCO,5.7828247,5.7563034,5.684002
2022-08-30,IBM,13.845692,13.951517,13.62296
2022-08-30,INTC,10.654244,10.853165,10.425045
2022-08-30,MSFT,137.96887,141.40758,136.54495
2022-08-30,NKE,8.1702356,8.2805141,7.9962294
2022-08-30,VZ,1.0989412,1.1142385,1.0914812
2022-08-30,WMT,3.6567146,3.6396618,3.6295233
2022-08-31,AAPL,33.423318,33.403685,32.407196
2022-08-31,AMGN,4.586559,4.6594777,4.5509351
2022-08-31,CRM,5.8818769,6.0755924,5.7057001
2022-08-31,CSCO,5.9032514,6.0181918,5.9400687
2022-08-31,IBM,13.769226,13.96005,13.635571
2022-08-31,INTC,10.282997,10.518133,9.9635401
2022-08-31,MSFT,138.00659,140.39399,136.47455
2022-08-31,NKE,8.0862504,8.232792,7.8096027
2022-08-31,VZ,1.0952424,1.0969453,1.0996235
2022-08-31,WMT,3.649864,3.7133809,3.6731878
2022-09-01,AAPL,33.020548,33.033124,32.995019
2022-09-01,AMGN,4.4788556,4.5134735,4.428422
2022-09-01,CRM,5.824873,5.9985163,5.849004
2022-09-01,CSCO,5.9681943,6.0404393,5.8896064
2022-09-01,IBM,14.150699,14.481836,14.012886
2022-09-01,INTC,10.076584,9.9182174,9.9928662
2022-09-01,MSFT,137.29099,137.24246,135.06335
2022-09-01,NKE,7.9633589,8.1544581,7.9412648
2022-09-01,VZ,1.09128,1.0972795,1.0892797
2022-09-01,WMT,3.6724332,3.7010939,3.7066888
2022-09-02,AAPL,32.410125,33.127887,32.723733
2022-09-02,AMGN,4.3695653,4.462989,4.3168541
2022-09-02,CRM,5.9348934,6.0596183,5.7325128
2022-09-02,CSCO,6.0856572,6.0174539,5.9990161
2022-09-02,IBM,14.001708,14.284031,13.869222
2022-09-02,INTC,10.144208,10.11977,9.9196863
2022-09-02,MSFT,136.35773,139.34027,135.58881
2022-09-02,NKE,7.8280378,7.9996272,7.5462867
2022-09-02,VZ,1.0863674,1.1025761,1.087321
2022-09-02,WMT,3.6947244,3.7833297,3.6369285
2022-09-06,AAPL,31.723474,32.400741,31.342881
2022-09-06,AMGN,4.3650082,4.3684071,4.3092876
2022-09-06,CRM,5.8857291,6.1058652,5.8267624
2022-09-06,CSCO,6.0409283,6.0228907,6.1068675
2022-09-06,IBM,13.917956,13.998789,13.699611
2022-09-06,INTC,10.002064,10.185438,9.9225602
2022-09-06,MSFT,137.65835,136.95086,136.72517
2022-09-06,NKE,7.707541,7.8922798,7.6829931
2022-09-06,VZ,1.0883695,1.0956273,1.0758956
2022-09-06,WMT,3.7280546,3.7321389,3.7358404
2022-09-07,AAPL,31.568289,31.345998,31.104376
2022-09-07,AMGN,4.2975945,4.3267569,4.3125633
2022-09-07,CRM,5.7965461,5.8938254,5.7296329
2022-09-07,CSCO,6.0109518,6.1516407,5.8635007
2022-09-07,IBM,14.091316,14.250139,13.84954
2022-09-07,INTC,10.130663,10.010825,10.11504
2022-09-07,MSFT,137.31,138.48891,137.38216
2022-09-07,NKE,7.8584474,7.9534211,7.898415
2022-09-07,VZ,1.0941287,1.1163191,1.0983095
2022-09-07,WMT,3.7132872,3.7601922,3.6253363
2022-09-08,AAPL,32.384163,32.395872,32.245801
2022-09-08,AMGN,4.2543984,4.3523226,4.2109347
2022-09-08,CRM,5.7273638,5.7553295,5.5895426
2022-09-08,CSCO,6.1206459,6.1064009,6.0470722
2022-09-08,IBM,14.116869,14.189805,14.082143
2022-09-08,INTC,10.142126,10.26614,10.087497
2022-09-08,MSFT,139.40849,142.40682,135.87841
2022-09-08,NKE,7.6788782,7.7071804,7.517904
2022-09-08,VZ,1.0871359,1.0979201,1.0808378
2022-09-08,WMT,3.7149589,3.7666125,3.6968538
2022-09-09,AAPL,32.21156,32.208981,31.066827
2022-09-09,AMGN,4.2562853,4.3225152,4.1684834
2022-09-09,CRM,5.8592443,5.9191072,5.7468811
2022-09-09,CSCO,6.2272469,6.3357727,6.1717069
2022-09-09,IBM,13.759121,13.944915,13.655231
2022-09-09,INTC,10.20508,10.304508,10.222007
2022-09-09,MSFT,136.00254,137.06704,133.26048
2022-09-09,NKE,7.6779383,7.7196047,7.6905381
2022-09-09,VZ,1.0801815,1.0915931,1.0719104
2022-09-09,WMT,3.6341024,3.6603225,3.6246355
2022-09-12,AAPL,31.672147,32.163804,31.151194
2022-09-12,AMGN,4.0795025,4.121115,4.0676729
2022-09-12,CRM,5.8368441,5.8909298,5.788242
2022-09-12,CSCO,6.3171342,6.366593,6.1561316
2022-09-12,IBM,13.164766,13.196539,13.12198
2022-09-12,INTC,10.553543,10.500473,10.612595
2022-09-12,MSFT,137.23978,141.0655,133.71141
2022-09-12,NKE,7.8257728,7.9367185,7.6792535
2022-09-12,VZ,1.0632345,1.0732362,1.0593149
2022-09-12,WMT,3.5886728,3.6127504,3.5945324
2022-09-13,AAPL,31.495154,31.898227,30.905916
2022-09-13,AMGN,4.1276318,4.1516803,4.0869118
2022-09-13,CRM,5.7978677,5.9936801,5.7321439
2022-09-13,CSCO,6.5127093,6.6227093,6.4855863
2022-09-13,IBM,12.585888,12.694659,12.483485
2022-09-13,INTC,10.51034,10.664649,10.273698
2022-09-13,MSFT,133.8394,135.98658,133.70582
2022-09-13,NKE,7.8870087,7.8993677,7.7528194
2022-09-13,VZ,1.0538317,1.0456926,1.0440344
2022-09-13,WMT,3.5377169,3.5984834,3.4982406
2022-09-14,AAPL,31.415124,31.888433,31.03224
2022-09-14,AMGN,4.0869539,4.1543394,4.0598087
2022-09-14,CRM,5.7476468,5.8938785,5.5823492
2022-09-14,CSCO,6.4187852,6.443147,6.3699565
2022-09-14,IBM,12.524166,12.589658,12.436607
2022-09-14,INTC,10.222623,10.216614,10.084702
2022-09-14,MSFT,134.29443,133.73862,134.52163
2022-09-14,NKE,7.7519179,7.8631593,7.5714785
2022-09-14,VZ,1.0472012,1.05716,1.049588
2022-09-14,WMT,3.526298,3.5799474,3.5050207
2022-09-15,AAPL,32.037605,32.706034,32.011438
2022-09-15,AMGN,3.9833186,4.1526079,3.9731293
2022-09-15,CRM,5.6125544,5.7332945,5.5603426
2022-09-15,CSCO,6.3465531,6.3711226,6.2914836
2022-09-15,IBM,12.483099,12.78546,12.661582
2022-09-15,INTC,10.275216,10.223493,10.232484
2022-09-15,MSFT,130.46138,131.09298,128.50341
2022-09-15,NKE,7.8067104,7.88096,7.7047973
2022-09-15,VZ,1.051716,1.0411408,1.0471461
2022-09-15,WMT,3.5959397,3.6263233,3.5674869
2022-09-16,AAPL,31.467612,31.45235,31.362724
2022-09-16,AMGN,3.8982867,3.9380158,3.8946773
2022-09-16,CRM,5.7043144,5.8330812,5.62498
2022-09-16,CSCO,6.3988602,6.3833505,6.3897867
2022-09-16,IBM,12.380192,12.500171,12.195029
2022-09-16,INTC,10.208072,10.292805,10.059488
2022-09-16,MSFT,126.53955,125.92111,124.74282
2022-09-16,NKE,7.8791612,8.0713404,7.6842812
2022-09-16,VZ,1.0349469,1.0372278,1.0248709
2022-09-16,WMT,3.5641531,3.6185373,3.5271605
2022-09-19,AAPL,31.938076,31.931483,31.194046
2022-09-19,AMGN,3.7535699,3.7940803,3.6924701
2022-09-19,CRM,5.6483301,5.644918,5.4395981
2022-09-19,CSCO,6.2532231,6.3800295,6.2410671
2022-09-19,IBM,12.251257,12.391124,12.287005
2022-09-19,INTC,10.585331,10.722033,10.455766
2022-09-19,MSFT,122.43988,123.76636,121.61461
2022-09-19,NKE,7.8051988,7.8567365,7.8120395
2022-09-19,VZ,1.0048329,1.0146226,1.0023193
2022-09-19,WMT,3.5407472,3.610249,3.5467025
2022-09-20,AAPL,31.303329,31.181759,30.694294
2022-09-20,AMGN,3.7805875,3.8491551,3.7421329
2022-09-20,CRM,5.7255318,5.7597058,5.6580327
2022-09-20,CSCO,6.4222321,6.4101997,6.36171
2022-09-20,IBM,12.073851,12.516961,11.981321
2022-09-20,INTC,10.530488,10.673815,10.396627
2022-09-20,MSFT,121.96832,123.80658,120.79596
2022-09-20,NKE,7.9510938,8.0741846,7.8735867
2022-09-20,VZ,0.985787,0.99731628,0.96530596
2022-09-20,WMT,3.4774447,3.5226512,3.4494997
2022-09-21,AAPL,30.981872,31.27079,29.845
2022-09-21,AMGN,3.6580619,3.70816,3.6180106
2022-09-21,CRM,5.7698493,5.9390784,5.5895326
2022-09-21,CSCO,6.4400353,6.469682,6.397871
2022-09-21,IBM,12.174888,12.031458,12.085462
2022-09-21,INTC,10.251001,10.167555,10.125338
2022-09-21,MSFT,122.6296,125.29616,121.00769
2022-09-21,NKE,7.7960638,8.0609705,7.9169173
2022-09-21,VZ,0.96957525,0.98399681,0.96476535
2022-09-21,WMT,3.4403369,3.5062014,3.3548855
2022-09-22,AAPL,30.702924,31.182807,30.729704
2022-09-22,AMGN,3.533988,3.5394946,3.4846887
2022-09-22,CRM,5.8460076,5.8322104,5.6594671
2022-09-22,CSCO,6.3686452,6.3983504,6.2853782
2022-09-22,IBM,12.411371,12.526988,12.416416
2022-09-22,INTC,10.227594,10.468458,10.236157
2022-09-22,MSFT,125.7079,129.61184,123.99448
2022-09-22,NKE,7.5635511,7.5747478,7.4928752
2022-09-22,VZ,0.96220594,0.95853788,0.94619982
2022-09-22,WMT,3.4154201,3.4355972,3.3794083
2022-09-23,AAPL,30.758496,31.250758,30.607932
2022-09-23,AMGN,3.5013786,3.5394556,3.4230061
2022-09-23,CRM,5.8490832,5.9361604,5.7289305
2022-09-23,CSCO,6.3863267,6.4759321,6.2929239
2022-09-23,IBM,12.258463,12.456031,11.928318
2022-09-23,INTC,10.020788,9.9162207,9.9395191
2022-09-23,MSFT,127.88896,130.96674,125.0869
2022-09-23,NKE,7.496645,7.6125281,7.373672
2022-09-23,VZ,0.95810866,0.96664843,0.95274544
2022-09-23,WMT,3.4251951,3.4752602,3.3716558
2022-09-26,AAPL,29.820761,30.374058,29.532153
2022-09-26,AMGN,3.5760755,3.6444227,3.5073704
2022-09-26,CRM,6.0139229,6.1040113,5.8737968
2022-09-26,CSCO,6.363456,6.3831671,6.3588621
2022-09-26,IBM,12.209922,12.306477,12.117482
2022-09-26,INTC,9.8209879,9.9368187,9.6839437
2022-09-26,MSFT,125.89325,127.8439,124.50255
2022-09-26,NKE,7.4728434,7.5444325,7.4277085
2022-09-26,VZ,0.96390918,0.97912562,0.9482156
2022-09-26,WMT,3.4545492,3.4864932,3.400519
2022-09-27,AAPL,29.538304,30.326005,28.494654
2022-09-27,AMGN,3.5447977,3.5950957,3.5490454
2022-09-27,CRM,5.9863417,5.9306206,5.8897162
2022-09-27,CSCO,6.4846613,6.532059,6.3589134
2022-09-27,IBM,12.055865,12.244193,11.98244
2022-09-27,INTC,9.5770683,9.5561546,9.5463675
2022-09-27,MSFT,126.35867,128.01723,123.62837
2022-09-27,NKE,7.3367915,7.4315507,7.2017346
2022-09-27,VZ,0.93033977,0.93955987,0.92484553
2022-09-27,WMT,3.4348715,3.4900777,3.4260095
2022-09-28,AAPL,29.350659,29.756063,29.240752
2022-09-28,AMGN,3.5363952,3.5561913,3.5315796
2022-09-28,CRM,5.7798223,5.8402518,5.7986543
2022-09-28,CSCO,6.3796815,6.4086397,6.3843245
2022-09-28,IBM,11.887978,12.049741,11.865977
2022-09-28,INTC,9.5759347,9.6768206,9.623594
2022-09-28,MSFT,130.67851,133.39519,131.29342
2022-09-28,NKE,7.3814468,7.3543214,7.3428228
2022-09-28,VZ,0.92970094,0.93994076,0.91341678
2022-09-28,WMT,3.4297564,3.4727311,3.3946391
2022-09-29,AAPL,29.041231,29.647511,28.431878
2022-09-29,AMGN,3.4820648,3.5330807,3.431983
2022-09-29,CRM,5.6613024,5.7298837,5.5352719
2022-09-29,CSCO,6.3074376,6.3455817,6.1090211
2022-09-29,IBM,11.849371,11.938222,11.584485
2022-09-29,INTC,9.3531438,9.3570329,9.3870627
2022-09-29,MSFT,131.23178,133.37361,129.92094
2022-09-29,NKE,7.3845215,7.5403502,7.3374164
2022-09-29,VZ,0.90815151,0.92122889,0.90496833
2022-09-29,WMT,3.3530448,3.3735705,3.3083612
2022-09-30,AAPL,28.680122,29.135733,29.184781
2022-09-30,AMGN,3.5044554,3.5646021,3.5139123
2022-09-30,CRM,5.7045568,5.8128682,5.7025483
2022-09-30,CSCO,6.2202827,6.3138886,6.1008216
2022-09-30,IBM,11.805028,12.011752,11.702827
2022-09-30,INTC,9.3282595,9.5683592,9.1231984
2022-09-30,MSFT,133.174,135.71359,130.20927
2022-09-30,NKE,7.4626096,7.4641308,7.4804534
2022-09-30,VZ,0.91228652,0.9136318,0.90267944
2022-09-30,WMT,3.2968431,3.2744118,3.2537779
2022-10-03,AAPL,28.567913,28.518528,28.117783
2022-10-03,AMGN,3.4538156,3.4897791,3.4452107
2022-10-03,CRM,6.0857948,6.1787604,6.034365
2022-10-03,CSCO,6.0588044,6.0497446,5.9074886
2022-10-03,IBM,11.699145,11.887553,11.469668
2022-10-03,INTC,9.1569702,9.30857,8.9629041
2022-10-03,MSFT,127.94076,128.34856,126.39201
2022-10-03,NKE,7.4375891,7.4927738,7.3590789
2022-10-03,VZ,0.92196574,0.93133915,0.92243658
2022-10-03,WMT,3.3367872,3.3656121,3.3375064
2022-10-04,AAPL,27.675725,28.395904,27.276514
2022-10-04,AMGN,3.4668937,3.5306666,3.4334541
2022-10-04,CRM,5.8166343,6.0554783,5.7192259
2022-10-04,CSCO,5.9204411,5.938415,5.8768216
2022-10-04,IBM,11.583641,11.635797,11.459698
2022-10-04,INTC,9.2325261,9.4277499,9.0615595
2022-10-04,MSFT,132.86402,134.68082,132.49931
2022-10-04,NKE,7.718468,7.8764615,7.5505722
2022-10-04,VZ,0.91740754,0.92951857,0.92655449
2022-10-04,WMT,3.3123694,3.372285,3.288069
2022-10-05,AAPL,27.00624,27.401579,26.53382
2022-10-05,AMGN,3.4869917,3.5477897,3.4770502
2022-10-05,CRM,5.7638054,5.7509144,5.5645395
2022-10-05,CSCO,6.0404682,6.1342522,6.008389
2022-10-05,IBM,11.560562,11.673964,11.449384
2022-10-05,INTC,9.1200419,9.2773392,9.0628131
2022-10-05,MSFT,129.7835,130.22983,127.04261
2022-10-05,NKE,7.7019435,7.678479,7.679842
2022-10-05,VZ,0.91392489,0.90940081,0.92872378
2022-10-05,WMT,3.2885777,3.3443289,3.2574265
2022-10-06,AAPL,27.965541,28.11596,27.751466
2022-10-06,AMGN,3.4469732,3.4560773,3.4733767
2022-10-06,CRM,5.6253974,5.6445578,5.4827558
2022-10-06,CSCO,6.0751403,6.1073656,5.9517561
2022-10-06,IBM,11.490341,11.689008,11.413823
2022-10-06,INTC,9.3237039,9.4256803,9.2865963
2022-10-06,MSFT,127.25278,127.59824,125.87839
2022-10-06,NKE,7.668789,7.6462062,7.6309374
2022-10-06,VZ,0.90000535,0.91172334,0.89989983
2022-10-06,WMT,3.1912375,3.1741201,3.1546832
2022-10-07,AAPL,27.630342,27.439849,27.345019
2022-10-07,AMGN,3.3699335,3.4182995,3.2945722
2022-10-07,CRM,5.5955072,5.6771537,5.3994365
2022-10-07,CSCO,6.0017394,6.0776886,5.8769258
2022-10-07,IBM,11.592829,11.728713,11.656393
2022-10-07,INTC,9.0655501,9.176822,9.0736726
2022-10-07,MSFT,126.81448,128.24674,127.2074
2022-10-07,NKE,7.6195673,7.7142364,7.4584389
2022-10-07,VZ,0.90310123,0.89744229,0.89161503
2022-10-07,WMT,3.1232765,3.1641866,3.0729124
2022-10-10,AAPL,27.370108,27.594127,26.683081
2022-10-10,AMGN,3.3984134,3.4431725,3.3982529
2022-10-10,CRM,5.512467,5.6206167,5.309105
2022-10-10,CSCO,6.0127311,6.0896745,5.8727778
2022-10-10,IBM,11.587277,11.811404,11.517942
2022-10-10,INTC,8.9803747,8.9307914,8.8680447
2022-10-10,MSFT,126.50582,127.13559,125.91326
2022-10-10,NKE,7.6598556,7.867936,7.7201155
2022-10-10,VZ,0.9150367,0.92248256,0.91757414
2022-10-10,WMT,3.1608962,3.1610639,3.1423614
2022-10-11,AAPL,27.142318,27.770341,26.698026
2022-10-11,AMGN,3.3949149,3.4480956,3.3676213
2022-10-11,CRM,5.5274869,5.6555514,5.5089344
2022-10-11,CSCO,5.8583797,6.0556332,5.7905321
2022-10-11,IBM,11.48488,11.581707,11.367735
2022-10-11,INTC,9.1287237,9.2628816,8.9471767
2022-10-11,MSFT,125.08905,125.79521,123.76393
2022-10-11,NKE,7.4447531,7.5369192,7.3741915
2022-10-11,VZ,0.91433926,0.93503957,0.90474446
2022-10-11,WMT,3.175669,3.1965392,3.1246964
2022-10-12,AAPL,27.039024,27.618154,26.554851
2022-10-12,AMGN,3.3610588,3.4104081,3.34418
2022-10-12,CRM,5.4480833,5.631014,5.3564078
2022-10-12,CSCO,5.9055131,5.9917908,5.7962056
2022-10-12,IBM,11.420834,11.57213,11.303869
2022-10-12,INTC,9.2854972,9.3337433,9.4168706
2022-10-12,MSFT,124.11476,126.57623,123.26152
2022-10-12,NKE,7.4093006,7.4637605,7.3342913
2022-10-12,VZ,0.9039868,0.90049596,0.8974657
2022-10-12,WMT,3.1775299,3.2135453,3.1329897
2022-10-13,AAPL,26.758483,27.055561,26.709308
2022-10-13,AMGN,3.3177696,3.3748222,3.2897561
2022-10-13,CRM,5.4663651,5.4592863,5.3706361
2022-10-13,CSCO,5.7897472,5.8422094,5.8009635
2022-10-13,IBM,11.179995,11.373798,10.868477
2022-10-13,INTC,9.3309059,9.422889,9.162063
2022-10-13,MSFT,123.94431,127.16693,122.76654
2022-10-13,NKE,7.3395714,7.5082923,7.3235473
2022-10-13,VZ,0.885768,0.88372274,0.88457223
2022-10-13,WMT,3.1462682,3.1746062,3.109628
2022-10-14,AAPL,26.141288,26.661895,25.753596
2022-10-14,AMGN,3.285952,3.3187136,3.269723
2022-10-14,CRM,5.2347647,5.3504416,5.1840084
2022-10-14,CSCO,5.7638757,5.8087521,5.6361555
2022-10-14,IBM,11.240284,11.36844,11.104207
2022-10-14,INTC,9.5356724,9.6669046,9.5976885
2022-10-14,MSFT,125.04336,126.37483,122.35243
2022-10-14,NKE,7.1669167,7.1917718,7.1921922
2022-10-14,VZ,0.86843895,0.87673884,0.85960259
2022-10-14,WMT,3.139838,3.1868386,3.1040254
2022-10-17,AAPL,25.976677,25.571568,25.50793
2022-10-17,AMGN,3.2672733,3.2863302,3.2261259
2022-10-17,CRM,5.2488001,5.2980319,5.0658778
2022-10-17,CSCO,5.5028629,5.5778146,5.3732158
2022-10-17,IBM,11.152604,11.108978,10.940319
2022-10-17,INTC,9.3659809,9.429028,9.1350231
2022-10-17,MSFT,124.73754,128.99448,122.92832
2022-10-17,NKE,7.0222762,7.2050657,6.9322017
2022-10-17,VZ,0.85481214,0.84866172,0.84721864
2022-10-17,WMT,3.1551068,3.1923417,3.1411205
2022-10-18,AAPL,26.620268,27.487195,25.865212
2022-10-18,AMGN,3.1797554,3.1990782,3.1729933
2022-10-18,CRM,5.4354183,5.5491268,5.3947548
2022-10-18,CSCO,5.4554363,5.3873943,5.4141743
2022-10-18,IBM,11.298094,11.305483,11.323197
2022-10-18,INTC,9.3864935,9.529541,9.4496251
2022-10-18,MSFT,123.62694,121.97623,121.47555
2022-10-18,NKE,6.7502903,6.7684765,6.9243705
2022-10-18,VZ,0.86589924,0.8752396,0.87033547
2022-10-18,WMT,3.2043686,3.2474449,3.1863356
2022-10-19,AAPL,27.118206,27.256784,26.905363
2022-10-19,AMGN,3.2770811,3.3226279,3.2119321
2022-10-19,CRM,5.4974221,5.6664739,5.4733438
2022-10-19,CSCO,5.5993177,5.6969409,5.5285651
2022-10-19,IBM,11.125227,11.148539,11.050799
2022-10-19,INTC,9.5192135,9.5368559,9.5941543
2022-10-19,MSFT,122.70905,124.51912,119.63599
2022-10-19,NKE,6.6269697,6.7234599,6.560618
2022-10-19,VZ,0.86838722,0.87713289,0.84504454
2022-10-19,WMT,3.1330161,3.1873693,3.1184078
2022-10-20,AAPL,26.078855,26.21251,26.046451
2022-10-20,AMGN,3.2472375,3.3353359,3.2454244
2022-10-20,CRM,5.3011126,5.407579,5.4302398
2022-10-20,CSCO,5.6284552,5.7260999,5.5332215
2022-10-20,IBM,11.394518,11.608818,11.459676
2022-10-20,INTC,10.021017,10.359366,9.7270533
2022-10-20,MSFT,123.01368,124.02944,121.43957
2022-10-20,NKE,6.6019836,6.6460849,6.6671982
2022-10-20,VZ,0.85303405,0.85679748,0.85031106
2022-10-20,WMT,3.1563258,3.1727899,3.1408325
2022-10-21,AAPL,25.64643,26.201277,25.494258
2022-10-21,AMGN,3.2603293,3.2924922,3.2460749
2022-10-21,CRM,5.4096918,5.4526495,5.2489221
2022-10-21,CSCO,5.5985586,5.7347456,5.5406629
2022-10-21,IBM,11.395197,11.690609,11.374002
2022-10-21,INTC,9.888758,9.9486439,9.7470801
2022-10-21,MSFT,126.58858,127.40123,124.6084
2022-10-21,NKE,6.6733286,6.7893238,6.6784366
2022-10-21,VZ,0.81954629,0.82822525,0.81504942
2022-10-21,WMT,3.135452,3.1698035,3.0906559
2022-10-24,AAPL,25.297918,25.445901,24.676575
2022-10-24,AMGN,3.1527076,3.212539,3.1959963
2022-10-24,CRM,5.5857552,5.7076287,5.7514765
2022-10-24,CSCO,5.6920578,5.8148692,5.7299186
2022-10-24,IBM,11.37723,11.538981,11.427928
2022-10-24,INTC,9.9398175,9.8099955,9.9328869
2022-10-24,MSFT,124.69165,122.36802,122.83215
2022-10-24,NKE,6.7438942,6.7462497,6.6809288
2022-10-24,VZ,0.81043098,0.80326134,0.81340263
2022-10-24,WMT,3.0602174,3.093344,3.0311194
2022-10-25,AAPL,25.349601,25.515767,25.062325
2022-10-25,AMGN,3.0521718,3.0700895,2.9906489
2022-10-25,CRM,5.4047235,5.5596953,5.2890197
2022-10-25,CSCO,5.5735937,5.7069955,5.5344568
2022-10-25,IBM,11.633547,11.814187,11.553701
2022-10-25,INTC,9.8947156,9.9808351,9.7468281
2022-10-25,MSFT,123.9744,123.18458,120.81335
2022-10-25,NKE,6.7351514,6.7594766,6.711
2022-10-25,VZ,0.80954533,0.812338,0.79930998
2022-10-25,WMT,2.9776141,3.0500936,2.9704194
2022-10-26,AAPL,25.556099,26.031683,25.26312
2022-10-26,AMGN,3.0072661,3.1110713,2.9947221
2022-10-26,CRM,5.411756,5.5100334,5.2843832
2022-10-26,CSCO,5.4214341,5.3668789,5.4326427
2022-10-26,IBM,11.64071,11.753616,11.567909
2022-10-26,INTC,9.9264282,10.073374,9.8107365
2022-10-26,MSFT,123.99522,122.9366,121.94766
2022-10-26,NKE,6.6602243,6.7749421,6.6152238
2022-10-26,VZ,0.79501371,0.81806108,0.78909608
2022-10-26,WMT,2.9779015,3.0059393,2.9739707
2022-10-27,AAPL,25.347076,25.59784,24.873122
2022-10-27,AMGN,3.0104901,3.0715992,2.9756737
2022-10-27,CRM,5.2685304,5.3339627,5.2217247
2022-10-27,CSCO,5.3654227,5.4241842,5.330764
2022-10-27,IBM,11.663939,11.888359,11.644569
2022-10-27,INTC,9.7627028,9.8770245,9.6671428
2022-10-27,MSFT,124.27513,127.5103,123.34281
2022-10-27,NKE,6.8466757,6.9116051,6.7299985
2022-10-27,VZ,0.79201841,0.79847278,0.78102278
2022-10-27,WMT,2.9234409,2.9173355,2.9282694
2022-10-28,AAPL,25.498276,26.160405,24.690877
2022-10-28,AMGN,2.912264,2.9764326,2.8711746
2022-10-28,CRM,5.3602213,5.5066493,5.2158461
2022-10-28,CSCO,5.1912193,5.3079972,5.147431
2022-10-28,IBM,11.561544,11.881594,11.501777
2022-10-28,INTC,9.939008,10.208832,9.9590469
2022-10-28,MSFT,124.24272,122.65949,122.20289
2022-10-28,NKE,6.9509881,7.0222977,6.906639
2022-10-28,VZ,0.7922769,0.79753504,0.80604148
2022-10-28,WMT,2.9497631,2.9925734,2.9158848
2022-10-31,AAPL,25.571832,26.295796,25.264427
2022-10-31,AMGN,2.8922236,2.9260514,2.8824096
2022-10-31,CRM,5.1472041,5.2008949,4.998277
2022-10-31,CSCO,5.1185752,5.1810767,5.1271739
2022-10-31,IBM,11.4357,11.462607,11.455965
2022-10-31,INTC,9.6827179,9.7273327,9.6199856
2022-10-31,MSFT,127.47018,126.64347,127.07234
2022-10-31,NKE,6.8610249,6.9007838,6.7203755
2022-10-31,VZ,0.77891631,0.78628707,0.7761358
2022-10-31,WMT,2.9408015,2.9969153,2.9562572
2022-11-01,AAPL,25.232897,25.530547,25.447175
2022-11-01,AMGN,2.9082273,2.9782056,2.8990179
2022-11-01,CRM,5.3381218,5.2840073,5.0917177
2022-11-01,CSCO,5.1279257,5.2413561,5.0561794
2022-11-01,IBM,11.443572,11.710341,11.26363
2022-11-01,INTC,9.4272058,9.5999231,9.3129823
2022-11-01,MSFT,126.34673,128.37566,124.75644
2022-11-01,NKE,6.770246,6.7816556,6.6085684
2022-11-01,VZ,0.77242693,0.78047614,0.77810369
2022-11-01,WMT,2.9363102,3.0030616,2.9262983
2022-11-02,AAPL,24.38624,24.450981,23.653841
2022-11-02,AMGN,2.8924898,2.946418,2.878992
2022-11-02,CRM,4.9893779,4.9670124,4.8633124
2022-11-02,CSCO,4.9522074,5.021489,4.9541863
2022-11-02,IBM,11.461618,11.524104,11.321113
2022-11-02,INTC,9.0684656,9.1633857,8.8412163
2022-11-02,MSFT,126.39963,128.02441,125.60128
2022-11-02,NKE,6.5602871,6.6419203,6.5286819
2022-11-02,VZ,0.75652817,0.76504697,0.74579108
2022-11-02,WMT,3.0033881,3.0002138,2.9900899
2022-11-03,AAPL,24.452573,24.800916,24.715469
2022-11-03,AMGN,2.7873515,2.8170116,2.76261
2022-11-03,CRM,5.1919141,5.3130797,5.1894836
2022-11-03,CSCO,4.7314533,4.712634,4.6477011
2022-11-03,IBM,11.332986,11.391241,10.953661
2022-11-03,INTC,8.8370927,8.9200814,8.5994087
2022-11-03,MSFT,125.33769,126.53104,124.09404
2022-11-03,NKE,6.6720082,6.6684744,6.603581
2022-11-03,VZ,0.75327981,0.76555896,0.73986794
2022-11-03,WMT,2.9495437,3.0043166,2.9493208
2022-11-04,AAPL,24.563792,24.425871,24.772885
2022-11-04,AMGN,2.7652999,2.799177,2.7829045
2022-11-04,CRM,5.1425014,5.2006802,5.0090222
2022-11-04,CSCO,4.6320389,4.6965934,4.5661987
2022-11-04,IBM,11.127836,11.275491,10.971526
2022-11-04,INTC,8.8834054,8.9798503,8.8519927
2022-11-04,MSFT,126.10819,126.36353,123.21272
2022-11-04,NKE,6.6330965,6.8450445,6.5243348
2022-11-04,VZ,0.75162357,0.75058192,0.73182629
2022-11-04,WMT,2.8850737,2.9046156,2.8764629
2022-11-07,AAPL,24.279657,24.728242,23.780497
2022-11-07,AMGN,2.7237888,2.7566625,2.7023639
2022-11-07,CRM,5.2721837,5.3034122,5.1989321
2022-11-07,CSCO,4.6347543,4.6040394,4.5788901
2022-11-07,IBM,10.933094,11.036568,10.63067
2022-11-07,INTC,8.908266,9.0039943,8.7087536
2022-11-07,MSFT,126.83203,131.4013,125.69735
2022-11-07,NKE,6.5396123,6.544689,6.5151218
2022-11-07,VZ,0.75156264,0.76031107,0.75442058
2022-11-07,WMT,2.8326781,2.844656,2.8133232
2022-11-08,AAPL,24.23041,24.419442,23.819378
2022-11-08,AMGN,2.8509979,2.8376483,2.8617529
2022-11-08,CRM,5.1425616,5.2348249,5.1359202
2022-11-08,CSCO,4.577907,4.6280333,4.6120975
2022-11-08,IBM,10.927986,10.870159,11.001282
2022-11-08,INTC,9.0872648,9.1233166,9.0029944
2022-11-08,MSFT,126.66125,128.0445,124.89101
2022-11-08,NKE,6.5172552,6.6499947,6.4408419
2022-11-08,VZ,0.74159741,0.75679384,0.74518295
2022-11-08,WMT,2.8214608,2.7969177,2.7919802
2022-11-09,AAPL,24.270054,24.402916,23.730268
2022-11-09,AMGN,2.7856574,2.7742317,2.7338942
2022-11-09,CRM,5.1752094,5.4645028,5.2034754
2022-11-09,CSCO,4.5661931,4.571833,4.5397867
2022-11-09,IBM,11.222279,11.158313,11.233854
2022-11-09,INTC,8.8297499,8.9883612,8.9210082
2022-11-09,MSFT,125.37739,127.19266,124.95475
2022-11-09,NKE,6.6091523,6.8722686,6.5775334
2022-11-09,VZ,0.74899363,0.7594227,0.73856504
2022-11-09,WMT,2.8438028,2.8351449,2.8110314
2022-11-10,AAPL,24.281617,24.087122,24.411156
2022-11-10,AMGN,2.8101586,2.849356,2.7994603
2022-11-10,CRM,5.0148996,5.1570857,4.8958785
2022-11-10,CSCO,4.4826355,4.5869144,4.4488095
2022-11-10,IBM,11.399152,11.549984,11.332937
2022-11-10,INTC,8.5811118,8.7569249,8.4655943
2022-11-10,MSFT,127.81036,128.12258,124.90194
2022-11-10,NKE,6.5112272,6.7582199,6.3066589
2022-11-10,VZ,0.72828669,0.73312353,0.72911451
2022-11-10,WMT,2.858712,2.8806037,2.8259732
2022-11-11,AAPL,23.993972,24.001709,23.755369
2022-11-11,AMGN,2.7810663,2.7610963,2.7707896
2022-11-11,CRM,4.8539853,4.9437323,4.6794743
2022-11-11,CSCO,4.4448183,4.4996576,4.3374192
2022-11-11,IBM,11.283491,11.249638,11.354015
2022-11-11,INTC,8.7249012,8.725519,8.7152408
2022-11-11,MSFT,124.14761,125.55614,123.21628
2022-11-11,NKE,6.5553327,6.8104415,6.4213519
2022-11-11,VZ,0.72669309,0.7382088,0.72383487
2022-11-11,WMT,2.870963,2.9090587,2.7998536
2022-11-14,AAPL,23.291592,23.761008,22.920314
2022-11-14,AMGN,2.8002868,2.8590472,2.809794
2022-11-14,CRM,4.7117414,4.8739735,4.7131439
2022-11-14,CSCO,4.5688908,4.6137033,4.518263
2022-11-14,IBM,11.197303,11.286148,11.207375
2022-11-14,INTC,8.8355548,8.8328205,8.6865435
2022-11-14,MSFT,125.02489,124.77329,123.13398
2022-11-14,NKE,6.2142839,6.3384369,6.0921104
2022-11-14,VZ,0.74259099,0.75480364,0.73033386
2022-11-14,WMT,2.8544193,2.8721993,2.8355076
2022-11-15,AAPL,23.060315,23.443452,22.56783
2022-11-15,AMGN,2.7068223,2.7256971,2.7224412
2022-11-15,CRM,4.7615621,4.9098517,4.6269987
2022-11-15,CSCO,4.4712936,4.4959229,4.3916538
2022-11-15,IBM,11.271383,11.41771,11.130371
2022-11-15,INTC,9.0302321,9.1113132,8.9296187
2022-11-15,MSFT,121.52868,120.61447,120.24979
2022-11-15,NKE,6.2479272,6.2828983,6.064932
2022-11-15,VZ,0.72734267,0.739087,0.71795974
2022-11-15,WMT,2.8826509,2.8658566,2.8626541
2022-11-16,AAPL,23.114929,22.891835,23.042436
2022-11-16,AMGN,2.7686659,2.8036896,2.7760363
2022-11-16,CRM,4.8231132,4.9981477,4.7159111
2022-11-16,CSCO,4.3692145,4.4464906,4.3484198
2022-11-16,IBM,11.221339,11.289576,11.025743
2022-11-16,INTC,9.1637215,9.2669086,9.0791216
2022-11-16,MSFT,121.75542,121.21464,120.7387
2022-11-16,NKE,6.2725041,6.3632066,6.2190979
2022-11-16,VZ,0.72713011,0.73911675,0.71868885
2022-11-16,WMT,2.924732,2.9486448,2.9445133
2022-11-17,AAPL,23.095284,23.018896,22.853123
2022-11-17,AMGN,2.7292715,2.7742338,2.6782146
2022-11-17,CRM,4.7240005,4.6781805,4.7208528
2022-11-17,CSCO,4.2632173,4.2571736,4.2582088
2022-11-17,IBM,11.213415,11.336576,11.244546
2022-11-17,INTC,9.5906346,9.7825489,9.5412295
2022-11-17,MSFT,120.40808,122.56818,118.70263
2022-11-17,NKE,6.1700516,6.2006393,6.2676907
2022-11-17,VZ,0.72744814,0.74569572,0.72051299
2022-11-17,WMT,2.9186335,2.9533289,2.8714111
2022-11-18,AAPL,22.84058,23.642025,22.774277
2022-11-18,AMGN,2.6476313,2.7248306,2.6427505
2022-11-18,CRM,4.8105772,4.8606597,4.6968874
2022-11-18,CSCO,4.277518,4.2824541,4.2951358
2022-11-18,IBM,10.982727,11.143638,10.958739
2022-11-18,INTC,9.8432793,9.8129542,9.7707414
2022-11-18,MSFT,117.85959,116.99243,117.48071
2022-11-18,NKE,6.2392523,6.3033145,6.283835
2022-11-18,VZ,0.72275007,0.73656188,0.71744843
2022-11-18,WMT,2.8843483,2.9671786,2.8560338
2022-11-21,AAPL,22.382372,22.246344,22.350802
2022-11-21,AMGN,2.5712245,2.6200892,2.5056364
2022-11-21,CRM,4.8993966,4.9295658,4.853105
2022-11-21,CSCO,4.3745226,4.3968041,4.2992702
2022-11-21,IBM,10.999003,10.973863,10.893157
2022-11-21,INTC,9.9285711,10.013728,9.8192387
2022-11-21,MSFT,118.2975,121.42327,116.94367
2022-11-21,NKE,6.0643873,6.2087907,6.0857774
2022-11-21,VZ,0.72553419,0.73930338,0.72496141
2022-11-21,WMT,2.8953336,2.9220886,2.8914416
2022-11-22,AAPL,21.942194,22.248522,21.911965
2022-11-22,AMGN,2.6247259,2.6700066,2.6282953
2022-11-22,CRM,4.8010679,4.8747362,4.775944
2022-11-22,CSCO,4.3533786,4.3408164,4.3341972
2022-11-22,IBM,10.775301,10.762306,10.683018
2022-11-22,INTC,9.9649622,10.273702,10.032852
2022-11-22,MSFT,121.63936,123.55736,119.91631
2022-11-22,NKE,6.1744679,6.2445903,6.028426
2022-11-22,VZ,0.70525152,0.70801818,0.70357327
2022-11-22,WMT,2.8350301,2.8638116,2.8298091
2022-11-23,AAPL,22.375096,23.050195,21.78231
2022-11-23,AMGN,2.6121193,2.6146755,2.5887511
2022-11-23,CRM,4.6108143,4.6655343,4.5258667
2022-11-23,CSCO,4.2739542,4.3331234,4.2072506
2022-11-23,IBM,10.920509,11.010573,10.787729
2022-11-23,INTC,9.8455913,9.7545831,9.8274767
2022-11-23,MSFT,122.95183,127.92874,123.4123
2022-11-23,NKE,5.9049623,6.0226145,5.7870617
2022-11-23,VZ,0.71504812,0.7309157,0.71889774
2022-11-23,WMT,2.7870929,2.8164214,2.7349483
2022-11-25,AAPL,22.209615,22.230001,22.161588
2022-11-25,AMGN,2.5751277,2.577741,2.5751808
2022-11-25,CRM,4.5332388,4.689575,4.4859102
2022-11-25,CSCO,4.2608046,4.3136539,4.1874261
2022-11-25,IBM,10.811433,10.873465,10.689524
2022-11-25,INTC,9.4481818,9.6168931,9.3053797
2022-11-25,MSFT,121.03295,120.89323,119.77068
2022-11-25,NKE,5.8314263,5.9379005,5.7328171
2022-11-25,VZ,0.70766822,0.70131763,0.70702383
2022-11-25,WMT,2.7987254,2.8137096,2.8147085
2022-11-28,AAPL,22.032021,22.698371,21.277813
2022-11-28,AMGN,2.5079716,2.5190917,2.4778765
2022-11-28,CRM,4.4675186,4.6692454,4.3117013
2022-11-28,CSCO,4.2915988,4.3592546,4.297322
2022-11-28,IBM,10.928234,11.007276,10.775854
2022-11-28,INTC,9.1888559,9.2902207,9.1290259
2022-11-28,MSFT,122.43863,121.8399,121.10895
2022-11-28,NKE,5.8599698,5.8647459,5.8725551
2022-11-28,VZ,0.71340836,0.72182244,0.70445632
2022-11-28,WMT,2.792151,2.8078249,2.8089709
2022-11-29,AAPL,21.573649,21.342995,20.858247
2022-11-29,AMGN,2.484389,2.5356725,2.5025047
2022-11-29,CRM,4.4824212,4.5165493,4.3790695
2022-11-29,CSCO,4.2202835,4.3304321,4.1514191
2022-11-29,IBM,10.676881,10.77136,10.58438
2022-11-29,INTC,8.9874446,8.8535866,8.8885245
2022-11-29,MSFT,123.89784,125.62805,123.61542
2022-11-29,NKE,5.9128249,6.0020571,5.7855924
2022-11-29,VZ,0.71422348,0.7157345,0.69728966
2022-11-29,WMT,2.7091945,2.7066399,2.6692375
2022-11-30,AAPL,21.317513,21.619738,21.20884
2022-11-30,AMGN,2.4614867,2.5008785,2.4325576
2022-11-30,CRM,4.5148337,4.6735034,4.3886318
2022-11-30,CSCO,4.1619664,4.1799536,4.0936611
2022-11-30,IBM,10.491937,10.524486,10.389834
2022-11-30,INTC,8.9400172,9.237799,8.8108728
2022-11-30,MSFT,125.66631,128.33326,125.42388
2022-11-30,NKE,5.7267423,5.8871068,5.6767554
2022-11-30,VZ,0.71151838,0.72101631,0.7037665
2022-11-30,WMT,2.710159,2.7652612,2.7051696
2022-12-01,AAPL,21.641231,21.863762,21.578018
2022-12-01,AMGN,2.4696954,2.5104439,2.4491597
2022-12-01,CRM,4.5376392,4.5136639,4.596726
2022-12-01,CSCO,4.0981402,4.0751448,3.962426
2022-12-01,IBM,10.357672,10.39031,10.373935
2022-12-01,INTC,8.6327613,8.6254134,8.4566196
2022-12-01,MSFT,122.95945,122.84746,121.95184
2022-12-01,NKE,5.6872763,5.6561857,5.6467974
2022-12-01,VZ,0.70056551,0.70444883,0.68817986
2022-12-01,WMT,2.6939962,2.7215614,2.6474095
2022-12-02,AAPL,21.813644,22.45431,21.570105
2022-12-02,AMGN,2.4097948,2.3832909,2.3743823
2022-12-02,CRM,4.6093876,4.7027138,4.7028193
2022-12-02,CSCO,4.1816984,4.188122,4.1652814
2022-12-02,IBM,10.372684,10.507985,10.348679
2022-12-02,INTC,8.63135,8.8292331,8.5941899
2022-12-02,MSFT,122.07073,122.07453,123.03684
2022-12-02,NKE,5.7015998,5.8767135,5.5603629
2022-12-02,VZ,0.69228976,0.70217101,0.69093342
2022-12-02,WMT,2.7302906,2.751372,2.7434323
2022-12-05,AAPL,21.035357,21.348076,20.800925
2022-12-05,AMGN,2.3792746,2.4109627,2.3564967
2022-12-05,CRM,4.5518333,4.7037514,4.4936356
2022-12-05,CSCO,4.2898042,4.3485868,4.217563
2022-12-05,IBM,10.099068,10.262292,9.9415791
2022-12-05,INTC,8.3705923,8.5124071,8.1991792
2022-12-05,MSFT,120.86094,121.69216,118.63205
2022-12-05,NKE,5.7741994,5.8313852,5.7307794
2022-12-05,VZ,0.69373815,0.71046911,0.68743947
2022-12-05,WMT,2.6889308,2.7221724,2.6784254
2022-12-06,AAPL,21.025718,21.441031,20.951656
2022-12-06,AMGN,2.3973502,2.4616485,2.3697378
2022-12-06,CRM,4.6352761,4.6663205,4.507558
2022-12-06,CSCO,4.2168957,4.2595457,4.173177
2022-12-06,IBM,9.9303794,10.020407,9.8373308
2022-12-06,INTC,8.4624726,8.6128602,8.2401637
2022-12-06,MSFT,116.73191,117.44799,115.91206
2022-12-06,NKE,5.7828161,5.8872315,5.6438855
2022-12-06,VZ,0.68076108,0.68538356,0.68004438
2022-12-06,WMT,2.6270372,2.6487779,2.6233058
2022-12-07,AAPL,21.013549,21.456427,20.765039
2022-12-07,AMGN,2.3801755,2.3714521,2.3782994
2022-12-07,CRM,4.4927512,4.5083306,4.4348006
2022-12-07,CSCO,4.1884614,4.2125697,4.1002871
2022-12-07,IBM,10.046266,10.134848,10.139792
2022-12-07,INTC,8.247325,8.3605396,8.212302
2022-12-07,MSFT,114.90684,116.7689,113.37485
2022-12-07,NKE,5.594574,5.5855916,5.5129274
2022-12-07,VZ,0.6966221,0.69230636,0.68265529
2022-12-07,WMT,2.621636,2.618053,2.6003429
2022-12-08,AAPL,20.579084,20.896135,20.322068
2022-12-08,AMGN,2.4215819,2.4549733,2.384522
2022-12-08,CRM,4.3791352,4.4563372,4.2428931
2022-12-08,CSCO,4.0710408,4.0964219,4.0205368
2022-12-08,IBM,10.044708,10.189021,9.9728515
2022-12-08,INTC,8.1660154,8.2056451,8.0775001
2022-12-08,MSFT,112.45225,111.8889,111.04135
2022-12-08,NKE,5.5649337,5.5517796,5.4684901
2022-12-08,VZ,0.67974902,0.67524066,0.66861658
2022-12-08,WMT,2.6373155,2.6486607,2.6237468
2022-12-09,AAPL,20.87999,20.681651,20.801015
2022-12-09,AMGN,2.3721639,2.39407,2.3410931
2022-12-09,CRM,4.1717513,4.2583705,4.0176121
2022-12-09,CSCO,4.0032706,4.0568523,4.014893
2022-12-09,IBM,10.186722,10.393677,10.090125
2022-12-09,INTC,8.2268478,8.3277566,8.1329539
2022-12-09,MSFT,112.88496,113.05729,111.19316
2022-12-09,NKE,5.6015934,5.7207482,5.5505897
2022-12-09,VZ,0.70056041,0.70259221,0.68868899
2022-12-09,WMT,2.6800077,2.7112453,2.682659
2022-12-12,AAPL,21.15674,21.215938,20.936088
2022-12-12,AMGN,2.4243062,2.44416,2.4337352
2022-12-12,CRM,4.040246,4.0297375,3.8760851
2022-12-12,CSCO,3.9138984,3.8981283,3.9134477
2022-12-12,IBM,10.336697,10.479453,10.323119
2022-12-12,INTC,7.9455255,8.1875935,7.8825072
2022-12-12,MSFT,108.79518,111.66618,106.03531
2022-12-12,NKE,5.5817827,5.5667018,5.6104848
2022-12-12,VZ,0.69069191,0.69418719,0.68588426
2022-12-12,WMT,2.6621127,2.7373912,2.6118169
2022-12-13,AAPL,21.453742,21.663594,21.19046
2022-12-13,AMGN,2.4542379,2.5128764,2.4220753
2022-12-13,CRM,4.0414976,4.1527835,3.9779168
2022-12-13,CSCO,3.9931803,4.0749418,3.9288342
2022-12-13,IBM,10.361342,10.459952,10.270044
2022-12-13,INTC,7.727892,7.8269867,7.6478628
2022-12-13,MSFT,108.0674,107.27237,106.91609
2022-12-13,NKE,5.5635605,5.6704722,5.595044
2022-12-13,VZ,0.68591582,0.68515182,0.68264021
2022-12-13,WMT,2.6614494,2.6816179,2.6191734
2022-12-14,AAPL,21.522031,21.509245,21.433692
2022-12-14,AMGN,2.4114945,2.3957834,2.4252883
2022-12-14,CRM,4.031184,4.0980157,4.0241393
2022-12-14,CSCO,3.9885539,4.0322717,4.0107551
2022-12-14,IBM,10.426539,10.536181,10.199255
2022-12-14,INTC,7.7896378,7.9045498,7.6785325
2022-12-14,MSFT,106.46102,107.04699,106.28375
2022-12-14,NKE,5.6116017,5.6166985,5.5428452
2022-12-14,VZ,0.68441198,0.68343484,0.68171056
2022-12-14,WMT,2.6239183,2.6282299,2.5935016
2022-12-15,AAPL,21.762005,21.931025,21.409548
2022-12-15,AMGN,2.4565937,2.4631687,2.454757
2022-12-15,CRM,3.8945466,4.0057467,3.8542966
2022-12-15,CSCO,4.0126779,4.0575139,3.9660563
2022-12-15,IBM,10.558147,10.762469,10.373291
2022-12-15,INTC,7.7400793,7.8881755,7.7059919
2022-12-15,MSFT,104.50189,104.30828,102.16094
2022-12-15,NKE,5.6601519,5.5425132,5.6426312
2022-12-15,VZ,0.68493893,0.6917577,0.68145884
2022-12-15,WMT,2.5710338,2.5992417,2.5600035
2022-12-16,AAPL,20.965896,21.350973,20.347442
2022-12-16,AMGN,2.4584099,2.4954578,2.4257065
2022-12-16,CRM,3.9281015,3.9969165,3.971986
2022-12-16,CSCO,4.2083987,4.2090549,4.1663102
2022-12-16,IBM,10.633957,10.64862,10.512455
2022-12-16,INTC,7.860225,7.9633019,7.7737561
2022-12-16,MSFT,105.20152,105.37421,104.85258
2022-12-16,NKE,5.6821433,5.7538511,5.6518502
2022-12-16,VZ,0.68353593,0.69806181,0.67679607
2022-12-16,WMT,2.5355053,2.5748418,2.5339251
2022-12-19,AAPL,20.512041,20.738762,20.187058
2022-12-19,AMGN,2.4334245,2.4921137,2.3807058
2022-12-19,CRM,4.0294959,4.1029769,3.999626
2022-12-19,CSCO,4.0693048,4.1191768,4.0409309
2022-12-19,IBM,10.643919,10.835402,10.576829
2022-12-19,INTC,7.9572517,7.9784487,7.8519192
2022-12-19,MSFT,105.96751,107.69828,104.69171
2022-12-19,NKE,5.5642317,5.6959912,5.4617307
2022-12-19,VZ,0.68041545,0.69866059,0.66785208
2022-12-19,WMT,2.5027075,2.5004219,2.462108
2022-12-20,AAPL,20.991678,21.578759,20.648831
2022-12-20,AMGN,2.4253895,2.4420144,2.3963137
2022-12-20,CRM,4.1496905,4.3343923,4.0885026
2022-12-20,CSCO,4.167382,4.1811461,4.1592826
2022-12-20,IBM,10.464006,10.486172,10.311845
2022-12-20,INTC,8.0341985,8.1358762,7.8286799
2022-12-20,MSFT,104.92045,106.06246,103.97431
2022-12-20,NKE,5.3834998,5.3867471,5.3499869
2022-12-20,VZ,0.68301926,0.68079921,0.68907455
2022-12-20,WMT,2.4995527,2.5183894,2.504973
2022-12-21,AAPL,21.472214,21.692869,20.828782
2022-12-21,AMGN,2.4117271,2.4393636,2.3899391
2022-12-21,CRM,4.1008973,4.1266424,4.1024963
2022-12-21,CSCO,4.1058895,4.1910932,4.0232341
2022-12-21,IBM,10.531563,10.70698,10.344352
2022-12-21,INTC,8.0242281,8.065168,7.9683921
2022-12-21,MSFT,104.74147,105.63328,103.41852
2022-12-21,NKE,5.3388751,5.3671338,5.2627329
2022-12-21,VZ,0.68515837,0.69610614,0.6819886
2022-12-21,WMT,2.4690809,2.4871003,2.4405632
2022-12-22,AAPL,21.356571,21.488538,21.526724
2022-12-22,AMGN,2.4634216,2.4766649,2.4616501
2022-12-22,CRM,3.9040985,3.9661495,3.8070518
2022-12-22,CSCO,4.2350873,4.251201,4.2197365
2022-12-22,IBM,10.543297,10.670407,10.518592
2022-12-22,INTC,8.0348176,8.1225725,7.9459281
2022-12-22,MSFT,104.51,107.02927,102.88047
2022-12-22,NKE,5.3331912,5.3756667,5.2967459
2022-12-22,VZ,0.69589798,0.70173902,0.68666506
2022-12-22,WMT,2.499664,2.5252309,2.5247619
2022-12-23,AAPL,21.639641,22.07217,21.356758
2022-12-23,AMGN,2.4652163,2.4982956,2.4582034
2022-12-23,CRM,3.8095065,3.9508359,3.7670003
2022-12-23,CSCO,4.2599082,4.2324156,4.1785835
2022-12-23,IBM,10.220416,10.414587,10.165303
2022-12-23,INTC,8.2375631,8.1840037,8.0171865
2022-12-23,MSFT,103.17335,103.29285,102.94101
2022-12-23,NKE,5.2200472,5.2173384,5.2614387
2022-12-23,VZ,0.68595834,0.67607024,0.6827556
2022-12-23,WMT,2.4520161,2.4861671,2.4079169
2022-12-27,AAPL,22.120615,22.262366,21.83563
2022-12-27,AMGN,2.4889018,2.5638764,2.4636023
2022-12-27,CRM,3.989124,4.0427127,4.0210095
2022-12-27,CSCO,4.2181047,4.23286,4.1263794
2022-12-27,IBM,10.446305,10.689243,10.307654
2022-12-27,INTC,8.2964634,8.467569,8.1843041
2022-12-27,MSFT,101.68016,101.79009,99.076019
2022-12-27,NKE,5.285236,5.3214305,5.2006563
2022-12-27,VZ,0.67426651,0.68316951,0.69097108
2022-12-27,WMT,2.3809772,2.4474658,2.3301571
2022-12-28,AAPL,22.619789,23.022987,21.825443
2022-12-28,AMGN,2.4597257,2.4550956,2.4231609
2022-12-28,CRM,4.1308861,4.1760399,4.1088142
2022-12-28,CSCO,4.2466269,4.340416,4.2002518
2022-12-28,IBM,10.502621,10.658512,10.383442
2022-12-28,INTC,8.4814646,8.6674265,8.4781761
2022-12-28,MSFT,101.76148,101.80349,101.20569
2022-12-28,NKE,5.2510419,5.3071059,5.1951337
2022-12-28,VZ,0.67594788,0.67843802,0.68129753
2022-12-28,WMT,2.4431399,2.4646306,2.4129903
2022-12-29,AAPL,22.255587,22.601126,21.527143
2022-12-29,AMGN,2.3680231,2.3977029,2.3784368
2022-12-29,CRM,4.0766617,4.2531886,4.0519214
2022-12-29,CSCO,4.1976095,4.2337044,4.1072693
2022-12-29,IBM,10.388242,10.343831,10.220586
2022-12-29,INTC,8.3178863,8.3896194,8.2056521
2022-12-29,MSFT,104.27427,106.08072,101.86366
2022-12-29,NKE,5.2611325,5.398516,5.2321861
2022-12-29,VZ,0.67350953,0.68157862,0.65651758
2022-12-29,WMT,2.4358336,2.4706437,2.4045407
2022-12-30,AAPL,21.578341,21.979947,21.696267
2022-12-30,AMGN,2.2917534,2.3019754,2.2491043
2022-12-30,CRM,4.0935428,4.2441218,4.0288977
2022-12-30,CSCO,4.0795561,4.1737219,4.085976
2022-12-30,IBM,10.510683,10.663527,10.507791
2022-12-30,INTC,8.5377744,8.6647376,8.4497357
2022-12-30,MSFT,105.20841,106.48304,102.92971
2022-12-30,NKE,5.2041322,5.3365271,5.1213495
2022-12-30,VZ,0.67308086,0.68590939,0.65661007
2022-12-30,WMT,2.4397771,2.4534837,2.4125568
2023-01-03,AAPL,21.372634,21.13329,21.209406
2023-01-03,AMGN,2.3354695,2.3549907,2.2989198
2023-01-03,CRM,4.1157521,4.1560103,4.0598883
2023-01-03,CSCO,4.1010888,4.1977165,4.0978174
2023-01-03,IBM,10.387996,10.320619,10.323394
2023-01-03,INTC,8.4664485,8.566025,8.4008478
2023-01-03,MSFT,103.89853,102.87269,104.7661
2023-01-03,NKE,5.2277288,5.3171964,5.1805088
2023-01-03,VZ,0.66662279,0.67003767,0.65561211
2023-01-03,WMT,2.4344723,2.4328643,2.4025944
2023-01-04,AAPL,21.53073,22.083117,20.700054
2023-01-04,AMGN,2.3370769,2.4061725,2.3197206
2023-01-04,CRM,4.0487673,4.1377796,4.035283
2023-01-04,CSCO,4.1173818,4.1559738,4.0313309
2023-01-04,IBM,10.520225,10.675738,10.194569
2023-01-04,INTC,8.2345486,8.2831326,8.0758428
2023-01-04,MSFT,103.7066,102.98592,103.61943
2023-01-04,NKE,5.2174394,5.2972229,5.2189676
2023-01-04,VZ,0.65994396,0.66249441,0.65521317
2023-01-04,WMT,2.4294029,2.4484958,2.4297857
2023-01-05,AAPL,21.297533,21.570255,20.551465
2023-01-05,AMGN,2.3661425,2.3825357,2.3166164
2023-01-05,CRM,3.9649165,3.9854226,3.8385061
2023-01-05,CSCO,4.1156246,4.2475706,4.1495269
2023-01-05,IBM,10.521297,10.480616,10.383595
2023-01-05,INTC,8.0658568,8.1734986,8.0500431
2023-01-05,MSFT,105.18613,105.94604,104.74848
2023-01-05,NKE,5.2641383,5.2530193,5.0934822
2023-01-05,VZ,0.65439218,0.65658971,0.65493661
2023-01-05,WMT,2.413148,2.4073031,2.3820262
2023-01-06,AAPL,20.608011,21.008618,20.352921
2023-01-06,AMGN,2.3308134,2.3370226,2.3342438
2023-01-06,CRM,3.9987938,4.0326796,3.8568972
2023-01-06,CSCO,4.0804119,4.122612,4.0275677
2023-01-06,IBM,10.446071,10.849884,10.351092
2023-01-06,INTC,7.986458,8.0491064,7.8020706
2023-01-06,MSFT,108.52605,107.66316,109.11887
2023-01-06,NKE,5.2785506,5.3754718,5.1637208
2023-01-06,VZ,0.64598908,0.65143377,0.6322161
2023-01-06,WMT,2.4109335,2.4072793,2.3614348
2023-01-09,AAPL,20.427377,20.340827,20.215492
2023-01-09,AMGN,2.3364896,2.3685043,2.2982015
2023-01-09,CRM,3.9694822,4.0471072,3.9165338
2023-01-09,CSCO,4.1254043,4.163447,4.0639824
2023-01-09,IBM,10.400613,10.377941,10.398588
2023-01-09,INTC,8.1011048,8.1897866,8.0398555
2023-01-09,MSFT,107.08033,106.5132,106.13059
2023-01-09,NKE,5.1411241,5.2220634,5.1281304
2023-01-09,VZ,0.64085012,0.65029647,0.63543278
2023-01-09,WMT,2.3956923,2.4192248,2.3964219
2023-01-10,AAPL,20.495795,20.711007,20.150281
2023-01-10,AMGN,2.3340911,2.3462248,2.3541448
2023-01-10,CRM,3.9642566,4.0116565,3.8647075
2023-01-10,CSCO,4.1955426,4.2361135,4.1829761
2023-01-10,IBM,10.266645,10.401055,10.201099
2023-01-10,INTC,8.0567549,8.1971233,7.8912457
2023-01-10,MSFT,109.86993,110.37646,110.26901
2023-01-10,NKE,5.0588768,5.089384,5.0333686
2023-01-10,VZ,0.65078342,0.65628846,0.64634688
2023-01-10,WMT,2.394402,2.3924552,2.3707773
2023-01-11,AAPL,20.008733,19.955898,20.023037
2023-01-11,AMGN,2.3888853,2.3938831,2.3773379
2023-01-11,CRM,3.8145594,3.9276387,3.8466184
2023-01-11,CSCO,4.0816488,4.0934248,4.006117
2023-01-11,IBM,10.054269,10.118579,9.935876
2023-01-11,INTC,8.1616021,8.1237835,8.1411495
2023-01-11,MSFT,112.84791,115.57109,111.75311
2023-01-11,NKE,5.018825,5.0387654,5.035339
2023-01-11,VZ,0.64734956,0.64700754,0.63901685
2023-01-11,WMT,2.3791148,2.4098011,2.351381
2023-01-12,AAPL,19.856746,20.130625,19.855578
2023-01-12,AMGN,2.4187439,2.4303849,2.4057761
2023-01-12,CRM,3.9527438,3.989549,3.9819697
2023-01-12,CSCO,4.0251764,4.0760998,3.9511448
2023-01-12,IBM,9.9762784,9.9700234,9.7672906
2023-01-12,INTC,8.0426513,8.0936075,8.0227279
2023-01-12,MSFT,116.86119,121.49161,115.71504
2023-01-12,NKE,5.0011303,4.9883204,5.0253555
2023-01-12,VZ,0.65128137,0.66423222,0.64594724
2023-01-12,WMT,2.3340899,2.335261,2.270275
2023-01-13,AAPL,19.560786,19.961135,19.243471
2023-01-13,AMGN,2.419081,2.467284,2.3729489
2023-01-13,CRM,3.8493242,3.8832924,3.8920725
2023-01-13,CSCO,4.0351898,4.0888085,4.0086746
2023-01-13,IBM,9.8444154,10.016316,9.8528567
2023-01-13,INTC,8.2115327,8.2970359,8.1636018
2023-01-13,MSFT,116.70489,115.73929,114.09218
2023-01-13,NKE,4.9978777,5.0410322,5.0022365
2023-01-13,VZ,0.65268221,0.66484325,0.64888288
2023-01-13,WMT,2.2781659,2.3053169,2.256457
2023-01-17,AAPL,19.425957,19.746175,19.118839
2023-01-17,AMGN,2.4018722,2.3886223,2.3876898
2023-01-17,CRM,3.7645902,3.7677724,3.5870722
2023-01-17,CSCO,4.0326596,4.0943488,3.9670165
2023-01-17,IBM,9.4644963,9.483988,9.4588335
2023-01-17,INTC,8.1983581,8.0953437,8.2168803
2023-01-17,MSFT,115.20091,116.43734,114.79206
2023-01-17,NKE,4.9020898,4.9562455,4.8739258
2023-01-17,VZ,0.65399877,0.65963828,0.65888438
2023-01-17,WMT,2.2731799,2.2893658,2.2409297
2023-01-18,AAPL,18.923593,18.843913,18.605167
2023-01-18,AMGN,2.3791316,2.4307506,2.2963641
2023-01-18,CRM,3.7074832,3.6766742,3.7176339
2023-01-18,CSCO,3.9878517,4.0690633,3.9369285
2023-01-18,IBM,9.2507852,9.4195678,9.247296
2023-01-18,INTC,8.1429287,8.3042747,7.9934753
2023-01-18,MSFT,116.68013,118.48766,114.88419
2023-01-18,NKE,4.8742335,5.0510918,4.8103385
2023-01-18,VZ,0.64760453,0.65585965,0.65003487
2023-01-18,WMT,2.2954725,2.2992224,2.2768769
2023-01-19,AAPL,18.907306,19.449797,18.93328
2023-01-19,AMGN,2.3511304,2.3727302,2.3066826
2023-01-19,CRM,3.719569,3.8341538,3.5911569
2023-01-19,CSCO,3.9086106,3.9335129,3.8546102
2023-01-19,IBM,9.278684,9.3074206,9.0910139
2023-01-19,INTC,8.2557283,8.4397337,8.1448224
2023-01-19,MSFT,116.72481,117.81575,116.35822
2023-01-19,NKE,4.8305483,4.9301928,4.7102307
2023-01-19,VZ,0.6397864,0.65217035,0.64060392
2023-01-19,WMT,2.2933488,2.2832331,2.2307182
2023-01-20,AAPL,18.204177,18.10829,18.145391
2023-01-20,AMGN,2.3785168,2.3896149,2.3833072
2023-01-20,CRM,3.6242444,3.6874304,3.5575609
2023-01-20,CSCO,3.9256754,3.9573851,3.8525372
2023-01-20,IBM,9.1165007,9.1808702,9.1517849
2023-01-20,INTC,8.4203695,8.5174215,8.2883706
2023-01-20,MSFT,117.48984,116.27187,119.04379
2023-01-20,NKE,4.9559708,5.1006956,4.875391
2023-01-20,VZ,0.63848318,0.64216379,0.63052323
2023-01-20,WMT,2.2558194,2.294528,2.1776828
2023-01-23,AAPL,18.297505,18.547071,18.1558
2023-01-23,AMGN,2.3727872,2.4166517,2.3729892
2023-01-23,CRM,3.8275909,3.948958,3.7092983
2023-01-23,CSCO,3.9186721,3.9475681,3.8628958
2023-01-23,IBM,9.2548902,9.4209002,9.16082
2023-01-23,INTC,8.3496776,8.4582623,8.2264138
2023-01-23,MSFT,118.77932,119.86283,116.75429
2023-01-23,NKE,4.7841,4.8302124,4.7080764
2023-01-23,VZ,0.64745023,0.65016117,0.63695007
2023-01-23,WMT,2.2471021,2.301859,2.2148279
2023-01-24,AAPL,18.208583,18.984658,17.902476
2023-01-24,AMGN,2.4524655,2.4871153,2.4322633
2023-01-24,CRM,3.7889555,3.8476823,3.7020033
2023-01-24,CSCO,3.8759431,3.9262565,3.8142467
2023-01-24,IBM,9.6289955,9.6424026,9.5366394
2023-01-24,INTC,8.2729653,8.4671972,8.2245476
2023-01-24,MSFT,117.54698,120.32934,115.98132
2023-01-24,NKE,4.821567,4.8912752,4.7230248
2023-01-24,VZ,0.6438083,0.65140649,0.64039463
2023-01-24,WMT,2.2511257,2.2435128,2.2240078
2023-01-25,AAPL,17.661291,17.98342,17.688442
2023-01-25,AMGN,2.3708091,2.4068158,2.3551525
2023-01-25,CRM,3.8652329,3.917296,3.7952465
2023-01-25,CSCO,3.9153295,3.9394294,3.9691068
2023-01-25,IBM,9.4920741,9.5699798,9.4695541
2023-01-25,INTC,8.1815279,8.2279119,7.9177537
2023-01-25,MSFT,121.40877,122.29473,120.38729
2023-01-25,NKE,4.9837273,4.9632078,5.0629128
2023-01-25,VZ,0.63698155,0.65182797,0.63557472
2023-01-25,WMT,2.2870023,2.3082417,2.2375831
2023-01-26,AAPL,17.372269,17.480993,17.087927
2023-01-26,AMGN,2.3537258,2.434887,2.294349
2023-01-26,CRM,3.8749813,3.910668,3.738227
2023-01-26,CSCO,3.9219662,3.9266981,3.8993917
2023-01-26,IBM,9.6009579,9.7829543,9.5626668
2023-01-26,INTC,8.2664406,8.4115057,8.2028031
2023-01-26,MSFT,122.55067,125.10166,119.3464
2023-01-26,NKE,5.0665457,5.105933,4.9726332
2023-01-26,VZ,0.63591904,0.63581958,0.63636888
2023-01-26,WMT,2.3223484,2.360101,2.2770445
2023-01-27,AAPL,17.241651,17.224086,17.245908
2023-01-27,AMGN,2.3432174,2.3501371,2.3238828
2023-01-27,CRM,3.8675718,3.8866883,3.9161494
2023-01-27,CSCO,3.9524078,4.0138631,3.9291589
2023-01-27,IBM,9.343593,9.4426827,9.1994211
2023-01-27,INTC,8.2077865,8.3269375,8.0478118
2023-01-27,MSFT,124.70898,125.30414,120.00443
2023-01-27,NKE,5.0218095,5.0862346,4.9447218
2023-01-27,VZ,0.6354732,0.63072178,0.62288605
2023-01-27,WMT,2.2538597,2.2561502,2.2426308
2023-01-30,AAPL,17.683559,17.822709,17.655045
2023-01-30,AMGN,2.3224715,2.3381787,2.2966543
2023-01-30,CRM,3.8181817,3.9006153,3.8372453
2023-01-30,CSCO,3.9086129,3.9157913,3.8601027
2023-01-30,IBM,9.3719176,9.4480594,9.169903
2023-01-30,INTC,8.3196524,8.3957011,8.0890854
2023-01-30,MSFT,127.67522,129.55403,125.613
2023-01-30,NKE,5.0068738,5.1203571,5.005473
2023-01-30,VZ,0.63474846,0.63553253,0.61909345
2023-01-30,WMT,2.21612,2.26575,2.220623
2023-01-31,AAPL,17.823802,18.123328,17.541057
2023-01-31,AMGN,2.3095704,2.2960032,2.2651096
2023-01-31,CRM,3.8043012,3.9877851,3.6668508
2023-01-31,CSCO,3.9934803,4.019993,4.012368
2023-01-31,IBM,9.1954531,9.2845608,9.0006734
2023-01-31,INTC,8.3883791,8.5170956,8.1515116
2023-01-31,MSFT,123.82716,124.88946,122.32215
2023-01-31,NKE,5.1227418,5.2556517,5.0364643
2023-01-31,VZ,0.61101291,0.61258069,0.60531032
2023-01-31,WMT,2.2549423,2.2875944,2.2387451
2023-02-01,AAPL,17.218548,17.506542,17.079832
2023-02-01,AMGN,2.3187203,2.3506673,2.2848297
2023-02-01,CRM,3.7426512,3.9150746,3.6944484
2023-02-01,CSCO,4.0795913,4.1972251,4.0536162
2023-02-01,IBM,9.2939164,9.304855,9.0932409
2023-02-01,INTC,8.5442857,8.6891441,8.4416471
2023-02-01,MSFT,122.33208,124.34287,120.23079
2023-02-01,NKE,5.1255389,5.195127,5.1352112
2023-02-01,VZ,0.61418256,0.61617763,0.62087665
2023-02-01,WMT,2.2453673,2.2820547,2.2480806
2023-02-02,AAPL,16.985582,17.312731,16.707651
2023-02-02,AMGN,2.3466289,2.4187173,2.3102641
2023-02-02,CRM,3.678875,3.6955239,3.6976943
2023-02-02,CSCO,4.0579508,4.1187712,3.9658346
2023-02-02,IBM,8.9479586,9.0477508,8.9914002
2023-02-02,INTC,8.3819559,8.473802,8.3636684
2023-02-02,MSFT,119.84594,120.43818,117.80744
2023-02-02,NKE,5.1936375,5.2038698,5.1887659
2023-02-02,VZ,0.61385847,0.61717678,0.61099185
2023-02-02,WMT,2.2571869,2.3067744,2.2440625
2023-02-03,AAPL,16.900447,16.894446,16.781403
2023-02-03,AMGN,2.3769524,2.429587,2.4072249
2023-02-03,CRM,3.6333103,3.6883639,3.6136679
2023-02-03,CSCO,3.8647302,3.8892161,3.8167876
2023-02-03,IBM,9.0000379,9.1173507,9.0107721
2023-02-03,INTC,8.3096254,8.3917468,8.2835096
2023-02-03,MSFT,124.72325,124.41472,124.24121
2023-02-03,NKE,5.3191402,5.2520099,5.2588518
2023-02-03,VZ,0.59743029,0.60106596,0.57637871
2023-02-03,WMT,2.224519,2.2463038,2.1739753
2023-02-06,AAPL,16.948584,17.071638,16.565525
2023-02-06,AMGN,2.3312279,2.346474,2.2658232
2023-02-06,CRM,3.528824,3.7503683,3.5654823
2023-02-06,CSCO,3.9453581,4.0075371,3.8824015
2023-02-06,IBM,8.7780582,8.7556626,8.6896687
2023-02-06,INTC,8.5095554,8.5504922,8.5314526
2023-02-06,MSFT,127.314,126.92031,129.14368
2023-02-06,NKE,5.2412886,5.3417268,5.2094814
2023-02-06,VZ,0.5952862,0.60078936,0.58181744
2023-02-06,WMT,2.2111585,2.219082,2.1976167
2023-02-07,AAPL,17.185877,17.236019,16.763053
2023-02-07,AMGN,2.2712152,2.3279008,2.2322561
2023-02-07,CRM,3.7334418,3.8405074,3.5975139
2023-02-07,CSCO,3.9892411,3.9494982,3.9302858
2023-02-07,IBM,8.73011,8.8223762,8.6777066
2023-02-07,INTC,8.3889896,8.3780226,8.3805162
2023-02-07,MSFT,128.26491,128.56324,127.78992
2023-02-07,NKE,5.0639344,5.1806337,5.0638623
2023-02-07,VZ,0.58248875,0.58686404,0.58861471
2023-02-07,WMT,2.2591253,2.2567287,2.2508864
2023-02-08,AAPL,17.170912,17.465009,17.108607
2023-02-08,AMGN,2.2828035,2.3078684,2.2494891
2023-02-08,CRM,3.7919141,3.8859271,3.71639
2023-02-08,CSCO,4.0567756,4.0452489,4.0335048
2023-02-08,IBM,8.7364247,8.84886,8.6202063
2023-02-08,INTC,8.4462874,8.4475309,8.3912667
2023-02-08,MSFT,127.45608,128.94921,129.44838
2023-02-08,NKE,5.1077417,5.1762717,5.0227092
2023-02-08,VZ,0.57789517,0.58132172,0.58530531
2023-02-08,WMT,2.2251264,2.2494535,2.2187896
2023-02-09,AAPL,17.429447,17.576221,17.9044
2023-02-09,AMGN,2.3027535,2.3202565,2.2922894
2023-02-09,CRM,3.80409,3.8800244,3.7396572
2023-02-09,CSCO,4.1522307,4.2412705,4.0254924
2023-02-09,IBM,8.6096086,8.845706,8.5768985
2023-02-09,INTC,8.3889164,8.4395523,8.3103255
2023-02-09,MSFT,129.42029,130.0961,129.50773
2023-02-09,NKE,5.2517555,5.3644485,5.2076926
2023-02-09,VZ,0.58052149,0.59029483,0.57192858
2023-02-09,WMT,2.2791214,2.2931508,2.3036001
2023-02-10,AAPL,17.245198,17.514141,17.096776
2023-02-10,AMGN,2.3332351,2.3543133,2.3150622
2023-02-10,CRM,3.7275229,3.7162065,3.566752
2023-02-10,CSCO,4.1862464,4.2742146,4.0357368
2023-02-10,IBM,8.6025002,8.688803,8.5801874
2023-02-10,INTC,8.6193814,8.5432393,8.6146436
2023-02-10,MSFT,125.74841,127.37217,125.70195
2023-02-10,NKE,5.126645,5.208303,5.0539611
2023-02-10,VZ,0.57424643,0.57510213,0.56690126
2023-02-10,WMT,2.3149246,2.3210653,2.334647
2023-02-13,AAPL,16.944668,17.110277,16.669263
2023-02-13,AMGN,2.3558515,2.3834313,2.354785
2023-02-13,CRM,3.7500718,3.8273396,3.7972143
2023-02-13,CSCO,4.2060577,4.193289,4.1453094
2023-02-13,IBM,8.7833957,8.9362406,8.7514436
2023-02-13,INTC,8.814751,8.6833999,8.7491601
2023-02-13,MSFT,126.82364,129.6597,122.55651
2023-02-13,NKE,5.2377642,5.2936028,5.2589429
2023-02-13,VZ,0.57040343,0.57479823,0.56475172
2023-02-13,WMT,2.3152447,2.3402701,2.2910406
2023-02-14,AAPL,17.446923,17.378751,17.260308
2023-02-14,AMGN,2.3211994,2.3405974,2.3402571
2023-02-14,CRM,3.7633314,3.7500358,3.7142647
2023-02-14,CSCO,4.0993377,4.169535,4.0117791
2023-02-14,IBM,8.9392252,8.8673708,9.0589657
2023-02-14,INTC,9.006568,9.0822593,8.8575501
2023-02-14,MSFT,128.31273,129.3756,127.52591
2023-02-14,NKE,5.2740112,5.3741152,5.2447915
2023-02-14,VZ,0.56105321,0.57222664,0.55563711
2023-02-14,WMT,2.2770923,2.2893276,2.2742092
2023-02-15,AAPL,17.393237,17.670256,17.180473
2023-02-15,AMGN,2.3412127,2.3374009,2.3273255
2023-02-15,CRM,3.6195531,3.8201769,3.6681977
2023-02-15,CSCO,4.0316768,4.0146938,4.0090344
2023-02-15,IBM,8.8168756,9.0263495,8.7339984
2023-02-15,INTC,9.065182,9.0596036,8.8359428
2023-02-15,MSFT,132.72706,134.66344,133.51392
2023-02-15,NKE,5.2866781,5.3461596,5.1632779
2023-02-15,VZ,0.55959971,0.56746203,0.54341466
2023-02-15,WMT,2.2563475,2.2721008,2.2349949
2023-02-16,AAPL,17.230882,17.465035,17.013419
2023-02-16,AMGN,2.3028589,2.3423978,2.2476932
2023-02-16,CRM,3.6243817,3.5911416,3.6196932
2023-02-16,CSCO,3.9537499,4.0303494,3.9456163
2023-02-16,IBM,8.856543,8.8709428,8.6544383
2023-02-16,INTC,9.2197087,9.4348372,9.1091929
2023-02-16,MSFT,132.91016,136.28255,131.65643
2023-02-16,NKE,5.2691877,5.3063545,5.1489043
2023-02-16,VZ,0.56932111,0.57794596,0.56563009
2023-02-16,WMT,2.2641555,2.2987146,2.2457599
2023-02-17,AAPL,17.54807,17.184654,17.624723
2023-02-17,AMGN,2.2513537,2.2753761,2.2498188
2023-02-17,CRM,3.7153472,3.7325997,3.7276174
2023-02-17,CSCO,3.9687749,3.974694,3.9862621
2023-02-17,IBM,8.5862768,8.503646,8.5335085
2023-02-17,INTC,9.3446665,9.2914315,9.3473546
2023-02-17,MSFT,133.284,132.81181,135.06681
2023-02-17,NKE,5.3336498,5.4919075,5.2894533
2023-02-17,VZ,0.56781156,0.56051367,0.55934049
2023-02-17,WMT,2.2531639,2.2656172,2.2324558
2023-02-21,AAPL,17.767303,18.095174,17.337727
2023-02-21,AMGN,2.2522009,2.2804542,2.2418721
2023-02-21,CRM,3.4732045,3.4586802,3.3765206
2023-02-21,CSCO,3.9303971,3.9751478,3.8204121
2023-02-21,IBM,8.5049874,8.4915374,8.4251565
2023-02-21,INTC,9.4853407,9.6336317,9.3583342
2023-02-21,MSFT,133.61841,136.01964,132.3132
2023-02-21,NKE,5.2540991,5.3797749,5.2026248
2023-02-21,VZ,0.582651,0.5965154,0.57545404
2023-02-21,WMT,2.2104961,2.2317283,2.1781021
2023-02-22,AAPL,17.866883,17.633948,17.587898
2023-02-22,AMGN,2.2641487,2.252746,2.2278093
2023-02-22,CRM,3.4882518,3.518079,3.4956677
2023-02-22,CSCO,3.9961157,4.0030398,3.9553309
2023-02-22,IBM,8.6293061,8.6794888,8.6496084
2023-02-22,INTC,9.3181436,9.4239016,9.1419526
2023-02-22,MSFT,130.33341,133.52955,129.81243
2023-02-22,NKE,5.250355,5.3035332,5.1861417
2023-02-22,VZ,0.58158068,0.57794374,0.56941666
2023-02-22,WMT,2.1817312,2.2102383,2.1565136
2023-02-23,AAPL,17.949795,18.007507,17.775493
2023-02-23,AMGN,2.3146362,2.362439,2.2651298
2023-02-23,CRM,3.5365102,3.6166657,3.4648625
2023-02-23,CSCO,3.8559141,3.8020511,3.8004195
2023-02-23,IBM,8.5023339,8.5392841,8.3974864
2023-02-23,INTC,9.2458493,9.3790667,9.0320997
2023-02-23,MSFT,129.5985,132.31377,129.63133
2023-02-23,NKE,5.1029785,5.1971085,5.0385085
2023-02-23,VZ,0.57381347,0.57424031,0.57174056
2023-02-23,WMT,2.1418223,2.1660057,2.1095404
2023-02-24,AAPL,17.980742,17.933442,17.582175
2023-02-24,AMGN,2.2949401,2.3675677,2.2951822
2023-02-24,CRM,3.6651406,3.7188563,3.5343922
2023-02-24,CSCO,3.8416912,3.8869153,3.8074476
2023-02-24,IBM,8.7759757,8.8052363,8.7104604
2023-02-24,INTC,9.1723868,9.1264833,9.015947
2023-02-24,MSFT,130.62949,132.0123,129.28324
2023-02-24,NKE,5.1392889,5.2479628,5.0934948
2023-02-24,VZ,0.57275633,0.59023799,0.57426144
2023-02-24,WMT,2.1851779,2.2075278,2.1467284
2023-02-27,AAPL,17.815436,17.900457,18.060032
2023-02-27,AMGN,2.2000243,2.2103386,2.2073855
2023-02-27,CRM,3.7143297,3.7699498,3.7213664
2023-02-27,CSCO,3.9653392,3.9704245,3.9339766
2023-02-27,IBM,8.8133575,8.8861875,8.76831
2023-02-27,INTC,9.2108106,9.2085992,8.950887
2023-02-27,MSFT,132.36086,133.73348,129.10783
2023-02-27,NKE,5.1236855,4.9990169,5.0798902
2023-02-27,VZ,0.56538594,0.57164699,0.55130266
2023-02-27,WMT,2.2114655,2.2237619,2.2259772
2023-02-28,AAPL,18.069028,18.285281,18.093987
2023-02-28,AMGN,2.1722835,2.2058637,2.1441773
2023-02-28,CRM,3.6383685,3.6577531,3.5409039
2023-02-28,CSCO,3.8902172,3.8563562,3.8029401
2023-02-28,IBM,8.7625461,8.8474764,8.7686245
2023-02-28,INTC,9.3191781,9.4184722,9.3967856
2023-02-28,MSFT,128.15755,130.81457,125.54555
2023-02-28,NKE,5.1474935,5.2200012,5.0959665
2023-02-28,VZ,0.56500884,0.57281864,0.56122504
2023-02-28,WMT,2.2357695,2.2511941,2.2195213
2023-03-01,AAPL,17.967589,18.246936,18.017583
2023-03-01,AMGN,2.15359,2.1425149,2.1292341
2023-03-01,CRM,3.6964284,3.7745008,3.6340661
2023-03-01,CSCO,3.8531938,3.8085174,3.7873463
2023-03-01,IBM,8.8851183,8.9334417,8.8190906
2023-03-01,INTC,9.2487301,9.3313607,9.272794
2023-03-01,MSFT,127.31563,129.11385,125.11324
2023-03-01,NKE,4.9594966,4.9321099,5.0553407
2023-03-01,VZ,0.56036767,0.56459792,0.55865653
2023-03-01,WMT,2.2849583,2.3041601,2.2474375
2023-03-02,AAPL,18.014311,18.349774,17.849863
2023-03-02,AMGN,2.1545309,2.1801812,2.1113598
2023-03-02,CRM,3.6427311,3.6151818,3.5750491
2023-03-02,CSCO,3.805579,3.8424616,3.7718128
2023-03-02,IBM,8.8421035,8.9227613,8.8735777
2023-03-02,INTC,9.3618964,9.402984,9.3168347
2023-03-02,MSFT,129.05814,130.91837,127.68195
2023-03-02,NKE,5.0854349,5.1378303,4.9415578
2023-03-02,VZ,0.55758954,0.56271889,0.55650485
2023-03-02,WMT,2.3136373,2.314275,2.2839049
2023-03-03,AAPL,17.696876,18.122661,16.97178
2023-03-03,AMGN,2.1837137,2.2105217,2.1824233
2023-03-03,CRM,3.6843718,3.7744875,3.576742
2023-03-03,CSCO,3.8076747,3.9387285,3.7050247
2023-03-03,IBM,9.0158038,9.1005901,8.8793621
2023-03-03,INTC,9.5985832,9.51243,9.5179818
2023-03-03,MSFT,129.65325,131.5507,130.39094
2023-03-03,NKE,5.2134574,5.3314347,5.2007954
2023-03-03,VZ,0.5582506,0.56378199,0.55162538
2023-03-03,WMT,2.2957026,2.3172519,2.2672921
2023-03-06,AAPL,17.995201,18.178368,17.82458
2023-03-06,AMGN,2.1872924,2.1993751,2.184214
2023-03-06,CRM,3.7818962,3.8604315,3.7642127
2023-03-06,CSCO,3.6816146,3.7226317,3.6707093
2023-03-06,IBM,9.0947475,8.9959317,9.0819016
2023-03-06,INTC,9.4954086,9.6331262,9.467268
2023-03-06,MSFT,132.92584,132.05259,129.13251
2023-03-06,NKE,5.2148823,5.1894802,5.2246293
2023-03-06,VZ,0.55740103,0.55804597,0.55590321
2023-03-06,WMT,2.28163,2.3332576,2.2839749
2023-03-07,AAPL,17.901599,17.609374,18.037429
2023-03-07,AMGN,2.1335166,2.1673426,2.096742
2023-03-07,CRM,3.9265589,3.9462474,3.8840191
2023-03-07,CSCO,3.6467325,3.6695812,3.5566068
2023-03-07,IBM,8.8202259,8.8554643,8.80675
2023-03-07,INTC,9.6225392,9.6929767,9.4864242
2023-03-07,MSFT,134.6492,136.57901,131.49353
2023-03-07,NKE,5.0712187,5.1794858,5.0376258
2023-03-07,VZ,0.54202559,0.54438725,0.54209124
2023-03-07,WMT,2.4171314,2.4319654,2.4381853
2023-03-08,AAPL,17.737559,17.942109,17.644099
2023-03-08,AMGN,2.0961293,2.1102289,2.0412849
2023-03-08,CRM,4.0646206,4.1062708,3.8641866
2023-03-08,CSCO,3.696954,3.7327798,3.6440206
2023-03-08,IBM,8.8317372,8.9144524,8.8024481
2023-03-08,INTC,9.7500656,9.8565623,9.6256276
2023-03-08,MSFT,134.04523,135.8351,131.03154
2023-03-08,NKE,4.9142062,4.8971421,4.9250473
2023-03-08,VZ,0.53870245,0.55101735,0.52961636
2023-03-08,WMT,2.4096128,2.4437786,2.3690407
2023-03-09,AAPL,17.960223,18.36067,18.093536
2023-03-09,AMGN,2.0494286,2.0392684,2.0340227
2023-03-09,CRM,3.9626608,4.0602637,3.9554703
2023-03-09,CSCO,3.5886386,3.6404922,3.5251227
2023-03-09,IBM,8.8289579,8.898554,8.8082727
2023-03-09,INTC,9.8567244,9.9555137,9.7787047
2023-03-09,MSFT,133.0369,133.29455,130.9655
2023-03-09,NKE,4.8610398,5.0003847,4.839743
2023-03-09,VZ,0.5407637,0.54053388,0.53868767
2023-03-09,WMT,2.4020879,2.430904,2.3954342
2023-03-10,AAPL,17.124971,17.448181,16.737822
2023-03-10,AMGN,2.057957,2.1264152,2.0386248
2023-03-10,CRM,4.0658904,4.0844556,3.9813873
2023-03-10,CSCO,3.6374334,3.699336,3.6228637
2023-03-10,IBM,8.7228172,8.9609262,8.6090571
2023-03-10,INTC,9.8186074,10.029647,9.7058813
2023-03-10,MSFT,131.26966,134.85858,130.12702
2023-03-10,NKE,4.8597407,4.8282459,4.7566183
2023-03-10,VZ,0.54224252,0.54358956,0.5358054
2023-03-10,WMT,2.341276,2.3292549,2.309478
2023-03-13,AAPL,17.686815,17.979198,17.811396
2023-03-13,AMGN,2.0083127,2.0134681,1.9697068
2023-03-13,CRM,3.9617159,4.0502156,3.8484997
2023-03-13,CSCO,3.5783876,3.564096,3.5980554
2023-03-13,IBM,8.7403461,8.6820199,8.6231951
2023-03-13,INTC,9.932392,9.8668291,9.8941702
2023-03-13,MSFT,133.69248,133.55964,131.3983
2023-03-13,NKE,4.7314859,4.7111851,4.7996362
2023-03-13,VZ,0.53259627,0.53901484,0.51992692
2023-03-13,WMT,2.341893,2.3476828,2.288416
2023-03-14,AAPL,17.762727,18.016262,17.61773
2023-03-14,AMGN,2.0248151,2.0682289,2.0106194
2023-03-14,CRM,3.9395017,4.0149818,3.8513099
2023-03-14,CSCO,3.5670595,3.5799069,3.514438
2023-03-14,IBM,8.7345215,8.7981077,8.672027
2023-03-14,INTC,9.9285735,10.143791,9.8511586
2023-03-14,MSFT,128.66143,129.39256,127.46633
2023-03-14,NKE,4.8264467,4.8672539,4.8532722
2023-03-14,VZ,0.52851635,0.53134479,0.52376052
2023-03-14,WMT,2.3306214,2.352003,2.2954277
2023-03-15,AAPL,17.13273,17.146829,16.543588
2023-03-15,AMGN,2.0388489,2.0488477,2.008994
2023-03-15,CRM,4.1670665,4.26161,4.1110102
2023-03-15,CSCO,3.5037619,3.5067249,3.4568626
2023-03-15,IBM,8.7433517,8.839136,8.6856162
2023-03-15,INTC,9.8297956,9.9558816,9.7396031
2023-03-15,MSFT,126.99155,128.33516,125.09418
2023-03-15,NKE,5.0282537,5.0968537,5.0072901
2023-03-15,VZ,0.52113015,0.53190218,0.51594618
2023-03-15,WMT,2.3446618,2.3458813,2.3533474
2023-03-16,AAPL,16.965474,16.826624,16.58159
2023-03-16,AMGN,2.0250072,2.0672893,1.9684309
2023-03-16,CRM,4.2032612,4.2643995,4.1897091
2023-03-16,CSCO,3.4752065,3.4824174,3.4454034
2023-03-16,IBM,8.733576,8.9306294,8.6788551
2023-03-16,INTC,9.6733092,9.8665953,9.6725821
2023-03-16,MSFT,130.42006,129.72645,128.91159
2023-03-16,NKE,5.0362283,5.0709318,5.0050264
2023-03-16,VZ,0.51654535,0.52300755,0.51649883
2023-03-16,WMT,2.318341,2.3347744,2.3278386
2023-03-17,AAPL,17.206174,17.573464,16.660875
2023-03-17,AMGN,2.0496052,2.0665785,2.025289
2023-03-17,CRM,4.1228618,4.1979851,3.934303
2023-03-17,CSCO,3.430133,3.4127384,3.4040163
2023-03-17,IBM,8.7833906,8.9665626,8.7664926
2023-03-17,INTC,9.7555959,9.7440983,9.6297587
2023-03-17,MSFT,131.63888,131.50428,130.48072
2023-03-17,NKE,4.9301935,4.9689828,4.8219684
2023-03-17,VZ,0.53273367,0.53099311,0.52874434
2023-03-17,WMT,2.3181921,2.3056974,2.3041935
2023-03-20,AAPL,16.363278,16.588586,15.897772
2023-03-20,AMGN,2.0886713,2.087709,2.104076
2023-03-20,CRM,4.2637814,4.4031957,4.2407412
2023-03-20,CSCO,3.4236473,3.4892845,3.4277588
2023-03-20,IBM,8.9775821,9.019072,8.726616
2023-03-20,INTC,9.8299852,9.9684457,9.5482156
2023-03-20,MSFT,129.9387,131.11547,126.05572
2023-03-20,NKE,4.9520094,4.9855192,4.9670668
2023-03-20,VZ,0.52860403,0.53228559,0.51771509
2023-03-20,WMT,2.295812,2.3205808,2.2995456
2023-03-21,AAPL,16.551625,16.716352,16.392263
2023-03-21,AMGN,2.1037012,2.1527935,2.0821594
2023-03-21,CRM,4.210298,4.3088659,4.2009833
2023-03-21,CSCO,3.50277,3.5202312,3.4680954
2023-03-21,IBM,9.0376329,9.0634984,9.0383558
2023-03-21,INTC,9.4566025,9.639967,9.4615829
2023-03-21,MSFT,129.04498,129.08333,128.0288
2023-03-21,NKE,4.9204858,5.0104125,4.9205239
2023-03-21,VZ,0.53636076,0.53720885,0.5295224
2023-03-21,WMT,2.3003812,2.3103359,2.2649095
2023-03-22,AAPL,16.28804,16.736702,15.959609
2023-03-22,AMGN,2.10817,2.1352415,2.1181383
2023-03-22,CRM,4.2364596,4.2798282,4.2753072
2023-03-22,CSCO,3.4419347,3.4778643,3.4269204
2023-03-22,IBM,9.0812405,9.0823599,9.0737957
2023-03-22,INTC,9.4897587,9.5795406,9.3986277
2023-03-22,MSFT,128.70312,127.86395,126.33539
2023-03-22,NKE,5.0119558,4.9678561,4.9564638
2023-03-22,VZ,0.54199253,0.54980705,0.5411903
2023-03-22,WMT,2.263801,2.2846951,2.2680465
2023-03-23,AAPL,16.340704,16.686086,16.042175
2023-03-23,AMGN,2.0944518,2.1465262,2.1037273
2023-03-23,CRM,4.0848256,4.2344777,4.1002366
2023-03-23,CSCO,3.5054647,3.4953083,3.5064476
2023-03-23,IBM,8.9310318,8.9373995,8.8661226
2023-03-23,INTC,9.6306365,9.7596694,9.4781573
2023-03-23,MSFT,130.72024,132.31554,128.58207
2023-03-23,NKE,4.9263873,4.9593133,4.784961
2023-03-23,VZ,0.54778231,0.55100131,0.54737409
2023-03-23,WMT,2.2261699,2.2562138,2.199318
2023-03-24,AAPL,15.617322,15.976874,15.736957
2023-03-24,AMGN,2.0783964,2.1451359,2.0313902
2023-03-24,CRM,4.0608119,4.1485884,3.9577671
2023-03-24,CSCO,3.4770222,3.4952296,3.4232143
2023-03-24,IBM,8.7900328,8.7434992,8.8447748
2023-03-24,INTC,9.2466698,9.3361382,9.0986903
2023-03-24,MSFT,131.55909,132.7641,130.14268
2023-03-24,NKE,4.964789,4.9381694,4.9097127
2023-03-24,VZ,0.54503983,0.54723627,0.53233689
2023-03-24,WMT,2.1637623,2.1736497,2.1058542
2023-03-27,AAPL,15.651912,15.73448,15.533347
2023-03-27,AMGN,2.0754708,2.0872846,2.0482887
2023-03-27,CRM,4.0900655,4.1327121,3.9481045
2023-03-27,CSCO,3.5597072,3.5736144,3.5399914
2023-03-27,IBM,8.8899476,8.9425236,8.8158818
2023-03-27,INTC,9.1413727,9.2173884,9.2881025
2023-03-27,MSFT,135.85776,135.61434,133.73755
2023-03-27,NKE,4.8688434,4.9378044,4.8336458
2023-03-27,VZ,0.54746611,0.55429732,0.54254331
2023-03-27,WMT,2.1192974,2.1308074,2.0967311
2023-03-28,AAPL,15.973463,16.492272,15.678893
2023-03-28,AMGN,2.0858237,2.1011579,2.0569481
2023-03-28,CRM,4.070979,4.07801,3.9358078
2023-03-28,CSCO,3.5273271,3.5238656,3.4933233
2023-03-28,IBM,8.9795634,9.1025974,8.9291132
2023-03-28,INTC,9.1653641,9.1804364,9.0415909
2023-03-28,MSFT,138.44311,141.45593,137.1678
2023-03-28,NKE,4.9060766,4.9662337,4.8610823
2023-03-28,VZ,0.53812378,0.53958625,0.52990913
2023-03-28,WMT,2.1645649,2.1760117,2.1392433
2023-03-29,AAPL,15.690993,15.727701,15.669845
2023-03-29,AMGN,2.1411054,2.1687667,2.0857714
2023-03-29,CRM,4.1347782,4.1833445,4.1198745
2023-03-29,CSCO,3.4810807,3.4580715,3.4100333
2023-03-29,IBM,8.8072806,8.8115579,8.6526163
2023-03-29,INTC,9.2600009,9.4347338,9.1760112
2023-03-29,MSFT,135.18667,139.50912,131.17453
2023-03-29,NKE,4.9425687,4.9394774,4.9431049
2023-03-29,VZ,0.53572255,0.54402226,0.53108647
2023-03-29,WMT,2.1960424,2.2449328,2.2054035
2023-03-30,AAPL,15.900071,16.175918,15.735951
2023-03-30,AMGN,2.1139106,2.1270074,2.1112368
2023-03-30,CRM,4.0087233,4.094021,4.0039159
2023-03-30,CSCO,3.3767902,3.3888178,3.3730715
2023-03-30,IBM,8.7770846,8.733376,8.6709291
2023-03-30,INTC,9.1611695,9.174492,9.1538377
2023-03-30,MSFT,139.58679,139.14192,134.23869
2023-03-30,NKE,4.8701751,4.9885574,4.8566527
2023-03-30,VZ,0.53173298,0.53425973,0.53414481
2023-03-30,WMT,2.1724236,2.1835356,2.141835
2023-03-31,AAPL,15.52712,15.774465,15.253905
2023-03-31,AMGN,2.0526794,2.0958051,1.9867457
2023-03-31,CRM,3.9047114,3.9221119,3.7449214
2023-03-31,CSCO,3.429452,3.451864,3.4255779
2023-03-31,IBM,8.8023913,8.8266465,8.736589
2023-03-31,INTC,9.2052299,9.4239611,9.1991368
2023-03-31,MSFT,137.60248,141.09108,135.00373
2023-03-31,NKE,4.747369,4.7623775,4.6806679
2023-03-31,VZ,0.53740093,0.53803394,0.52456962
2023-03-31,WMT,2.1930713,2.233757,2.2057749
2023-04-03,AAPL,15.805032,15.767534,15.713606
2023-04-03,AMGN,2.0506993,2.0686169,2.0384602
2023-04-03,CRM,4.0315714,4.1161798,3.9435105
2023-04-03,CSCO,3.3307028,3.3249489,3.2716508
2023-04-03,IBM,8.8889682,8.9974295,8.9924449
2023-04-03,INTC,9.2236555,9.3636111,9.2135215
2023-04-03,MSFT,135.343,138.84806,132.44852
2023-04-03,NKE,4.7785598,4.8530681,4.7263124
2023-04-03,VZ,0.54025237,0.5452941,0.52719197
2023-04-03,WMT,2.1657291,2.1892133,2.1763802
2023-04-04,AAPL,16.022041,16.281825,16.166336
2023-04-04,AMGN,2.0768401,2.1186007,2.0609004
2023-04-04,CRM,4.1085972,4.1831803,4.0166649
2023-04-04,CSCO,3.3812339,3.3788614,3.3823391
2023-04-04,IBM,8.8936912,8.8331363,8.8104059
2023-04-04,INTC,9.3314094,9.3347855,9.3136985
2023-04-04,MSFT,134.60672,133.75113,133.59167
2023-04-04,NKE,4.8672944,4.9506562,4.8569881
2023-04-04,VZ,0.54028662,0.54199225,0.53791792
2023-04-04,WMT,2.1317326,2.174524,2.1193451
2023-04-05,AAPL,16.121197,15.777308,16.240325
2023-04-05,AMGN,2.0528145,2.0580685,2.0156158
2023-04-05,CRM,4.0053193,4.0208825,3.9345568
2023-04-05,CSCO,3.2974639,3.3063422,3.256851
2023-04-05,IBM,8.8239074,8.8292836,8.7243684
2023-04-05,INTC,9.2817188,9.1753048,9.1931256
2023-04-05,MSFT,134.46044,138.71596,134.98786
2023-04-05,NKE,4.6694849,4.7117966,4.6282396
2023-04-05,VZ,0.52643349,0.53724807,0.52149433
2023-04-05,WMT,2.1452611,2.1740343,2.1094707
2023-04-06,AAPL,16.287809,16.843588,15.962433
2023-04-06,AMGN,2.0989138,2.0988744,2.112262
2023-04-06,CRM,4.278536,4.2387201,4.1755104
2023-04-06,CSCO,3.2834907,3.2839248,3.2158455
2023-04-06,IBM,8.8034864,8.8327799,8.6164746
2023-04-06,INTC,9.0664375,9.0744387,8.8707083
2023-04-06,MSFT,133.45645,135.70383,133.96586
2023-04-06,NKE,4.6322939,4.7177692,4.5917559
2023-04-06,VZ,0.52603734,0.53424087,0.52630698
2023-04-06,WMT,2.1534577,2.1950373,2.1608887
2023-04-10,AAPL,16.72358,16.680687,16.759032
2023-04-10,AMGN,2.0833864,2.0706422,2.0687189
2023-04-10,CRM,4.3078214,4.4556797,4.3168164
2023-04-10,CSCO,3.2902725,3.2646098,3.1999796
2023-04-10,IBM,8.6683988,8.8056695,8.5836995
2023-04-10,INTC,8.9136367,9.1654818,8.9242435
2023-04-10,MSFT,136.34975,136.43419,135.29369
2023-04-10,NKE,4.414989,4.416399,4.2374188
2023-04-10,VZ,0.51706832,0.52371563,0.50616724
2023-04-10,WMT,2.1189331,2.1218405,2.1129748
2023-04-11,AAPL,17.09799,17.387868,17.252492
2023-04-11,AMGN,2.0092552,2.0639648,2.0292018
2023-04-11,CRM,4.315619,4.4123605,4.1820917
2023-04-11,CSCO,3.3286556,3.2897443,3.2465231
2023-04-11,IBM,8.5583201,8.5441624,8.3629203
2023-04-11,INTC,8.9698104,8.9608038,8.7427451
2023-04-11,MSFT,138.28432,140.12603,136.26585
2023-04-11,NKE,4.4007251,4.5158612,4.3978298
2023-04-11,VZ,0.5140661,0.51870131,0.51182336
2023-04-11,WMT,2.1220412,2.1215188,2.1043716
2023-04-12,AAPL,16.456454,16.492872,16.278716
2023-04-12,AMGN,2.0462813,2.0639205,2.0375799
2023-04-12,CRM,4.5154644,4.5053301,4.4389652
2023-04-12,CSCO,3.3179677,3.3324442,3.3537483
2023-04-12,IBM,8.5436009,8.6511724,8.5282122
2023-04-12,INTC,8.7985674,8.7633207,8.646113
2023-04-12,MSFT,139.7734,140.96338,137.58546
2023-04-12,NKE,4.3459306,4.4301645,4.3829756
2023-04-12,VZ,0.51212738,0.52165886,0.50976503
2023-04-12,WMT,2.1455024,2.1400969,2.10046
2023-04-13,AAPL,16.010626,16.065113,15.871418
2023-04-13,AMGN,2.0294674,2.0285031,1.9934672
2023-04-13,CRM,4.4679552,4.5301052,4.4488423
2023-04-13,CSCO,3.3323075,3.3544057,3.3407235
2023-04-13,IBM,8.3319767,8.350033,8.2178931
2023-04-13,INTC,8.8542471,8.9671147,8.7237757
2023-04-13,MSFT,140.57101,141.53108,137.72473
2023-04-13,NKE,4.4344411,4.4540526,4.3852228
2023-04-13,VZ,0.51584609,0.52463095,0.50994381
2023-04-13,WMT,2.1189239,2.1400532,2.1177978
2023-04-14,AAPL,16.068527,16.005409,15.64907
2023-04-14,AMGN,2.0489273,2.0737671,2.0107955
2023-04-14,CRM,4.3150764,4.2374058,4.2404042
2023-04-14,CSCO,3.3809204,3.4211584,3.3896288
2023-04-14,IBM,8.2990411,8.3416226,8.1502801
2023-04-14,INTC,8.7278677,8.8094582,8.4847256
2023-04-14,MSFT,139.5743,141.08574,139.48842
2023-04-14,NKE,4.4371624,4.4635798,4.3916075
2023-04-14,VZ,0.52060938,0.53071343,0.52019183
2023-04-14,WMT,2.0864945,2.1001273,2.0940131
2023-04-17,AAPL,16.299518,16.373976,16.216847
2023-04-17,AMGN,2.0699254,2.1404937,2.0514677
2023-04-17,CRM,4.30535,4.2403824,4.2989957
2023-04-17,CSCO,3.5408169,3.5252139,3.5455854
2023-04-17,IBM,8.3519625,8.3048527,8.4821224
2023-04-17,INTC,8.3774112,8.3470888,8.2917302
2023-04-17,MSFT,141.73506,144.5788,140.61598
2023-04-17,NKE,4.4847796,4.5236908,4.4382218
2023-04-17,VZ,0.51891263,0.52271555,0.50606318
2023-04-17,WMT,2.0722002,2.1107547,2.0602985
2023-04-18,AAPL,16.334571,16.451904,16.146067
2023-04-18,AMGN,2.0287872,2.0546507,2.0051249
2023-04-18,CRM,4.2175709,4.2659955,4.1569268
2023-04-18,CSCO,3.5617362,3.59114,3.5465048
2023-04-18,IBM,8.2867123,8.2674729,8.2445848
2023-04-18,INTC,8.2694528,8.3644933,8.2517913
2023-04-18,MSFT,142.28187,145.00807,136.43749
2023-04-18,NKE,4.6581058,4.6907096,4.6104967
2023-04-18,VZ,0.52720629,0.53213639,0.51782778
2023-04-18,WMT,2.0491119,2.0606727,2.011036
2023-04-19,AAPL,17.023726,17.31975,17.080555
2023-04-19,AMGN,1.968289,1.9648195,1.9459675
2023-04-19,CRM,4.3153522,4.3659289,4.2672283
2023-04-19,CSCO,3.6153496,3.6360562,3.636897
2023-04-19,IBM,8.1324911,8.2673917,8.1169254
2023-04-19,INTC,8.2547348,8.3470467,8.0673389
2023-04-19,MSFT,145.27858,145.91758,143.03825
2023-04-19,NKE,4.7890528,4.8974906,4.7346369
2023-04-19,VZ,0.53185627,0.54281477,0.52926235
2023-04-19,WMT,2.0426378,2.0520577,2.0674338
2023-04-20,AAPL,16.917968,16.847806,16.601746
2023-04-20,AMGN,1.9492383,1.9683728,1.9307087
2023-04-20,CRM,4.4929367,4.4954824,4.4692538
2023-04-20,CSCO,3.6443198,3.6519802,3.5073743
2023-04-20,IBM,8.0620488,8.1085694,7.9357145
2023-04-20,INTC,8.191101,8.2541009,8.1117611
2023-04-20,MSFT,142.98205,145.33389,141.73812
2023-04-20,NKE,4.7449816,4.7466135,4.7244011
2023-04-20,VZ,0.52247334,0.53419588,0.51300336
2023-04-20,WMT,2.0057628,2.0080156,1.9709998
2023-04-21,AAPL,17.196488,17.658146,17.287175
2023-04-21,AMGN,1.9495004,1.9764164,1.9070248
2023-04-21,CRM,4.5957173,4.6337322,4.5406431
2023-04-21,CSCO,3.6341975,3.6110238,3.5504138
2023-04-21,IBM,8.0465055,8.0786556,8.0329565
2023-04-21,INTC,8.0065341,8.0676458,7.8851587
2023-04-21,MSFT,144.30874,147.30128,143.40903
2023-04-21,NKE,4.7377384,4.8033724,4.6033208
2023-04-21,VZ,0.52681369,0.53691197,0.52601442
2023-04-21,WMT,2.0287581,2.0524673,2.0314409
2023-04-24,AAPL,17.304503,17.341313,17.227725
2023-04-24,AMGN,1.9447662,1.9839413,1.9297714
2023-04-24,CRM,4.7153587,4.6720941,4.7382755
2023-04-24,CSCO,3.5650676,3.5815185,3.533323
2023-04-24,IBM,7.9393991,8.007642,7.9433913
2023-04-24,INTC,7.9487894,8.1076248,7.8836762
2023-04-24,MSFT,146.01455,144.82445,142.37928
2023-04-24,NKE,4.6834776,4.7409878,4.7161898
2023-04-24,VZ,0.52207359,0.52732058,0.5110968
2023-04-24,WMT,2.0212542,2.0548198,1.999682
2023-04-25,AAPL,16.787741,17.186381,16.876225
2023-04-25,AMGN,1.9181582,1.9146274,1.908805
2023-04-25,CRM,4.543394,4.6108651,4.4460212
2023-04-25,CSCO,3.628986,3.6827585,3.6131045
2023-04-25,IBM,7.9265514,8.0090824,7.8537251
2023-04-25,INTC,8.1279463,8.2806162,8.1669001
2023-04-25,MSFT,147.07928,147.86451,145.99051
2023-04-25,NKE,4.7835773,4.8844842,4.6996295
2023-04-25,VZ,0.51870827,0.51663272,0.52062367
2023-04-25,WMT,2.0602521,2.0843744,2.0190193
2023-04-26,AAPL,16.712524,16.400156,16.63147
2023-04-26,AMGN,1.9037783,1.9024664,1.8407662
2023-04-26,CRM,4.5118111,4.5276573,4.3941667
2023-04-26,CSCO,3.5942655,3.6146251,3.5892672
2023-04-26,IBM,8.0054676,8.0511378,7.9540476
2023-04-26,INTC,8.0150475,7.9394853,7.9718666
2023-04-26,MSFT,148.99389,149.91585,150.61235
2023-04-26,NKE,4.7434645,4.7974421,4.688069
2023-04-26,VZ,0.5123179,0.52497107,0.51275103
2023-04-26,WMT,2.0344331,2.0570552,2.0389513
2023-04-27,AAPL,16.884177,17.02837,16.147313
2023-04-27,AMGN,1.9223262,1.9715306,1.8855065
2023-04-27,CRM,4.4675228,4.6028164,4.3827201
2023-04-27,CSCO,3.6443701,3.6596998,3.6032357
2023-04-27,IBM,7.6973534,7.7032168,7.772143
2023-04-27,INTC,7.8896885,7.9262081,7.8711117
2023-04-27,MSFT,151.57307,151.68318,148.91191
2023-04-27,NKE,4.7329715,4.7696646,4.6772768
2023-04-27,VZ,0.50609987,0.51193565,0.50233864
2023-04-27,WMT,2.0018415,2.0164886,1.9811639
2023-04-28,AAPL,16.525934,16.725637,16.093269
2023-04-28,AMGN,1.9275865,1.9642548,1.9021311
2023-04-28,CRM,4.241584,4.2759768,4.0763779
2023-04-28,CSCO,3.6414585,3.6582688,3.602386
2023-04-28,IBM,7.7453732,7.8269966,7.7291671
2023-04-28,INTC,7.8856701,7.9298476,7.8768619
2023-04-28,MSFT,152.38452,154.97538,148.51929
2023-04-28,NKE,4.7704669,4.7889349,4.7611402
2023-04-28,VZ,0.50888589,0.51761852,0.50546156
2023-04-28,WMT,1.9992562,2.0061347,1.9916726
2023-05-01,AAPL,16.317702,16.657767,15.886764
2023-05-01,AMGN,1.921362,1.9215281,1.8947218
2023-05-01,CRM,4.2661548,4.3908352,4.1784433
2023-05-01,CSCO,3.5606741,3.5634471,3.546258
2023-05-01,IBM,7.7566886,7.9366644,7.6098705
2023-05-01,INTC,7.7698732,7.8675833,7.5559805
2023-05-01,MSFT,152.95911,154.12675,150.67906
2023-05-01,NKE,4.7255977,4.7091478,4.7313595
2023-05-01,VZ,0.50598141,0.50332324,0.50975609
2023-05-01,WMT,1.9758219,1.9789479,1.993176
2023-05-02,AAPL,16.296641,16.432157,15.990766
2023-05-02,AMGN,1.8861285,1.9545009,1.8782144
2023-05-02,CRM,4.2435202,4.4949508,4.1601778
2023-05-02,CSCO,3.4884475,3.5639531,3.4450208
2023-05-02,IBM,7.698017,7.7412523,7.5566129
2023-05-02,INTC,7.8702787,7.8377529,7.7566033
2023-05-02,MSFT,149.21944,148.8671,146.32055
2023-05-02,NKE,4.7548562,4.7122632,4.7513518
2023-05-02,VZ,0.50956362,0.51343864,0.49943808
2023-05-02,WMT,1.9839851,2.0076945,1.968685
2023-05-03,AAPL,16.32552,16.468399,15.971375
2023-05-03,AMGN,1.8841843,1.8982347,1.8504627
2023-05-03,CRM,4.3363725,4.4486225,4.2281646
2023-05-03,CSCO,3.5373759,3.5313958,3.4605271
2023-05-03,IBM,7.5989255,7.5843316,7.5564156
2023-05-03,INTC,7.7849484,7.8990831,7.7755914
2023-05-03,MSFT,142.86583,142.36989,141.09874
2023-05-03,NKE,4.8162516,4.9199272,4.7914119
2023-05-03,VZ,0.49744331,0.50016399,0.49449021
2023-05-03,WMT,2.0286314,2.0650955,2.0251437
2023-05-04,AAPL,16.209584,16.169064,15.927259
2023-05-04,AMGN,1.9114908,1.9198378,1.9225264
2023-05-04,CRM,4.3553547,4.5109633,4.3066458
2023-05-04,CSCO,3.4985783,3.5355969,3.413056
2023-05-04,IBM,7.5797102,7.6742961,7.6975007
2023-05-04,INTC,7.8160844,7.780546,7.8936525
2023-05-04,MSFT,144.18716,145.90176,144.66187
2023-05-04,NKE,4.8423689,4.8877279,4.7648758
2023-05-04,VZ,0.49023935,0.48648735,0.47984286
2023-05-04,WMT,2.0560471,2.0814215,2.0683562
2023-05-05,AAPL,16.27813,16.215759,16.072703
2023-05-05,AMGN,1.888691,1.9122911,1.8643777
2023-05-05,CRM,4.4171203,4.578561,4.3356828
2023-05-05,CSCO,3.5464509,3.539198,3.5167572
2023-05-05,IBM,7.6303554,7.6872905,7.5166992
2023-05-05,INTC,7.6803191,7.7513441,7.7414578
2023-05-05,MSFT,139.96024,143.06232,139.7298
2023-05-05,NKE,4.6968136,4.741719,4.6477439
2023-05-05,VZ,0.48440867,0.48602256,0.48433617
2023-05-05,WMT,2.0644116,2.0872787,2.0547703
2023-05-08,AAPL,16.580864,16.79386,16.192504
2023-05-08,AMGN,1.8870598,1.8790249,1.8734181
2023-05-08,CRM,4.5391201,4.5406574,4.5919943
2023-05-08,CSCO,3.5696876,3.6359642,3.5388219
2023-05-08,IBM,7.5248812,7.7047216,7.5796712
2023-05-08,INTC,7.8370832,7.801349,7.7275112
2023-05-08,MSFT,139.736,139.9763,137.80342
2023-05-08,NKE,4.6333702,4.6209268,4.5862682
2023-05-08,VZ,0.48466538,0.49432632,0.48519346
2023-05-08,WMT,2.0423304,2.0796399,2.0404954
2023-05-09,AAPL,16.801215,17.30607,16.46368
2023-05-09,AMGN,1.8677296,1.8779945,1.842384
2023-05-09,CRM,4.7664175,4.8273133,4.789416
2023-05-09,CSCO,3.6695456,3.7721183,3.6216614
2023-05-09,IBM,7.5998139,7.7010631,7.6122755
2023-05-09,INTC,7.9908815,8.2910446,8.0270703
2023-05-09,MSFT,141.26053,141.6587,140.92144
2023-05-09,NKE,4.6021479,4.6311095,4.591198
2023-05-09,VZ,0.49326039,0.50283405,0.49306847
2023-05-09,WMT,2.0320467,2.0422542,2.0328308
2023-05-10,AAPL,17.291623,17.843981,17.005675
2023-05-10,AMGN,1.8189417,1.8402954,1.7820812
2023-05-10,CRM,4.7478703,4.7680852,4.6306206
2023-05-10,CSCO,3.6986422,3.7231221,3.6838705
2023-05-10,IBM,7.5973721,7.6877696,7.5016407
2023-05-10,INTC,8.1110941,8.1223277,8.0941208
2023-05-10,MSFT,141.26139,143.59793,138.66474
2023-05-10,NKE,4.5590934,4.5302294,4.4000674
2023-05-10,VZ,0.49472344,0.50470282,0.48947098
2023-05-10,WMT,2.0347658,2.0717707,2.0225098
2023-05-11,AAPL,17.129999,17.155163,17.091768
2023-05-11,AMGN,1.7798952,1.801696,1.7812054
2023-05-11,CRM,4.6553658,4.6452741,4.4754888
2023-05-11,CSCO,3.621361,3.6226501,3.5372581
2023-05-11,IBM,7.5911882,7.5908439,7.5135163
2023-05-11,INTC,8.1015619,8.0445871,8.1578824
2023-05-11,MSFT,138.45565,140.34995,137.15088
2023-05-11,NKE,4.6477245,4.5779974,4.5962165
2023-05-11,VZ,0.48666113,0.49470038,0.48509097
2023-05-11,WMT,2.0540616,2.0785675,2.0566081
2023-05-12,AAPL,17.202004,17.231687,17.203288
2023-05-12,AMGN,1.7411054,1.7641062,1.7174365
2023-05-12,CRM,4.8295085,4.9412769,4.8557551
2023-05-12,CSCO,3.6186175,3.7513397,3.6193284
2023-05-12,IBM,7.4300935,7.4181777,7.3565322
2023-05-12,INTC,7.985429,7.9940612,8.1240644
2023-05-12,MSFT,137.30637,138.4123,137.24967
2023-05-12,NKE,4.7012042,4.7010893,4.7184496
2023-05-12,VZ,0.4874468,0.4867196,0.49271895
2023-05-12,WMT,2.0267335,2.0288893,1.9972783
2023-05-15,AAPL,17.202878,17.677049,17.25761
2023-05-15,AMGN,1.7121483,1.73336,1.7080441
2023-05-15,CRM,4.8389368,4.9646979,4.583265
2023-05-15,CSCO,3.5705073,3.6345151,3.4774278
2023-05-15,IBM,7.541748,7.6109629,7.4304523
2023-05-15,INTC,7.9841601,8.0291101,8.0365093
2023-05-15,MSFT,138.38659,139.1987,137.69113
2023-05-15,NKE,4.7510521,4.7939518,4.790758
2023-05-15,VZ,0.48776185,0.4920912,0.48419649
2023-05-15,WMT,1.9936932,2.0060578,1.9784259
2023-05-16,AAPL,17.715915,17.782706,17.325513
2023-05-16,AMGN,1.6915728,1.7351385,1.6729052
2023-05-16,CRM,4.7962592,4.7758692,4.7408161
2023-05-16,CSCO,3.6025075,3.6161113,3.5067433
2023-05-16,IBM,7.5644734,7.6040533,7.4949643
2023-05-16,INTC,8.0682696,8.1241394,8.1083291
2023-05-16,MSFT,140.63557,142.9297,140.61367
2023-05-16,NKE,4.7425606,4.7724974,4.7909246
2023-05-16,VZ,0.49105351,0.49517202,0.49064102
2023-05-16,WMT,1.9890105,1.9888591,1.9728998
2023-05-17,AAPL,17.216943,17.302937,16.730897
2023-05-17,AMGN,1.6136406,1.6507469,1.5944395
2023-05-17,CRM,4.8266631,4.8877717,4.860166
2023-05-17,CSCO,3.689051,3.7178568,3.603212
2023-05-17,IBM,7.6906064,7.7448988,7.6903094
2023-05-17,INTC,8.0319069,8.0253276,8.0845701
2023-05-17,MSFT,141.55215,144.23866,141.81169
2023-05-17,NKE,4.8359162,4.8916872,4.821562
2023-05-17,VZ,0.50101213,0.50280622,0.49480703
2023-05-17,WMT,1.9815373,2.0144613,1.9761542
2023-05-18,AAPL,16.82384,16.664855,16.525515
2023-05-18,AMGN,1.6118651,1.6558851,1.6019995
2023-05-18,CRM,4.8120003,4.8063506,4.7978086
2023-05-18,CSCO,3.7460011,3.7600271,3.6900784
2023-05-18,IBM,7.7676447,7.8379531,7.829411
2023-05-18,INTC,8.0076268,8.0115205,7.8495869
2023-05-18,MSFT,138.8735,141.85143,139.19849
2023-05-18,NKE,4.7783428,4.7946078,4.7491057
2023-05-18,VZ,0.49800412,0.50715188,0.49318283
2023-05-18,WMT,1.9733955,1.9867314,1.9295921
2023-05-19,AAPL,16.55355,16.763766,15.956558
2023-05-19,AMGN,1.5739198,1.58551,1.5808794
2023-05-19,CRM,5.0368615,4.9427841,4.9902063
2023-05-19,CSCO,3.7752799,3.8290489,3.6994269
2023-05-19,IBM,7.8323398,7.748356,7.9042094
2023-05-19,INTC,8.0608787,8.1404938,7.9820208
2023-05-19,MSFT,138.02811,139.21972,138.42719
2023-05-19,NKE,4.4975088,4.5378355,4.4926653
2023-05-19,VZ,0.49393429,0.49277706,0.49401826
2023-05-19,WMT,1.949607,1.9663599,1.9458878
2023-05-22,AAPL,15.423199,15.602317,14.875353
2023-05-22,AMGN,1.6116213,1.6386394,1.5999487
2023-05-22,CRM,5.0426916,5.0096601,5.0009175
2023-05-22,CSCO,3.7638498,3.7916455,3.6840127
2023-05-22,IBM,7.7383581,7.7832,7.769955
2023-05-22,INTC,8.1116526,8.2253787,8.134632
2023-05-22,MSFT,140.21476,144.54442,138.34339
2023-05-22,NKE,4.4026183,4.4986339,4.339118
2023-05-22,VZ,0.48812831,0.49045897,0.4865556
2023-05-22,WMT,1.9230547,1.9457524,1.8914697
2023-05-23,AAPL,15.765546,15.896104,15.477168
2023-05-23,AMGN,1.5932198,1.6362439,1.5817729
2023-05-23,CRM,5.1422054,5.2734742,5.0588345
2023-05-23,CSCO,3.6621377,3.683513,3.6253312
2023-05-23,IBM,7.5404382,7.7107959,7.4757945
2023-05-23,INTC,8.2389414,8.3099799,8.1675188
2023-05-23,MSFT,141.27115,143.03976,138.0486
2023-05-23,NKE,4.3442702,4.3824404,4.324355
2023-05-23,VZ,0.49416351,0.49599829,0.48768018
2023-05-23,WMT,1.9285676,1.9496925,1.8975299
2023-05-24,AAPL,14.920915,15.027365,14.929863
2023-05-24,AMGN,1.6152341,1.5998268,1.6066508
2023-05-24,CRM,5.1155742,5.245549,5.1626697
2023-05-24,CSCO,3.5684536,3.5980844,3.5320836
2023-05-24,IBM,7.3898666,7.4430605,7.3172335
2023-05-24,INTC,8.394044,8.4448629,8.2843069
2023-05-24,MSFT,142.6333,142.61736,141.27819
2023-05-24,NKE,4.167096,4.2001994,4.1605696
2023-05-24,VZ,0.47788085,0.48446628,0.48031395
2023-05-24,WMT,1.9688195,1.9752618,1.9577471
2023-05-25,AAPL,14.843814,15.220629,14.71806
2023-05-25,AMGN,1.6467313,1.6627059,1.6319172
2023-05-25,CRM,5.1927205,5.2139802,5.1130628
2023-05-25,CSCO,3.5301523,3.5709994,3.4272361
2023-05-25,IBM,7.4567693,7.4591311,7.3695061
2023-05-25,INTC,8.30248,8.3370869,8.3430095
2023-05-25,MSFT,145.3006,146.92038,144.15871
2023-05-25,NKE,4.0835564,4.0997103,4.0196494
2023-05-25,VZ,0.48260572,0.49489856,0.4766518
2023-05-25,WMT,1.9507143,1.9632019,1.9289159
2023-05-26,AAPL,15.076954,15.427892,14.792663
2023-05-26,AMGN,1.6134968,1.6450975,1.5889856
2023-05-26,CRM,4.9764273,5.0744276,4.9539093
2023-05-26,CSCO,3.513866,3.4509837,3.5032573
2023-05-26,IBM,7.5295009,7.6577974,7.4240349
2023-05-26,INTC,8.2906192,8.4969189,7.9679494
2023-05-26,MSFT,145.98318,143.04699,144.34531
2023-05-26,NKE,4.0088035,4.0991786,3.9679961
2023-05-26,VZ,0.48354437,0.49352231,0.47532675
2023-05-26,WMT,1.9225971,1.9501594,1.9081095
2023-05-30,AAPL,14.927389,14.864798,14.899867
2023-05-30,AMGN,1.6488316,1.6607221,1.6180912
2023-05-30,CRM,4.9051427,4.9843859,4.8030257
2023-05-30,CSCO,3.5740732,3.5826204,3.5735902
2023-05-30,IBM,7.3926554,7.5263771,7.3218164
2023-05-30,INTC,8.2597546,8.0729256,8.0016633
2023-05-30,MSFT,144.41551,144.10056,143.91787
2023-05-30,NKE,4.0943819,4.1253311,4.0763058
2023-05-30,VZ,0.47633925,0.47296841,0.47461086
2023-05-30,WMT,1.9123408,1.9364239,1.8954592
2023-05-31,AAPL,14.768294,15.069619,14.527884
2023-05-31,AMGN,1.6927694,1.6994828,1.6851462
2023-05-31,CRM,4.8772703,4.9687247,4.899949
2023-05-31,CSCO,3.4549395,3.4605153,3.4578761
2023-05-31,IBM,7.4176794,7.5028881,7.3961186
2023-05-31,INTC,8.2669039,8.4038439,8.1428635
2023-05-31,MSFT,143.79056,146.45658,140.27651
2023-05-31,NKE,4.1076758,4.1161114,4.0950133
2023-05-31,VZ,0.46992784,0.47817961,0.46296795
2023-05-31,WMT,1.9046374,1.9223764,1.8891058
2023-06-01,AAPL,14.972526,15.343971,14.69413
2023-06-01,AMGN,1.6457375,1.665376,1.6092052
2023-06-01,CRM,4.8546824,4.8863432,4.7788841
2023-06-01,CSCO,3.4840848,3.4481251,3.433752
2023-06-01,IBM,7.4878717,7.5913223,7.4300332
2023-06-01,INTC,8.263699,8.2835086,8.1360258
2023-06-01,MSFT,140.03925,142.19705,138.45877
2023-06-01,NKE,3.9800136,3.9422807,3.8906883
2023-06-01,VZ,0.46708488,0.4698457,0.46276649
2023-06-01,WMT,1.8447504,1.8491215,1.8422249
2023-06-02,AAPL,15.109714,15.077188,14.872227
2023-06-02,AMGN,1.611855,1.6263508,1.5941604
2023-06-02,CRM,4.7864795,4.866504,4.8284375
2023-06-02,CSCO,3.541842,3.6403815,3.4981675
2023-06-02,IBM,7.5877453,7.7267688,7.5520905
2023-06-02,INTC,8.4746724,8.5073775,8.522385
2023-06-02,MSFT,137.99998,140.04969,137.28133
2023-06-02,NKE,3.9611202,4.0409389,3.8699738
2023-06-02,VZ,0.46676998,0.47062384,0.47048857
2023-06-02,WMT,1.8579459,1.864992,1.8559601
2023-06-05,AAPL,15.275203,15.303617,15.036593
2023-06-05,AMGN,1.5392563,1.5661889,1.5232814
2023-06-05,CRM,4.6727058,4.6948633,4.5399054
2023-06-05,CSCO,3.4559202,3.5221193,3.4965886
2023-06-05,IBM,7.5166032,7.4463485,7.4768316
2023-06-05,INTC,8.6431423,8.5968134,8.7030485
2023-06-05,MSFT,137.12647,137.56855,136.07148
2023-06-05,NKE,3.9709722,4.0351711,3.9899442
2023-06-05,VZ,0.46336906,0.46543302,0.45748134
2023-06-05,WMT,1.8513518,1.8488876,1.8228973
2023-06-06,AAPL,15.50307,15.520972,15.625243
2023-06-06,AMGN,1.5589721,1.5671966,1.5433741
2023-06-06,CRM,4.9828268,4.9743635,4.8167913
2023-06-06,CSCO,3.4505381,3.4546621,3.3910747
2023-06-06,IBM,7.5396322,7.7243407,7.5393136
2023-06-06,INTC,8.6046076,8.6408924,8.5497731
2023-06-06,MSFT,139.5708,141.62726,137.45518
2023-06-06,NKE,3.8767521,3.9830182,3.9109157
2023-06-06,VZ,0.45886317,0.46442241,0.45414329
2023-06-06,WMT,1.8630399,1.885329,1.8692412
2023-06-07,AAPL,16.106762,16.346825,15.673817
2023-06-07,AMGN,1.4878383,1.4944895,1.4587121
2023-06-07,CRM,4.9629482,5.0491516,4.8855208
2023-06-07,CSCO,3.4670391,3.4723244,3.3771878
2023-06-07,IBM,7.526522,7.6079996,7.4973445
2023-06-07,INTC,8.7666573,8.9100092,8.4979826
2023-06-07,MSFT,144.41691,146.1677,144.83113
2023-06-07,NKE,3.8520405,3.8788743,3.797445
2023-06-07,VZ,0.45252684,0.45919735,0.44277961
2023-06-07,WMT,1.8173378,1.8464892,1.8059398
2023-06-08,AAPL,16.286062,16.458841,16.181328
2023-06-08,AMGN,1.4769344,1.4844405,1.4344389
2023-06-08,CRM,5.1491195,5.2810791,4.9890732
2023-06-08,CSCO,3.4555368,3.4824743,3.5336284
2023-06-08,IBM,7.662764,7.821394,7.6554859
2023-06-08,INTC,8.9993825,8.9615986,8.9813711
2023-06-08,MSFT,146.48418,147.4168,147.43538
2023-06-08,NKE,3.9504767,4.0881508,3.8821589
2023-06-08,VZ,0.44708841,0.45439155,0.44893372
2023-06-08,WMT,1.8102825,1.832628,1.8050309
2023-06-09,AAPL,16.101086,16.31412,15.997278
2023-06-09,AMGN,1.4586309,1.4810616,1.4383896
2023-06-09,CRM,4.8591707,4.8939655,4.6446528
2023-06-09,CSCO,3.4349745,3.5029578,3.3831684
2023-06-09,IBM,7.8337855,7.8416523,7.8040135
2023-06-09,INTC,9.1211896,9.1468126,8.8730092
2023-06-09,MSFT,146.97127,147.81066,145.11432
2023-06-09,NKE,3.9186597,3.9840599,3.8948617
2023-06-09,VZ,0.44100906,0.44584241,0.43187585
2023-06-09,WMT,1.8133573,1.8265764,1.8000264
2023-06-12,AAPL,15.935477,16.177688,15.662355
2023-06-12,AMGN,1.4091789,1.4131084,1.428475
2023-06-12,CRM,4.9274426,5.0112759,4.9680493
2023-06-12,CSCO,3.3501277,3.3956523,3.3035924
2023-06-12,IBM,7.9175325,7.8580373,7.9829682
2023-06-12,INTC,9.1683063,9.2104437,9.2003471
2023-06-12,MSFT,147.12583,149.58978,146.36488
2023-06-12,NKE,3.9320471,3.8788462,3.8177349
2023-06-12,VZ,0.44737651,0.45243516,0.43595863
2023-06-12,WMT,1.8321135,1.8521528,1.8133569
2023-06-13,AAPL,16.168215,16.088049,15.716727
2023-06-13,AMGN,1.3653939,1.3781707,1.3310057
2023-06-13,CRM,5.0168519,5.1746817,5.019338
2023-06-13,CSCO,3.4117807,3.3962002,3.3218406
2023-06-13,IBM,7.7782213,7.9120141,7.840399
2023-06-13,INTC,9.0916907,9.2066032,8.9422891
2023-06-13,MSFT,149.8206,149.444,152.97805
2023-06-13,NKE,3.9267992,3.9657681,3.952125
2023-06-13,VZ,0.45501989,0.45881205,0.45579404
2023-06-13,WMT,1.8387952,1.8565242,1.8348745
2023-06-14,AAPL,16.696396,16.706065,16.826672
2023-06-14,AMGN,1.3263506,1.3378206,1.3055064
2023-06-14,CRM,4.9841157,5.0208082,4.915327
2023-06-14,CSCO,3.5237794,3.5157263,3.5618787
2023-06-14,IBM,7.6554842,7.8227866,7.6448647
2023-06-14,INTC,8.9895647,8.9736959,8.9142536
2023-06-14,MSFT,152.58802,153.06158,148.14791
2023-06-14,NKE,3.9704629,3.9972833,3.9295684
2023-06-14,VZ,0.44745569,0.44965824,0.44455814
2023-06-14,WMT,1.8592559,1.8566286,1.8344286
2023-06-15,AAPL,16.707068,16.928477,16.514362
2023-06-15,AMGN,1.307825,1.3241524,1.2988189
2023-06-15,CRM,5.100294,5.2327851,4.9969528
2023-06-15,CSCO,3.5273153,3.5635732,3.4883152
2023-06-15,IBM,7.5180402,7.5473914,7.50011
2023-06-15,INTC,9.2945668,9.3644261,9.1224642
2023-06-15,MSFT,150.59167,152.57425,149.43938
2023-06-15,NKE,3.8487646,3.909454,3.7746464
2023-06-15,VZ,0.44448023,0.44705473,0.44660413
2023-06-15,WMT,1.8649002,1.8820621,1.8526296
2023-06-16,AAPL,16.926547,17.018212,16.726704
2023-06-16,AMGN,1.3242708,1.3364424,1.297257
2023-06-16,CRM,5.0344297,5.0647157,4.9702667
2023-06-16,CSCO,3.4735976,3.4887854,3.4579984
2023-06-16,IBM,7.5013997,7.598994,7.4506746
2023-06-16,INTC,9.5885248,9.4945976,9.3358389
2023-06-16,MSFT,147.94832,148.81833,149.00074
2023-06-16,NKE,3.8508864,3.8353325,3.7573659
2023-06-16,VZ,0.43675664,0.43739689,0.43599346
2023-06-16,WMT,1.8383333,1.8379041,1.8320615
2023-06-20,AAPL,16.888904,17.151344,16.773478
2023-06-20,AMGN,1.3096542,1.3580298,1.2807108
2023-06-20,CRM,4.7963483,4.9222324,4.7335903
2023-06-20,CSCO,3.5556092,3.5809913,3.5550341
2023-06-20,IBM,7.4924487,7.4214257,7.3711184
2023-06-20,INTC,9.7484356,9.617829,9.5190147
2023-06-20,MSFT,140.77349,142.39744,141.11825
2023-06-20,NKE,3.716911,3.7263648,3.7016364
2023-06-20,VZ,0.43807084,0.44185788,0.43437033
2023-06-20,WMT,1.8401938,1.8548535,1.8334703
2023-06-21,AAPL,17.163593,17.049279,17.025494
2023-06-21,AMGN,1.2881932,1.3022137,1.2735331
2023-06-21,CRM,4.9868476,4.9907503,5.0244299
2023-06-21,CSCO,3.4529099,3.4719522,3.4145162
2023-06-21,IBM,7.538754,7.5987801,7.4603685
2023-06-21,INTC,9.573972,9.6443849,9.5108343
2023-06-21,MSFT,141.15898,142.34099,140.62839
2023-06-21,NKE,3.6460287,3.7385441,3.5294673
2023-06-21,VZ,0.43681621,0.44289261,0.42984586
2023-06-21,WMT,1.820933,1.8274031,1.8065915
2023-06-22,AAPL,16.971382,16.793741,16.820387
2023-06-22,AMGN,1.2609562,1.3065954,1.2498634
2023-06-22,CRM,4.9431637,4.9974621,4.861218
2023-06-22,CSCO,3.3455503,3.3520926,3.3647447
2023-06-22,IBM,7.4613824,7.5535222,7.3636168
2023-06-22,INTC,9.5626996,9.5995284,9.3962463
2023-06-22,MSFT,144.4414,143.46893,141.37349
2023-06-22,NKE,3.59441,3.6376152,3.6069741
2023-06-22,VZ,0.44149928,0.44890539,0.43913316
2023-06-22,WMT,1.8241871,1.8394686,1.8158029
2023-06-23,AAPL,16.875163,17.096043,16.875267
2023-06-23,AMGN,1.2684968,1.2963121,1.283449
2023-06-23,CRM,4.9747225,5.187431,4.7923805
2023-06-23,CSCO,3.2936786,3.2624568,3.2287872
2023-06-23,IBM,7.5138636,7.5972231,7.3934548
2023-06-23,INTC,9.4835423,9.4591851,9.3426646
2023-06-23,MSFT,150.8574,151.76695,150.49157
2023-06-23,NKE,3.564845,3.6020688,3.5410114
2023-06-23,VZ,0.44440566,0.44845243,0.44439217
2023-06-23,WMT,1.8103379,1.8264273,1.781648
2023-06-26,AAPL,16.921948,17.025973,17.283625
2023-06-26,AMGN,1.2695377,1.2789353,1.2545659
2023-06-26,CRM,4.9391522,5.0087423,4.9410393
2023-06-26,CSCO,3.2262988,3.2658004,3.2155851
2023-06-26,IBM,7.5383528,7.5780566,7.5408223
2023-06-26,INTC,9.4569777,9.481031,9.3387645
2023-06-26,MSFT,152.78659,153.42556,153.84609
2023-06-26,NKE,3.5734346,3.5983276,3.5935271
2023-06-26,VZ,0.43928073,0.44252948,0.42966949
2023-06-26,WMT,1.7981805,1.8148462,1.7817901
2023-06-27,AAPL,16.369447,16.733951,16.241229
2023-06-27,AMGN,1.2630816,1.2847131,1.2702946
2023-06-27,CRM,5.058419,5.2184845,4.9073793
2023-06-27,CSCO,3.1536001,3.2032743,3.1121882
2023-06-27,IBM,7.6032835,7.6952849,7.5321207
2023-06-27,INTC,9.5156758,9.6175694,9.3994848
2023-06-27,MSFT,152.08182,150.0151,150.6811
2023-06-27,NKE,3.6397275,3.6576545,3.5833933
2023-06-27,VZ,0.4378756,0.44399758,0.43048054
2023-06-27,WMT,1.7910983,1.7996821,1.7854197
2023-06-28,AAPL,16.677512,16.840357,16.791491
2023-06-28,AMGN,1.2362842,1.2588923,1.2412391
2023-06-28,CRM,5.1844325,5.1734883,4.9993249
2023-06-28,CSCO,3.1390805,3.1841567,3.0667772
2023-06-28,IBM,7.7348046,7.8379223,7.6881847
2023-06-28,INTC,9.5835522,9.5519794,9.5279046
2023-06-28,MSFT,149.58462,151.22337,151.00178
2023-06-28,NKE,3.6605387,3.7366246,3.6668429
2023-06-28,VZ,0.43235668,0.4376925,0.4294633
2023-06-28,WMT,1.7680634,1.7974398,1.7480284
2023-06-29,AAPL,16.483972,16.889349,16.537767
2023-06-29,AMGN,1.2447552,1.2622671,1.2224018
2023-06-29,CRM,5.1714084,5.1785682,5.0364474
2023-06-29,CSCO,3.1659486,3.147188,3.0861862
2023-06-29,IBM,7.6375028,7.6638252,7.5197014
2023-06-29,INTC,9.4125201,9.5536,9.3759381
2023-06-29,MSFT,147.58451,149.09134,144.33038
2023-06-29,NKE,3.5961647,3.6267247,3.5958226
2023-06-29,VZ,0.44260785,0.44562167,0.44011994
2023-06-29,WMT,1.7371251,1.7634955,1.7169206
2023-06-30,AAPL,16.245768,16.336233,16.153476
2023-06-30,AMGN,1.2380621,1.2257951,1.2086001
2023-06-30,CRM,5.0382117,5.1160899,4.9301556
2023-06-30,CSCO,3.1752753,3.1760221,3.1236242
2023-06-30,IBM,7.7471131,7.7415987,7.6029352
2023-06-30,INTC,9.2788214,9.3299043,9.2181623
2023-06-30,MSFT,146.37867,148.51965,144.68604
2023-06-30,NKE,3.5857889,3.5324056,3.554479
2023-06-30,VZ,0.44359706,0.44537873,0.44445157
2023-06-30,WMT,1.738168,1.7343759,1.7039368
2023-07-03,AAPL,16.326461,16.480103,16.008024
2023-07-03,AMGN,1.2383964,1.2608028,1.2144735
2023-07-03,CRM,5.1976471,5.2906874,5.0410859
2023-07-03,CSCO,3.1395012,3.1593948,3.1593466
2023-07-03,IBM,7.8912087,8.0329034,7.9086673
2023-07-03,INTC,9.174392,9.3855212,9.0599736
2023-07-03,MSFT,151.53848,152.36202,148.74584
2023-07-03,NKE,3.4668911,3.534639,3.4182724
2023-07-03,VZ,0.45073916,0.44555437,0.4473702
2023-07-03,WMT,1.6851138,1.6828152,1.6577377
2023-07-05,AAPL,15.991754,16.51827,15.636915
2023-07-05,AMGN,1.2349213,1.2539244,1.1944608
2023-07-05,CRM,5.2361536,5.541713,5.0562378
2023-07-05,CSCO,3.1250923,3.1387474,3.0943305
2023-07-05,IBM,7.7348588,7.7394885,7.74586
2023-07-05,INTC,9.2395275,9.2738627,9.3806129
2023-07-05,MSFT,150.04301,151.60726,147.11426
2023-07-05,NKE,3.4256108,3.4651376,3.4009564
2023-07-05,VZ,0.45608651,0.45515553,0.45781693
2023-07-05,WMT,1.7079948,1.7298927,1.699104
2023-07-06,AAPL,16.270098,16.476892,16.47298
2023-07-06,AMGN,1.2446063,1.2489972,1.2052516
2023-07-06,CRM,5.1423496,5.2626122,5.0529427
2023-07-06,CSCO,3.076988,3.1142741,3.0266622
2023-07-06,IBM,7.7071154,7.7712182,7.688821
2023-07-06,INTC,9.0733304,8.9857031,8.9244252
2023-07-06,MSFT,155.32713,156.53671,155.32235
2023-07-06,NKE,3.4114004,3.4667987,3.3599025
2023-07-06,VZ,0.44946239,0.44649011,0.44905636
2023-07-06,WMT,1.6861287,1.69952,1.6855408
2023-07-07,AAPL,15.569519,15.506115,15.44156
2023-07-07,AMGN,1.2620637,1.2931418,1.2620691
2023-07-07,CRM,5.3803614,5.3619019,5.3083728
2023-07-07,CSCO,3.120482,3.1080608,3.1125355
2023-07-07,IBM,7.6981442,7.6157324,7.6861849
2023-07-07,INTC,8.9708032,9.2084331,8.782801
2023-07-07,MSFT,156.74162,157.80581,155.27827
2023-07-07,NKE,3.3917207,3.4687999,3.3451455
2023-07-07,VZ,0.43781815,0.43576677,0.43095054
2023-07-07,WMT,1.7188087,1.7370683,1.7009961
2023-07-10,AAPL,15.330162,15.43588,15.282298
2023-07-10,AMGN,1.2677078,1.2747484,1.2610864
2023-07-10,CRM,5.5523528,5.6061779,5.5822022
2023-07-10,CSCO,3.1265084,3.1364336,3.108635
2023-07-10,IBM,7.718391,7.9874653,7.692998
2023-07-10,INTC,8.7838188,8.7261527,8.8772862
2023-07-10,MSFT,153.98082,155.5821,151.16283
2023-07-10,NKE,3.3648685,3.387978,3.2714496
2023-07-10,VZ,0.44350343,0.44445646,0.44128752
2023-07-10,WMT,1.7646758,1.8000572,1.7635783
2023-07-11,AAPL,15.360659,15.495581,15.291534
2023-07-11,AMGN,1.2612676,1.2889353,1.2604566
2023-07-11,CRM,5.8092563,5.907429,5.7006381
2023-07-11,CSCO,3.1020033,3.1473253,3.0230143
2023-07-11,IBM,7.7592222,7.7902901,7.6656299
2023-07-11,INTC,8.7867224,8.6727714,8.7570641
2023-07-11,MSFT,157.57241,156.22216,155.81158
2023-07-11,NKE,3.3030618,3.3237399,3.2773826
2023-07-11,VZ,0.43304504,0.43975349,0.42866653
2023-07-11,WMT,1.7447846,1.7504679,1.744276
2023-07-12,AAPL,15.487725,15.303451,15.257428
2023-07-12,AMGN,1.2830666,1.2862229,1.3014617
2023-07-12,CRM,5.7085597,5.8292242,5.4730861
2023-07-12,CSCO,3.1359665,3.1510956,3.0831559
2023-07-12,IBM,7.7655261,7.7552913,7.7654775
2023-07-12,INTC,8.613497,8.6380932,8.4565211
2023-07-12,MSFT,156.25512,158.21234,154.9492
2023-07-12,NKE,3.2659716,3.2145787,3.3134119
2023-07-12,VZ,0.42867987,0.43050577,0.42071775
2023-07-12,WMT,1.7684801,1.7778194,1.7288119
2023-07-13,AAPL,15.50102,15.577545,15.200988
2023-07-13,AMGN,1.2713079,1.2899376,1.240044
2023-07-13,CRM,5.4979248,5.4930617,5.5396039
2023-07-13,CSCO,3.2139539,3.2081052,3.1659276
2023-07-13,IBM,7.7898757,7.9048804,7.6581776
2023-07-13,INTC,8.577073,8.6168469,8.6580329
2023-07-13,MSFT,152.0639,154.00992,151.39663
2023-07-13,NKE,3.2824419,3.319513,3.2607043
2023-07-13,VZ,0.43204059,0.43129503,0.43250427
2023-07-13,WMT,1.7318764,1.7343466,1.7101686
2023-07-14,AAPL,14.987532,15.210606,15.045789
2023-07-14,AMGN,1.273438,1.2869704,1.2701917
2023-07-14,CRM,5.4102987,5.4490329,5.4149436
2023-07-14,CSCO,3.2635437,3.3216152,3.2159147
2023-07-14,IBM,7.6281709,7.7047336,7.5134575
2023-07-14,INTC,8.5700432,8.6699432,8.4663591
2023-07-14,MSFT,155.42387,156.79516,154.44843
2023-07-14,NKE,3.318888,3.3256452,3.1825647
2023-07-14,VZ,0.4345544,0.43652638,0.43424658
2023-07-14,WMT,1.7058153,1.7077075,1.7026874
2023-07-17,AAPL,15.263865,15.552982,15.127723
2023-07-17,AMGN,1.2323636,1.2410606,1.2303149
2023-07-17,CRM,5.2621577,5.2889703,5.1000485
2023-07-17,CSCO,3.2055162,3.2436388,3.1301836
2023-07-17,IBM,7.8499952,8.0271781,7.7549833
2023-07-17,INTC,8.6987732,8.7243232,8.6660779
2023-07-17,MSFT,160.73565,165.68175,158.328
2023-07-17,NKE,3.2442006,3.3151099,3.2365932
2023-07-17,VZ,0.42722669,0.43564267,0.42004429
2023-07-17,WMT,1.6871601,1.6950215,1.6618972
2023-07-18,AAPL,15.09275,15.422123,15.012393
2023-07-18,AMGN,1.2159461,1.2437354,1.2081335
2023-07-18,CRM,5.072237,5.1731997,5.0319366
2023-07-18,CSCO,3.2310164,3.2238163,3.1853144
2023-07-18,IBM,8.0420412,8.050331,7.9779344
2023-07-18,INTC,8.8765778,8.9149862,8.6842204
2023-07-18,MSFT,160.00845,159.82823,159.68659
2023-07-18,NKE,3.2158052,3.2595838,3.2083509
2023-07-18,VZ,0.41807074,0.41472961,0.4187442
2023-07-18,WMT,1.6870741,1.7069597,1.6827929
2023-07-19,AAPL,15.145013,15.060823,14.861268
2023-07-19,AMGN,1.2484086,1.2510979,1.2528671
2023-07-19,CRM,4.8967063,4.8890924,4.7410105
2023-07-19,CSCO,3.2596855,3.2652974,3.192711
2023-07-19,IBM,7.7984963,7.9296908,7.8764329
2023-07-19,INTC,9.0135167,9.1060651,8.8391585
2023-07-19,MSFT,160.11706,161.03528,158.71392
2023-07-19,NKE,3.226957,3.2589865,3.2580659
2023-07-19,VZ,0.41087104,0.41599348,0.40106622
2023-07-19,WMT,1.6601807,1.6789543,1.6370254
2023-07-20,AAPL,14.825761,14.612855,14.675657
2023-07-20,AMGN,1.2517777,1.2580447,1.2367605
2023-07-20,CRM,4.8429182,4.9871353,4.8396642
2023-07-20,CSCO,3.2462144,3.3044273,3.2384375
2023-07-20,IBM,7.7074566,7.8210433,7.7647557
2023-07-20,INTC,9.207136,9.3512675,9.0050135
2023-07-20,MSFT,166.0063,166.43987,161.28875
2023-07-20,NKE,3.3250943,3.3113797,3.3153978
2023-07-20,VZ,0.41304641,0.41767541,0.41053382
2023-07-20,WMT,1.6654087,1.6914521,1.6468507
2023-07-21,AAPL,15.08325,15.319362,15.224685
2023-07-21,AMGN,1.2263532,1.2388901,1.2283691
2023-07-21,CRM,4.7900006,4.9255875,4.8549978
2023-07-21,CSCO,3.2123503,3.2405318,3.1988158
2023-07-21,IBM,7.5818679,7.7157476,7.4855134
2023-07-21,INTC,9.2236799,9.3792429,9.1301303
2023-07-21,MSFT,167.98031,168.24726,166.27657
2023-07-21,NKE,3.2204563,3.1923465,3.2075387
2023-07-21,VZ,0.42227875,0.42818665,0.41344987
2023-07-21,WMT,1.6488324,1.6441446,1.6381785
2023-07-24,AAPL,15.696342,15.920269,15.969521
2023-07-24,AMGN,1.2073709,1.2185718,1.2079408
2023-07-24,CRM,4.6192747,4.6826833,4.6235187
2023-07-24,CSCO,3.1327508,3.1402628,3.0770182
2023-07-24,IBM,7.7689906,7.8664905,7.7163162
2023-07-24,INTC,9.2991917,9.261654,9.1860697
2023-07-24,MSFT,169.33294,171.18187,166.86142
2023-07-24,NKE,3.26456,3.3568713,3.2960856
2023-07-24,VZ,0.42545459,0.426317,0.41825588
2023-07-24,WMT,1.6321215,1.6414061,1.6252577
2023-07-25,AAPL,15.405191,15.826044,15.359001
2023-07-25,AMGN,1.1892215,1.1922431,1.1710815
2023-07-25,CRM,4.6536175,4.8226695,4.6653234
2023-07-25,CSCO,3.1769194,3.1671801,3.1525481
2023-07-25,IBM,7.6639213,7.7826906,7.5378946
2023-07-25,INTC,9.0418105,9.1234913,8.9440344
2023-07-25,MSFT,169.00097,172.43192,167.76266
2023-07-25,NKE,3.2610473,3.3167497,3.2500792
2023-07-25,VZ,0.42062282,0.42314899,0.42387008
2023-07-25,WMT,1.6217396,1.6485252,1.6094749
2023-07-26,AAPL,14.921963,15.16948,14.697287
2023-07-26,AMGN,1.1652695,1.1927766,1.1531283
2023-07-26,CRM,4.7053387,4.7941043,4.5216511
2023-07-26,CSCO,3.1520186,3.2053672,3.1830206
2023-07-26,IBM,7.7427088,7.7874496,7.67979
2023-07-26,INTC,9.3653019,9.2707084,9.2645748
2023-07-26,MSFT,167.75882,169.84569,163.66192
2023-07-26,NKE,3.1954821,3.1721721,3.1766991
2023-07-26,VZ,0.42215353,0.42030566,0.4168242
2023-07-26,WMT,1.6409452,1.6518419,1.6229096
2023-07-27,AAPL,15.203162,15.42407,15.183239
2023-07-27,AMGN,1.1670422,1.1758841,1.1570694
2023-07-27,CRM,4.7841967,4.7703447,4.7476734
2023-07-27,CSCO,3.1803992,3.2341034,3.1544164
2023-07-27,IBM,7.6552392,7.7203925,7.6733721
2023-07-27,INTC,9.4368654,9.6533813,9.2195155
2023-07-27,MSFT,167.71564,167.48131,165.1247
2023-07-27,NKE,3.1513043,3.1378908,3.1259073
2023-07-27,VZ,0.42226123,0.42792319,0.42182425
2023-07-27,WMT,1.6323476,1.6486952,1.627353
2023-07-28,AAPL,15.871347,15.849749,15.569203
2023-07-28,AMGN,1.1272984,1.1370995,1.1258291
2023-07-28,CRM,4.9161853,5.0189119,4.9230538
2023-07-28,CSCO,3.1352813,3.1592319,3.074401
2023-07-28,IBM,7.6497658,7.6333029,7.5337756
2023-07-28,INTC,9.4753601,9.6276337,9.453545
2023-07-28,MSFT,165.47253,168.61379,164.66246
2023-07-28,NKE,3.124161,3.1248061,3.0612716
2023-07-28,VZ,0.41642653,0.42119419,0.41265603
2023-07-28,WMT,1.6282857,1.6384022,1.6249835
2023-07-31,AAPL,15.701108,15.936065,15.364123
2023-07-31,AMGN,1.095984,1.1150156,1.0655338
2023-07-31,CRM,4.9208781,4.9246806,4.8815166
2023-07-31,CSCO,3.1955734,3.2725305,3.2268887
2023-07-31,IBM,7.5640383,7.4744914,7.4609816
2023-07-31,INTC,9.4681847,9.6016507,9.3165987
2023-07-31,MSFT,162.76175,162.85308,161.1246
2023-07-31,NKE,3.1297997,3.0988356,3.1015147
2023-07-31,VZ,0.41036261,0.41449969,0.40787202
2023-07-31,WMT,1.623731,1.6348055,1.6077625
2023-08-01,AAPL,15.862125,15.937133,15.878906
2023-08-01,AMGN,1.0956239,1.106171,1.0853445
2023-08-01,CRM,4.8320951,4.9194242,4.7973078
2023-08-01,CSCO,3.2848901,3.2518583,3.3056349
2023-08-01,IBM,7.4749502,7.5209488,7.4097701
2023-08-01,INTC,9.6555318,9.6038909,9.6892903
2023-08-01,MSFT,165.80084,169.79042,163.12772
2023-08-01,NKE,3.18559,3.2417932,3.1740073
2023-08-01,VZ,0.41131309,0.41883514,0.41793971
2023-08-01,WMT,1.6020957,1.5941072,1.5512572
2023-08-02,AAPL,15.876378,16.140022,15.592226
2023-08-02,AMGN,1.0870495,1.1112808,1.0817042
2023-08-02,CRM,4.8621066,4.8646041,4.8236672
2023-08-02,CSCO,3.3443769,3.3437659,3.3761449
2023-08-02,IBM,7.4516624,7.4648911,7.540168
2023-08-02,INTC,9.6556482,9.5921141,9.5803787
2023-08-02,MSFT,162.67809,163.18548,158.85613
2023-08-02,NKE,3.1692921,3.2238968,3.1288433
2023-08-02,VZ,0.40837211,0.41326453,0.40816916
2023-08-02,WMT,1.6032667,1.6237412,1.5847007
2023-08-03,AAPL,15.950983,15.901008,15.522217
2023-08-03,AMGN,1.0895087,1.1104496,1.0780996
2023-08-03,CRM,5.0118591,5.0627233,4.9283279
2023-08-03,CSCO,3.2091394,3.2517415,3.1910101
2023-08-03,IBM,7.2880031,7.3894569,7.2041445
2023-08-03,INTC,9.4676467,9.5134668,9.4387701
2023-08-03,MSFT,160.2848,161.70681,156.87464
2023-08-03,NKE,3.2235851,3.2558486,3.1662261
2023-08-03,VZ,0.40628937,0.41132195,0.40073679
2023-08-03,WMT,1.5743259,1.5991993,1.5691783
2023-08-04,AAPL,15.675719,15.838645,15.742108
2023-08-04,AMGN,1.0970515,1.1215009,1.0915718
2023-08-04,CRM,5.0670096,5.0718467,4.9995326
2023-08-04,CSCO,3.2216512,3.2834837,3.2304805
2023-08-04,IBM,7.2374757,7.2291525,7.2411364
2023-08-04,INTC,9.2793422,9.304103,9.3765824
2023-08-04,MSFT,160.31618,162.38544,162.62617
2023-08-04,NKE,3.1962448,3.2763581,3.1564962
2023-08-04,VZ,0.40169766,0.39835719,0.39885466
2023-08-04,WMT,1.5862622,1.6003827,1.5735762
2023-08-07,AAPL,15.210247,15.091225,14.819057
2023-08-07,AMGN,1.0611235,1.075585,1.0399312
2023-08-07,CRM,5.1315696,5.1779835,5.026949
2023-08-07,CSCO,3.20415,3.1719416,3.2053349
2023-08-07,IBM,7.3661574,7.4854589,7.3669214
2023-08-07,INTC,9.2356925,9.2114654,9.1113725
2023-08-07,MSFT,158.47559,161.19666,159.21949
2023-08-07,NKE,3.2283,3.2523719,3.2142218
2023-08-07,VZ,0.39412449,0.39610089,0.39434935
2023-08-07,WMT,1.6075668,1.6228487,1.595747
2023-08-08,AAPL,15.392772,15.41878,15.156046
2023-08-08,AMGN,1.0362812,1.0353569,1.0459076
2023-08-08,CRM,5.011126,5.2513905,5.1017206
2023-08-08,CSCO,3.2084551,3.2347428,3.1879822
2023-08-08,IBM,7.5052315,7.5932979,7.3898388
2023-08-08,INTC,9.4107807,9.4893923,9.3264774
2023-08-08,MSFT,158.49201,158.51455,156.52556
2023-08-08,NKE,3.1365006,3.1801612,3.1399939
2023-08-08,VZ,0.3832549,0.38630413,0.38496649
2023-08-08,WMT,1.6283328,1.6397749,1.608986
2023-08-09,AAPL,15.547551,15.688822,15.462023
2023-08-09,AMGN,1.0581533,1.0611419,1.0545417
2023-08-09,CRM,5.1237866,5.1902847,4.9231748
2023-08-09,CSCO,3.1592611,3.1677375,3.1376495
2023-08-09,IBM,7.387602,7.418237,7.3750405
2023-08-09,INTC,9.5048755,9.438404,9.4073511
2023-08-09,MSFT,157.7751,159.04969,154.284
2023-08-09,NKE,3.0944031,3.1295523,3.0709343
2023-08-09,VZ,0.3717377,0.37707779,0.36960991
2023-08-09,WMT,1.5756825,1.6127282,1.5900457
2023-08-10,AAPL,15.456142,15.753028,15.150471
2023-08-10,AMGN,1.0322982,1.0451608,1.0110714
2023-08-10,CRM,5.3117074,5.5695617,5.0721628
2023-08-10,CSCO,3.1093099,3.0483264,3.0238968
2023-08-10,IBM,7.401615,7.5790618,7.3898701
2023-08-10,INTC,9.3496627,9.3614437,9.3134951
2023-08-10,MSFT,158.13374,161.16826,155.85292
2023-08-10,NKE,3.0416114,3.0875234,3.1009475
2023-08-10,VZ,0.376904,0.38060743,0.370801
2023-08-10,WMT,1.5854411,1.6006797,1.5841226
2023-08-11,AAPL,15.44152,15.536738,15.414212
2023-08-11,AMGN,1.0385314,1.0528663,1.0322297
2023-08-11,CRM,5.338656,5.4079874,5.3200141
2023-08-11,CSCO,3.050277,3.0509461,3.0104389
2023-08-11,IBM,7.4249845,7.4554576,7.2820046
2023-08-11,INTC,9.285247,9.357073,9.1758489
2023-08-11,MSFT,160.31881,160.99033,162.89791
2023-08-11,NKE,2.903412,2.9282768,2.9321647
2023-08-11,VZ,0.36978745,0.36819631,0.36910164
2023-08-11,WMT,1.5803961,1.6313159,1.5611494
2023-08-14,AAPL,15.572498,15.451066,15.394673
2023-08-14,AMGN,1.0074541,1.0014398,0.98930143
2023-08-14,CRM,5.2091561,5.2826323,5.0621671
2023-08-14,CSCO,3.0057691,3.0839145,2.9648771
2023-08-14,IBM,7.1503299,7.2542928,7.1513391
2023-08-14,INTC,9.0037367,8.9953943,8.9943054
2023-08-14,MSFT,157.57935,159.78003,155.36027
2023-08-14,NKE,2.8513862,2.8975843,2.8658172
2023-08-14,VZ,0.36459684,0.3654738,0.36601222
2023-08-14,WMT,1.5779377,1.588781,1.5569864
2023-08-15,AAPL,15.842076,15.860518,15.36493
2023-08-15,AMGN,1.0093702,1.0181335,0.99149183
2023-08-15,CRM,5.2177723,5.1550445,5.1680195
2023-08-15,CSCO,2.9918623,2.9741784,2.9444463
2023-08-15,IBM,7.1562254,7.1998839,7.1522909
2023-08-15,INTC,8.7520094,8.7642538,8.7653743
2023-08-15,MSFT,159.34814,160.78078,153.29905
2023-08-15,NKE,2.8670838,2.8822528,2.8348292
2023-08-15,VZ,0.3664903,0.37594452,0.36777742
2023-08-15,WMT,1.5695795,1.579674,1.5687981
2023-08-16,AAPL,15.511278,15.84617,15.264363
2023-08-16,AMGN,1.0432451,1.0612658,1.0211625
2023-08-16,CRM,5.2386223,5.3274376,5.1007512
2023-08-16,CSCO,3.0498748,3.1029151,2.9954264
2023-08-16,IBM,7.1582002,7.2752771,7.1124539
2023-08-16,INTC,8.9414805,8.9161342,8.9341742
2023-08-16,MSFT,159.73441,158.56191,155.43897
2023-08-16,NKE,2.8141094,2.8347088,2.8023202
2023-08-16,VZ,0.36199782,0.36298263,0.35984632
2023-08-16,WMT,1.5758104,1.5840368,1.5694417
2023-08-17,AAPL,15.392904,15.755028,14.874801
2023-08-17,AMGN,1.053586,1.0733884,1.0383564
2023-08-17,CRM,5.3000614,5.4340805,5.0638028
2023-08-17,CSCO,3.1061104,3.0961494,3.1052299
2023-08-17,IBM,7.1729259,7.2841324,7.1175882
2023-08-17,INTC,8.976579,9.1486133,8.8116484
2023-08-17,MSFT,161.38424,160.9469,160.12921
2023-08-17,NKE,2.7746041,2.7991219,2.7105021
2023-08-17,VZ,0.36154015,0.36632573,0.36157989
2023-08-17,WMT,1.5601448,1.5621365,1.5693203
2023-08-18,AAPL,15.397313,15.617885,15.097024
2023-08-18,AMGN,1.0299661,1.0577773,1.0137709
2023-08-18,CRM,5.2739918,5.328758,5.243904
2023-08-18,CSCO,3.128404,3.1394884,3.0806074
2023-08-18,IBM,7.262992,7.2313975,7.2574971
2023-08-18,INTC,8.7520581,8.6556088,8.5953573
2023-08-18,MSFT,162.10286,161.69159,162.63939
2023-08-18,NKE,2.7083805,2.7422024,2.65463
2023-08-18,VZ,0.35989444,0.36687484,0.36661275
2023-08-18,WMT,1.5603785,1.5939251,1.5653472
2023-08-21,AAPL,15.676241,16.021716,15.376065
2023-08-21,AMGN,1.0385987,1.0548715,1.0361806
2023-08-21,CRM,5.2299209,5.4623842,5.1254688
2023-08-21,CSCO,3.143607,3.1631228,3.1095688
2023-08-21,IBM,7.4265899,7.4515399,7.3716023
2023-08-21,INTC,8.7210606,8.7498417,8.7305722
2023-08-21,MSFT,159.91924,158.89753,158.39348
2023-08-21,NKE,2.7086012,2.709277,2.6877866
2023-08-21,VZ,0.36346782,0.36503004,0.36375293
2023-08-21,WMT,1.5384301,1.5763049,1.5450547
2023-08-22,AAPL,15.298468,15.440612,15.27287
2023-08-22,AMGN,1.05711,1.0766786,1.0490617
2023-08-22,CRM,5.231875,5.3303179,5.0858852
2023-08-22,CSCO,3.0862283,3.1368873,3.0249624
2023-08-22,IBM,7.4764653,7.4816078,7.4770882
2023-08-22,INTC,8.5629112,8.6783857,8.5046931
2023-08-22,MSFT,161.92757,163.84726,157.62207
2023-08-22,NKE,2.6766882,2.6442613,2.6615225
2023-08-22,VZ,0.35485885,0.35620225,0.35513712
2023-08-22,WMT,1.5303972,1.5413023,1.5055994
2023-08-23,AAPL,14.89151,15.303811,14.368725
2023-08-23,AMGN,1.0460331,1.0404672,1.0320225
2023-08-23,CRM,5.1607767,5.2037936,4.9039978
2023-08-23,CSCO,3.0761965,3.0979633,3.0708593
2023-08-23,IBM,7.4018102,7.4699005,7.4687313
2023-08-23,INTC,8.5456058,8.6013346,8.3584392
2023-08-23,MSFT,162.63985,165.13373,160.52239
2023-08-23,NKE,2.7785416,2.7702759,2.7219319
2023-08-23,VZ,0.35136426,0.35139429,0.34332175
2023-08-23,WMT,1.5372998,1.5542376,1.5452383
2023-08-24,AAPL,15.757915,16.162061,15.741301
2023-08-24,AMGN,1.0425141,1.0656248,1.0200056
2023-08-24,CRM,5.1106404,5.1686902,5.0273445
2023-08-24,CSCO,3.1019243,3.1069489,3.0253819
2023-08-24,IBM,7.4164513,7.5527271,7.4017901
2023-08-24,INTC,8.3523775,8.3702002,8.4160344
2023-08-24,MSFT,163.16763,163.22413,162.23987
2023-08-24,NKE,2.7668231,2.7582907,2.7945375
2023-08-24,VZ,0.34500574,0.34673336,0.34019497
2023-08-24,WMT,1.5334594,1.53079,1.5365369
2023-08-25,AAPL,16.094299,16.045141,16.124135
2023-08-25,AMGN,1.035232,1.0375548,1.014328
2023-08-25,CRM,5.2969877,5.3804035,5.285106
2023-08-25,CSCO,3.0609538,3.0626461,3.0061483
2023-08-25,IBM,7.502927,7.6274471,7.4692517
2023-08-25,INTC,8.2136787,8.3684045,8.2067699
2023-08-25,MSFT,162.61036,161.51021,162.43644
2023-08-25,NKE,2.8017726,2.7803194,2.7776177
2023-08-25,VZ,0.34171825,0.34452064,0.33894714
2023-08-25,WMT,1.5280857,1.5489159,1.5488416
2023-08-28,AAPL,16.02268,16.477131,15.735023
2023-08-28,AMGN,1.0369464,1.0479367,1.0213314
2023-08-28,CRM,5.3553924,5.409736,5.1769031
2023-08-28,CSCO,2.9885506,2.9869754,2.9723729
2023-08-28,IBM,7.5052568,7.5375812,7.3919063
2023-08-28,INTC,8.1158629,8.1402871,8.1208213
2023-08-28,MSFT,164.34161,166.31631,164.98945
2023-08-28,NKE,2.817795,2.8415884,2.7699192
2023-08-28,VZ,0.34335175,0.34684199,0.34248825
2023-08-28,WMT,1.5208524,1.5210587,1.5269905
2023-08-29,AAPL,16.290167,16.188043,16.197868
2023-08-29,AMGN,1.0219002,1.0245646,1.0171513
2023-08-29,CRM,5.1592979,5.3804932,5.1417229
2023-08-29,CSCO,3.0434429,3.0414727,3.0115963
2023-08-29,IBM,7.3804668,7.4127078,7.4346303
2023-08-29,INTC,8.0693694,8.0070965,8.1390959
2023-08-29,MSFT,166.75644,172.22748,164.79373
2023-08-29,NKE,2.8368272,2.8847265,2.7646701
2023-08-29,VZ,0.34328498,0.3419723,0.3443874
2023-08-29,WMT,1.5367125,1.5767374,1.5373751
2023-08-30,AAPL,15.939258,16.120236,15.496475
2023-08-30,AMGN,1.0358888,1.0384592,1.0166361
2023-08-30,CRM,5.3192873,5.484269,5.3062852
2023-08-30,CSCO,2.917548,2.9029681,2.9292706
2023-08-30,IBM,7.2829273,7.2794141,7.2694021
2023-08-30,INTC,7.8364987,7.7895069,7.7697079
2023-08-30,MSFT,168.37865,168.17132,169.06017
2023-08-30,NKE,2.8212317,2.8223772,2.8551853
2023-08-30,VZ,0.33888993,0.3415851,0.34345306
2023-08-30,WMT,1.5443333,1.5611947,1.5327365
2023-08-31,AAPL,16.1415,16.564881,15.500668
2023-08-31,AMGN,0.99940763,1.0296026,0.9949276
2023-08-31,CRM,5.3807276,5.3972965,5.2961717
2023-08-31,CSCO,2.8861292,2.9191797,2.859462
2023-08-31,IBM,7.2553747,7.2212281,7.2146613
2023-08-31,INTC,7.9689914,8.275647,7.8045701
2023-08-31,MSFT,168.66469,167.59007,167.90367
2023-08-31,NKE,2.901537,2.9168558,2.806476
2023-08-31,VZ,0.33371931,0.33704122,0.33480226
2023-08-31,WMT,1.5513229,1.5583648,1.539521
2023-09-01,AAPL,16.382529,16.857771,16.346798
2023-09-01,AMGN,1.0048082,0.99644525,0.99386585
2023-09-01,CRM,5.4824022,5.6836267,5.4441547
2023-09-01,CSCO,2.8917943,2.9092645,2.8631334
2023-09-01,IBM,7.2675018,7.2851182,7.1940879
2023-09-01,INTC,7.9386546,8.0902305,7.9537481
2023-09-01,MSFT,166.89057,167.45551,164.81613
2023-09-01,NKE,2.8728206,2.9359975,2.8667749
2023-09-01,VZ,0.33553335,0.33922599,0.3359097
2023-09-01,WMT,1.534841,1.5581697,1.521088
2023-09-05,AAPL,17.09917,17.168061,16.690575
2023-09-05,AMGN,0.98745148,0.9923234,0.98349148
2023-09-05,CRM,5.279215,5.3488468,5.2416474
2023-09-05,CSCO,2.9232771,2.8790086,2.8939632
2023-09-05,IBM,7.3745691,7.304347,7.3026217
2023-09-05,INTC,7.9984313,8.0102421,8.0885759
2023-09-05,MSFT,166.93503,170.14991,167.96748
2023-09-05,NKE,2.8615176,2.9401095,2.8193621
2023-09-05,VZ,0.33757546,0.33809881,0.33543995
2023-09-05,WMT,1.5640811,1.5745756,1.5602587
2023-09-06,AAPL,17.096794,17.149985,17.069002
2023-09-06,AMGN,1.0068359,1.0178788,0.99264236
2023-09-06,CRM,5.1281462,5.2026591,5.005311
2023-09-06,CSCO,2.9451118,2.9187786,2.9592676
2023-09-06,IBM,7.221944,7.2707196,7.2346899
2023-09-06,INTC,8.113971,8.1044091,8.0664644
2023-09-06,MSFT,168.5235,169.42385,165.93368
2023-09-06,NKE,2.8320061,2.8701436,2.7894937
2023-09-06,VZ,0.33266893,0.33766534,0.32893998
2023-09-06,WMT,1.568709,1.5856796,1.5593487
2023-09-07,AAPL,17.224799,17.270101,17.081591
2023-09-07,AMGN,0.97305101,0.9861192,0.95133399
2023-09-07,CRM,5.2846539,5.378071,5.3479416
2023-09-07,CSCO,2.9297225,2.9597364,2.8927362
2023-09-07,IBM,7.3046942,7.3633705,7.3401196
2023-09-07,INTC,7.7753029,7.8606925,7.7227052
2023-09-07,MSFT,170.00223,170.13739,163.85907
2023-09-07,NKE,2.8077521,2.8466447,2.8343937
2023-09-07,VZ,0.33118624,0.33156348,0.33413551
2023-09-07,WMT,1.5128337,1.5098667,1.4960994
2023-09-08,AAPL,17.572507,17.695087,17.182645
2023-09-08,AMGN,0.97814403,0.99910625,0.96600778
2023-09-08,CRM,5.4274751,5.5447668,5.3038042
2023-09-08,CSCO,2.8966076,2.9163876,2.8564161
2023-09-08,IBM,7.3224428,7.4699242,7.279812
2023-09-08,INTC,7.8259643,7.8871932,7.7343438
2023-09-08,MSFT,171.79827,172.43371,171.3166
2023-09-08,NKE,2.6917069,2.701036,2.7293813
2023-09-08,VZ,0.32795098,0.332969,0.32049042
2023-09-08,WMT,1.4833313,1.4903503,1.4792027
2023-09-11,AAPL,17.807061,18.608781,17.220096
2023-09-11,AMGN,1.0000211,1.0070967,1.0016824
2023-09-11,CRM,5.6128712,5.5787468,5.6947712
2023-09-11,CSCO,2.9009485,2.9340473,2.9194036
2023-09-11,IBM,7.3285075,7.4599297,7.2834166
2023-09-11,INTC,7.6170118,7.6833998,7.6204696
2023-09-11,MSFT,169.51411,168.43623,169.7713
2023-09-11,NKE,2.7399935,2.788275,2.7446307
2023-09-11,VZ,0.33117074,0.33231558,0.33129984
2023-09-11,WMT,1.4939601,1.4923466,1.5018954
2023-09-12,AAPL,18.402018,18.615175,18.81715
2023-09-12,AMGN,0.98156828,1.000531,0.97696737
2023-09-12,CRM,5.4738599,5.5981802,5.4327573
2023-09-12,CSCO,2.8680372,2.8717731,2.8441908
2023-09-12,IBM,7.5323742,7.6340296,7.4751361
2023-09-12,INTC,7.5357635,7.7606378,7.4325307
2023-09-12,MSFT,173.53656,175.48258,168.96422
2023-09-12,NKE,2.7775221,2.7949109,2.7001383
2023-09-12,VZ,0.33323527,0.33195598,0.330247
2023-09-12,WMT,1.4854049,1.497706,1.4807305
2023-09-13,AAPL,18.140441,18.336128,18.15425
2023-09-13,AMGN,0.98450648,0.98543047,0.96282238
2023-09-13,CRM,5.4003996,5.5370459,5.2967661
2023-09-13,CSCO,2.8391128,2.7933162,2.8177923
2023-09-13,IBM,7.745447,7.7752742,7.6248685
2023-09-13,INTC,7.5517843,7.598325,7.3566071
2023-09-13,MSFT,172.29725,173.62835,173.05452
2023-09-13,NKE,2.8147973,2.8969057,2.7781819
2023-09-13,VZ,0.33424212,0.33670297,0.32686153
2023-09-13,WMT,1.4504749,1.4783032,1.4324202
2023-09-14,AAPL,18.914811,19.099547,18.439252
2023-09-14,AMGN,0.99471697,1.0040564,0.98295673
2023-09-14,CRM,5.3505271,5.4158003,5.3411031
2023-09-14,CSCO,2.8942237,2.8966778,2.9084492
2023-09-14,IBM,7.7261897,7.7505907,7.5947909
2023-09-14,INTC,7.571515,7.6899652,7.6278243
2023-09-14,MSFT,173.84545,174.82041,174.4137
2023-09-14,NKE,2.769614,2.8197378,2.7805662
2023-09-14,VZ,0.32949181,0.33209735,0.3283079
2023-09-14,WMT,1.4470291,1.4694364,1.4404973
2023-09-15,AAPL,18.571021,18.908974,18.431654
2023-09-15,AMGN,0.98320926,0.98810831,0.97716679
2023-09-15,CRM,5.4589442,5.5461736,5.4341881
2023-09-15,CSCO,2.9625892,2.8989308,2.8745175
2023-09-15,IBM,7.8363783,7.9723074,7.6939446
2023-09-15,INTC,7.5754138,7.6010173,7.4941212
2023-09-15,MSFT,175.05025,176.35717,174.93016
2023-09-15,NKE,2.6554928,2.6521623,2.6124687
2023-09-15,VZ,0.32823356,0.33134803,0.32765643
2023-09-15,WMT,1.4318108,1.444322,1.4340898
2023-09-18,AAPL,18.922944,19.181106,18.492432
2023-09-18,AMGN,0.97051389,0.98485767,0.95792109
2023-09-18,CRM,5.4601122,5.6436121,5.3689981
2023-09-18,CSCO,2.9455281,2.9469847,2.9139691
2023-09-18,IBM,7.7040382,7.749372,7.7395599
2023-09-18,INTC,7.3274979,7.3151613,7.3109558
2023-09-18,MSFT,174.93806,175.97644,173.5719
2023-09-18,NKE,2.6860693,2.7383439,2.6282396
2023-09-18,VZ,0.32302812,0.32793565,0.32292139
2023-09-18,WMT,1.4436527,1.4577879,1.4336489
2023-09-19,AAPL,18.627774,18.761248,18.481068
2023-09-19,AMGN,0.96548738,0.97696317,0.96766659
2023-09-19,CRM,5.5709497,5.6844081,5.5872463
2023-09-19,CSCO,2.9423977,2.9893492,2.8968472
2023-09-19,IBM,7.5117016,7.5505648,7.3965283
2023-09-19,INTC,7.2028303,7.2896624,7.1681102
2023-09-19,MSFT,173.40474,172.93084,170.72574
2023-09-19,NKE,2.7001907,2.7260679,2.6186643
2023-09-19,VZ,0.32409379,0.3212399,0.32280581
2023-09-19,WMT,1.4313803,1.4627259,1.4375262
2023-09-20,AAPL,18.661731,18.830484,18.201209
2023-09-20,AMGN,0.94204366,0.96268155,0.9333469
2023-09-20,CRM,5.6132607,5.7618829,5.6801218
2023-09-20,CSCO,2.8456822,2.8155437,2.7926964
2023-09-20,IBM,7.415422,7.5572807,7.3018292
2023-09-20,INTC,7.2363122,7.3926537,7.1415293
2023-09-20,MSFT,177.51266,177.21588,174.49414
2023-09-20,NKE,2.7246873,2.7648368,2.7099674
2023-09-20,VZ,0.32758197,0.32721465,0.32230138
2023-09-20,WMT,1.4234176,1.4311342,1.4262685
2023-09-21,AAPL,18.312726,18.68752,17.709359
2023-09-21,AMGN,0.91426243,0.93985719,0.90298358
2023-09-21,CRM,5.4625725,5.4627529,5.3406682
2023-09-21,CSCO,2.9376375,2.9381789,2.9214588
2023-09-21,IBM,7.436975,7.5238841,7.5007751
2023-09-21,INTC,7.3125478,7.3452209,7.1861466
2023-09-21,MSFT,179.84767,180.90678,182.08134
2023-09-21,NKE,2.6597972,2.711687,2.6328955
2023-09-21,VZ,0.32249348,0.31599619,0.32229868
2023-09-21,WMT,1.4154542,1.4058267,1.4215939
2023-09-22,AAPL,18.132335,18.419872,17.675889
2023-09-22,AMGN,0.91451613,0.92733238,0.89467836
2023-09-22,CRM,5.4744441,5.3844542,5.2024349
2023-09-22,CSCO,2.8633826,2.9000024,2.8517669
2023-09-22,IBM,7.4416785,7.5446879,7.3613629
2023-09-22,INTC,7.1339368,7.1978374,7.2451248
2023-09-22,MSFT,182.79246,185.85724,182.91054
2023-09-22,NKE,2.6975598,2.691992,2.65954
2023-09-22,VZ,0.32484477,0.32904545,0.32946697
2023-09-22,WMT,1.3769063,1.3881402,1.3574222
2023-09-25,AAPL,17.912564,17.94228,17.521922
2023-09-25,AMGN,0.90575325,0.91886769,0.91100155
2023-09-25,CRM,5.4812754,5.6141547,5.4940661
2023-09-25,CSCO,2.8606925,2.967988,2.8499947
2023-09-25,IBM,7.5976851,7.5845359,7.5797596
2023-09-25,INTC,7.0713596,7.1094476,6.9659607
2023-09-25,MSFT,180.3022,182.82085,177.69237
2023-09-25,NKE,2.7620973,2.8320792,2.7697004
2023-09-25,VZ,0.31944398,0.32265335,0.31778522
2023-09-25,WMT,1.3885092,1.4214574,1.3754707
2023-09-26,AAPL,17.416971,17.695518,17.142141
2023-09-26,AMGN,0.91180432,0.92503061,0.89309342
2023-09-26,CRM,5.4923793,5.5599992,5.4652079
2023-09-26,CSCO,2.8679089,2.8815496,2.8479532
2023-09-26,IBM,7.5389499,7.6171577,7.5434308
2023-09-26,INTC,6.9796492,7.0498716,6.8233935
2023-09-26,MSFT,179.76463,182.90393,176.36335
2023-09-26,NKE,2.7077818,2.7032406,2.6699163
2023-09-26,VZ,0.3179917,0.32387371,0.31409124
2023-09-26,WMT,1.3619156,1.3727749,1.3695579
2023-09-27,AAPL,17.130822,16.996989,16.96692
2023-09-27,AMGN,0.9084497,0.93407331,0.90467527
2023-09-27,CRM,5.3602005,5.3908641,5.3883836
2023-09-27,CSCO,2.8530472,2.8563184,2.7787616
2023-09-27,IBM,7.4548067,7.4674269,7.3571441
2023-09-27,INTC,6.8432798,6.8285786,6.792151
2023-09-27,MSFT,185.09247,185.62505,184.5239
2023-09-27,NKE,2.7212621,2.7399186,2.7614069
2023-09-27,VZ,0.3190243,0.31776212,0.30916761
2023-09-27,WMT,1.4040292,1.4127859,1.4107648
2023-09-28,AAPL,16.631003,16.756784,16.65455
2023-09-28,AMGN,0.9043118,0.92364842,0.89289682
2023-09-28,CRM,5.5005394,5.6957248,5.4270822
2023-09-28,CSCO,2.8906261,2.8823245,2.8706506
2023-09-28,IBM,7.4034467,7.5124419,7.3681893
2023-09-28,INTC,6.6976897,6.8037631,6.6372249
2023-09-28,MSFT,188.42761,189.19511,184.46779
2023-09-28,NKE,2.6226913,2.6584259,2.5281422
2023-09-28,VZ,0.30997598,0.3078816,0.30871854
2023-09-28,WMT,1.4304431,1.4476346,1.4204086
2023-09-29,AAPL,16.230962,16.157578,16.016776
2023-09-29,AMGN,0.91306042,0.91580506,0.91363741
2023-09-29,CRM,5.4639518,5.6042984,5.4129697
2023-09-29,CSCO,2.9500662,2.9628257,2.8938101
2023-09-29,IBM,7.457143,7.67575,7.4894834
2023-09-29,INTC,6.6609848,6.6450609,6.5553232
2023-09-29,MSFT,187.92521,190.55071,185.14676
2023-09-29,NKE,2.5523928,2.5603345,2.5584678
2023-09-29,VZ,0.30474118,0.31026874,0.30233362
2023-09-29,WMT,1.4641637,1.4731802,1.445196
2023-10-02,AAPL,16.114062,16.115047,15.81654
2023-10-02,AMGN,0.92786324,0.94133674,0.92808744
2023-10-02,CRM,5.5238574,5.6987807,5.4368557
2023-10-02,CSCO,2.8993767,2.9403314,2.8121079
2023-10-02,IBM,7.3224313,7.4630505,7.2227572
2023-10-02,INTC,6.5649524,6.6498461,6.4870943
2023-10-02,MSFT,192.13686,190.15064,190.71806
2023-10-02,NKE,2.5372465,2.5339485,2.563634
2023-10-02,VZ,0.3037632,0.30655535,0.30282934
2023-10-02,WMT,1.4959635,1.5148839,1.4888978
2023-10-03,AAPL,15.892077,16.111405,15.364676
2023-10-03,AMGN,0.9560701,0.96503312,0.93896728
2023-10-03,CRM,5.6077207,5.7265532,5.5373735
2023-10-03,CSCO,2.9205586,2.9038242,2.9177794
2023-10-03,IBM,7.3494323,7.4275945,7.1590171
2023-10-03,INTC,6.5603885,6.6012918,6.5307019
2023-10-03,MSFT,191.99089,190.24404,190.47772
2023-10-03,NKE,2.435898,2.4822531,2.4040014
2023-10-03,VZ,0.30503294,0.30620324,0.3078821
2023-10-03,WMT,1.5133748,1.5140997,1.5089173
2023-10-04,AAPL,15.994307,15.930524,16.148918
2023-10-04,AMGN,0.9598866,0.95005425,0.97251709
2023-10-04,CRM,5.5348881,5.7098618,5.4990564
2023-10-04,CSCO,2.9008108,3.007497,2.8959628
2023-10-04,IBM,7.2598643,7.2176488,7.3531487
2023-10-04,INTC,6.5106573,6.6722765,6.3437516
2023-10-04,MSFT,188.711,194.9538,189.15662
2023-10-04,NKE,2.4359714,2.4144736,2.4114218
2023-10-04,VZ,0.30996993,0.31408686,0.30628755
2023-10-04,WMT,1.5131401,1.5345285,1.5193823
2023-10-05,AAPL,16.501626,16.663409,16.000116
2023-10-05,AMGN,0.94152991,0.94089767,0.93971276
2023-10-05,CRM,5.3120445,5.4364315,5.2232493
2023-10-05,CSCO,2.8696338,2.8900245,2.8704411
2023-10-05,IBM,7.2291399,7.2404266,7.1290514
2023-10-05,INTC,6.5547035,6.5187338,6.6342201
2023-10-05,MSFT,190.10205,191.43455,190.19963
2023-10-05,NKE,2.3869514,2.4299709,2.3747665
2023-10-05,VZ,0.3089108,0.31173992,0.30805581
2023-10-05,WMT,1.4905514,1.4925881,1.4876898
2023-10-06,AAPL,16.665318,16.715479,16.325268
2023-10-06,AMGN,0.95662047,0.9594534,0.9548153
2023-10-06,CRM,5.2429676,5.2868746,5.1927493
2023-10-06,CSCO,2.8819575,2.9410932,2.8174717
2023-10-06,IBM,7.0948091,7.1955679,7.0062615
2023-10-06,INTC,6.5947306,6.5708886,6.6013131
2023-10-06,MSFT,186.69983,186.05261,185.93812
2023-10-06,NKE,2.3610132,2.4337565,2.3473494
2023-10-06,VZ,0.30488214,0.30909719,0.3004051
2023-10-06,WMT,1.507321,1.5044757,1.5009704
2023-10-09,AAPL,16.701881,16.676506,16.417678
2023-10-09,AMGN,0.92409467,0.94457948,0.91385925
2023-10-09,CRM,5.1601651,5.1321408,5.2303396
2023-10-09,CSCO,2.9207014,2.9698466,2.9583909
2023-10-09,IBM,7.2310597,7.3312209,7.2257179
2023-10-09,INTC,6.7258088,6.7603535,6.6532286
2023-10-09,MSFT,189.12757,190.10374,187.83539
2023-10-09,NKE,2.408111,2.4232901,2.401046
2023-10-09,VZ,0.30155898,0.30473684,0.30248355
2023-10-09,WMT,1.4831722,1.4869525,1.4638712
2023-10-10,AAPL,16.411079,16.684659,16.15262
2023-10-10,AMGN,0.92891641,0.93651818,0.91824893
2023-10-10,CRM,5.0221227,5.1816611,5.0922813
2023-10-10,CSCO,2.8888169,2.9033319,2.814135
2023-10-10,IBM,7.2257237,7.4841133,7.2284017
2023-10-10,INTC,6.7087253,6.8843191,6.6146956
2023-10-10,MSFT,182.69993,184.37534,183.46916
2023-10-10,NKE,2.3878937,2.3824059,2.3547091
2023-10-10,VZ,0.29968559,0.29922526,0.29832405
2023-10-10,WMT,1.4976008,1.5113987,1.488966
2023-10-11,AAPL,16.330163,16.459356,16.373019
2023-10-11,AMGN,0.90918772,0.92807833,0.90953433
2023-10-11,CRM,5.0036884,5.0023508,4.9658199
2023-10-11,CSCO,2.8776921,2.8997484,2.8521907
2023-10-11,IBM,7.1924087,7.2440963,7.222374
2023-10-11,INTC,6.7777714,6.8061393,6.7879171
2023-10-11,MSFT,181.34856,183.46284,180.5533
2023-10-11,NKE,2.3592744,2.3940993,2.3681996
2023-10-11,VZ,0.29725956,0.30293529,0.30081696
2023-10-11,WMT,1.5126138,1.5088894,1.5116227
2023-10-12,AAPL,15.712945,15.885016,15.388293
2023-10-12,AMGN,0.89557357,0.92708132,0.90092709
2023-10-12,CRM,5.0719469,5.0740408,4.9945277
2023-10-12,CSCO,2.8664125,2.8458545,2.7981753
2023-10-12,IBM,7.2556009,7.2709406,7.2210027
2023-10-12,INTC,6.6346129,6.7038142,6.51295
2023-10-12,MSFT,179.30542,183.7123,176.63063
2023-10-12,NKE,2.3774315,2.3605726,2.3338259
2023-10-12,VZ,0.30209392,0.30270235,0.29709558
2023-10-12,WMT,1.4959992,1.5053703,1.5135351
2023-10-13,AAPL,15.735889,15.859,15.255517
2023-10-13,AMGN,0.88208352,0.88288204,0.87656784
2023-10-13,CRM,5.2644501,5.3591738,5.240881
2023-10-13,CSCO,2.8675034,2.8816666,2.8223001
2023-10-13,IBM,7.2129771,7.3336439,7.2835367
2023-10-13,INTC,6.7731213,6.9349135,6.691306
2023-10-13,MSFT,185.28175,185.60102,189.58382
2023-10-13,NKE,2.4172359,2.4756776,2.4149529
2023-10-13,VZ,0.29949146,0.30354576,0.29017005
2023-10-13,WMT,1.4990461,1.5211992,1.4948439
2023-10-16,AAPL,15.210212,15.299407,14.770019
2023-10-16,AMGN,0.88707083,0.88157257,0.87589183
2023-10-16,CRM,5.0173003,5.168973,4.9772226
2023-10-16,CSCO,2.8584455,2.8530379,2.8108678
2023-10-16,IBM,7.2614321,7.3167312,7.298868
2023-10-16,INTC,6.8448414,6.8918477,6.8648016
2023-10-16,MSFT,173.31336,174.72275,170.49192
2023-10-16,NKE,2.4000193,2.4176314,2.3466176
2023-10-16,VZ,0.30429857,0.3081884,0.29969804
2023-10-16,WMT,1.5101378,1.5151515,1.4907721
2023-10-17,AAPL,15.211041,15.50997,15.178736
2023-10-17,AMGN,0.8644183,0.87840823,0.87293027
2023-10-17,CRM,5.3111868,5.3306895,5.1906836
2023-10-17,CSCO,2.8517383,2.8987247,2.7842087
2023-10-17,IBM,7.2450417,7.199586,7.2020245
2023-10-17,INTC,6.7847508,6.9181827,6.7432486
2023-10-17,MSFT,171.30591,173.61465,166.75766
2023-10-17,NKE,2.4179723,2.4110853,2.4057179
2023-10-17,VZ,0.30450265,0.30618683,0.30061674
2023-10-17,WMT,1.5195872,1.5143098,1.5029659
2023-10-18,AAPL,15.200484,15.615666,15.113132
2023-10-18,AMGN,0.8758252,0.88514838,0.87682771
2023-10-18,CRM,5.4164134,5.4768329,5.2837939
2023-10-18,CSCO,2.8525251,2.9296391,2.8191024
2023-10-18,IBM,7.2189109,7.3749324,7.2789902
2023-10-18,INTC,7.0121651,7.0956613,6.9714785
2023-10-18,MSFT,161.33,164.21844,160.04662
2023-10-18,NKE,2.446372,2.4180032,2.405071
2023-10-18,VZ,0.30834171,0.31265186,0.30068219
2023-10-18,WMT,1.5350678,1.5496956,1.5389592
2023-10-19,AAPL,15.15548,15.429603,14.931726
2023-10-19,AMGN,0.90637932,0.9289867,0.897854
2023-10-19,CRM,5.6622422,5.8024981,5.639635
2023-10-19,CSCO,2.9406002,2.9349273,2.9363616
2023-10-19,IBM,7.2193685,7.3155165,7.2432893
2023-10-19,INTC,7.1659665,7.4670007,7.0729771
2023-10-19,MSFT,162.3026,166.22407,162.58361
2023-10-19,NKE,2.4086173,2.4468745,2.4025213
2023-10-19,VZ,0.3089992,0.3146585,0.3102452
2023-10-19,WMT,1.530952,1.538589,1.5175246
2023-10-20,AAPL,14.868699,15.015378,14.605272
2023-10-20,AMGN,0.89714224,0.91387207,0.89316999
2023-10-20,CRM,5.6973586,5.7729681,5.6407688
2023-10-20,CSCO,2.924326,2.8913056,2.9179512
2023-10-20,IBM,7.1352601,7.1704711,6.9716335
2023-10-20,INTC,6.9464773,7.0423363,6.7690775
2023-10-20,MSFT,159.19389,160.97412,158.44961
2023-10-20,NKE,2.4495147,2.484751,2.4573449
2023-10-20,VZ,0.3103219,0.31084758,0.31141846
2023-10-20,WMT,1.5537931,1.575537,1.5422661
2023-10-23,AAPL,15.023973,15.173507,14.585988
2023-10-23,AMGN,0.89242077,0.89281503,0.89537646
2023-10-23,CRM,5.5280854,5.5823968,5.6524979
2023-10-23,CSCO,2.9173741,2.9661458,2.9165422
2023-10-23,IBM,6.9558168,6.9056138,7.1337585
2023-10-23,INTC,6.8517539,6.8054634,6.7099317
2023-10-23,MSFT,158.84939,159.32265,156.39727
2023-10-23,NKE,2.3918126,2.397814,2.4030577
2023-10-23,VZ,0.30618532,0.30659821,0.30387289
2023-10-23,WMT,1.5649679,1.5583573,1.5590169
2023-10-24,AAPL,16.036336,16.132335,15.658148
2023-10-24,AMGN,0.89826376,0.91375341,0.88776877
2023-10-24,CRM,5.2647753,5.2152069,5.1226658
2023-10-24,CSCO,2.9478827,2.9241741,2.9385563
2023-10-24,IBM,7.1368576,7.2484441,7.1284391
2023-10-24,INTC,6.8286082,6.9837655,6.8063395
2023-10-24,MSFT,160.29638,161.2557,158.61292
2023-10-24,NKE,2.3990585,2.3834422,2.364386
2023-10-24,VZ,0.30100604,0.30422325,0.29932213
2023-10-24,WMT,1.5461167,1.5723014,1.5280454
2023-10-25,AAPL,16.159941,16.538178,15.993743
2023-10-25,AMGN,0.86757938,0.87211512,0.85781801
2023-10-25,CRM,5.5480259,5.5271572,5.5596324
2023-10-25,CSCO,2.9946831,3.0042706,2.9230467
2023-10-25,IBM,7.1663791,7.2927257,7.1893282
2023-10-25,INTC,6.8459624,6.8760684,6.7470528
2023-10-25,MSFT,159.68922,160.00441,159.28685
2023-10-25,NKE,2.4006524,2.4435388,2.3930695
2023-10-25,VZ,0.29188127,0.29625917,0.2947893
2023-10-25,WMT,1.5214788,1.53318,1.4808518
2023-10-26,AAPL,16.232549,16.265383,15.781125
2023-10-26,AMGN,0.8515327,0.86479435,0.85128831
2023-10-26,CRM,5.5036155,5.6305057,5.4814504
2023-10-26,CSCO,2.9535204,3.0246036,2.9466042
2023-10-26,IBM,7.1998966,7.2412106,7.1262532
2023-10-26,INTC,6.7982911,6.8620825,6.6384221
2023-10-26,MSFT,162.84124,164.35321,161.83141
2023-10-26,NKE,2.4312408,2.4385432,2.4426999
2023-10-26,VZ,0.28755635,0.28815076,0.28656645
2023-10-26,WMT,1.5445391,1.5504093,1.5373609
2023-10-27,AAPL,16.497446,16.442319,16.539261
2023-10-27,AMGN,0.83769438,0.84561016,0.8180348
2023-10-27,CRM,5.6125407,5.647945,5.649793
2023-10-27,CSCO,2.9506006,2.9682924,2.9105439
2023-10-27,IBM,7.1753648,7.1728325,7.1336616
2023-10-27,INTC,6.7969554,6.9099316,6.6666015
2023-10-27,MSFT,162.24978,164.35696,161.77949
2023-10-27,NKE,2.4572962,2.4761289,2.469189
2023-10-27,VZ,0.28715979,0.28870068,0.28535131
2023-10-27,WMT,1.549063,1.5563117,1.5404715
2023-10-30,AAPL,16.598042,16.863807,16.730079
2023-10-30,AMGN,0.84476137,0.85635575,0.84323722
2023-10-30,CRM,5.4728259,5.5525533,5.4582031
2023-10-30,CSCO,2.8663135,2.8462894,2.8036048
2023-10-30,IBM,7.3858122,7.3971684,7.4028209
2023-10-30,INTC,6.7500976,6.7637191,6.6476689
2023-10-30,MSFT,162.34313,163.8488,159.4626
2023-10-30,NKE,2.4297991,2.483311,2.4457286
2023-10-30,VZ,0.28491301,0.28721358,0.28262973
2023-10-30,WMT,1.5541155,1.5728225,1.5585071
2023-10-31,AAPL,16.841338,16.942042,16.353614
2023-10-31,AMGN,0.84574729,0.86149149,0.83979498
2023-10-31,CRM,5.4957051,5.5794109,5.4203189
2023-10-31,CSCO,2.7561537,2.7411433,2.7576381
2023-10-31,IBM,7.3540491,7.3907229,7.3615052
2023-10-31,INTC,6.8534484,6.9473824,6.7436059
2023-10-31,MSFT,163.08793,161.80046,160.04455
2023-10-31,NKE,2.4249303,2.4610426,2.3899762
2023-10-31,VZ,0.27896948,0.27924547,0.27308427
2023-10-31,WMT,1.5264468,1.5577481,1.5232574
2023-11-01,AAPL,16.924662,17.148302,16.847143
2023-11-01,AMGN,0.83988738,0.84655342,0.83270359
2023-11-01,CRM,5.4442561,5.5185757,5.4259223
2023-11-01,CSCO,2.6843237,2.7559517,2.6565911
2023-11-01,IBM,7.3733425,7.3660422,7.3223441
2023-11-01,INTC,6.9264122,7.1715694,6.9575012
2023-11-01,MSFT,160.86515,161.95273,157.44233
2023-11-01,NKE,2.4451068,2.4193457,2.3868634
2023-11-01,VZ,0.27874318,0.28132745,0.27905749
2023-11-01,WMT,1.5243173,1.5390751,1.5100486
2023-11-02,AAPL,17.289812,17.682109,16.825385
2023-11-02,AMGN,0.84096575,0.84205137,0.85026974
2023-11-02,CRM,5.1867606,5.2647567,5.1947912
2023-11-02,CSCO,2.6509459,2.6544268,2.6854161
2023-11-02,IBM,7.4167043,7.3328573,7.4554721
2023-11-02,INTC,6.9102396,6.9551521,6.7997547
2023-11-02,MSFT,161.53381,163.39062,161.56801
2023-11-02,NKE,2.391101,2.3926981,2.344082
2023-11-02,VZ,0.27600262,0.27946879,0.27182233
2023-11-02,WMT,1.5249027,1.5433209,1.4985972
2023-11-03,AAPL,17.645151,18.049778,18.109191
2023-11-03,AMGN,0.82000479,0.84434538,0.81530834
2023-11-03,CRM,4.8249121,4.747406,4.6952667
2023-11-03,CSCO,2.569033,2.5840596,2.5482795
2023-11-03,IBM,7.5295262,7.4808167,7.5173441
2023-11-03,INTC,7.1861724,7.1509273,7.078239
2023-11-03,MSFT,162.92929,162.28599,162.66308
2023-11-03,NKE,2.3840844,2.4005536,2.2985421
2023-11-03,VZ,0.27330527,0.27233991,0.27483675
2023-11-03,WMT,1.5098674,1.5278798,1.4679723
2023-11-06,AAPL,17.706315,17.509554,17.379166
2023-11-06,AMGN,0.81777739,0.82695196,0.81043898
2023-11-06,CRM,4.9487815,4.998008,4.8367541
2023-11-06,CSCO,2.5847328,2.6259241,2.5731629
2023-11-06,IBM,7.5639537,7.5929467,7.5145445
2023-11-06,INTC,7.1080676,7.1655263,6.9029663
2023-11-06,MSFT,165.40642,166.67713,161.74387
2023-11-06,NKE,2.3085898,2.3226872,2.2895485
2023-11-06,VZ,0.27234957,0.27694116,0.27309325
2023-11-06,WMT,1.500435,1.5049258,1.4892935
2023-11-07,AAPL,17.33985,17.761365,17.159842
2023-11-07,AMGN,0.82475193,0.84721624,0.82567209
2023-11-07,CRM,4.9204014,4.928588,4.8623413
2023-11-07,CSCO,2.5676286,2.5554581,2.5094126
2023-11-07,IBM,7.5801959,7.6945367,7.6503899
2023-11-07,INTC,7.0925826,7.1800954,7.0667534
2023-11-07,MSFT,163.02463,164.31418,163.52438
2023-11-07,NKE,2.2848664,2.3042711,2.233563
2023-11-07,VZ,0.27448304,0.27719616,0.27204232
2023-11-07,WMT,1.5071,1.5136595,1.5052746
2023-11-08,AAPL,17.352085,17.673179,17.383159
2023-11-08,AMGN,0.82532198,0.83556564,0.80887439
2023-11-08,CRM,5.0306014,5.1188278,5.0722573
2023-11-08,CSCO,2.4719435,2.4694617,2.4332811
2023-11-08,IBM,7.5505479,7.5344429,7.5270702
2023-11-08,INTC,6.9910985,7.1151182,6.8329631
2023-11-08,MSFT,163.91623,165.09238,161.58866
2023-11-08,NKE,2.3189385,2.3262127,2.2862114
2023-11-08,VZ,0.27247091,0.27435043,0.27336424
2023-11-08,WMT,1.526627,1.5470149,1.5152547
2023-11-09,AAPL,17.435898,17.402464,17.270188
2023-11-09,AMGN,0.83014869,0.84550394,0.81438705
2023-11-09,CRM,5.0247546,5.1492125,4.992958
2023-11-09,CSCO,2.4473631,2.4722262,2.4199561
2023-11-09,IBM,7.5985764,7.6283018,7.6077867
2023-11-09,INTC,6.9129285,6.8962618,6.8344645
2023-11-09,MSFT,164.26945,165.76445,160.17588
2023-11-09,NKE,2.3296953,2.3311697,2.3014382
2023-11-09,VZ,0.2715872,0.27279446,0.27024772
2023-11-09,WMT,1.5025102,1.5158312,1.4966926
2023-11-10,AAPL,17.061274,17.203011,16.850767
2023-11-10,AMGN,0.81464326,0.81182825,0.81743118
2023-11-10,CRM,4.8990285,5.033502,4.8643246
2023-11-10,CSCO,2.4803712,2.5015598,2.4976219
2023-11-10,IBM,7.7332707,7.7027123,7.5025399
2023-11-10,INTC,6.8531786,6.9716137,6.654718
2023-11-10,MSFT,159.92688,158.22906,160.09427
2023-11-10,NKE,2.3360489,2.3447074,2.3004588
2023-11-10,VZ,0.268848,0.26904625,0.2658706
2023-11-10,WMT,1.4933801,1.5111959,1.4670866
2023-11-13,AAPL,17.268887,17.288238,16.951205
2023-11-13,AMGN,0.82474926,0.84126458,0.8104045
2023-11-13,CRM,5.1555487,5.1806105,5.0048164
2023-11-13,CSCO,2.4482915,2.4722607,2.4636097
2023-11-13,IBM,7.6045933,7.7324949,7.4678629
2023-11-13,INTC,6.6739162,6.7984281,6.5361037
2023-11-13,MSFT,159.07913,158.78839,158.80679
2023-11-13,NKE,2.3462326,2.3646727,2.3716421
2023-11-13,VZ,0.26746102,0.26673729,0.27142115
2023-11-13,WMT,1.4761546,1.4755715,1.4475434
2023-11-14,AAPL,17.676496,17.688937,17.749926
2023-11-14,AMGN,0.80886117,0.82565896,0.79433329
2023-11-14,CRM,4.9989875,5.1201732,4.8279285
2023-11-14,CSCO,2.5113017,2.5438822,2.5071972
2023-11-14,IBM,7.5499652,7.4890492,7.3942648
2023-11-14,INTC,6.948031,6.9294496,6.8729309
2023-11-14,MSFT,159.00961,161.17432,157.23215
2023-11-14,NKE,2.4257444,2.4542555,2.4144706
2023-11-14,VZ,0.26495807,0.26517649,0.26011206
2023-11-14,WMT,1.4396394,1.4472598,1.4513989
2023-11-15,AAPL,17.572909,18.156601,17.363679
2023-11-15,AMGN,0.80385076,0.80313316,0.80249596
2023-11-15,CRM,4.8254446,4.7781879,4.8542306
2023-11-15,CSCO,2.5644256,2.5152919,2.5290128
2023-11-15,IBM,7.5820775,7.6628034,7.4996085
2023-11-15,INTC,6.7566593,6.7803598,6.6110424
2023-11-15,MSFT,155.92473,156.09923,154.19472
2023-11-15,NKE,2.4626205,2.5531526,2.414338
2023-11-15,VZ,0.26466199,0.27098483,0.26311683
2023-11-15,WMT,1.4414416,1.442013,1.4168467
2023-11-16,AAPL,18.006355,18.27416,18.057213
2023-11-16,AMGN,0.79258157,0.80397529,0.78349027
2023-11-16,CRM,4.9394527,4.8854306,4.9154806
2023-11-16,CSCO,2.6215417,2.6402593,2.6192304
2023-11-16,IBM,7.6888521,7.6526471,7.6489422
2023-11-16,INTC,6.8427456,6.9474268,6.73777
2023-11-16,MSFT,153.644,153.78624,151.40098
2023-11-16,NKE,2.4883946,2.5141848,2.4756256
2023-11-16,VZ,0.26391605,0.2699566,0.26115461
2023-11-16,WMT,1.4513569,1.4552079,1.4436571
2023-11-17,AAPL,18.034807,18.239427,17.712794
2023-11-17,AMGN,0.79217646,0.81343949,0.7849623
2023-11-17,CRM,4.9873964,5.0703317,4.9206871
2023-11-17,CSCO,2.6059182,2.5879486,2.630947
2023-11-17,IBM,7.752366,7.8895317,7.6837161
2023-11-17,INTC,6.9099848,7.0388448,6.7234081
2023-11-17,MSFT,151.28469,152.60135,149.75997
2023-11-17,NKE,2.409847,2.4259957,2.3790625
2023-11-17,VZ,0.26965388,0.27306028,0.26650968
2023-11-17,WMT,1.4459435,1.4766079,1.4378207
2023-11-20,AAPL,17.693503,17.866909,17.593823
2023-11-20,AMGN,0.77356386,0.76706171,0.76978789
2023-11-20,CRM,4.7650337,4.7607166,4.6752118
2023-11-20,CSCO,2.699173,2.722978,2.6459849
2023-11-20,IBM,7.5931362,7.6457367,7.4882924
2023-11-20,INTC,6.8788244,6.9914008,6.8791721
2023-11-20,MSFT,153.04311,153.00874,150.34089
2023-11-20,NKE,2.4178489,2.4901203,2.3453516
2023-11-20,VZ,0.26827149,0.27114243,0.26385214
2023-11-20,WMT,1.4363989,1.4683582,1.4410467
2023-11-21,AAPL,18.036068,17.651285,17.710076
2023-11-21,AMGN,0.75491713,0.76057653,0.75479047
2023-11-21,CRM,4.5823859,4.6998958,4.4254347
2023-11-21,CSCO,2.6451095,2.6956307,2.6265554
2023-11-21,IBM,7.5290108,7.5717089,7.4943299
2023-11-21,INTC,6.6772943,6.7885131,6.5979331
2023-11-21,MSFT,148.75441,151.53961,145.68064
2023-11-21,NKE,2.4470785,2.4988686,2.4407028
2023-11-21,VZ,0.26744762,0.2661983,0.26423467
2023-11-21,WMT,1.4192872,1.4354536,1.406472
2023-11-22,AAPL,18.275274,18.964335,17.621114
2023-11-22,AMGN,0.73376153,0.73608126,0.73170779
2023-11-22,CRM,4.6102526,4.6535649,4.4910191
2023-11-22,CSCO,2.6881943,2.7178725,2.7186522
2023-11-22,IBM,7.6697452,7.6375708,7.5938634
2023-11-22,INTC,6.5097428,6.6199868,6.3885286
2023-11-22,MSFT,146.26446,148.29577,144.93729
2023-11-22,NKE,2.386802,2.442113,2.3591294
2023-11-22,VZ,0.2672698,0.27050934,0.26809213
2023-11-22,WMT,1.3904955,1.4114679,1.3803289
2023-11-24,AAPL,18.356044,18.742837,18.052968
2023-11-24,AMGN,0.72497478,0.74912571,0.71323398
2023-11-24,CRM,4.5303955,4.6732147,4.4288735
2023-11-24,CSCO,2.6878179,2.6930714,2.6660782
2023-11-24,IBM,7.5726365,7.5920957,7.5071277
2023-11-24,INTC,6.5585146,6.6698762,6.5418431
2023-11-24,MSFT,143.77273,143.95525,142.82378
2023-11-24,NKE,2.5129756,2.5255345,2.4982306
2023-11-24,VZ,0.26916531,0.26941222,0.26811354
2023-11-24,WMT,1.366846,1.3760168,1.3576169
2023-11-27,AAPL,18.84828,19.59656,18.774315
2023-11-27,AMGN,0.73707613,0.7431361,0.71639776
2023-11-27,CRM,4.6032126,4.7274349,4.5623154
2023-11-27,CSCO,2.631741,2.6860194,2.6298792
2023-11-27,IBM,7.3491786,7.4078828,7.164861
2023-11-27,INTC,6.5312916,6.5419185,6.519652
2023-11-27,MSFT,144.83438,146.03278,144.50649
2023-11-27,NKE,2.5007024,2.5140132,2.4049848
2023-11-27,VZ,0.27013676,0.27189117,0.2681066
2023-11-27,WMT,1.3637771,1.3728989,1.3583935
2023-11-28,AAPL,18.944274,19.133102,18.791146
2023-11-28,AMGN,0.72865393,0.73877643,0.72671677
2023-11-28,CRM,4.4396915,4.4158158,4.4218184
2023-11-28,CSCO,2.706727,2.7253968,2.696404
2023-11-28,IBM,7.5615517,7.6035401,7.4732746
2023-11-28,INTC,6.4711821,6.5490976,6.5321054
2023-11-28,MSFT,145.42999,147.73912,144.80763
2023-11-28,NKE,2.4925629,2.5253956,2.4691025
2023-11-28,VZ,0.27059029,0.27521831,0.27071822
2023-11-28,WMT,1.378579,1.4062358,1.3821269
2023-11-29,AAPL,18.826603,19.064069,18.437931
2023-11-29,AMGN,0.74688275,0.76574187,0.75500465
2023-11-29,CRM,4.3736116,4.4147715,4.3341901
2023-11-29,CSCO,2.759669,2.7605533,2.7450083
2023-11-29,IBM,7.7212534,7.8075765,7.7346754
2023-11-29,INTC,6.5672479,6.6459138,6.5111074
2023-11-29,MSFT,144.93172,146.19102,144.84621
2023-11-29,NKE,2.4787352,2.4894399,2.5308995
2023-11-29,VZ,0.26534899,0.26738062,0.26215507
2023-11-29,WMT,1.3636981,1.3856977,1.3691273
2023-11-30,AAPL,19.231799,19.460551,19.083164
2023-11-30,AMGN,0.74948602,0.75670086,0.73976619
2023-11-30,CRM,4.129164,4.1246546,4.0414711
2023-11-30,CSCO,2.8176856,2.8411566,2.8173929
2023-11-30,IBM,7.7086883,7.8069192,7.4857756
2023-11-30,INTC,6.4720235,6.4874756,6.4167564
2023-11-30,MSFT,144.45548,148.78444,143.81813
2023-11-30,NKE,2.4449125,2.4344718,2.4584941
2023-11-30,VZ,0.26239893,0.26851043,0.2631029
2023-11-30,WMT,1.3436167,1.345682,1.3313996
2023-12-01,AAPL,19.193063,19.135054,19.125063
2023-12-01,AMGN,0.77223895,0.76900334,0.76577938
2023-12-01,CRM,4.0182665,4.0249627,3.8663734
2023-12-01,CSCO,2.8052308,2.7936535,2.7415644
2023-12-01,IBM,7.6101816,7.7575252,7.6400032
2023-12-01,INTC,6.4209609,6.5792313,6.4655147
2023-12-01,MSFT,147.16547,148.45727,145.10395
2023-12-01,NKE,2.4960794,2.5452514,2.4518903
2023-12-01,VZ,0.26505171,0.26733469,0.26489856
2023-12-01,WMT,1.3230965,1.3383929,1.2852406
2023-12-04,AAPL,19.941098,20.207025,19.831364
2023-12-04,AMGN,0.78871191,0.79328795,0.7787551
2023-12-04,CRM,4.2022511,4.1308731,4.145619
2023-12-04,CSCO,2.7438549,2.7760974,2.7277573
2023-12-04,IBM,7.5550331,7.6134822,7.52667
2023-12-04,INTC,6.3459706,6.3667085,6.3190332
2023-12-04,MSFT,146.73485,144.95387,145.33481
2023-12-04,NKE,2.4624121,2.4943225,2.4202304
2023-12-04,VZ,0.26372193,0.26289673,0.26338238
2023-12-04,WMT,1.3320701,1.3308607,1.3364903
2023-12-05,AAPL,19.762999,19.76642,19.6731
2023-12-05,AMGN,0.77712453,0.78827094,0.77654317
2023-12-05,CRM,4.0191974,4.1792901,3.9135802
2023-12-05,CSCO,2.7488477,2.7738576,2.7124709
2023-12-05,IBM,7.3764984,7.4428065,7.2473988
2023-12-05,INTC,6.5928233,6.5818376,6.6091438
2023-12-05,MSFT,151.05783,152.38821,150.69977
2023-12-05,NKE,2.4682025,2.4787392,2.4447795
2023-12-05,VZ,0.26489036,0.27035688,0.26570809
2023-12-05,WMT,1.3312664,1.3580726,1.3172673
2023-12-06,AAPL,20.147805,20.18271,19.902964
2023-12-06,AMGN,0.76026316,0.77035703,0.77168985
2023-12-06,CRM,4.1782583,4.1616598,4.0686418
2023-12-06,CSCO,2.6462521,2.6574745,2.6361067
2023-12-06,IBM,7.4264251,7.4637077,7.3808247
2023-12-06,INTC,6.5630994,6.6290894,6.5164725
2023-12-06,MSFT,151.07656,154.27091,149.6561
2023-12-06,NKE,2.4676376,2.4942242,2.4558387
2023-12-06,VZ,0.26512805,0.273193,0.26096699
2023-12-06,WMT,1.3325071,1.3266532,1.3361983
2023-12-07,AAPL,19.347783,19.205706,18.635226
2023-12-07,AMGN,0.76057353,0.77939037,0.74443681
2023-12-07,CRM,4.3138114,4.4337537,4.2658379
2023-12-07,CSCO,2.7527306,2.7685025,2.7387883
2023-12-07,IBM,7.455852,7.4198326,7.3598284
2023-12-07,INTC,6.5236659,6.5152463,6.4332254
2023-12-07,MSFT,151.93494,154.16122,150.1334
2023-12-07,NKE,2.4779606,2.5309723,2.4620061
2023-12-07,VZ,0.2649337,0.26929541,0.25972706
2023-12-07,WMT,1.3209227,1.3409401,1.3107869
2023-12-08,AAPL,19.7853,19.647822,19.708183
2023-12-08,AMGN,0.73746984,0.74865425,0.7312211
2023-12-08,CRM,4.3038004,4.3968045,4.2762625
2023-12-08,CSCO,2.7883205,2.841428,2.7544288
2023-12-08,IBM,7.3516529,7.4359559,7.2098638
2023-12-08,INTC,6.6040504,6.5921576,6.6372564
2023-12-08,MSFT,152.35152,151.03787,148.31707
2023-12-08,NKE,2.5505267,2.5850743,2.592608
2023-12-08,VZ,0.26736448,0.26819696,0.26527203
2023-12-08,WMT,1.3140199,1.3208469,1.2940821
2023-12-11,AAPL,19.650528,19.837562,19.65138
2023-12-11,AMGN,0.73613974,0.74292107,0.73462856
2023-12-11,CRM,4.2101562,4.2398224,4.2371699
2023-12-11,CSCO,2.7954948,2.7594701,2.7320826
2023-12-11,IBM,7.1685715,7.2982203,7.0914654
2023-12-11,INTC,6.6562458,6.6999439,6.5085776
2023-12-11,MSFT,152.76539,154.54913,152.76616
2023-12-11,NKE,2.5830641,2.5918559,2.6138821
2023-12-11,VZ,0.26663435,0.26679938,0.2668153
2023-12-11,WMT,1.3210794,1.3359909,1.3030645
2023-12-12,AAPL,19.827858,19.916727,19.90666
2023-12-12,AMGN,0.72905845,0.73385861,0.72098185
2023-12-12,CRM,4.4185095,4.5020837,4.3807837
2023-12-12,CSCO,2.6629912,2.6682777,2.6310325
2023-12-12,IBM,7.1292113,7.0713311,7.0263114
2023-12-12,INTC,6.9212634,7.0782644,6.8789917
2023-12-12,MSFT,151.58762,152.86923,148.43942
2023-12-12,NKE,2.6430823,2.6829724,2.6349682
2023-12-12,VZ,0.27036175,0.2725902,0.26933857
2023-12-12,WMT,1.2787028,1.2885639,1.2922555
2023-12-13,AAPL,19.445609,19.657611,19.39651
2023-12-13,AMGN,0.71973854,0.7295993,0.71748892
2023-12-13,CRM,4.2547775,4.3942544,4.1070513
2023-12-13,CSCO,2.7107641,2.7485992,2.7229852
2023-12-13,IBM,7.0890734,7.1246243,7.0028537
2023-12-13,INTC,7.1271667,7.1596478,7.0140413
2023-12-13,MSFT,152.88931,153.01659,151.31938
2023-12-13,NKE,2.6160348,2.598511,2.5870056
2023-12-13,VZ,0.26408872,0.26137549,0.25900707
2023-12-13,WMT,1.2858811,1.3020149,1.2728849
2023-12-14,AAPL,19.531012,19.876783,19.500747
2023-12-14,AMGN,0.71289729,0.72221978,0.7112138
2023-12-14,CRM,4.0509387,4.1454789,3.9331148
2023-12-14,CSCO,2.7377391,2.74583,2.7359449
2023-12-14,IBM,7.1957778,7.0657503,7.0993114
2023-12-14,INTC,6.9291082,6.9248075,6.8079649
2023-12-14,MSFT,152.42296,151.63955,150.62313
2023-12-14,NKE,2.6436117,2.6693923,2.6269022
2023-12-14,VZ,0.25797582,0.2541251,0.2597062
2023-12-14,WMT,1.2889157,1.3099165,1.2785883
2023-12-15,AAPL,19.752417,19.829738,19.569666
2023-12-15,AMGN,0.70948747,0.72413697,0.70408796
2023-12-15,CRM,4.0138703,3.9648695,3.9882069
2023-12-15,CSCO,2.7729944,2.8072487,2.7507851
2023-12-15,IBM,7.3248998,7.4403861,7.205633
2023-12-15,INTC,6.9660192,6.9314499,6.7800924
2023-12-15,MSFT,154.23766,155.73706,151.12088
2023-12-15,NKE,2.6247737,2.6750256,2.5810105
2023-12-15,VZ,0.25688001,0.2599399,0.25847137
2023-12-15,WMT,1.2778542,1.2937806,1.2661581
2023-12-18,AAPL,19.577115,19.546378,19.65387
2023-12-18,AMGN,0.71699881,0.73494966,0.71030324
2023-12-18,CRM,4.1034285,4.1559043,3.9275023
2023-12-18,CSCO,2.7989837,2.8345104,2.8290473
2023-12-18,IBM,7.3940078,7.4565773,7.4116638
2023-12-18,INTC,7.1644993,7.1415414,6.9823303
2023-12-18,MSFT,150.89354,153.99696,151.26684
2023-12-18,NKE,2.6536068,2.7167004,2.6658705
2023-12-18,VZ,0.25581891,0.25926413,0.25453989
2023-12-18,WMT,1.2825048,1.2878369,1.2660084
2023-12-19,AAPL,19.505416,19.610819,19.542083
2023-12-19,AMGN,0.70797712,0.7161132,0.70291838
2023-12-19,CRM,4.16007,4.2339019,4.0141641
2023-12-19,CSCO,2.7068095,2.7161739,2.7505264
2023-12-19,IBM,7.4619723,7.4991416,7.3846938
2023-12-19,INTC,7.1979718,7.3212509,7.0125379
2023-12-19,MSFT,150.12811,152.30306,148.43854
2023-12-19,NKE,2.5492603,2.5678594,2.531799
2023-12-19,VZ,0.25383618,0.25409944,0.25369236
2023-12-19,WMT,1.2888756,1.3014719,1.2752144
2023-12-20,AAPL,19.788945,19.861902,20.171345
2023-12-20,AMGN,0.70219668,0.71044413,0.68763678
2023-12-20,CRM,4.1787023,4.1613351,4.0875197
2023-12-20,CSCO,2.7508042,2.785977,2.762205
2023-12-20,IBM,7.5270945,7.5784945,7.542153
2023-12-20,INTC,7.2832322,7.361213,7.2799016
2023-12-20,MSFT,150.12596,152.80298,149.65169
2023-12-20,NKE,2.5283684,2.5405328,2.5316103
2023-12-20,VZ,0.25727364,0.26170571,0.25590216
2023-12-20,WMT,1.2954195,1.3009543,1.2715756
2023-12-21,AAPL,19.621038,19.481063,19.182303
2023-12-21,AMGN,0.68301702,0.67647986,0.67813508
2023-12-21,CRM,4.2418427,4.3032934,4.1040181
2023-12-21,CSCO,2.7025879,2.7541734,2.6700661
2023-12-21,IBM,7.3825789,7.4387504,7.3524378
2023-12-21,INTC,7.261659,7.4005702,7.2987975
2023-12-21,MSFT,150.27572,152.11243,147.65972
2023-12-21,NKE,2.4987059,2.5240614,2.4428911
2023-12-21,VZ,0.2591524,0.26266671,0.2593002
2023-12-21,WMT,1.2922934,1.2928819,1.2888667
2023-12-22,AAPL,20.230085,20.247198,19.938739
2023-12-22,AMGN,0.70645693,0.70944088,0.70918806
2023-12-22,CRM,4.1450349,4.2242138,4.0819381
2023-12-22,CSCO,2.6861259,2.7681887,2.6607924
2023-12-22,IBM,7.4450007,7.4893195,7.4092694
2023-12-22,INTC,7.4595303,7.5123613,7.3062889
2023-12-22,MSFT,145.90217,144.60319,144.001
2023-12-22,NKE,2.4879265,2.4733985,2.4418656
2023-12-22,VZ,0.25887511,0.26376107,0.25870765
2023-12-22,WMT,1.2755633,1.3038264,1.2744554
2023-12-26,AAPL,20.016242,20.123651,19.70817
2023-12-26,AMGN,0.69807998,0.70231792,0.69139632
2023-12-26,CRM,4.0742964,4.1156173,4.143991
2023-12-26,CSCO,2.6743178,2.7242679,2.5921449
2023-12-26,IBM,7.3557644,7.4281549,7.3133618
2023-12-26,INTC,7.4349489,7.5911017,7.3804733
2023-12-26,MSFT,146.47839,147.49036,146.59631
2023-12-26,NKE,2.5000954,2.4926278,2.475917
2023-12-26,VZ,0.25425774,0.25261257,0.25797006
2023-12-26,WMT,1.244812,1.2638216,1.2418507
2023-12-27,AAPL,19.842348,20.283948,19.739975
2023-12-27,AMGN,0.6880255,0.69653317,0.67008658
2023-12-27,CRM,4.2345663,4.2584589,4.1330932
2023-12-27,CSCO,2.7727872,2.7824196,2.7258959
2023-12-27,IBM,7.2459626,7.2882086,7.160113
2023-12-27,INTC,7.2645666,7.2409134,7.125883
2023-12-27,MSFT,150.07731,151.37062,146.79676
2023-12-27,NKE,2.5579529,2.6141726,2.4848021
2023-12-27,VZ,0.24952814,0.24751945,0.24785118
2023-12-27,WMT,1.2432292,1.2541909,1.236436
2023-12-28,AAPL,19.706759,20.184118,18.900348
2023-12-28,AMGN,0.67969786,0.68378961,0.67319951
2023-12-28,CRM,4.5900102,4.5604593,4.5888365
2023-12-28,CSCO,2.6965999,2.7201118,2.6602387
2023-12-28,IBM,7.3841417,7.5432607,7.2855207
2023-12-28,INTC,7.3132708,7.3192897,7.3296564
2023-12-28,MSFT,149.1954,149.39122,147.26453
2023-12-28,NKE,2.4687502,2.5016927,2.4484856
2023-12-28,VZ,0.24568859,0.24762751,0.24665013
2023-12-28,WMT,1.2410034,1.2581424,1.2442267
2023-12-29,AAPL,19.369307,19.492086,18.706427
2023-12-29,AMGN,0.68306495,0.68210923,0.67908346
2023-12-29,CRM,4.7593236,4.6661751,4.7104002
2023-12-29,CSCO,2.6235986,2.6502537,2.6177636
2023-12-29,IBM,7.2931128,7.2914327,7.2661273
2023-12-29,INTC,7.0835759,7.2031351,6.8989683
2023-12-29,MSFT,149.43857,152.41059,149.91947
2023-12-29,NKE,2.4710797,2.5109246,2.4407685
2023-12-29,VZ,0.25009203,0.25321053,0.24926581
2023-12-29,WMT,1.2484873,1.2717316,1.2520811
2024-01-02,AAPL,19.64949,19.737615,19.253503
2024-01-02,AMGN,0.6775137,0.68687229,0.66454232
2024-01-02,CRM,4.7256213,4.8943405,4.57275
2024-01-02,CSCO,2.6207902,2.6297929,2.5954263
2024-01-02,IBM,7.2457566,7.3075146,7.1973924
2024-01-02,INTC,7.1368995,7.2874033,7.0241284
2024-01-02,MSFT,147.21876,148.85867,143.20923
2024-01-02,NKE,2.491835,2.534484,2.4659935
2024-01-02,VZ,0.2476112,0.2471428,0.24627218
2024-01-02,WMT,1.237047,1.2312512,1.2180632
2024-01-03,AAPL,19.252712,19.710911,18.910753
2024-01-03,AMGN,0.65738624,0.66106218,0.65155522
2024-01-03,CRM,4.5662421,4.7056543,4.5250423
2024-01-03,CSCO,2.6950936,2.6960526,2.6448912
2024-01-03,IBM,7.0914277,7.1364374,7.017072
2024-01-03,INTC,7.1175912,7.1457982,7.0725287
2024-01-03,MSFT,145.10624,146.13791,141.92549
2024-01-03,NKE,2.4837464,2.536073,2.4295706
2024-01-03,VZ,0.24768276,0.25181423,0.24505643
2024-01-03,WMT,1.2249934,1.2149287,1.2170381
2024-01-04,AAPL,19.901265,20.304938,19.990297
2024-01-04,AMGN,0.65455236,0.64920209,0.64777299
2024-01-04,CRM,4.4524976,4.4889961,4.3852922
2024-01-04,CSCO,2.7018986,2.7503457,2.6787502
2024-01-04,IBM,7.1182711,7.1221295,7.0336468
2024-01-04,INTC,7.1043663,7.1313742,7.1237224
2024-01-04,MSFT,143.55636,141.82599,142.26184
2024-01-04,NKE,2.4130708,2.3878316,2.3952274
2024-01-04,VZ,0.24671266,0.24748724,0.24996004
2024-01-04,WMT,1.2337811,1.2450574,1.2513816
2024-01-05,AAPL,19.9241,20.064929,19.749076
2024-01-05,AMGN,0.65566818,0.66424471,0.65838953
2024-01-05,CRM,4.4599792,4.477451,4.4974301
2024-01-05,CSCO,2.6533783,2.6630772,2.5813262
2024-01-05,IBM,7.1974266,7.3052206,7.0689827
2024-01-05,INTC,7.2162881,7.287699,7.2924011
2024-01-05,MSFT,142.97706,146.00646,141.6885
2024-01-05,NKE,2.4134617,2.4203676,2.4083639
2024-01-05,VZ,0.24702589,0.24859007,0.244678
2024-01-05,WMT,1.2092454,1.2173683,1.1747801
2024-01-08,AAPL,20.466486,21.204739,20.338431
2024-01-08,AMGN,0.62607027,0.62787759,0.61162692
2024-01-08,CRM,4.3510204,4.2684984,4.3325792
2024-01-08,CSCO,2.6697004,2.7183578,2.6575294
2024-01-08,IBM,7.2480906,7.283874,7.1193707
2024-01-08,INTC,7.0681719,6.9494297,6.9748899
2024-01-08,MSFT,143.86654,143.66197,141.52806
2024-01-08,NKE,2.3654608,2.3893072,2.3097329
2024-01-08,VZ,0.2474588,0.24475342,0.24553398
2024-01-08,WMT,1.2208741,1.2273466,1.1989589
2024-01-09,AAPL,20.614118,21.077748,20.382258
2024-01-09,AMGN,0.62509699,0.62089484,0.61066372
2024-01-09,CRM,4.0928876,4.1719545,4.0897226
2024-01-09,CSCO,2.5920414,2.6103846,2.5779142
2024-01-09,IBM,7.2292237,7.2548249,7.189936
2024-01-09,INTC,7.0703212,7.1282771,7.0146279
2024-01-09,MSFT,142.27647,143.20191,143.15305
2024-01-09,NKE,2.3309627,2.3667615,2.3126785
2024-01-09,VZ,0.24729284,0.24653374,0.24330512
2024-01-09,WMT,1.2002228,1.2102374,1.1866249
2024-01-10,AAPL,21.486521,22.005382,20.850002
2024-01-10,AMGN,0.64553937,0.64814558,0.63825126
2024-01-10,CRM,3.9274142,3.985837,3.8558075
2024-01-10,CSCO,2.5796727,2.5848953,2.6122459
2024-01-10,IBM,7.4715456,7.5609438,7.3573941
2024-01-10,INTC,7.1698472,7.254803,7.199198
2024-01-10,MSFT,143.44053,146.39975,141.28158
2024-01-10,NKE,2.3019276,2.3332377,2.2664006
2024-01-10,VZ,0.24507,0.24519293,0.24143107
2024-01-10,WMT,1.1842596,1.1895684,1.1660425
2024-01-11,AAPL,21.341498,21.333986,21.010933
2024-01-11,AMGN,0.64417343,0.65543344,0.63814911
2024-01-11,CRM,3.873303,3.916904,3.7794762
2024-01-11,CSCO,2.6039724,2.6350433,2.5658511
2024-01-11,IBM,7.4504061,7.6157251,7.4068455
2024-01-11,INTC,7.0459891,7.1348136,6.9791306
2024-01-11,MSFT,140.63964,142.41205,139.58585
2024-01-11,NKE,2.3557396,2.3956635,2.3426194
2024-01-11,VZ,0.24255453,0.24518513,0.24443344
2024-01-11,WMT,1.1680472,1.1838471,1.1430497
2024-01-12,AAPL,21.717697,21.854179,21.370353
2024-01-12,AMGN,0.6333503,0.64332575,0.63550027
2024-01-12,CRM,3.6980365,3.7069763,3.6691932
2024-01-12,CSCO,2.6045071,2.5615882,2.5880365
2024-01-12,IBM,7.3808947,7.3708796,7.4094976
2024-01-12,INTC,7.1175456,7.0046543,7.0644903
2024-01-12,MSFT,139.10782,139.19065,137.0501
2024-01-12,NKE,2.3219962,2.325472,2.2669266
2024-01-12,VZ,0.24295666,0.23940576,0.24121274
2024-01-12,WMT,1.1788355,1.1804231,1.1757192
2024-01-16,AAPL,22.661931,23.752723,22.182326
2024-01-16,AMGN,0.61534381,0.61819049,0.60538008
2024-01-16,CRM,3.5438045,3.5964605,3.4591664
2024-01-16,CSCO,2.6321144,2.5985707,2.5913136
2024-01-16,IBM,7.5161261,7.6060362,7.4629548
2024-01-16,INTC,7.0404407,7.1705804,7.0014588
2024-01-16,MSFT,139.23214,141.99195,137.49808
2024-01-16,NKE,2.3131261,2.317134,2.3097813
2024-01-16,VZ,0.24642404,0.24911171,0.24337723
2024-01-16,WMT,1.1592971,1.1628851,1.1507387
2024-01-17,AAPL,22.925061,22.702868,22.607679
2024-01-17,AMGN,0.61144002,0.62080615,0.61929924
2024-01-17,CRM,3.5749199,3.649069,3.6719557
2024-01-17,CSCO,2.675319,2.6486794,2.7024575
2024-01-17,IBM,7.6234465,7.8309767,7.4817254
2024-01-17,INTC,7.1400289,7.0802529,7.1290191
2024-01-17,MSFT,140.48653,141.77722,138.76129
2024-01-17,NKE,2.2945306,2.3108269,2.284341
2024-01-17,VZ,0.23771613,0.24267638,0.23422511
2024-01-17,WMT,1.1812032,1.183091,1.1703746
2024-01-18,AAPL,22.467067,22.624848,22.239064
2024-01-18,AMGN,0.60945252,0.61242742,0.60448775
2024-01-18,CRM,3.723604,3.8113354,3.7526046
2024-01-18,CSCO,2.6808528,2.6941324,2.6827728
2024-01-18,IBM,7.2847871,7.2777491,7.2910519
2024-01-18,INTC,7.2645249,7.3253024,7.2217242
2024-01-18,MSFT,140.1853,141.22144,136.14194
2024-01-18,NKE,2.3087068,2.3440588,2.3067976
2024-01-18,VZ,0.23954081,0.24368104,0.23597998
2024-01-18,WMT,1.1926505,1.2076069,1.173343
2024-01-19,AAPL,22.148753,22.466678,21.519358
2024-01-19,AMGN,0.61957237,0.62053452,0.61244514
2024-01-19,CRM,3.6366372,3.694289,3.5583258
2024-01-19,CSCO,2.7561602,2.7566799,2.7080721
2024-01-19,IBM,7.1028486,7.1527571,7.0895038
2024-01-19,INTC,7.392812,7.4039242,7.4205436
2024-01-19,MSFT,145.54963,146.25277,144.94434
2024-01-19,NKE,2.3202098,2.3022442,2.3628571
2024-01-19,VZ,0.23951477,0.24477872,0.24053701
2024-01-19,WMT,1.1737275,1.1856154,1.1718072
2024-01-22,AAPL,21.996538,22.620704,21.71127
2024-01-22,AMGN,0.60953039,0.62067742,0.60027794
2024-01-22,CRM,3.559339,3.4924541,3.5400666
2024-01-22,CSCO,2.8230448,2.8274622,2.8035178
2024-01-22,IBM,7.0554316,7.2286607,7.003251
2024-01-22,INTC,7.7942304,7.9383045,7.886422
2024-01-22,MSFT,146.44759,146.51269,142.30829
2024-01-22,NKE,2.3348082,2.3502061,2.3639122
2024-01-22,VZ,0.23981865,0.24061404,0.23763741
2024-01-22,WMT,1.1419066,1.144773,1.1382885
2024-01-23,AAPL,22.560033,23.161055,22.285419
2024-01-23,AMGN,0.62118722,0.62207783,0.61822206
2024-01-23,CRM,3.5296637,3.5977084,3.4493531
2024-01-23,CSCO,2.7961976,2.7722136,2.7792671
2024-01-23,IBM,7.1004762,7.1484746,7.0260417
2024-01-23,INTC,7.9872541,8.2847987,7.856687
2024-01-23,MSFT,146.64951,149.72001,145.16561
2024-01-23,NKE,2.2972302,2.3710079,2.267257
2024-01-23,VZ,0.23886409,0.23837818,0.24289615
2024-01-23,WMT,1.121514,1.1372079,1.0974739
2024-01-24,AAPL,22.821954,23.495199,23.007479
2024-01-24,AMGN,0.61326989,0.61073906,0.60743745
2024-01-24,CRM,3.5047007,3.5063213,3.400865
2024-01-24,CSCO,2.8334824,2.8500339,2.7980381
2024-01-24,IBM,7.0245041,7.0745295,7.0004627
2024-01-24,INTC,8.0821789,8.2335835,8.2758664
2024-01-24,MSFT,148.07523,151.12056,144.00466
2024-01-24,NKE,2.2747288,2.2846788,2.237946
2024-01-24,VZ,0.22838393,0.22737633,0.22871491
2024-01-24,WMT,1.1111631,1.1205386,1.0899529
2024-01-25,AAPL,23.122889,22.767122,22.669053
2024-01-25,AMGN,0.61501734,0.6251938,0.60879775
2024-01-25,CRM,3.4000226,3.4084702,3.3234259
2024-01-25,CSCO,2.8292244,2.8164268,2.8166651
2024-01-25,IBM,6.9396858,7.0931032,6.9871524
2024-01-25,INTC,8.025733,8.0843086,7.9091028
2024-01-25,MSFT,153.25541,152.91162,154.96666
2024-01-25,NKE,2.3336956,2.3302331,2.3523176
2024-01-25,VZ,0.22590884,0.22757207,0.22706222
2024-01-25,WMT,1.107298,1.1300231,1.0929272
2024-01-26,AAPL,23.93614,24.567916,23.492954
2024-01-26,AMGN,0.61658942,0.61642705,0.60820921
2024-01-26,CRM,3.3332542,3.3540689,3.2745812
2024-01-26,CSCO,2.9208309,2.9636921,2.9402321
2024-01-26,IBM,6.768308,6.7334769,6.7628594
2024-01-26,INTC,8.0032505,8.1779449,7.9742828
2024-01-26,MSFT,149.95061,150.17319,148.26217
2024-01-26,NKE,2.3248004,2.3812969,2.3006213
2024-01-26,VZ,0.22820542,0.23206937,0.22622662
2024-01-26,WMT,1.0988784,1.1063059,1.0734917
2024-01-29,AAPL,24.699122,24.894604,24.496701
2024-01-29,AMGN,0.59043913,0.60173655,0.58669661
2024-01-29,CRM,3.3113953,3.3191261,3.2582424
2024-01-29,CSCO,2.97494,2.9618811,2.8870047
2024-01-29,IBM,6.8434113,6.9453444,6.8310556
2024-01-29,INTC,7.825117,7.7615794,7.6853101
2024-01-29,MSFT,149.01985,148.8031,148.30998
2024-01-29,NKE,2.3046631,2.3031507,2.2781335
2024-01-29,VZ,0.22713522,0.22976009,0.22720083
2024-01-29,WMT,1.084994,1.0958369,1.0933591
2024-01-30,AAPL,23.871019,24.287306,23.57595
2024-01-30,AMGN,0.58982797,0.59166292,0.57987801
2024-01-30,CRM,3.2818148,3.3071175,3.2729123
2024-01-30,CSCO,2.959531,2.9938718,2.9448815
2024-01-30,IBM,6.89538,6.8590927,6.8319081
2024-01-30,INTC,7.6848103,7.8183814,7.6957439
2024-01-30,MSFT,153.16635,156.1933,152.69995
2024-01-30,NKE,2.3390777,2.3193379,2.3158298
2024-01-30,VZ,0.22934705,0.23401432,0.22704775
2024-01-30,WMT,1.0772838,1.0845312,1.0674386
2024-01-31,AAPL,24.496084,24.878563,24.053078
2024-01-31,AMGN,0.59170319,0.59876093,0.58883757
2024-01-31,CRM,3.334172,3.2852294,3.2835746
2024-01-31,CSCO,2.9726948,3.0011392,2.9093139
2024-01-31,IBM,6.736834,6.7948398,6.7595913
2024-01-31,INTC,7.4820333,7.5196816,7.3661094
2024-01-31,MSFT,153.18769,156.61807,151.46484
2024-01-31,NKE,2.4298623,2.4709207,2.4061488
2024-01-31,VZ,0.22741341,0.22892532,0.22860033
2024-01-31,WMT,1.0851032,1.091743,1.0703794
2024-02-01,AAPL,24.741771,24.617071,24.625349
2024-02-01,AMGN,0.59493354,0.60605723,0.59341748
2024-02-01,CRM,3.4175555,3.4538728,3.2807561
2024-02-01,CSCO,2.9917416,2.9907143,3.0151092
2024-02-01,IBM,6.7142503,6.7284054,6.6946689
2024-02-01,INTC,7.2851163,7.3183433,7.160775
2024-02-01,MSFT,148.83523,153.21903,147.96841
2024-02-01,NKE,2.4369277,2.4595214,2.3934455
2024-02-01,VZ,0.23086846,0.23224848,0.22537894
2024-02-01,WMT,1.0928044,1.0838183,1.0776181
2024-02-02,AAPL,24.234236,24.157546,23.993105
2024-02-02,AMGN,0.5788381,0.58947717,0.57564047
2024-02-02,CRM,3.3844498,3.4484934,3.2932709
2024-02-02,CSCO,3.0267477,3.039517,3.0375964
2024-02-02,IBM,6.7782167,6.8126467,6.6677842
2024-02-02,INTC,7.103973,7.0971676,7.0041126
2024-02-02,MSFT,148.14659,150.18064,145.94985
2024-02-02,NKE,2.4299098,2.426287,2.3920393
2024-02-02,VZ,0.23123015,0.23267735,0.23006213
2024-02-02,WMT,1.0754436,1.0724006,1.0695693
2024-02-05,AAPL,23.891265,24.080211,23.736695
2024-02-05,AMGN,0.577198,0.58271986,0.57870983
2024-02-05,CRM,3.4006673,3.4884856,3.4191864
2024-02-05,CSCO,3.032634,3.0456392,3.0519112
2024-02-05,IBM,6.6907131,6.7707733,6.5934344
2024-02-05,INTC,7.1170838,7.2122878,6.9460359
2024-02-05,MSFT,148.36601,151.48617,146.31946
2024-02-05,NKE,2.4599183,2.5440767,2.505222
2024-02-05,VZ,0.2328034,0.23502963,0.22925292
2024-02-05,WMT,1.091318,1.0949224,1.0789901
2024-02-06,AAPL,24.992161,25.268779,24.597033
2024-02-06,AMGN,0.58900384,0.59589535,0.5890214
2024-02-06,CRM,3.5024652,3.4897764,3.4061223
2024-02-06,CSCO,2.9563806,2.9728545,2.9651613
2024-02-06,IBM,6.844776,6.983553,6.8369346
2024-02-06,INTC,7.2324811,7.3485899,7.2816279
2024-02-06,MSFT,147.334,148.58047,146.01735
2024-02-06,NKE,2.4089226,2.4241676,2.4399304
2024-02-06,VZ,0.22726891,0.22565092,0.22298689
2024-02-06,WMT,1.0888046,1.101249,1.0733917
2024-02-07,AAPL,25.374802,25.223828,24.856199
2024-02-07,AMGN,0.60084322,0.60317701,0.5941647
2024-02-07,CRM,3.625667,3.6011166,3.664417
2024-02-07,CSCO,2.9711526,3.0268594,2.9273249
2024-02-07,IBM,6.7503512,6.8349715,6.7127779
2024-02-07,INTC,7.2551052,7.3598754,7.2171134
2024-02-07,MSFT,146.30868,146.70694,147.37688
2024-02-07,NKE,2.4269916,2.4672895,2.4072631
2024-02-07,VZ,0.22469367,0.22338631,0.21741228
2024-02-07,WMT,1.0715544,1.0779405,1.0732185
2024-02-08,AAPL,25.404814,25.707287,25.527864
2024-02-08,AMGN,0.59759425,0.5992056,0.58278634
2024-02-08,CRM,3.7843178,3.8238657,3.7893027
2024-02-08,CSCO,2.9622228,2.9661301,2.9528595
2024-02-08,IBM,6.6054973,6.6649952,6.6236824
2024-02-08,INTC,7.2213322,7.3611136,7.1252722
2024-02-08,MSFT,145.45886,147.25395,143.40517
2024-02-08,NKE,2.3626055,2.3764036,2.3823733
2024-02-08,VZ,0.2207827,0.22282697,0.21340273
2024-02-08,WMT,1.0639664,1.0681295,1.0625438
2024-02-09,AAPL,25.284393,25.392449,24.499592
2024-02-09,AMGN,0.58461311,0.59250349,0.57810649
2024-02-09,CRM,3.7247326,3.747285,3.5798025
2024-02-09,CSCO,2.9642374,3.0483753,2.9195043
2024-02-09,IBM,6.6694023,6.7441923,6.617354
2024-02-09,INTC,7.1439481,7.1650395,6.9140588
2024-02-09,MSFT,144.4086,146.55667,144.50965
2024-02-09,NKE,2.3942098,2.3937663,2.4007792
2024-02-09,VZ,0.21873063,0.21858987,0.21996113
2024-02-09,WMT,1.0525041,1.0637801,1.0461258
2024-02-12,AAPL,25.399381,25.147941,25.089045
2024-02-12,AMGN,0.58750149,0.58905727,0.58066255
2024-02-12,CRM,3.6464455,3.7015603,3.5987176
2024-02-12,CSCO,2.9683444,2.9622263,2.9100947
2024-02-12,IBM,6.7189076,6.7421633,6.6686223
2024-02-12,INTC,6.9155694,6.9725396,6.8350181
2024-02-12,MSFT,145.90465,145.23778,142.57847
2024-02-12,NKE,2.341654,2.3521784,2.3260628
2024-02-12,VZ,0.22149269,0.22319595,0.21957841
2024-02-12,WMT,1.0462379,1.0477741,1.0535866
2024-02-13,AAPL,25.301115,25.286547,25.23315
2024-02-13,AMGN,0.58334662,0.59095253,0.56310374
2024-02-13,CRM,3.6629665,3.7692136,3.6307192
2024-02-13,CSCO,2.9764836,3.0332321,2.9681828
2024-02-13,IBM,6.8825213,7.0209092,6.8768405
2024-02-13,INTC,6.9958587,6.9052536,6.9608453
2024-02-13,MSFT,146.13425,149.08096,145.14498
2024-02-13,NKE,2.2731522,2.2679604,2.2400844
2024-02-13,VZ,0.22365476,0.22532527,0.21915632
2024-02-13,WMT,1.0528262,1.0611258,1.0432336
2024-02-14,AAPL,24.74493,25.230067,24.764847
2024-02-14,AMGN,0.60392505,0.6057318,0.60310263
2024-02-14,CRM,3.6733158,3.6041324,3.6643949
2024-02-14,CSCO,2.8973521,2.8720436,2.8761924
2024-02-14,IBM,6.9712928,6.983687,6.8670077
2024-02-14,INTC,6.8873701,6.8998244,6.8526693
2024-02-14,MSFT,144.74682,145.40989,142.78857
2024-02-14,NKE,2.3788292,2.4427189,2.3893383
2024-02-14,VZ,0.22300899,0.22410856,0.21801965
2024-02-14,WMT,1.0524833,1.0529859,1.0632
2024-02-15,AAPL,24.717826,24.606835,24.638387
2024-02-15,AMGN,0.60775507,0.60778224,0.6002825
2024-02-15,CRM,3.5991256,3.5978196,3.5549061
2024-02-15,CSCO,2.9144214,2.9238936,2.8770915
2024-02-15,IBM,7.1023997,7.0784355,6.930038
2024-02-15,INTC,6.9064392,6.9528303,6.9168137
2024-02-15,MSFT,143.7426,144.01245,143.71127
2024-02-15,NKE,2.3348214,2.3714146,2.3662474
2024-02-15,VZ,0.22574194,0.22936607,0.22282537
2024-02-15,WMT,1.0594634,1.0668947,1.041998
2024-02-16,AAPL,24.435308,24.320259,24.328724
2024-02-16,AMGN,0.60796954,0.61760742,0.59131069
2024-02-16,CRM,3.6174289,3.6260738,3.6498217
2024-02-16,CSCO,2.9444896,2.9665681,2.894903
2024-02-16,IBM,6.9878791,7.0944357,6.9872148
2024-02-16,INTC,6.822063,6.8299435,6.7216934
2024-02-16,MSFT,145.37728,144.40782,143.91355
2024-02-16,NKE,2.2604156,2.2958577,2.2235793
2024-02-16,VZ,0.22128914,0.22723206,0.21806989
2024-02-16,WMT,1.0399325,1.0490055,1.0357426
2024-02-20,AAPL,25.098045,26.049853,25.017951
2024-02-20,AMGN,0.60784696,0.60405167,0.60982906
2024-02-20,CRM,3.6377066,3.7298126,3.5829303
2024-02-20,CSCO,2.9341995,2.9193832,2.9150235
2024-02-20,IBM,6.820508,6.9846266,6.7304152
2024-02-20,INTC,6.6216657,6.6232713,6.5115045
2024-02-20,MSFT,150.49058,150.64969,150.18394
2024-02-20,NKE,2.2208668,2.2482118,2.2017864
2024-02-20,VZ,0.2233817,0.22288152,0.22271844
2024-02-20,WMT,1.0502951,1.0519661,1.0393941
2024-02-21,AAPL,25.535764,25.40859,25.443699
2024-02-21,AMGN,0.59964107,0.59224697,0.59844052
2024-02-21,CRM,3.5867835,3.674035,3.50134
2024-02-21,CSCO,2.9108126,2.8897937,2.9057137
2024-02-21,IBM,6.7741038,6.8856083,6.6138405
2024-02-21,INTC,6.5754275,6.6171793,6.3794605
2024-02-21,MSFT,153.5946,155.7446,152.85423
2024-02-21,NKE,2.2533887,2.2734045,2.2201131
2024-02-21,VZ,0.22180278,0.22497216,0.21975603
2024-02-21,WMT,1.0483883,1.0630143,1.0534832
2024-02-22,AAPL,26.068037,26.297254,25.758738
2024-02-22,AMGN,0.59574662,0.60770912,0.57914245
2024-02-22,CRM,3.625086,3.63681,3.6071963
2024-02-22,CSCO,2.8984565,2.8900833,2.90308
2024-02-22,IBM,6.8402683,6.8834972,6.8455482
2024-02-22,INTC,6.6970478,6.9417885,6.6436366
2024-02-22,MSFT,151.25535,155.77916,151.67524
2024-02-22,NKE,2.2695313,2.2628576,2.1898438
2024-02-22,VZ,0.2218873,0.2197187,0.2182762
2024-02-22,WMT,1.0479185,1.062592,1.0377106
2024-02-23,AAPL,25.6574,25.753008,25.661296
2024-02-23,AMGN,0.58269277,0.59020527,0.57356704
2024-02-23,CRM,3.6534754,3.6736547,3.5177267
2024-02-23,CSCO,2.8649053,2.8557752,2.8375298
2024-02-23,IBM,6.815537,6.8316525,6.8658699
2024-02-23,INTC,6.7976107,6.6936714,6.6691291
2024-02-23,MSFT,150.06087,152.77676,148.82516
2024-02-23,NKE,2.2926614,2.2981691,2.3038656
2024-02-23,VZ,0.22148149,0.22565686,0.21904371
2024-02-23,WMT,1.0583707,1.0632138,1.0517046
2024-02-26,AAPL,25.188429,25.47073,24.853232
2024-02-26,AMGN,0.58439676,0.58636286,0.58110799
2024-02-26,CRM,3.7275193,3.674502,3.5588289
2024-02-26,CSCO,2.8343885,2.8321583,2.7715266
2024-02-26,IBM,6.9178553,7.0872612,6.8502556
2024-02-26,INTC,6.6720093,6.6786944,6.623084
2024-02-26,MSFT,151.39353,154.79592,151.48642
2024-02-26,NKE,2.3227443,2.3640827,2.3098925
2024-02-26,VZ,0.22810175,0.22901509,0.22522451
2024-02-26,WMT,1.0412711,1.0422983,1.0370441
2024-02-27,AAPL,24.422378,24.751189,24.516573
2024-02-27,AMGN,0.58500627,0.5943205,0.5724361
2024-02-27,CRM,3.777974,3.8767364,3.8350552
2024-02-27,CSCO,2.9600784,3.0299277,2.9775298
2024-02-27,IBM,6.7748223,6.8979765,6.7423026
2024-02-27,INTC,6.4829186,6.5796028,6.412398
2024-02-27,MSFT,155.03907,152.22974,152.24586
2024-02-27,NKE,2.2708879,2.2979628,2.2311533
2024-02-27,VZ,0.22597542,0.22617045,0.22417593
2024-02-27,WMT,1.0511921,1.0626463,1.0480405
2024-02-28,AAPL,24.904502,24.787195,24.513232
2024-02-28,AMGN,0.59408614,0.59948664,0.58210054
2024-02-28,CRM,3.9000742,3.885363,3.7976498
2024-02-28,CSCO,2.9923738,2.9883831,2.990742
2024-02-28,IBM,6.6216383,6.7483513,6.5131608
2024-02-28,INTC,6.5853801,6.6282377,6.6650372
2024-02-28,MSFT,151.26869,152.36647,150.71809
2024-02-28,NKE,2.255136,2.2470654,2.2450612
2024-02-28,VZ,0.21732982,0.21916875,0.21514031
2024-02-28,WMT,1.047418,1.054898,1.0414528
2024-02-29,AAPL,25.095857,25.456253,25.29234
2024-02-29,AMGN,0.60421794,0.61317424,0.59339762
2024-02-29,CRM,3.9672095,3.9192687,3.8691804
2024-02-29,CSCO,2.9688915,3.020023,2.904857
2024-02-29,IBM,6.6055161,6.6504883,6.5486146
2024-02-29,INTC,6.4743709,6.5306332,6.3771161
2024-02-29,MSFT,154.1402,156.45741,153.14137
2024-02-29,NKE,2.3147859,2.3146942,2.2904593
2024-02-29,VZ,0.21134878,0.21462216,0.21024349
2024-02-29,WMT,1.056783,1.0690046,1.04993
2024-03-01,AAPL,25.431783,25.96965,24.995043
2024-03-01,AMGN,0.59037465,0.58578417,0.57773794
2024-03-01,CRM,3.8685482,3.947043,3.7615951
2024-03-01,CSCO,2.9924649,3.0256789,2.9593993
2024-03-01,IBM,6.5839595,6.6600337,6.4995708
2024-03-01,INTC,6.6418378,6.7145024,6.6082395
2024-03-01,MSFT,157.07295,159.22345,157.06787
2024-03-01,NKE,2.3283092,2.3429209,2.3288891
2024-03-01,VZ,0.21517225,0.21558463,0.21287319
2024-03-01,WMT,1.0543878,1.0709632,1.0527165
2024-03-04,AAPL,24.904908,24.523215,24.528722
2024-03-04,AMGN,0.59265872,0.6069248,0.58542952
2024-03-04,CRM,4.043891,4.0573865,3.9259604
2024-03-04,CSCO,2.9793825,3.0370973,2.9534273
2024-03-04,IBM,6.6128406,6.7190413,6.540381
2024-03-04,INTC,6.6002515,6.5786087,6.5784313
2024-03-04,MSFT,160.65338,161.0653,159.99909
2024-03-04,NKE,2.3384855,2.3385686,2.2924419
2024-03-04,VZ,0.21824496,0.21866666,0.21492172
2024-03-04,WMT,1.0318551,1.049305,1.0283903
2024-03-05,AAPL,25.130875,25.79077,24.806445
2024-03-05,AMGN,0.60958614,0.62441375,0.60614035
2024-03-05,CRM,4.0551682,4.0510295,4.0290312
2024-03-05,CSCO,3.0041147,2.9859986,2.9783048
2024-03-05,IBM,6.5358182,6.5822038,6.5149812
2024-03-05,INTC,6.7272343,6.7814452,6.6627824
2024-03-05,MSFT,160.67564,163.75103,158.95243
2024-03-05,NKE,2.2946695,2.2783207,2.2827692
2024-03-05,VZ,0.21637151,0.21383627,0.21401677
2024-03-05,WMT,1.0572528,1.0559287,1.077482
2024-03-06,AAPL,24.98041,25.271687,24.501783
2024-03-06,AMGN,0.59726428,0.59972707,0.60198808
2024-03-06,CRM,4.0824609,4.1517462,4.0001961
2024-03-06,CSCO,3.0975896,3.0872093,3.0407652
2024-03-06,IBM,6.5550032,6.6106174,6.5748309
2024-03-06,INTC,6.6715656,6.7154828,6.6063564
2024-03-06,MSFT,166.24181,169.03464,166.39234
2024-03-06,NKE,2.3128918,2.3229373,2.2563905
2024-03-06,VZ,0.21539778,0.21520884,0.21473629
2024-03-06,WMT,1.0466619,1.0561847,1.0412559
2024-03-07,AAPL,25.058452,25.406006,24.625378
2024-03-07,AMGN,0.5962922,0.60899718,0.58449062
2024-03-07,CRM,4.0414851,4.0314677,3.9816049
2024-03-07,CSCO,3.0770626,3.0656532,3.0270561
2024-03-07,IBM,6.5215754,6.6207897,6.5198495
2024-03-07,INTC,6.6129729,6.6537886,6.6053396
2024-03-07,MSFT,161.49159,161.63195,156.71879
2024-03-07,NKE,2.3373926,2.3967307,2.2978314
2024-03-07,VZ,0.21950236,0.21604999,0.21751886
2024-03-07,WMT,1.0333147,1.0362524,1.0325502
2024-03-08,AAPL,25.100444,25.582201,25.033744
2024-03-08,AMGN,0.58917154,0.59776061,0.57831367
2024-03-08,CRM,3.9752614,4.0896883,3.9696015
2024-03-08,CSCO,3.0200819,3.0719341,3.0027946
2024-03-08,IBM,6.5849491,6.5512924,6.5386941
2024-03-08,INTC,6.7967445,6.8352299,6.7502857
2024-03-08,MSFT,163.753,169.11156,162.10748
2024-03-08,NKE,2.2908557,2.2967615,2.2711301
2024-03-08,VZ,0.21726682,0.21437062,0.21624929
2024-03-08,WMT,1.0370381,1.0361185,1.0245702
2024-03-11,AAPL,25.244273,24.995589,25.312811
2024-03-11,AMGN,0.58849437,0.59659042,0.58621433
2024-03-11,CRM,3.9336805,3.9469527,4.0416656
2024-03-11,CSCO,3.0860356,3.0837997,3.0650198
2024-03-11,IBM,6.7673445,6.8017628,6.7762798
2024-03-11,INTC,6.8146226,6.851526,6.7836617
2024-03-11,MSFT,164.40905,163.87014,163.83448
2024-03-11,NKE,2.2191445,2.2546232,2.19772
2024-03-11,VZ,0.21579142,0.21601831,0.21002611
2024-03-11,WMT,1.0204146,1.0400229,1.0197371
2024-03-12,AAPL,24.937536,24.882168,24.406911
2024-03-12,AMGN,0.59263365,0.59990235,0.58757469
2024-03-12,CRM,3.8369087,3.9932583,3.8229657
2024-03-12,CSCO,3.2289107,3.2081002,3.2476546
2024-03-12,IBM,6.6972021,6.7220433,6.7469165
2024-03-12,INTC,6.8531636,6.9325502,6.8981994
2024-03-12,MSFT,166.34186,165.81934,165.6013
2024-03-12,NKE,2.2066206,2.2359748,2.1958571
2024-03-12,VZ,0.21649174,0.22085234,0.21896671
2024-03-12,WMT,1.0237997,1.0306753,1.0221986
2024-03-13,AAPL,26.06021,25.987848,25.460949
2024-03-13,AMGN,0.5993738,0.60319643,0.59301749
2024-03-13,CRM,3.8876954,3.9738303,3.8556639
2024-03-13,CSCO,3.2370317,3.2582271,3.2488814
2024-03-13,IBM,6.7967475,6.8801701,6.754232
2024-03-13,INTC,6.866999,6.9099138,6.7911286
2024-03-13,MSFT,164.77536,165.71888,161.91771
2024-03-13,NKE,2.2164613,2.2554986,2.1232248
2024-03-13,VZ,0.21717196,0.21921437,0.21604758
2024-03-13,WMT,1.00114,1.039387,0.99737822
2024-03-14,AAPL,27.13479,26.982151,26.825644
2024-03-14,AMGN,0.60317935,0.62129276,0.59426307
2024-03-14,CRM,3.6748313,3.8330912,3.6090315
2024-03-14,CSCO,3.2821895,3.2670449,3.2660035
2024-03-14,IBM,6.8867362,6.9061085,6.7507536
2024-03-14,INTC,6.9027379,6.7823568,6.825811
2024-03-14,MSFT,167.53026,168.07381,166.94261
2024-03-14,NKE,2.2426302,2.2323622,2.2482086
2024-03-14,VZ,0.22296511,0.22563183,0.22243038
2024-03-14,WMT,1.0008043,1.0283361,0.99751077
2024-03-15,AAPL,27.003199,27.27626,26.600603
2024-03-15,AMGN,0.60256846,0.61476614,0.58969157
2024-03-15,CRM,3.5682947,3.5637645,3.6066834
2024-03-15,CSCO,3.2263555,3.2212677,3.18432
2024-03-15,IBM,7.0385995,7.0135714,7.0468207
2024-03-15,INTC,6.8567792,6.929053,6.827253
2024-03-15,MSFT,166.10658,168.11923,164.42879
2024-03-15,NKE,2.2493178,2.243859,2.2404826
2024-03-15,VZ,0.22431783,0.22587278,0.22526563
2024-03-15,WMT,0.99415156,1.007138,0.98792618
2024-03-18,AAPL,26.622148,27.319082,26.244678
2024-03-18,AMGN,0.60662555,0.60904139,0.60132569
2024-03-18,CRM,3.3994967,3.4845509,3.3335905
2024-03-18,CSCO,3.2533347,3.2691259,3.2337234
2024-03-18,IBM,6.9439383,6.989944,6.918472
2024-03-18,INTC,6.5758271,6.5742013,6.5487045
2024-03-18,MSFT,164.7634,166.54459,165.04961
2024-03-18,NKE,2.201624,2.2201845,2.1460531
2024-03-18,VZ,0.22241015,0.22117444,0.22244918
2024-03-18,WMT,1.0129599,1.0175231,1.0022348
2024-03-19,AAPL,26.553914,26.781451,26.084685
2024-03-19,AMGN,0.59603785,0.60605224,0.59066619
2024-03-19,CRM,3.4015527,3.4202351,3.3958112
2024-03-19,CSCO,3.2663897,3.3295194,3.2072772
2024-03-19,IBM,6.9949449,7.0237816,6.9163809
2024-03-19,INTC,6.6072671,6.5973211,6.6370835
2024-03-19,MSFT,159.14136,163.17358,157.60351
2024-03-19,NKE,2.2382917,2.2698299,2.2055583
2024-03-19,VZ,0.22038248,0.22039866,0.22137297
2024-03-19,WMT,1.0228218,1.0319,1.0055342
2024-03-20,AAPL,26.083761,26.501019,25.568567
2024-03-20,AMGN,0.59815211,0.61047074,0.60150132
2024-03-20,CRM,3.4950029,3.5280381,3.3954667
2024-03-20,CSCO,3.2834531,3.343214,3.2693349
2024-03-20,IBM,7.2244306,7.2998415,7.1353077
2024-03-20,INTC,6.5013006,6.5326864,6.2956595
2024-03-20,MSFT,159.7962,159.69171,158.42973
2024-03-20,NKE,2.2177726,2.2362165,2.1962088
2024-03-20,VZ,0.2121613,0.21464733,0.2088519
2024-03-20,WMT,1.0042581,1.0089114,1.0047474
2024-03-21,AAPL,26.071325,26.001851,26.087865
2024-03-21,AMGN,0.58979278,0.58932579,0.57795964
2024-03-21,CRM,3.514076,3.5168002,3.439914
2024-03-21,CSCO,3.2527409,3.2970619,3.2267375
2024-03-21,IBM,7.0627019,7.2973531,7.068284
2024-03-21,INTC,6.4299247,6.434874,6.3405462
2024-03-21,MSFT,156.59675,157.22836,156.59387
2024-03-21,NKE,2.2611658,2.2745789,2.2354835
2024-03-21,VZ,0.21012006,0.21293686,0.20786568
2024-03-21,WMT,0.98224561,0.98795072,0.98096643
2024-03-22,AAPL,25.403274,25.707852,25.266157
2024-03-22,AMGN,0.61076193,0.61622526,0.60166589
2024-03-22,CRM,3.3909299,3.389442,3.3884029
2024-03-22,CSCO,3.2332587,3.2026997,3.1566619
2024-03-22,IBM,6.8049236,6.9083488,6.7773156
2024-03-22,INTC,6.5649748,6.702755,6.5240512
2024-03-22,MSFT,154.87272,156.38524,153.18144
2024-03-22,NKE,2.2335942,2.2678434,2.2191904
2024-03-22,VZ,0.20841658,0.2110413,0.20677198
2024-03-22,WMT,0.98483335,0.97555553,0.9804335
2024-03-25,AAPL,24.792902,24.79222,24.636162
2024-03-25,AMGN,0.58812292,0.59076879,0.58631907
2024-03-25,CRM,3.3261904,3.3234852,3.2756308
2024-03-25,CSCO,3.2257312,3.2662003,3.2297588
2024-03-25,IBM,6.8664179,6.9370309,6.7846268
2024-03-25,INTC,6.6288828,6.7109096,6.5996753
2024-03-25,MSFT,157.20536,157.64144,156.03644
2024-03-25,NKE,2.2679981,2.3221309,2.2596596
2024-03-25,VZ,0.21092997,0.21306738,0.21221678
2024-03-25,WMT,0.95171261,0.9613762,0.95318001
2024-03-26,AAPL,25.237294,25.017916,25.465638
2024-03-26,AMGN,0.58251831,0.58451657,0.56953319
2024-03-26,CRM,3.316701,3.3326278,3.2901029
2024-03-26,CSCO,3.2247217,3.2523982,3.2095368
2024-03-26,IBM,6.770731,6.7627545,6.6946497
2024-03-26,INTC,7.009639,7.0692517,7.0047478
2024-03-26,MSFT,158.45343,159.51046,159.77503
2024-03-26,NKE,2.2562329,2.2844483,2.2311839
2024-03-26,VZ,0.21084348,0.21238367,0.20803226
2024-03-26,WMT,0.92586915,0.9444683,0.92408989
2024-03-27,AAPL,25.249097,25.309678,24.922145
2024-03-27,AMGN,0.57250325,0.58144731,0.57232505
2024-03-27,CRM,3.3573313,3.3780774,3.4097056
2024-03-27,CSCO,3.1354602,3.1343877,3.0696297
2024-03-27,IBM,6.943214,7.0020955,6.8956257
2024-03-27,INTC,7.0560036,7.2049243,6.9292499
2024-03-27,MSFT,156.59777,158.34594,155.52436
2024-03-27,NKE,2.2304362,2.2894343,2.1971419
2024-03-27,VZ,0.21057962,0.21062862,0.20680297
2024-03-27,WMT,0.9019533,0.90872262,0.90185653
2024-03-28,AAPL,25.585467,25.832577,25.364019
2024-03-28,AMGN,0.56890274,0.57149761,0.56472271
2024-03-28,CRM,3.5255924,3.578912,3.3923226
2024-03-28,CSCO,3.1748522,3.2051633,3.1225364
2024-03-28,IBM,6.7635474,6.7228041,6.6163803
2024-03-28,INTC,6.9722646,7.0153145,6.998245
2024-03-28,MSFT,153.10815,153.7485,150.375
2024-03-28,NKE,2.2261675,2.2397937,2.1782003
2024-03-28,VZ,0.21267597,0.2123228,0.21212028
2024-03-28,WMT,0.88656222,0.89639825,0.88596552
2024-04-01,AAPL,25.654298,25.839052,24.677828
2024-04-01,AMGN,0.54835398,0.56004945,0.55014195
2024-04-01,CRM,3.5200178,3.5027817,3.4554074
2024-04-01,CSCO,3.1675445,3.1547899,3.1319953
2024-04-01,IBM,6.7283356,6.7438951,6.6943871
2024-04-01,INTC,6.9143595,6.8816959,6.9201037
2024-04-01,MSFT,151.78606,154.13915,147.42147
2024-04-01,NKE,2.1600448,2.2043364,2.162646
2024-04-01,VZ,0.20952984,0.21232087,0.20670873
2024-04-01,WMT,0.88159301,0.89888929,0.87492837
2024-04-02,AAPL,26.276559,26.279388,25.692745
2024-04-02,AMGN,0.53832102,0.53826025,0.53628664
2024-04-02,CRM,3.5195714,3.510552,3.5546521
2024-04-02,CSCO,3.2489277,3.2474214,3.1857321
2024-04-02,IBM,6.6310295,6.7179563,6.6279439
2024-04-02,INTC,6.7534016,6.7795422,6.7150973
2024-04-02,MSFT,144.00474,144.09122,144.42469
2024-04-02,NKE,2.118301,2.1901754,2.113341
2024-04-02,VZ,0.21238783,0.21394505,0.21241672
2024-04-02,WMT,0.88411105,0.88231255,0.86725867
2024-04-03,AAPL,26.880917,27.765654,26.363897
2024-04-03,AMGN,0.52725559,0.53972181,0.53172122
2024-04-03,CRM,3.5044583,3.6500386,3.4977396
2024-04-03,CSCO,3.2705573,3.2486388,3.226023
2024-04-03,IBM,6.7201646,6.7178478,6.7757878
2024-04-03,INTC,6.6643636,6.6839429,6.6489611
2024-04-03,MSFT,142.67559,142.14471,139.37137
2024-04-03,NKE,2.1028484,2.108141,2.1039106
2024-04-03,VZ,0.21116021,0.21407828,0.2052098
2024-04-03,WMT,0.89757491,0.90525821,0.88943184
2024-04-04,AAPL,27.527406,27.825079,27.089775
2024-04-04,AMGN,0.53536586,0.54067298,0.54083751
2024-04-04,CRM,3.4925706,3.5430347,3.4112231
2024-04-04,CSCO,3.2117524,3.2295812,3.1283002
2024-04-04,IBM,6.6757387,6.757704,6.6643578
2024-04-04,INTC,6.6404532,6.6625746,6.7399958
2024-04-04,MSFT,141.62522,143.41178,143.08135
2024-04-04,NKE,2.146503,2.2028497,2.1349667
2024-04-04,VZ,0.20851718,0.20835366,0.20617394
2024-04-04,WMT,0.90173265,0.91061216,0.88220303
2024-04-05,AAPL,27.646344,27.665941,27.904539
2024-04-05,AMGN,0.54559737,0.56030707,0.53787046
2024-04-05,CRM,3.5239772,3.6380667,3.5453136
2024-04-05,CSCO,3.1235824,3.1592348,3.099841
2024-04-05,IBM,6.5957527,6.5599229,6.5994812
2024-04-05,INTC,6.6743395,6.7925689,6.506964
2024-04-05,MSFT,140.5734,142.5869,138.33953
2024-04-05,NKE,2.1748495,2.190937,2.1291282
2024-04-05,VZ,0.20428354,0.20792341,0.20267989
2024-04-05,WMT,0.88713205,0.89772811,0.87819416
2024-04-08,AAPL,27.298586,27.203927,27.296962
2024-04-08,AMGN,0.55849695,0.56889744,0.55319901
2024-04-08,CRM,3.5808471,3.6014,3.545512
2024-04-08,CSCO,2.985659,3.0014518,2.9836776
2024-04-08,IBM,6.6881644,6.8368815,6.6267638
2024-04-08,INTC,6.4934102,6.5200608,6.4271103
2024-04-08,MSFT,143.14059,142.71627,141.13414
2024-04-08,NKE,2.184051,2.210939,2.1667112
2024-04-08,VZ,0.20496871,0.20820145,0.20140578
2024-04-08,WMT,0.87740988,0.87977238,0.86123384
2024-04-09,AAPL,27.162437,27.216191,26.662126
2024-04-09,AMGN,0.53584452,0.54100181,0.53571737
2024-04-09,CRM,3.4969627,3.5267193,3.5587074
2024-04-09,CSCO,3.0742909,3.0798182,3.0602681
2024-04-09,IBM,6.7042845,6.7810481,6.6824671
2024-04-09,INTC,6.4188655,6.4147324,6.4843687
2024-04-09,MSFT,144.72329,144.64024,142.43671
2024-04-09,NKE,2.2080167,2.2197362,2.2276932
2024-04-09,VZ,0.20431284,0.20497937,0.20002752
2024-04-09,WMT,0.88412084,0.89133505,0.87465054
2024-04-10,AAPL,27.920675,28.331094,27.538449
2024-04-10,AMGN,0.53323371,0.54789448,0.52717135
2024-04-10,CRM,3.5457044,3.6211868,3.4434634
2024-04-10,CSCO,3.042684,3.0609044,3.0200388
2024-04-10,IBM,6.8209757,6.9082011,6.669185
2024-04-10,INTC,6.5110719,6.6030795,6.4777792
2024-04-10,MSFT,145.19953,145.45862,143.25765
2024-04-10,NKE,2.2581759,2.2451777,2.2639763
2024-04-10,VZ,0.20534612,0.2105896,0.20481776
2024-04-10,WMT,0.90665884,0.9143009,0.89958373
2024-04-11,AAPL,27.224632,27.44031,27.176743
2024-04-11,AMGN,0.51057644,0.51806423,0.50722318
2024-04-11,CRM,3.6419027,3.701273,3.5402329
2024-04-11,CSCO,3.0583486,3.1062487,3.0294083
2024-04-11,IBM,6.9980192,6.881464,6.9086808
2024-04-11,INTC,6.4989944,6.5378422,6.5483888
2024-04-11,MSFT,143.35191,143.04612,141.13209
2024-04-11,NKE,2.2185101,2.2474523,2.1879339
2024-04-11,VZ,0.20858561,0.21072577,0.20846976
2024-04-11,WMT,0.90516516,0.91340795,0.90370829
2024-04-12,AAPL,26.68634,27.449565,25.924932
2024-04-12,AMGN,0.49836957,0.5063962,0.49334251
2024-04-12,CRM,3.4371628,3.41963,3.394395
2024-04-12,CSCO,3.0443622,3.0985757,2.9914579
2024-04-12,IBM,7.074438,7.110489,6.970997
2024-04-12,INTC,6.5286743,6.5276781,6.4242433
2024-04-12,MSFT,141.294,140.19434,139.54668
2024-04-12,NKE,2.2309824,2.2572212,2.2260333
2024-04-12,VZ,0.20597109,0.20969357,0.20276676
2024-04-12,WMT,0.90958663,0.91497252,0.9224933
2024-04-15,AAPL,27.697591,27.73479,26.902326
2024-04-15,AMGN,0.49433442,0.50145873,0.49628245
2024-04-15,CRM,3.4447669,3.5257315,3.4242728
2024-04-15,CSCO,3.0552761,3.0420732,3.0920336
2024-04-15,IBM,7.1959051,7.2706185,7.0970457
2024-04-15,INTC,6.6049425,6.7239693,6.5849134
2024-04-15,MSFT,138.27377,139.89022,136.39971
2024-04-15,NKE,2.2615449,2.2694023,2.287778
2024-04-15,VZ,0.20671345,0.20576919,0.2056897
2024-04-15,WMT,0.90180188,0.89654723,0.88977222
2024-04-16,AAPL,27.855171,27.872033,27.146532
2024-04-16,AMGN,0.5005881,0.50843861,0.50543601
2024-04-16,CRM,3.4045618,3.4372717,3.4196974
2024-04-16,CSCO,3.0176422,3.0476305,3.0516084
2024-04-16,IBM,7.1305341,7.1393778,6.9392299
2024-04-16,INTC,6.4982479,6.527704,6.4937212
2024-04-16,MSFT,137.07624,136.74159,134.81707
2024-04-16,NKE,2.2624885,2.2244978,2.2387272
2024-04-16,VZ,0.20115813,0.20451297,0.20029109
2024-04-16,WMT,0.88525981,0.89369165,0.8655698
2024-04-17,AAPL,26.925512,27.21623,27.002058
2024-04-17,AMGN,0.49855355,0.50038008,0.50014128
2024-04-17,CRM,3.2679923,3.3599823,3.1271711
2024-04-17,CSCO,3.0887406,3.1261813,3.139081
2024-04-17,IBM,7.3027266,7.2889358,7.1547796
2024-04-17,INTC,6.3841029,6.4708338,6.343376
2024-04-17,MSFT,137.14224,137.98245,137.50866
2024-04-17,NKE,2.2993234,2.3493446,2.2616071
2024-04-17,VZ,0.20228121,0.20486561,0.20006526
2024-04-17,WMT,0.89023625,0.89276318,0.89077515
2024-04-18,AAPL,27.039264,27.433954,27.455866
2024-04-18,AMGN,0.49457851,0.50665991,0.48927707
2024-04-18,CRM,3.3579918,3.3938154,3.2326495
2024-04-18,CSCO,3.1190156,3.1096888,3.1156293
2024-04-18,IBM,7.3600588,7.5351967,7.3664207
2024-04-18,INTC,6.5727142,6.5735142,6.4666518
2024-04-18,MSFT,141.65378,145.19638,142.22437
2024-04-18,NKE,2.2186852,2.2354569,2.2071526
2024-04-18,VZ,0.1978056,0.19690215,0.19607211
2024-04-18,WMT,0.89750859,0.90076049,0.89894345
2024-04-19,AAPL,26.086981,26.158672,26.025516
2024-04-19,AMGN,0.5057777,0.5050391,0.50486344
2024-04-19,CRM,3.2880713,3.3912253,3.1883594
2024-04-19,CSCO,3.2755698,3.3018947,3.2113328
2024-04-19,IBM,7.3728958,7.4965313,7.4182251
2024-04-19,INTC,6.398725,6.4959689,6.2992495
2024-04-19,MSFT,142.91783,142.88595,140.53428
2024-04-19,NKE,2.1988386,2.2502187,2.1783361
2024-04-19,VZ,0.20360367,0.2055206,0.19950119
2024-04-19,WMT,0.88345066,0.88756607,0.88130075
2024-04-22,AAPL,26.395047,27.412768,25.949101
2024-04-22,AMGN,0.4971138,0.50014883,0.50248968
2024-04-22,CRM,3.3264155,3.4096377,3.1909867
2024-04-22,CSCO,3.3671629,3.352242,3.3437924
2024-04-22,IBM,7.4336672,7.4391889,7.3510583
2024-04-22,INTC,6.2962626,6.2166974,6.379956
2024-04-22,MSFT,146.14753,149.01592,142.28059
2024-04-22,NKE,2.2058925,2.2495696,2.2197031
2024-04-22,VZ,0.20040112,0.1997747,0.19807781
2024-04-22,WMT,0.88057311,0.87624541,0.88516073
2024-04-23,AAPL,26.937359,27.388784,27.097755
2024-04-23,AMGN,0.50912993,0.52198192,0.50140528
2024-04-23,CRM,3.1474388,3.1726435,3.0528424
2024-04-23,CSCO,3.3896625,3.3797405,3.4203438
2024-04-23,IBM,7.5683746,7.5122898,7.440732
2024-04-23,INTC,6.3555944,6.476692,6.2348317
2024-04-23,MSFT,145.32722,146.59471,142.92127
2024-04-23,NKE,2.2449616,2.2793631,2.2151292
2024-04-23,VZ,0.20015674,0.20327326,0.19983749
2024-04-23,WMT,0.86941056,0.87906915,0.85927465
2024-04-24,AAPL,27.196791,28.151191,26.785917
2024-04-24,AMGN,0.51373315,0.52007963,0.51340251
2024-04-24,CRM,2.8664487,2.865897,2.8710535
2024-04-24,CSCO,3.421237,3.4883362,3.4098017
2024-04-24,IBM,7.3894503,7.4666639,7.2921338
2024-04-24,INTC,6.3523219,6.4659178,6.2207464
2024-04-24,MSFT,144.50474,146.53245,142.82702
2024-04-24,NKE,2.3203349,2.3288267,2.302459
2024-04-24,VZ,0.20034104,0.201856,0.19628665
2024-04-24,WMT,0.87302474,0.8792538,0.86086396
2024-04-25,AAPL,27.710016,27.825918,26.604148
2024-04-25,AMGN,0.5162734,0.51960026,0.50870533
2024-04-25,CRM,2.8765071,2.8649601,2.9216836
2024-04-25,CSCO,3.3173951,3.3816497,3.2904594
2024-04-25,IBM,7.2466399,7.3485779,7.1798284
2024-04-25,INTC,6.3470196,6.2313107,6.2696624
2024-04-25,MSFT,144.33553,146.07562,144.39985
2024-04-25,NKE,2.3253329,2.3367425,2.3299411
2024-04-25,VZ,0.19878432,0.19892358,0.19678428
2024-04-25,WMT,0.86646014,0.87892044,0.8634575
2024-04-26,AAPL,28.430395,28.859837,27.914039
2024-04-26,AMGN,0.51387845,0.51715127,0.50800955
2024-04-26,CRM,2.840282,2.8876592,2.8235977
2024-04-26,CSCO,3.3612225,3.2757023,3.3466391
2024-04-26,IBM,7.3309052,7.4611714,7.4249241
2024-04-26,INTC,6.2273998,6.2794173,6.2794098
2024-04-26,MSFT,145.74209,147.15027,141.37325
2024-04-26,NKE,2.3278959,2.362857,2.3304991
2024-04-26,VZ,0.20030493,0.20263081,0.20159569
2024-04-26,WMT,0.87344348,0.87269468,0.87247936
2024-04-29,AAPL,28.56987,28.875223,28.779677
2024-04-29,AMGN,0.50520061,0.50934087,0.49977205
2024-04-29,CRM,2.7827426,2.8261955,2.7692819
2024-04-29,CSCO,3.4342218,3.4785097,3.3623614
2024-04-29,IBM,7.3093023,7.4619021,7.1690511
2024-04-29,INTC,6.177872,6.3047891,5.9551776
2024-04-29,MSFT,144.51283,143.94068,144.5021
2024-04-29,NKE,2.3696929,2.3639913,2.3508119
2024-04-29,VZ,0.20768841,0.20905086,0.20518603
2024-04-29,WMT,0.86352823,0.86148038,0.85076056
2024-04-30,AAPL,29.086565,29.030147,28.522394
2024-04-30,AMGN,0.49379353,0.50031104,0.49696505
2024-04-30,CRM,2.844169,2.8971244,2.7919534
2024-04-30,CSCO,3.4833674,3.4681456,3.4551617
2024-04-30,IBM,7.1392704,7.2059941,7.1058818
2024-04-30,INTC,6.2275147,6.2730759,6.1808351
2024-04-30,MSFT,144.26738,145.42121,143.25679
2024-04-30,NKE,2.416516,2.4325553,2.3403698
2024-04-30,VZ,0.2035502,0.20685027,0.20037361
2024-04-30,WMT,0.87434667,0.88261182,0.87503491
2024-05-01,AAPL,28.534559,29.346939,28.328837
2024-05-01,AMGN,0.48638656,0.50123616,0.4843162
2024-05-01,CRM,2.8099867,2.8750382,2.8234002
2024-05-01,CSCO,3.3922156,3.4418452,3.3355095
2024-05-01,IBM,7.2971398,7.2979192,7.3033081
2024-05-01,INTC,6.4411129,6.4279751,6.5814495
2024-05-01,MSFT,143.51398,142.42414,142.3437
2024-05-01,NKE,2.3997917,2.3778512,2.4193509
2024-05-01,VZ,0.20486015,0.20798719,0.201168
2024-05-01,WMT,0.86332021,0.86353859,0.84960323
2024-05-02,AAPL,28.852725,28.818286,28.558703
2024-05-02,AMGN,0.47283625,0.47765226,0.46351363
2024-05-02,CRM,2.7263587,2.7689116,2.7124606
2024-05-02,CSCO,3.3890467,3.4960335,3.343856
2024-05-02,IBM,7.231025,7.310108,7.1315285
2024-05-02,INTC,6.3877645,6.4445162,6.242841
2024-05-02,MSFT,139.89387,141.34799,139.83328
2024-05-02,NKE,2.371202,2.4133078,2.3564959
2024-05-02,VZ,0.20169032,0.20301102,0.20137769
2024-05-02,WMT,0.85526314,0.85791438,0.85801083
2024-05-03,AAPL,29.061826,29.079927,29.053892
2024-05-03,AMGN,0.46234533,0.46458154,0.46315327
2024-05-03,CRM,2.8009143,2.7910263,2.8251073
2024-05-03,CSCO,3.3667313,3.4593539,3.3539886
2024-05-03,IBM,7.2775587,7.3265598,7.2563384
2024-05-03,INTC,6.2977247,6.4380949,6.1956415
2024-05-03,MSFT,143.51955,144.28965,144.49128
2024-05-03,NKE,2.4909178,2.5529831,2.4587241
2024-05-03,VZ,0.19655753,0.20095058,0.19395773
2024-05-03,WMT,0.88210097,0.89937966,0.87167
2024-05-06,AAPL,28.245911,28.190067,27.420952
2024-05-06,AMGN,0.44738277,0.46497402,0.45200246
2024-05-06,CRM,2.765012,2.8383889,2.73447
2024-05-06,CSCO,3.3283959,3.3507716,3.2959922
2024-05-06,IBM,7.2730077,7.3367312,7.2766578
2024-05-06,INTC,6.3369859,6.340473,6.3731792
2024-05-06,MSFT,144.57786,149.06397,142.914
2024-05-06,NKE,2.5169342,2.531909,2.5487296
2024-05-06,VZ,0.19386532,0.19497506,0.19269166
2024-05-06,WMT,0.88647422,0.88507158,0.8854061
2024-05-07,AAPL,28.75161,28.728252,28.957117
2024-05-07,AMGN,0.44072973,0.44919819,0.43823082
2024-05-07,CRM,2.7475244,2.8102075,2.6785109
2024-05-07,CSCO,3.2976933,3.3381493,3.2129134
2024-05-07,IBM,7.1847668,7.1736731,7.1598253
2024-05-07,INTC,6.0887506,6.1877858,6.0558253
2024-05-07,MSFT,140.16286,140.83806,138.04705
2024-05-07,NKE,2.5679647,2.5721381,2.6581146
2024-05-07,VZ,0.19072151,0.19292772,0.19392064
2024-05-07,WMT,0.88148644,0.89756189,0.87503087
2024-05-08,AAPL,28.27342,28.426748,28.063199
2024-05-08,AMGN,0.4400739,0.44410463,0.44173466
2024-05-08,CRM,2.7415227,2.7582452,2.7933307
2024-05-08,CSCO,3.2675285,3.25369,3.1942657
2024-05-08,IBM,7.5383651,7.5972756,7.5750342
2024-05-08,INTC,6.0255071,5.9650128,5.9176531
2024-05-08,MSFT,142.01765,148.54498,138.89316
2024-05-08,NKE,2.5291112,2.5546281,2.486749
2024-05-08,VZ,0.18960836,0.19311738,0.18610269
2024-05-08,WMT,0.88787848,0.90272714,0.88419609
2024-05-09,AAPL,27.93833,27.904449,27.611401
2024-05-09,AMGN,0.43870328,0.44738483,0.43291052
2024-05-09,CRM,2.6924445,2.7943561,2.6191505
2024-05-09,CSCO,3.203231,3.2206444,3.218855
2024-05-09,IBM,7.4666447,7.4295381,7.4182619
2024-05-09,INTC,6.1167552,6.2566684,6.0479883
2024-05-09,MSFT,147.5669,146.51093,147.89624
2024-05-09,NKE,2.5162472,2.5188719,2.5027276
2024-05-09,VZ,0.18765402,0.18801847,0.18663998
2024-05-09,WMT,0.87782308,0.88571999,0.87318235
2024-05-10,AAPL,28.380483,28.813329,27.557081
2024-05-10,AMGN,0.43905192,0.44627094,0.43676889
2024-05-10,CRM,2.6987927,2.747898,2.6014549
2024-05-10,CSCO,3.1482003,3.1840733,3.1113119
2024-05-10,IBM,7.4175544,7.4543034,7.4080152
2024-05-10,INTC,6.2673616,6.257024,6.2456516
2024-05-10,MSFT,151.17558,153.05319,148.59169
2024-05-10,NKE,2.5479549,2.5581794,2.5279884
2024-05-10,VZ,0.18597849,0.18570441,0.18450312
2024-05-10,WMT,0.87417715,0.86969169,0.86792142
2024-05-13,AAPL,28.872646,28.801622,28.753443
2024-05-13,AMGN,0.43370557,0.43000101,0.43169877
2024-05-13,CRM,2.6177236,2.5897221,2.5439794
2024-05-13,CSCO,3.1811105,3.1692254,3.1365609
2024-05-13,IBM,7.3681546,7.5359709,7.3588173
2024-05-13,INTC,6.192813,6.3227663,6.1448311
2024-05-13,MSFT,149.65903,149.81387,147.11811
2024-05-13,NKE,2.541691,2.5539895,2.5204289
2024-05-13,VZ,0.18456957,0.18513823,0.18399995
2024-05-13,WMT,0.86753238,0.87194119,0.8687674
2024-05-14,AAPL,28.245827,28.029569,28.050794
2024-05-14,AMGN,0.4244184,0.42630852,0.41889552
2024-05-14,CRM,2.6620641,2.8185731,2.5728774
2024-05-14,CSCO,3.2279832,3.2622474,3.158069
2024-05-14,IBM,7.4023805,7.4413619,7.493639
2024-05-14,INTC,6.1308887,6.1263501,6.0087235
2024-05-14,MSFT,152.06989,153.49698,147.66822
2024-05-14,NKE,2.551885,2.6149976,2.5294808
2024-05-14,VZ,0.18113913,0.18111095,0.1792901
2024-05-14,WMT,0.84766816,0.85084123,0.8435573
2024-05-15,AAPL,28.010395,27.974002,27.271052
2024-05-15,AMGN,0.43027602,0.43796601,0.4264309
2024-05-15,CRM,2.6975393,2.7625129,2.6817963
2024-05-15,CSCO,3.2734398,3.3101845,3.2324801
2024-05-15,IBM,7.3787862,7.5407145,7.3743428
2024-05-15,INTC,5.9335508,5.8982453,5.874614
2024-05-15,MSFT,156.24081,158.12559,151.78093
2024-05-15,NKE,2.533465,2.5459037,2.483392
2024-05-15,VZ,0.18128894,0.17963555,0.17849173
2024-05-15,WMT,0.84846113,0.86856916,0.84383054
2024-05-16,AAPL,27.858528,28.065426,27.549722
2024-05-16,AMGN,0.43910177,0.44917165,0.43299733
2024-05-16,CRM,2.6198278,2.6026117,2.5050306
2024-05-16,CSCO,3.1144858,3.1239823,3.0734847
2024-05-16,IBM,7.3266042,7.4635594,7.2769541
2024-05-16,INTC,5.7655884,5.9338196,5.7584304
2024-05-16,MSFT,156.64493,160.54294,153.53376
2024-05-16,NKE,2.59447,2.5880157,2.5525143
2024-05-16,VZ,0.184272,0.18550883,0.18448534
2024-05-16,WMT,0.83156375,0.83701561,0.82933912
2024-05-17,AAPL,28.021567,27.572631,28.09401
2024-05-17,AMGN,0.4387978,0.44818654,0.43838702
2024-05-17,CRM,2.6736349,2.7151727,2.610309
2024-05-17,CSCO,3.0544311,3.1012998,3.0193033
2024-05-17,IBM,7.2545499,7.2917912,7.1886484
2024-05-17,INTC,5.7211024,5.831907,5.6828697
2024-05-17,MSFT,157.75221,160.21571,158.04354
2024-05-17,NKE,2.6054719,2.627901,2.6208483
2024-05-17,VZ,0.18358194,0.18655758,0.18133313
2024-05-17,WMT,0.82962621,0.84570375,0.81460471
2024-05-20,AAPL,28.358796,28.44227,27.606867
2024-05-20,AMGN,0.42921659,0.43405409,0.42871468
2024-05-20,CRM,2.6662611,2.6845123,2.6214981
2024-05-20,CSCO,3.1221411,3.1824426,3.1356649
2024-05-20,IBM,7.092642,7.1435983,7.2091439
2024-05-20,INTC,5.7174672,5.743367,5.6237311
2024-05-20,MSFT,157.35091,158.93967,157.98063
2024-05-20,NKE,2.596987,2.6110623,2.5887238
2024-05-20,VZ,0.18410247,0.18595675,0.17858377
2024-05-20,WMT,0.83588554,0.83686206,0.82349584
2024-05-21,AAPL,28.873433,29.352519,28.21258
2024-05-21,AMGN,0.41015818,0.41169919,0.41194987
2024-05-21,CRM,2.8254947,2.9005579,2.8960996
2024-05-21,CSCO,3.0374406,3.076378,3.0319335
2024-05-21,IBM,7.1181374,7.1839457,7.1143261
2024-05-21,INTC,5.6353102,5.7297681,5.6197924
2024-05-21,MSFT,158.32888,159.02953,156.16293
2024-05-21,NKE,2.6068132,2.6275307,2.5560903
2024-05-21,VZ,0.18322319,0.18281462,0.18080265
2024-05-21,WMT,0.83140253,0.83723908,0.81547675
2024-05-22,AAPL,28.991053,28.964717,29.013538
2024-05-22,AMGN,0.40637374,0.41749458,0.40571462
2024-05-22,CRM,2.9283539,2.9703229,2.9002438
2024-05-22,CSCO,2.9812826,2.9704577,3.016566
2024-05-22,IBM,7.0064735,7.0425357,6.9618443
2024-05-22,INTC,5.5626993,5.5535236,5.514244
2024-05-22,MSFT,157.54312,157.57084,155.56791
2024-05-22,NKE,2.6867665,2.6914683,2.6688924
2024-05-22,VZ,0.18159178,0.18538393,0.17844829
2024-05-22,WMT,0.82634242,0.83002414,0.81843614
2024-05-23,AAPL,27.88639,28.111596,27.018092
2024-05-23,AMGN,0.41389625,0.42647422,0.40663467
2024-05-23,CRM,2.8789787,2.9177055,2.7858419
2024-05-23,CSCO,2.9698281,2.9759858,2.9085569
2024-05-23,IBM,7.0650295,7.1925597,6.9347684
2024-05-23,INTC,5.769405,5.851538,5.7739291
2024-05-23,MSFT,156.82932,157.99152,157.07133
2024-05-23,NKE,2.7515068,2.8496859,2.7342504
2024-05-23,VZ,0.17879733,0.17735246,0.1766111
2024-05-23,WMT,0.78694378,0.79878442,0.78853406
2024-05-24,AAPL,27.033557,27.279004,26.334142
2024-05-24,AMGN,0.41245204,0.41669121,0.405297
2024-05-24,CRM,2.8464021,2.8939259,2.8463117
2024-05-24,CSCO,3.0148408,3.0268059,3.0198781
2024-05-24,IBM,7.1600001,7.2282883,7.0473432
2024-05-24,INTC,5.6955656,5.8012885,5.7360461
2024-05-24,MSFT,159.698,161.66638,160.31036
2024-05-24,NKE,2.833503,2.8542383,2.8487663
2024-05-24,VZ,0.18004497,0.18065349,0.17677771
2024-05-24,WMT,0.78448038,0.79105212,0.78845711
2024-05-28,AAPL,26.840963,26.262979,26.521167
2024-05-28,AMGN,0.40555413,0.41167915,0.40613326
2024-05-28,CRM,3.0545136,3.1101521,2.9847145
2024-05-28,CSCO,3.1250241,3.2006496,3.1461411
2024-05-28,IBM,7.107383,7.1097426,7.0498845
2024-05-28,INTC,5.5892804,5.6813756,5.6130398
2024-05-28,MSFT,159.70255,161.97487,158.49169
2024-05-28,NKE,2.9026456,2.9437464,2.8668563
2024-05-28,VZ,0.18002727,0.18208713,0.17601165
2024-05-28,WMT,0.78043293,0.78863414,0.77048397
2024-05-29,AAPL,26.482268,26.260226,25.769601
2024-05-29,AMGN,0.40672656,0.40944403,0.40589203
2024-05-29,CRM,3.0085088,2.9913922,3.0261949
2024-05-29,CSCO,3.1709658,3.2004852,3.1520268
2024-05-29,IBM,6.9819706,7.1314129,6.9773917
2024-05-29,INTC,5.5286789,5.603393,5.3500449
2024-05-29,MSFT,158.22437,158.8777,157.21321
2024-05-29,NKE,2.9974535,2.9947178,2.9849387
2024-05-29,VZ,0.17616328,0.17949601,0.17740671
2024-05-29,WMT,0.77342629,0.77756089,0.76348726
2024-05-30,AAPL,25.589563,25.924842,25.372947
2024-05-30,AMGN,0.40623948,0.41393675,0.40529636
2024-05-30,CRM,2.9072895,2.9141566,2.7994223
2024-05-30,CSCO,3.2093559,3.2327139,3.1605346
2024-05-30,IBM,7.0608992,7.184408,7.2116731
2024-05-30,INTC,5.6968731,5.7220114,5.6813701
2024-05-30,MSFT,151.94943,154.33226,151.84682
2024-05-30,NKE,2.9927277,3.0255375,2.9781501
2024-05-30,VZ,0.17635467,0.17803444,0.17605371
2024-05-30,WMT,0.77358365,0.78255963,0.75348268
2024-05-31,AAPL,25.347902,25.468513,24.819415
2024-05-31,AMGN,0.38904484,0.39345949,0.38992518
2024-05-31,CRM,2.7701179,2.865326,2.8051619
2024-05-31,CSCO,3.1436379,3.1556056,3.1330244
2024-05-31,IBM,7.0834236,7.1448207,6.9849857
2024-05-31,INTC,5.6024128,5.7129657,5.5924243
2024-05-31,MSFT,158.34789,161.01228,155.55969
2024-05-31,NKE,3.0045907,3.0822456,2.9737809
2024-05-31,VZ,0.17633451,0.17814938,0.17507493
2024-05-31,WMT,0.75739765,0.77280941,0.7533821
2024-06-03,AAPL,25.661771,26.181917,25.454641
2024-06-03,AMGN,0.37430779,0.38020012,0.36766589
2024-06-03,CRM,2.9332558,2.9648105,2.9063421
2024-06-03,CSCO,3.2241044,3.2512971,3.2201363
2024-06-03,IBM,7.0491407,7.1744463,7.0373976
2024-06-03,INTC,5.6249878,5.6301309,5.5544083
2024-06-03,MSFT,159.41394,162.28267,159.76342
2024-06-03,NKE,2.9850622,3.0848549,2.9273772
2024-06-03,VZ,0.17467638,0.17815412,0.17508579
2024-06-03,WMT,0.75467369,0.76657288,0.741796
2024-06-04,AAPL,25.917844,27.277537,26.245841
2024-06-04,AMGN,0.37681564,0.37905413,0.37165234
2024-06-04,CRM,2.9236047,2.9127811,2.8680261
2024-06-04,CSCO,3.2518683,3.235301,3.2171474
2024-06-04,IBM,6.8747653,6.971482,6.8057476
2024-06-04,INTC,5.4713217,5.6202837,5.3205741
2024-06-04,MSFT,158.58235,159.04502,155.84578
2024-06-04,NKE,2.9917782,3.0084183,2.9223993
2024-06-04,VZ,0.17137857,0.17081798,0.17016151
2024-06-04,WMT,0.74839173,0.76242752,0.74226554
2024-06-05,AAPL,25.65817,25.781436,25.708789
2024-06-05,AMGN,0.37640565,0.37884726,0.37333055
2024-06-05,CRM,2.8405285,2.8969253,2.8050184
2024-06-05,CSCO,3.2806488,3.3372159,3.2557195
2024-06-05,IBM,6.9112218,7.0079603,6.8281609
2024-06-05,INTC,5.4658582,5.5147066,5.3845809
2024-06-05,MSFT,159.58674,162.12254,159.35696
2024-06-05,NKE,2.8844905,2.9391657,2.9118069
2024-06-05,VZ,0.17170872,0.17175723,0.171983
2024-06-05,WMT,0.74504831,0.74964395,0.73514831
2024-06-06,AAPL,25.34714,24.944842,25.068381
2024-06-06,AMGN,0.36464591,0.37128361,0.35858992
2024-06-06,CRM,2.7890355,2.7803053,2.8082245
2024-06-06,CSCO,3.2209408,3.149703,3.1830863
2024-06-06,IBM,6.9512925,7.0575282,6.9689628
2024-06-06,INTC,5.5197009,5.5870367,5.52033
2024-06-06,MSFT,157.26085,159.20923,156.137
2024-06-06,NKE,2.865579,2.885033,2.8127286
2024-06-06,VZ,0.17068382,0.16949343,0.17185585
2024-06-06,WMT,0.73557793,0.7392025,0.72970868
2024-06-07,AAPL,25.733552,26.297453,25.475412
2024-06-07,AMGN,0.3627215,0.36299845,0.35774767
2024-06-07,CRM,2.8122026,2.8002482,2.7247824
2024-06-07,CSCO,3.0572601,3.1358775,3.0176815
2024-06-07,IBM,7.0145303,7.1508096,7.0959475
2024-06-07,INTC,5.5285129,5.6114201,5.4133439
2024-06-07,MSFT,159.26993,159.64199,156.1513
2024-06-07,NKE,2.8976465,2.9105461,2.8633447
2024-06-07,VZ,0.17068666,0.17322172,0.16756321
2024-06-07,WMT,0.7330998,0.73266909,0.73355197
2024-06-10,AAPL,24.977854,25.671031,24.632398
2024-06-10,AMGN,0.36326931,0.36659423,0.35313031
2024-06-10,CRM,2.7127063,2.7953502,2.7161878
2024-06-10,CSCO,2.9816812,2.988766,2.9509328
2024-06-10,IBM,6.9494789,7.0134347,6.8772354
2024-06-10,INTC,5.5998262,5.5209227,5.5261416
2024-06-10,MSFT,161.13853,162.16464,159.13991
2024-06-10,NKE,2.8761155,2.8847926,2.8922429
2024-06-10,VZ,0.16695356,0.16903173,0.16607105
2024-06-10,WMT,0.71253697,0.7205831,0.70626777
2024-06-11,AAPL,25.487159,26.262407,25.153313
2024-06-11,AMGN,0.37068597,0.37427249,0.37201831
2024-06-11,CRM,2.7664021,2.837767,2.7306237
2024-06-11,CSCO,2.9938552,3.0028811,2.9772947
2024-06-11,IBM,6.7906771,6.8243171,6.7688478
2024-06-11,INTC,5.7917534,5.8941249,5.8258178
2024-06-11,MSFT,157.92851,157.64039,155.11866
2024-06-11,NKE,2.8517316,2.8900708,2.8527888
2024-06-11,VZ,0.16774116,0.16859234,0.16595325
2024-06-11,WMT,0.70857618,0.71406395,0.7002962
2024-06-12,AAPL,26.589479,27.421725,26.400367
2024-06-12,AMGN,0.36851629,0.37750839,0.3689074
2024-06-12,CRM,2.7798303,2.816382,2.6941439
2024-06-12,CSCO,3.0406788,3.0530379,3.0049422
2024-06-12,IBM,6.818346,6.9132164,6.7905329
2024-06-12,INTC,5.8222482,5.7816388,5.7540253
2024-06-12,MSFT,156.19768,158.75796,153.09057
2024-06-12,NKE,2.8139537,2.8653188,2.8331948
2024-06-12,VZ,0.16449879,0.16638084,0.1625585
2024-06-12,WMT,0.69720891,0.70077815,0.69294517
2024-06-13,AAPL,26.930248,26.825265,27.010394
2024-06-13,AMGN,0.36761768,0.36934099,0.36747339
2024-06-13,CRM,2.7206135,2.7176683,2.6440098
2024-06-13,CSCO,3.0227837,3.0315581,3.0024944
2024-06-13,IBM,6.6906083,6.7686709,6.63289
2024-06-13,INTC,5.8099453,5.8536941,5.8935933
2024-06-13,MSFT,160.03877,162.19108,159.49531
2024-06-13,NKE,2.7909387,2.7984728,2.743463
2024-06-13,VZ,0.16120038,0.16389036,0.16228798
2024-06-13,WMT,0.68382366,0.68775797,0.67324897
2024-06-14,AAPL,26.644415,27.024627,26.502289
2024-06-14,AMGN,0.36454753,0.37425784,0.36061511
2024-06-14,CRM,2.7331754,2.7623386,2.7107551
2024-06-14,CSCO,3.0862227,3.1576904,3.0450211
2024-06-14,IBM,6.7157039,6.7635158,6.6299892
2024-06-14,INTC,5.7604101,5.8948991,5.693504
2024-06-14,MSFT,159.10045,160.37938,157.11644
2024-06-14,NKE,2.8069402,2.7965687,2.7523765
2024-06-14,VZ,0.16174542,0.16346459,0.16074716
2024-06-14,WMT,0.69000749,0.69501453,0.68352569
2024-06-17,AAPL,27.172532,26.946903,26.644781
2024-06-17,AMGN,0.36024318,0.36219659,0.35905729
2024-06-17,CRM,2.7480669,2.8238852,2.6851508
2024-06-17,CSCO,3.0656317,3.071966,3.0429503
2024-06-17,IBM,6.8000285,6.9682951,6.7145272
2024-06-17,INTC,5.7367267,5.632727,5.7009168
2024-06-17,MSFT,158.44236,160.72329,157.01565
2024-06-17,NKE,2.8045823,2.8647183,2.7581885
2024-06-17,VZ,0.16344825,0.16421437,0.16299519
2024-06-17,WMT,0.6780781,0.6842177,0.68157866
2024-06-18,AAPL,26.581833,27.052181,26.639343
2024-06-18,AMGN,0.36145282,0.36471872,0.36017895
2024-06-18,CRM,2.7200688,2.6854487,2.6906037
2024-06-18,CSCO,3.0044949,2.9852178,2.9951535
2024-06-18,IBM,6.703078,6.6992976,6.6413304
2024-06-18,INTC,5.7216208,5.8229028,5.687679
2024-06-18,MSFT,162.41994,162.15971,157.50375
2024-06-18,NKE,2.7087277,2.7337299,2.6822716
2024-06-18,VZ,0.16450547,0.16493375,0.16525227
2024-06-18,WMT,0.67347656,0.67224973,0.65811426
2024-06-20,AAPL,26.908389,27.004371,27.046024
2024-06-20,AMGN,0.35942715,0.36040856,0.35882513
2024-06-20,CRM,2.6308618,2.669799,2.5894325
2024-06-20,CSCO,2.8937395,2.9002731,2.8974486
2024-06-20,IBM,6.6537448,6.754651,6.4796666
2024-06-20,INTC,5.5100657,5.5431466,5.5253033
2024-06-20,MSFT,163.00579,162.15988,162.54997
2024-06-20,NKE,2.8015148,2.8177386,2.7542721
2024-06-20,VZ,0.16255387,0.16247348,0.16092663
2024-06-20,WMT,0.69287679,0.69654197,0.6970691
2024-06-21,AAPL,27.336663,27.584569,26.918051
2024-06-21,AMGN,0.35367037,0.3608988,0.34753729
2024-06-21,CRM,2.6678864,2.7148716,2.583998
2024-06-21,CSCO,2.8236618,2.8041901,2.8447253
2024-06-21,IBM,6.6145523,6.6278885,6.6374642
2024-06-21,INTC,5.4807197,5.5533935,5.4418907
2024-06-21,MSFT,162.24037,165.24496,160.02818
2024-06-21,NKE,2.8298262,2.8436893,2.791831
2024-06-21,VZ,0.17038692,0.1712549,0.16804293
2024-06-21,WMT,0.67907773,0.68007911,0.68366037
2024-06-24,AAPL,26.24119,26.45457,25.774097
2024-06-24,AMGN,0.35381864,0.35948329,0.3521819
2024-06-24,CRM,2.5981214,2.6227894,2.5635036
2024-06-24,CSCO,2.8294494,2.8472138,2.8489013
2024-06-24,IBM,6.8588996,7.0119463,6.9048512
2024-06-24,INTC,5.4906905,5.5461636,5.376459
2024-06-24,MSFT,163.32893,162.90081,163.41076
2024-06-24,NKE,2.874088,2.9269875,2.9035696
2024-06-24,VZ,0.17448503,0.17445161,0.17368934
2024-06-24,WMT,0.67314758,0.67396657,0.66339339
2024-06-25,AAPL,27.056706,27.638941,26.573293
2024-06-25,AMGN,0.35876399,0.36075129,0.35072095
2024-06-25,CRM,2.6288365,2.6255261,2.5508883
2024-06-25,CSCO,2.7428674,2.770129,2.7523919
2024-06-25,IBM,6.9052294,6.9832723,6.8148781
2024-06-25,INTC,5.5647911,5.531748,5.4729365
2024-06-25,MSFT,160.83176,160.47187,159.22484
2024-06-25,NKE,2.8560492,2.9374233,2.8742216
2024-06-25,VZ,0.17580774,0.17685656,0.17275797
2024-06-25,WMT,0.66673974,0.68311413,0.67065754
2024-06-26,AAPL,26.922939,27.295785,26.454049
2024-06-26,AMGN,0.36624768,0.36861916,0.36302054
2024-06-26,CRM,2.6576869,2.7710628,2.5955282
2024-06-26,CSCO,2.7144466,2.7321377,2.7352296
2024-06-26,IBM,6.9416173,6.9336765,6.8964835
2024-06-26,INTC,5.698992,5.8190188,5.6397289
2024-06-26,MSFT,164.72236,165.23764,164.99076
2024-06-26,NKE,2.8233324,2.864054,2.7843166
2024-06-26,VZ,0.17702202,0.17790677,0.17712886
2024-06-26,WMT,0.6550258,0.66480471,0.65424842
2024-06-27,AAPL,26.862895,27.659226,26.393061
2024-06-27,AMGN,0.36749904,0.36698095,0.36903504
2024-06-27,CRM,2.5824154,2.6357919,2.5526739
2024-06-27,CSCO,2.8617064,2.9411591,2.8625647
2024-06-27,IBM,6.9548735,6.9798265,6.8335086
2024-06-27,INTC,5.646885,5.9295797,5.6355106
2024-06-27,MSFT,161.05955,161.19812,159.96352
2024-06-27,NKE,2.9063839,2.9417205,2.8314163
2024-06-27,VZ,0.17941669,0.17858644,0.18101678
2024-06-27,WMT,0.65274279,0.65634382,0.63717583
2024-06-28,AAPL,26.416947,26.488269,26.438954
2024-06-28,AMGN,0.36099773,0.35932701,0.35035028
2024-06-28,CRM,2.635951,2.6460711,2.5886105
2024-06-28,CSCO,2.7719684,2.826535,2.7475433
2024-06-28,IBM,6.8926122,6.9835745,6.8056034
2024-06-28,INTC,5.533421,5.5593631,5.4261307
2024-06-28,MSFT,161.79916,164.74198,160.47912
2024-06-28,NKE,2.969104,3.0191631,2.9977898
2024-06-28,VZ,0.17705165,0.17757483,0.17767758
2024-06-28,WMT,0.65985007,0.65923742,0.65632157
2024-07-01,AAPL,26.182372,26.204873,25.997263
2024-07-01,AMGN,0.36158209,0.36824384,0.35406603
2024-07-01,CRM,2.6366499,2.6638829,2.6003467
2024-07-01,CSCO,2.6674963,2.7065872,2.5725843
2024-07-01,IBM,6.8891715,6.9501619,6.7704027
2024-07-01,INTC,5.3531159,5.3843459,5.270662
2024-07-01,MSFT,159.1127,160.86359,155.64682
2024-07-01,NKE,2.945431,2.9816661,2.9604404
2024-07-01,VZ,0.17562232,0.17731538,0.17521071
2024-07-01,WMT,0.66146741,0.65717189,0.65829835
2024-07-02,AAPL,25.857582,26.084128,25.943842
2024-07-02,AMGN,0.35985002,0.36755372,0.35194895
2024-07-02,CRM,2.6922107,2.7171192,2.7140906
2024-07-02,CSCO,2.6969786,2.7240696,2.679686
2024-07-02,IBM,7.031838,7.1303697,7.0759314
2024-07-02,INTC,5.1979181,5.2716417,5.1326084
2024-07-02,MSFT,157.22672,158.72212,155.87861
2024-07-02,NKE,2.955197,3.0077377,2.9559192
2024-07-02,VZ,0.17228389,0.17169247,0.1733082
2024-07-02,WMT,0.66306882,0.66633341,0.65913547
2024-07-03,AAPL,27.113504,27.000103,26.916241
2024-07-03,AMGN,0.35609787,0.36161003,0.35357852
2024-07-03,CRM,2.6064205,2.5986527,2.5148368
2024-07-03,CSCO,2.6312836,2.6644627,2.6037932
2024-07-03,IBM,7.0893654,7.2334336,7.0455439
2024-07-03,INTC,5.1440419,5.2643896,5.1217785
2024-07-03,MSFT,151.02099,150.67812,149.13166
2024-07-03,NKE,2.9803055,3.0257533,2.9641902
2024-07-03,VZ,0.17357287,0.17312698,0.17252537
2024-07-03,WMT,0.66235176,0.67197806,0.65763889
2024-07-05,AAPL,26.698328,27.257791,26.572459
2024-07-05,AMGN,0.34902205,0.35281633,0.3419406
2024-07-05,CRM,2.464567,2.5123329,2.3957472
2024-07-05,CSCO,2.713782,2.7591466,2.7292596
2024-07-05,IBM,7.0337044,7.1575609,6.943098
2024-07-05,INTC,5.2238408,5.2824808,5.1003587
2024-07-05,MSFT,151.27239,152.88051,151.2199
2024-07-05,NKE,2.9494336,2.9873642,2.9156135
2024-07-05,VZ,0.17112322,0.1727912,0.16854165
2024-07-05,WMT,0.65667326,0.6664302,0.64601124
2024-07-08,AAPL,27.315921,27.809304,26.884387
2024-07-08,AMGN,0.34279595,0.34733963,0.33960601
2024-07-08,CRM,2.4696351,2.5780259,2.431275
2024-07-08,CSCO,2.915606,3.004056,2.917161
2024-07-08,IBM,6.9319052,6.981158,6.9021195
2024-07-08,INTC,5.1886856,5.2653579,5.1939043
2024-07-08,MSFT,153.46978,157.0238,152.26102
2024-07-08,NKE,2.9423707,3.0087874,2.8997013
2024-07-08,VZ,0.16740133,0.16798801,0.16506594
2024-07-08,WMT,0.65434589,0.6598348,0.65127459
2024-07-09,AAPL,27.492485,27.791888,27.042423
2024-07-09,AMGN,0.34008709,0.34551536,0.33925193
2024-07-09,CRM,2.531289,2.5567723,2.5357398
2024-07-09,CSCO,2.9529801,2.940261,2.9233168
2024-07-09,IBM,6.855362,6.9671254,6.9499523
2024-07-09,INTC,5.1110199,5.1098406,5.1581234
2024-07-09,MSFT,152.54314,156.06349,151.13929
2024-07-09,NKE,2.9056839,2.9433345,2.9606724
2024-07-09,VZ,0.16910048,0.17012061,0.16657966
2024-07-09,WMT,0.66117065,0.6624568,0.65712982
2024-07-10,AAPL,26.68452,27.33943,26.358215
2024-07-10,AMGN,0.33880195,0.34033177,0.3397291
2024-07-10,CRM,2.4796344,2.5000976,2.4652874
2024-07-10,CSCO,2.9891861,3.0670447,3.0009692
2024-07-10,IBM,6.8978832,6.9307411,6.8499814
2024-07-10,INTC,5.0197331,5.0186701,4.9218456
2024-07-10,MSFT,153.10084,152.79425,153.27014
2024-07-10,NKE,2.9684592,2.9781701,2.9577724
2024-07-10,VZ,0.16698652,0.16819495,0.16712704
2024-07-10,WMT,0.65976072,0.66378545,0.65603504
2024-07-11,AAPL,26.814186,27.013411,26.607219
2024-07-11,AMGN,0.33250423,0.33377042,0.32693806
2024-07-11,CRM,2.4499186,2.454708,2.4338543
2024-07-11,CSCO,2.9466716,3.0183382,2.9133346
2024-07-11,IBM,7.0073655,7.1063395,7.002041
2024-07-11,INTC,5.2201882,5.2823555,5.2171331
2024-07-11,MSFT,149.15083,151.39765,146.58064
2024-07-11,NKE,2.946425,2.9920046,2.9036296
2024-07-11,VZ,0.16787209,0.17032068,0.16416725
2024-07-11,WMT,0.66801095,0.68602674,0.66982101
2024-07-12,AAPL,26.400025,27.093872,25.77211
2024-07-12,AMGN,0.33447096,0.33776407,0.32153192
2024-07-12,CRM,2.593115,2.616447,2.5437806
2024-07-12,CSCO,2.8585489,2.8920285,2.7754197
2024-07-12,IBM,6.8181183,6.8050321,6.7503204
2024-07-12,INTC,5.3103898,5.4491095,5.2684437
2024-07-12,MSFT,151.12493,150.94329,151.2559
2024-07-12,NKE,2.982865,3.0386652,2.9934106
2024-07-12,VZ,0.16870179,0.16926811,0.16356687
2024-07-12,WMT,0.66403009,0.66933593,0.65319732
2024-07-15,AAPL,26.502351,26.909082,26.063651
2024-07-15,AMGN,0.34260754,0.34136108,0.33784732
2024-07-15,CRM,2.5017543,2.5678986,2.4451689
2024-07-15,CSCO,2.8448411,2.9234372,2.8222105
2024-07-15,IBM,6.7077736,6.7490137,6.6865703
2024-07-15,INTC,5.3087495,5.2919726,5.3130725
2024-07-15,MSFT,153.38746,154.44404,150.9082
2024-07-15,NKE,2.9925079,2.9957764,2.9740931
2024-07-15,VZ,0.16596233,0.16695798,0.16355705
2024-07-15,WMT,0.66350275,0.66913808,0.65769843
2024-07-16,AAPL,26.58245,26.580439,26.27726
2024-07-16,AMGN,0.34116494,0.34552631,0.34004673
2024-07-16,CRM,2.4680693,2.449589,2.4153533
2024-07-16,CSCO,2.7561032,2.8023161,2.7385698
2024-07-16,IBM,6.775874,6.818855,6.732714
2024-07-16,INTC,5.5147126,5.6691206,5.3835826
2024-07-16,MSFT,150.13103,146.84647,151.69063
2024-07-16,NKE,3.0039734,3.0414018,3.0069582
2024-07-16,VZ,0.16245809,0.16421837,0.16096162
2024-07-16,WMT,0.65731548,0.66918243,0.65697521
2024-07-17,AAPL,27.024167,27.364209,26.715701
2024-07-17,AMGN,0.33742362,0.3466673,0.33608289
2024-07-17,CRM,2.3878645,2.4992853,2.3646541
2024-07-17,CSCO,2.6776524,2.698155,2.6271786
2024-07-17,IBM,6.7369381,6.7086857,6.7993169
2024-07-17,INTC,5.5762766,5.7820733,5.5173919
2024-07-17,MSFT,154.32466,155.51971,153.02849
2024-07-17,NKE,3.0727435,3.0629203,3.0839787
2024-07-17,VZ,0.16143907,0.1624904,0.15984601
2024-07-17,WMT,0.65101948,0.66103342,0.64075735
2024-07-18,AAPL,27.427331,28.216385,26.882632
2024-07-18,AMGN,0.33910238,0.34397539,0.33686973
2024-07-18,CRM,2.3825031,2.3632018,2.3873985
2024-07-18,CSCO,2.6938403,2.6948894,2.696197
2024-07-18,IBM,6.8542033,6.8989518,6.7486041
2024-07-18,INTC,5.541492,5.5832437,5.4624455
2024-07-18,MSFT,152.13285,154.70668,149.36058
2024-07-18,NKE,2.9840353,2.9912646,2.9385539
2024-07-18,VZ,0.16175321,0.1639358,0.16014035
2024-07-18,WMT,0.64830491,0.6501632,0.64451807
2024-07-19,AAPL,27.710085,27.959884,27.334008
2024-07-19,AMGN,0.32800312,0.33453983,0.32481308
2024-07-19,CRM,2.5163995,2.5382325,2.448016
2024-07-19,CSCO,2.6386779,2.6578916,2.5983724
2024-07-19,IBM,6.7594409,6.789139,6.6563532
2024-07-19,INTC,5.4293511,5.6361919,5.407268
2024-07-19,MSFT,153.39898,153.24878,152.13627
2024-07-19,NKE,2.9811861,2.9900842,2.9866239
2024-07-19,VZ,0.16155166,0.16109732,0.16262747
2024-07-19,WMT,0.64493818,0.65695532,0.64578358
2024-07-22,AAPL,26.569705,27.199771,26.138783
2024-07-22,AMGN,0.32958083,0.33587129,0.33153291
2024-07-22,CRM,2.6219638,2.7166503,2.5996891
2024-07-22,CSCO,2.5731624,2.6320739,2.4952838
2024-07-22,IBM,6.9258817,7.0871065,6.9299744
2024-07-22,INTC,5.3961898,5.4690395,5.3331693
2024-07-22,MSFT,154.92249,154.56664,152.57381
2024-07-22,NKE,3.0000617,3.0303333,3.0052331
2024-07-22,VZ,0.16331255,0.16595724,0.1614418
2024-07-22,WMT,0.63962668,0.64729593,0.63153753
2024-07-23,AAPL,26.113704,25.938908,25.158873
2024-07-23,AMGN,0.32134085,0.32294767,0.31828575
2024-07-23,CRM,2.53805,2.5266476,2.5038293
2024-07-23,CSCO,2.6237308,2.6593369,2.6192599
2024-07-23,IBM,7.0769181,7.1486396,7.0619313
2024-07-23,INTC,5.452769,5.4775413,5.5189119
2024-07-23,MSFT,154.03921,156.44398,150.27013
2024-07-23,NKE,3.049209,3.1061972,3.0376559
2024-07-23,VZ,0.16041442,0.16232518,0.16300169
2024-07-23,WMT,0.64146603,0.64302928,0.63742068
2024-07-24,AAPL,26.53526,26.832755,26.124658
2024-07-24,AMGN,0.3242603,0.3248036,0.32389828
2024-07-24,CRM,2.5603245,2.6139107,2.509964
2024-07-24,CSCO,2.5195889,2.5286102,2.4573773
2024-07-24,IBM,7.0850623,7.0888833,7.0699566
2024-07-24,INTC,5.3692924,5.5264775,5.2719446
2024-07-24,MSFT,154.60789,156.21268,151.65828
2024-07-24,NKE,3.0939201,3.0990851,3.0642036
2024-07-24,VZ,0.16125895,0.16282762,0.16083705
2024-07-24,WMT,0.63566582,0.6401504,0.6398676
2024-07-25,AAPL,25.820621,25.77709,25.753744
2024-07-25,AMGN,0.32014577,0.33005037,0.31636261
2024-07-25,CRM,2.4576583,2.5016659,2.3745745
2024-07-25,CSCO,2.5209404,2.526873,2.497667
2024-07-25,IBM,7.0666024,7.1618573,7.0310024
2024-07-25,INTC,5.4014031,5.5658494,5.2795855
2024-07-25,MSFT,155.10052,154.41949,151.41546
2024-07-25,NKE,3.128249,3.1821231,3.1177426
2024-07-25,VZ,0.15925237,0.16025907,0.15750636
2024-07-25,WMT,0.6367309,0.63881797,0.63119749
2024-07-26,AAPL,26.420959,26.015738,26.404486
2024-07-26,AMGN,0.33040755,0.33839253,0.32473992
2024-07-26,CRM,2.4353906,2.5292508,2.3695713
2024-07-26,CSCO,2.537279,2.535015,2.493031
2024-07-26,IBM,7.0582239,7.1105855,6.9636466
2024-07-26,INTC,5.4682261,5.5509938,5.4288985
2024-07-26,MSFT,152.52418,153.29912,154.65329
2024-07-26,NKE,3.1211775,3.1349033,3.0651528
2024-07-26,VZ,0.15577209,0.15924644,0.15640931
2024-07-26,WMT,0.6269098,0.63525894,0.62437607
2024-07-29,AAPL,25.642735,25.321791,25.681343
2024-07-29,AMGN,0.32354829,0.32643533,0.3187208
2024-07-29,CRM,2.5803613,2.6361841,2.5744599
2024-07-29,CSCO,2.4776403,2.5387909,2.4607299
2024-07-29,IBM,7.0755432,7.0624543,7.0287222
2024-07-29,INTC,5.5146323,5.5877755,5.4654763
2024-07-29,MSFT,153.26355,157.349,153.20774
2024-07-29,NKE,3.1775625,3.1922329,3.173189
2024-07-29,VZ,0.15653121,0.15720913,0.15336641
2024-07-29,WMT,0.63295064,0.63485939,0.63687792
2024-07-30,AAPL,26.760797,27.173275,26.347415
2024-07-30,AMGN,0.31647225,0.32458716,0.3105021
2024-07-30,CRM,2.5362582,2.6248995,2.508709
2024-07-30,CSCO,2.5094971,2.5720778,2.4557914
2024-07-30,IBM,6.9305368,7.0779835,6.8963026
2024-07-30,INTC,5.5932878,5.5814209,5.5725125
2024-07-30,MSFT,153.58427,154.01121,152.87689
2024-07-30,NKE,3.2599058,3.3093061,3.2977002
2024-07-30,VZ,0.15934672,0.16246547,0.15935639
2024-07-30,WMT,0.63137524,0.62717319,0.62663323
2024-07-31,AAPL,26.309987,26.626142,26.310721
2024-07-31,AMGN,0.31156744,0.31690541,0.31228004
2024-07-31,CRM,2.4713408,2.5460973,2.4679671
2024-07-31,CSCO,2.5264486,2.5458751,2.4962804
2024-07-31,IBM,6.8079009,6.8056695,6.7981402
2024-07-31,INTC,5.4631162,5.5436451,5.3997176
2024-07-31,MSFT,153.75972,153.21417,150.49183
2024-07-31,NKE,3.2740789,3.2936887,3.2459056
2024-07-31,VZ,0.16108188,0.1609815,0.15918011
2024-07-31,WMT,0.63825869,0.63584409,0.63748341
2024-08-01,AAPL,25.846422,25.672228,25.204298
2024-08-01,AMGN,0.30837368,0.31712372,0.30484319
2024-08-01,CRM,2.4098632,2.3759931,2.4146536
2024-08-01,CSCO,2.5465093,2.5633112,2.5635704
2024-08-01,IBM,6.8941533,6.9758589,6.9283471
2024-08-01,INTC,5.4050462,5.4447648,5.4389001
2024-08-01,MSFT,151.23687,152.68511,149.78979
2024-08-01,NKE,3.3068309,3.3184592,3.2620824
2024-08-01,VZ,0.15810984,0.15911805,0.15521253
2024-08-01,WMT,0.64638951,0.6470478,0.65102356
2024-08-02,AAPL,25.398454,25.816006,25.31083
2024-08-02,AMGN,0.30514996,0.30999516,0.30742059
2024-08-02,CRM,2.3875084,2.4611284,2.3321353
2024-08-02,CSCO,2.5052776,2.5300824,2.4901915
2024-08-02,IBM,6.9836686,6.9893056,6.7646077
2024-08-02,INTC,5.4039846,5.6010167,5.365723
2024-08-02,MSFT,150.62391,151.42793,146.9517
2024-08-02,NKE,3.3706936,3.3830635,3.3433161
2024-08-02,VZ,0.15816904,0.16105625,0.15588092
2024-08-02,WMT,0.63902971,0.64277814,0.63731574
2024-08-05,AAPL,25.844857,26.955917,25.78372
2024-08-05,AMGN,0.31038974,0.31487526,0.31014882
2024-08-05,CRM,2.3963622,2.4341959,2.3904405
2024-08-05,CSCO,2.4458578,2.4923837,2.4524417
2024-08-05,IBM,7.0147999,7.04298,6.9671441
2024-08-05,INTC,5.2846394,5.4168466,5.2240437
2024-08-05,MSFT,149.44523,151.47247,149.94616
2024-08-05,NKE,3.3352901,3.3765918,3.2907214
2024-08-05,VZ,0.15429147,0.15582531,0.15209737
2024-08-05,WMT,0.63073558,0.6333136,0.62854354
2024-08-06,AAPL,26.880837,27.025002,27.228897
2024-08-06,AMGN,0.30411176,0.30741476,0.30319276
2024-08-06,CRM,2.3636433,2.3990004,2.3094253
2024-08-06,CSCO,2.4256634,2.3687559,2.3922414
2024-08-06,IBM,6.8423003,6.824013,6.7583621
2024-08-06,INTC,5.1723549,5.3155241,5.0821471
2024-08-06,MSFT,144.5087,144.77794,143.59517
2024-08-06,NKE,3.303785,3.331057,3.2876505
2024-08-06,VZ,0.15218983,0.15126597,0.15152088
2024-08-06,WMT,0.62622502,0.62901013,0.62884545
2024-08-07,AAPL,26.2759,26.30214,25.930067
2024-08-07,AMGN,0.30065749,0.30384248,0.29541294
2024-08-07,CRM,2.3355627,2.3515538,2.3408552
2024-08-07,CSCO,2.4441794,2.458034,2.4356387
2024-08-07,IBM,7.030435,7.1850003,6.9825359
2024-08-07,INTC,5.2112885,5.1801719,5.2077295
2024-08-07,MSFT,146.23687,147.21979,143.08012
2024-08-07,NKE,3.1895565,3.2887724,3.1611009
2024-08-07,VZ,0.14782916,0.148783,0.14565053
2024-08-07,WMT,0.62747597,0.63229143,0.62568763
2024-08-08,AAPL,25.869735,26.808947,25.855831
2024-08-08,AMGN,0.29549321,0.30152671,0.30006968
2024-08-08,CRM,2.3594107,2.3470164,2.3518942
2024-08-08,CSCO,2.4766522,2.4799262,2.461735
2024-08-08,IBM,7.0634349,7.1298666,7.0595207
2024-08-08,INTC,5.3347277,5.4368433,5.2384501
2024-08-08,MSFT,143.11629,144.77336,142.10861
2024-08-08,NKE,3.2464667,3.3081934,3.176778
2024-08-08,VZ,0.14869259,0.15017008,0.15055515
2024-08-08,WMT,0.63015293,0.64197405,0.62996648
2024-08-09,AAPL,25.389239,25.281293,25.314381
2024-08-09,AMGN,0.29524431,0.29424816,0.29262377
2024-08-09,CRM,2.2822774,2.3125693,2.238425
2024-08-09,CSCO,2.4452261,2.4784229,2.4334299
2024-08-09,IBM,7.033304,7.0004352,6.9137708
2024-08-09,INTC,5.2714991,5.3186406,5.2206656
2024-08-09,MSFT,144.39856,144.47855,142.23798
2024-08-09,NKE,3.2022981,3.2802876,3.1469612
2024-08-09,VZ,0.14680954,0.14813738,0.14675456
2024-08-09,WMT,0.63675279,0.6402461,0.64000183
2024-08-12,AAPL,24.598102,25.152367,24.160853
2024-08-12,AMGN,0.29394119,0.30009539,0.2880657
2024-08-12,CRM,2.3068879,2.3774114,2.263905
2024-08-12,CSCO,2.4332595,2.4433874,2.3802178
2024-08-12,IBM,7.1197616,7.2051493,7.1484415
2024-08-12,INTC,5.4514092,5.5065244,5.273282
2024-08-12,MSFT,145.98489,149.82298,143.76673
2024-08-12,NKE,3.1836457,3.2097552,3.1075888
2024-08-12,VZ,0.15162702,0.15314366,0.15203839
2024-08-12,WMT,0.63803568,0.6385916,0.63225837
2024-08-13,AAPL,24.63401,25.033165,24.349845
2024-08-13,AMGN,0.29615815,0.30239732,0.29612517
2024-08-13,CRM,2.2851993,2.3603243,2.2659043
2024-08-13,CSCO,2.4413525,2.4963983,2.431421
2024-08-13,IBM,7.1585276,7.1423854,7.1248189
2024-08-13,INTC,5.5426787,5.5831245,5.4965766
2024-08-13,MSFT,146.94046,144.59216,144.75821
2024-08-13,NKE,3.1201084,3.177053,3.0339339
2024-08-13,VZ,0.15072443,0.15126871,0.14881372
2024-08-13,WMT,0.64542054,0.64974234,0.63639369
2024-08-14,AAPL,25.335926,25.463956,24.805455
2024-08-14,AMGN,0.29864028,0.30398402,0.29581134
2024-08-14,CRM,2.248831,2.2882301,2.2042745
2024-08-14,CSCO,2.4558084,2.4732996,2.4236997
2024-08-14,IBM,7.2249438,7.3866905,7.1096455
2024-08-14,INTC,5.5361012,5.5782407,5.5467324
2024-08-14,MSFT,147.89426,148.09222,148.36854
2024-08-14,NKE,3.1234035,3.1027208,3.1219527
2024-08-14,VZ,0.15049146,0.15231018,0.15104652
2024-08-14,WMT,0.6302464,0.63136007,0.62354045
2024-08-15,AAPL,25.142417,24.943772,24.778888
2024-08-15,AMGN,0.30262038,0.3044087,0.29965917
2024-08-15,CRM,2.2009067,2.242083,2.1194268
2024-08-15,CSCO,2.4204657,2.4532078,2.4087753
2024-08-15,IBM,7.2494423,7.3331678,7.1572913
2024-08-15,INTC,5.6713508,5.8942617,5.5439778
2024-08-15,MSFT,148.59396,147.18969,146.91244
2024-08-15,NKE,3.0936764,3.1062936,3.10419
2024-08-15,VZ,0.15005,0.15021494,0.14778306
2024-08-15,WMT,0.6305951,0.64242144,0.63079769
2024-08-16,AAPL,24.654715,24.494982,24.946473
2024-08-16,AMGN,0.29828077,0.30306977,0.29226997
2024-08-16,CRM,2.270404,2.3327419,2.260128
2024-08-16,CSCO,2.4343903,2.4456098,2.4390385
2024-08-16,IBM,7.2942838,7.4181655,7.3167964
2024-08-16,INTC,5.7220236,5.8276408,5.5454484
2024-08-16,MSFT,144.15347,146.56333,143.46979
2024-08-16,NKE,3.1191507,3.1743134,3.0193446
2024-08-16,VZ,0.14953067,0.15120735,0.14997039
2024-08-16,WMT,0.64799153,0.6511968,0.64860935
2024-08-19,AAPL,24.409581,24.795174,24.163097
2024-08-19,AMGN,0.29928993,0.30226363,0.29511867
2024-08-19,CRM,2.2048089,2.169434,2.1967084
2024-08-19,CSCO,2.4247799,2.4359725,2.408499
2024-08-19,IBM,7.2890598,7.3563397,7.2593748
2024-08-19,INTC,5.7198555,5.8294959,5.6600752
2024-08-19,MSFT,147.18604,151.89342,147.01697
2024-08-19,NKE,3.1197036,3.1625927,3.0803669
2024-08-19,VZ,0.14720651,0.14920864,0.14791994
2024-08-19,WMT,0.64855662,0.65818337,0.64603522
2024-08-20,AAPL,24.966573,25.391346,25.023979
2024-08-20,AMGN,0.30164892,0.30073932,0.30064682
2024-08-20,CRM,2.1802083,2.2225152,2.1514043
2024-08-20,CSCO,2.3929807,2.425358,2.3627991
2024-08-20,IBM,7.485748,7.5638581,7.3209262
2024-08-20,INTC,5.6621282,5.6154983,5.5530888
2024-08-20,MSFT,145.4307,146.80474,145.81342
2024-08-20,NKE,3.0785165,3.1407544,2.9878526
2024-08-20,VZ,0.14618147,0.14748969,0.14372962
2024-08-20,WMT,0.67005702,0.67968468,0.67552093
2024-08-21,AAPL,25.112146,25.854208,24.777136
2024-08-21,AMGN,0.30428368,0.30807676,0.30418012
2024-08-21,CRM,2.1501175,2.1684219,2.098269
2024-08-21,CSCO,2.3663837,2.2870936,2.3266426
2024-08-21,IBM,7.5025288,7.5294136,7.6091977
2024-08-21,INTC,5.5972676,5.513735,5.4708191
2024-08-21,MSFT,147.19828,147.70261,148.33044
2024-08-21,NKE,3.1072551,3.1618181,3.0149183
2024-08-21,VZ,0.14497397,0.14729805,0.14279357
2024-08-21,WMT,0.67408914,0.67983182,0.66892869
2024-08-22,AAPL,25.207897,25.275516,24.677504
2024-08-22,AMGN,0.30975737,0.31343793,0.30516808
2024-08-22,CRM,2.103073,2.2021847,2.0635177
2024-08-22,CSCO,2.3734192,2.3469103,2.351407
2024-08-22,IBM,7.5677652,7.5578105,7.62361
2024-08-22,INTC,5.6230542,5.6712301,5.593115
2024-08-22,MSFT,147.18731,149.79576,145.50772
2024-08-22,NKE,3.0824739,3.0958332,3.0523927
2024-08-22,VZ,0.14492208,0.14719408,0.14580692
2024-08-22,WMT,0.66815602,0.67096377,0.66691391
2024-08-23,AAPL,25.564489,25.44223,25.219905
2024-08-23,AMGN,0.31424609,0.32154931,0.31181962
2024-08-23,CRM,2.0099093,2.0474024,1.9460714
2024-08-23,CSCO,2.3425936,2.3720214,2.3357546
2024-08-23,IBM,7.6860655,7.7282304,7.5967421
2024-08-23,INTC,5.5165589,5.5336914,5.4527055
2024-08-23,MSFT,146.12927,147.53537,143.34775
2024-08-23,NKE,3.1162745,3.1068426,3.0887395
2024-08-23,VZ,0.14356237,0.1446043,0.14052774
2024-08-23,WMT,0.65199278,0.6620527,0.645666
2024-08-26,AAPL,25.236717,25.639028,24.756634
2024-08-26,AMGN,0.31997255,0.32347121,0.31938487
2024-08-26,CRM,2.0728507,2.0779598,2.0702791
2024-08-26,CSCO,2.4063765,2.4299549,2.3695078
2024-08-26,IBM,7.7940819,7.7893011,7.8284624
2024-08-26,INTC,5.3074928,5.3297709,5.1852829
2024-08-26,MSFT,143.59571,148.77315,143.59737
2024-08-26,NKE,3.1593574,3.1524596,3.1458662
2024-08-26,VZ,0.14384201,0.14336819,0.14359142
2024-08-26,WMT,0.64231661,0.65620221,0.63462613
2024-08-27,AAPL,25.359722,25.329909,25.0791
2024-08-27,AMGN,0.3212445,0.32226813,0.31441198
2024-08-27,CRM,2.0287964,1.9912152,2.0023514
2024-08-27,CSCO,2.3674746,2.3673335,2.3095539
2024-08-27,IBM,7.817747,7.9343813,7.828333
2024-08-27,INTC,5.3820909,5.5482275,5.3385199
2024-08-27,MSFT,141.96286,142.39198,139.86324
2024-08-27,NKE,3.1979459,3.2023773,3.2179214
2024-08-27,VZ,0.14522894,0.14708703,0.14392128
2024-08-27,WMT,0.64700871,0.65264841,0.64988911
2024-08-28,AAPL,25.532596,25.731227,25.455494
2024-08-28,AMGN,0.3078881,0.31024,0.30445403
2024-08-28,CRM,1.9712307,2.0256866,1.9699452
2024-08-28,CSCO,2.4486605,2.4787119,2.4613898
2024-08-28,IBM,8.0626458,8.1709464,7.9581005
2024-08-28,INTC,5.2829059,5.3003399,5.2266831
2024-08-28,MSFT,139.58137,143.81645,139.38415
2024-08-28,NKE,3.284722,3.3591973,3.2161051
2024-08-28,VZ,0.14436397,0.14507694,0.14612603
2024-08-28,WMT,0.64199114,0.64271375,0.63687793
2024-08-29,AAPL,25.154182,25.14187,24.903702
2024-08-29,AMGN,0.31550161,0.31760055,0.31084702
2024-08-29,CRM,1.9102143,1.9212134,1.8439727
2024-08-29,CSCO,2.5017047,2.5032978,2.4781084
2024-08-29,IBM,8.0975511,8.2948128,8.011436
2024-08-29,INTC,5.2641019,5.3652679,5.2098159
2024-08-29,MSFT,137.5002,137.33035,135.87661
2024-08-29,NKE,3.3024976,3.3075376,3.2575756
2024-08-29,VZ,0.14408523,0.14334889,0.14400911
2024-08-29,WMT,0.65514007,0.66753325,0.64987676
2024-08-30,AAPL,24.897574,25.163408,24.838853
2024-08-30,AMGN,0.309889,0.31134177,0.30570562
2024-08-30,CRM,1.9167498,1.8916089,1.8475455
2024-08-30,CSCO,2.5303676,2.5575719,2.5104979
2024-08-30,IBM,8.032877,8.0441594,8.0432631
2024-08-30,INTC,5.3834271,5.3730573,5.297613
2024-08-30,MSFT,137.15912,138.95231,138.54355
2024-08-30,NKE,3.2737395,3.3512124,3.249589
2024-08-30,VZ,0.14574542,0.14623864,0.1423389
2024-08-30,WMT,0.65651954,0.66385719,0.65114838
2024-09-03,AAPL,24.530775,24.955669,24.113238
2024-09-03,AMGN,0.30488699,0.30989131,0.29494762
2024-09-03,CRM,1.963553,2.0469106,1.9239159
2024-09-03,CSCO,2.5623141,2.5812823,2.5172616
2024-09-03,IBM,8.0167786,8.0618377,7.9870844
2024-09-03,INTC,5.3949189,5.4777566,5.4099442
2024-09-03,MSFT,136.19108,138.64948,135.31196
2024-09-03,NKE,3.2645868,3.3229107,3.2112291
2024-09-03,VZ,0.14366647,0.14591585,0.14287598
2024-09-03,WMT,0.64910017,0.65606217,0.63828161
2024-09-04,AAPL,24.024748,23.650172,23.577569
2024-09-04,AMGN,0.30233565,0.30971531,0.30013013
2024-09-04,CRM,1.9552609,1.9643664,1.9545797
2024-09-04,CSCO,2.4940127,2.5261925,2.4970815
2024-09-04,IBM,8.1019807,8.0950166,7.9606559
2024-09-04,INTC,5.4182208,5.4806143,5.2896962
2024-09-04,MSFT,131.10996,134.36308,126.75962
2024-09-04,NKE,3.2819208,3.3008167,3.260167
2024-09-04,VZ,0.14241719,0.14348254,0.14191051
2024-09-04,WMT,0.63066993,0.63771995,0.62456909
2024-09-05,AAPL,23.972435,24.631821,23.762236
2024-09-05,AMGN,0.30003321,0.29986205,0.29935152
2024-09-05,CRM,1.9517623,1.9538501,1.86242
2024-09-05,CSCO,2.4143661,2.4311682,2.4109524
2024-09-05,IBM,7.9697925,8.042779,7.8519668
2024-09-05,INTC,5.430423,5.5477072,5.3760249
2024-09-05,MSFT,127.4611,129.13668,124.56959
2024-09-05,NKE,3.3151192,3.3445105,3.2982621
2024-09-05,VZ,0.14023401,0.14307722,0.1366624
2024-09-05,WMT,0.63107645,0.63699548,0.63148954
2024-09-06,AAPL,24.4092,24.885046,24.110363
2024-09-06,AMGN,0.29261391,0.29932202,0.28739346
2024-09-06,CRM,1.8554872,1.8969228,1.8440979
2024-09-06,CSCO,2.3161396,2.3396804,2.2966277
2024-09-06,IBM,7.7939309,7.812395,7.7731564
2024-09-06,INTC,5.5714538,5.6319563,5.5705791
2024-09-06,MSFT,129.91384,130.38933,127.08386
2024-09-06,NKE,3.1884593,3.2978295,3.2089916
2024-09-06,VZ,0.13827953,0.13874549,0.13636432
2024-09-06,WMT,0.62232076,0.62022091,0.60777974
2024-09-09,AAPL,24.438047,24.56845,24.511286
2024-09-09,AMGN,0.29989187,0.30234457,0.29980809
2024-09-09,CRM,1.8428967,1.8860536,1.7928933
2024-09-09,CSCO,2.2922339,2.3068949,2.2952408
2024-09-09,IBM,7.7833911,7.7775711,7.7346162
2024-09-09,INTC,5.5137544,5.577904,5.511279
2024-09-09,MSFT,130.90648,131.95558,129.20154
2024-09-09,NKE,3.1434356,3.1184207,3.1390805
2024-09-09,VZ,0.13813297,0.13851151,0.1390558
2024-09-09,WMT,0.62866134,0.62755073,0.63356399
2024-09-10,AAPL,24.606279,25.28358,24.648732
2024-09-10,AMGN,0.29154342,0.29244173,0.28316117
2024-09-10,CRM,1.7784313,1.8051022,1.7631526
2024-09-10,CSCO,2.2851316,2.2587493,2.2693981
2024-09-10,IBM,7.9095696,7.9729859,7.9037642
2024-09-10,INTC,5.470048,5.5183248,5.4543971
2024-09-10,MSFT,130.13991,133.162,129.70925
2024-09-10,NKE,3.2147669,3.2631175,3.1540778
2024-09-10,VZ,0.13801006,0.13835527,0.13590621
2024-09-10,WMT,0.6330662,0.64730961,0.62735381
2024-09-11,AAPL,25.182046,25.034454,24.642156
2024-09-11,AMGN,0.28446505,0.28979761,0.28320572
2024-09-11,CRM,1.6838911,1.7784961,1.6600067
2024-09-11,CSCO,2.1827695,2.2138946,2.1369464
2024-09-11,IBM,7.8676087,7.9435517,7.8869986
2024-09-11,INTC,5.4957465,5.5574761,5.4315539
2024-09-11,MSFT,129.64078,130.86777,127.07094
2024-09-11,NKE,3.1561066,3.0932876,3.0981681
2024-09-11,VZ,0.13529586,0.13692207,0.13535125
2024-09-11,WMT,0.63201685,0.63675061,0.62738153
2024-09-12,AAPL,24.82824,25.092875,24.489247
2024-09-12,AMGN,0.28010785,0.28351445,0.28073364
2024-09-12,CRM,1.7461988,1.8033171,1.7111316
2024-09-12,CSCO,2.2291089,2.2662107,2.2196241
2024-09-12,IBM,7.8146836,7.9554263,7.8621674
2024-09-12,INTC,5.4020895,5.5677364,5.3885212
2024-09-12,MSFT,127.50227,127.56567,126.70965
2024-09-12,NKE,3.1442325,3.1314738,3.1330692
2024-09-12,VZ,0.13256523,0.1337502,0.13449454
2024-09-12,WMT,0.63793498,0.64538561,0.62924975
2024-09-13,AAPL,25.727342,25.727612,25.636447
2024-09-13,AMGN,0.27519537,0.27717297,0.27282144
2024-09-13,CRM,1.760691,1.7797828,1.7578317
2024-09-13,CSCO,2.2524546,2.3145897,2.2235796
2024-09-13,IBM,7.8075246,7.7531188,7.7279905
2024-09-13,INTC,5.3414845,5.582463,5.3306931
2024-09-13,MSFT,121.0441,124.39154,119.52485
2024-09-13,NKE,3.0791942,3.1360036,3.068406
2024-09-13,VZ,0.13281129,0.13214177,0.13107703
2024-09-13,WMT,0.63497598,0.63127192,0.64111258
2024-09-16,AAPL,24.850128,25.2467,24.315871
2024-09-16,AMGN,0.2721705,0.27823568,0.26784662
2024-09-16,CRM,1.6860726,1.6695028,1.6725662
2024-09-16,CSCO,2.2400452,2.229073,2.2457306
2024-09-16,IBM,7.843997,7.9711311,7.8178981
2024-09-16,INTC,5.3094367,5.3412011,5.2917598
2024-09-16,MSFT,123.05936,121.98723,120.57925
2024-09-16,NKE,3.1265005,3.1586913,3.1844938
2024-09-16,VZ,0.13247759,0.13432884,0.13207552
2024-09-16,WMT,0.64205699,0.6470716,0.64041584
2024-09-17,AAPL,25.354824,25.759819,24.793603
2024-09-17,AMGN,0.27571011,0.27784717,0.27589259
2024-09-17,CRM,1.7133039,1.6899952,1.6825796
2024-09-17,CSCO,2.1924647,2.2493232,2.155926
2024-09-17,IBM,7.7413969,7.8499356,7.7017426
2024-09-17,INTC,5.2910032,5.3629381,5.2905623
2024-09-17,MSFT,121.22729,122.336,118.50777
2024-09-17,NKE,3.1149908,3.1458993,3.0466884
2024-09-17,VZ,0.13001519,0.13166593,0.12833161
2024-09-17,WMT,0.64285955,0.64841649,0.63971131
2024-09-18,AAPL,24.984245,25.340158,25.20151
2024-09-18,AMGN,0.27246486,0.27686043,0.26706101
2024-09-18,CRM,1.6823069,1.6788214,1.6625942
2024-09-18,CSCO,2.2346774,2.2302421,2.2097506
2024-09-18,IBM,7.6445151,7.6789066,7.559035
2024-09-18,INTC,5.2451221,5.2611552,5.2431384
2024-09-18,MSFT,118.28763,118.678,117.03279
2024-09-18,NKE,3.146357,3.1850805,3.1224683
2024-09-18,VZ,0.12950239,0.13111522,0.13009142
2024-09-18,WMT,0.64057742,0.63757453,0.63574889
2024-09-19,AAPL,24.496416,24.457457,24.197732
2024-09-19,AMGN,0.27632581,0.27413475,0.27082497
2024-09-19,CRM,1.6675602,1.7129993,1.6508676
2024-09-19,CSCO,2.1990928,2.2257852,2.1659264
2024-09-19,IBM,7.6623332,7.7667116,7.6567928
2024-09-19,INTC,5.1887545,5.3319538,5.1317525
2024-09-19,MSFT,119.16044,121.05199,117.80905
2024-09-19,NKE,3.1378806,3.1928778,3.1272686
2024-09-19,VZ,0.13180124,0.13494668,0.12922175
2024-09-19,WMT,0.65126417,0.6554727,0.64583705
2024-09-20,AAPL,24.575715,24.740485,23.997324
2024-09-20,AMGN,0.27044689,0.27435864,0.26665669
2024-09-20,CRM,1.608393,1.6120067,1.5588781
2024-09-20,CSCO,2.2159367,2.2162889,2.227042
2024-09-20,IBM,7.4823159,7.4593519,7.3992529
2024-09-20,INTC,5.3441191,5.535706,5.3767586
2024-09-20,MSFT,119.83307,122.14407,120.01185
2024-09-20,NKE,3.1290747,3.151701,3.0725124
2024-09-20,VZ,0.13271076,0.1330092,0.13228052
2024-09-20,WMT,0.65619597,0.671824,0.65369016
2024-09-23,AAPL,24.441899,25.221576,23.676436
2024-09-23,AMGN,0.26973022,0.27233835,0.26675674
2024-09-23,CRM,1.6405264,1.6668881,1.6293741
2024-09-23,CSCO,2.1293,2.1542666,2.1502701
2024-09-23,IBM,7.5093842,7.5261958,7.51328
2024-09-23,INTC,5.3570198,5.3596336,5.3478003
2024-09-23,MSFT,120.02258,120.77981,117.61447
2024-09-23,NKE,3.0465395,3.0747382,2.9871253
2024-09-23,VZ,0.13272771,0.13414628,0.128612
2024-09-23,WMT,0.65254767,0.65320803,0.64752071
2024-09-24,AAPL,24.37856,24.535214,24.204081
2024-09-24,AMGN,0.26274367,0.2644075,0.25727989
2024-09-24,CRM,1.5999741,1.6290584,1.5886374
2024-09-24,CSCO,2.11942,2.1006413,2.0527454
2024-09-24,IBM,7.5246036,7.5819346,7.3425175
2024-09-24,INTC,5.3738272,5.4240889,5.2937628
2024-09-24,MSFT,120.70438,124.23409,119.03066
2024-09-24,NKE,2.9684027,2.9711274,2.9281703
2024-09-24,VZ,0.13254178,0.13250064,0.13127443
2024-09-24,WMT,0.65147699,0.6541335,0.64918887
2024-09-25,AAPL,24.111023,24.213321,23.649853
2024-09-25,AMGN,0.25996795,0.26407542,0.25396689
2024-09-25,CRM,1.596671,1.6035173,1.61376
2024-09-25,CSCO,2.1512043,2.1729063,2.1588989
2024-09-25,IBM,7.6615771,7.7780432,7.673265
2024-09-25,INTC,5.2364064,5.261453,5.2313221
2024-09-25,MSFT,116.69983,119.55097,116.88156
2024-09-25,NKE,2.9894264,3.0229684,2.9535835
2024-09-25,VZ,0.13203064,0.13384805,0.12880556
2024-09-25,WMT,0.63722691,0.64387416,0.63061342
2024-09-26,AAPL,24.541851,24.358648,24.516602
2024-09-26,AMGN,0.25827878,0.26051675,0.2509155
2024-09-26,CRM,1.5722363,1.6409373,1.5714356
2024-09-26,CSCO,2.191584,2.2025707,2.1694078
2024-09-26,IBM,7.6143011,7.6947664,7.7024347
2024-09-26,INTC,5.3037128,5.2622744,5.1682459
2024-09-26,MSFT,115.39318,117.75968,113.85139
2024-09-26,NKE,2.9829984,3.0036403,3.0089651
2024-09-26,VZ,0.12960989,0.13006631,0.128539
2024-09-26,WMT,0.6296393,0.631463,0.62868744
2024-09-27,AAPL,24.048988,24.511625,23.657329
2024-09-27,AMGN,0.26227727,0.2655232,0.25746124
2024-09-27,CRM,1.5852181,1.5904059,1.5662814
2024-09-27,CSCO,2.3143705,2.3074548,2.270214
2024-09-27,IBM,7.5950973,7.6889282,7.5460329
2024-09-27,INTC,5.2574843,5.2777055,5.2899564
2024-09-27,MSFT,113.81838,114.97909,112.63778
2024-09-27,NKE,3.0078032,3.0865974,3.004931
2024-09-27,VZ,0.12583671,0.12601942,0.12487021
2024-09-27,WMT,0.62509429,0.62700357,0.62642323
2024-09-30,AAPL,24.871108,25.216441,25.040159
2024-09-30,AMGN,0.26151025,0.26801711,0.25943193
2024-09-30,CRM,1.5824509,1.602952,1.5347449
2024-09-30,CSCO,2.3180561,2.3972371,2.2729001
2024-09-30,IBM,7.5199442,7.6011928,7.4872194
2024-09-30,INTC,5.2249083,5.3401694,5.2783744
2024-09-30,MSFT,114.81222,114.25745,113.89483
2024-09-30,NKE,2.9451413,2.9741135,2.9083796
2024-09-30,VZ,0.12729356,0.13015592,0.12390829
2024-09-30,WMT,0.61579384,0.62953728,0.61519743
2024-10-01,AAPL,24.756769,25.153775,24.717736
2024-10-01,AMGN,0.26622098,0.26861204,0.26281482
2024-10-01,CRM,1.5421809,1.610641,1.4962543
2024-10-01,CSCO,2.3188934,2.3372688,2.2955405
2024-10-01,IBM,7.5034374,7.5154556,7.4833831
2024-10-01,INTC,5.2778464,5.436232,5.187534
2024-10-01,MSFT,115.67387,118.3497,113.44114
2024-10-01,NKE,2.9779997,2.9989571,2.9887489
2024-10-01,VZ,0.12735009,0.12904397,0.12587151
2024-10-01,WMT,0.61097402,0.62175517,0.60356027
2024-10-02,AAPL,24.932676,24.845086,24.838914
2024-10-02,AMGN,0.25629646,0.26127802,0.25292288
2024-10-02,CRM,1.5373314,1.532105,1.5169189
2024-10-02,CSCO,2.3382592,2.3550456,2.3177506
2024-10-02,IBM,7.4624891,7.5334684,7.4143165
2024-10-02,INTC,5.1630403,5.2221229,5.0606769
2024-10-02,MSFT,116.28653,116.15604,116.02507
2024-10-02,NKE,3.0371584,3.0625448,3.0297869
2024-10-02,VZ,0.12305453,0.1212816,0.12236498
2024-10-02,WMT,0.62734913,0.63564154,0.62608589
2024-10-03,AAPL,25.746193,26.403312,24.954988
2024-10-03,AMGN,0.25862212,0.26283445,0.2567347
2024-10-03,CRM,1.567956,1.5706102,1.5621788
2024-10-03,CSCO,2.2673556,2.2898886,2.2692463
2024-10-03,IBM,7.4817601,7.5895733,7.4159587
2024-10-03,INTC,5.1501804,5.2387635,5.093705
2024-10-03,MSFT,116.77388,117.81034,116.16643
2024-10-03,NKE,3.013519,3.0624575,2.9738879
2024-10-03,VZ,0.12432802,0.12379362,0.12339121
2024-10-03,WMT,0.64134736,0.65328987,0.63332896
2024-10-04,AAPL,25.64611,25.324877,24.683517
2024-10-04,AMGN,0.25723062,0.25820381,0.25328169
2024-10-04,CRM,1.5750516,1.6181184,1.5494689
2024-10-04,CSCO,2.2527149,2.2631747,2.3068822
2024-10-04,IBM,7.2965355,7.3107552,7.1179316
2024-10-04,INTC,5.1263861,5.1979828,5.127098
2024-10-04,MSFT,116.07643,117.57114,114.44692
2024-10-04,NKE,3.0596797,3.068292,3.0484858
2024-10-04,VZ,0.12494804,0.12573643,0.12404997
2024-10-04,WMT,0.66067964,0.66581112,0.66123639
2024-10-07,AAPL,26.640621,27.101751,26.555337
2024-10-07,AMGN,0.25758498,0.25987028,0.25459065
2024-10-07,CRM,1.600557,1.6520098,1.5978829
2024-10-07,CSCO,2.1828487,2.2004346,2.1511223
2024-10-07,IBM,7.4731973,7.5004215,7.4009874
2024-10-07,INTC,4.9841492,5.0061639,4.9341444
2024-10-07,MSFT,112.02572,113.30484,113.96061
2024-10-07,NKE,2.9865447,2.9620045,2.9500976
2024-10-07,VZ,0.1261319,0.12626341,0.12381455
2024-10-07,WMT,0.66563413,0.67681475,0.65745948
2024-10-08,AAPL,27.142183,27.610349,26.878456
2024-10-08,AMGN,0.25719973,0.26223942,0.25308576
2024-10-08,CRM,1.5668088,1.5841971,1.5242216
2024-10-08,CSCO,2.179346,2.1783709,2.1324913
2024-10-08,IBM,7.4804199,7.4797819,7.3576315
2024-10-08,INTC,4.984012,4.9626924,5.0224784
2024-10-08,MSFT,110.55874,112.70357,108.52446
2024-10-08,NKE,3.0231972,3.0204642,2.97018
2024-10-08,VZ,0.12233492,0.12392847,0.12205917
2024-10-08,WMT,0.66257383,0.66327442,0.6629479
2024-10-09,AAPL,26.988246,26.542501,26.734307
2024-10-09,AMGN,0.25581172,0.25651442,0.25657188
2024-10-09,CRM,1.627325,1.6224493,1.5397862
2024-10-09,CSCO,2.2093089,2.2288488,2.1829816
2024-10-09,IBM,7.6172286,7.6609001,7.5468238
2024-10-09,INTC,4.9637003,5.017713,4.8869738
2024-10-09,MSFT,109.34269,109.82147,108.25962
2024-10-09,NKE,2.998016,3.0061027,2.9662053
2024-10-09,VZ,0.12193157,0.12088589,0.12193882
2024-10-09,WMT,0.65348214,0.6584213,0.65002886
2024-10-10,AAPL,26.868821,27.235608,26.340178
2024-10-10,AMGN,0.25706964,0.25981725,0.25391615
2024-10-10,CRM,1.5688534,1.6392275,1.541951
2024-10-10,CSCO,2.2914333,2.3310932,2.2678638
2024-10-10,IBM,7.6840249,7.8069421,7.5976917
2024-10-10,INTC,5.0333474,5.0973637,4.9995065
2024-10-10,MSFT,107.99381,109.1397,106.8194
2024-10-10,NKE,2.9567007,3.0046347,2.9236212
2024-10-10,VZ,0.12186914,0.12261736,0.12039191
2024-10-10,WMT,0.64875356,0.64243405,0.64748264
2024-10-11,AAPL,26.639534,26.72831,26.480463
2024-10-11,AMGN,0.25413331,0.25865512,0.25478047
2024-10-11,CRM,1.6004653,1.6466803,1.5943905
2024-10-11,CSCO,2.3468054,2.3561262,2.3451303
2024-10-11,IBM,7.7947787,7.8750244,7.7277743
2024-10-11,INTC,4.9598912,4.8848756,4.9393119
2024-10-11,MSFT,105.81366,107.59538,104.33492
2024-10-11,NKE,3.0088058,3.055274,2.9502528
2024-10-11,VZ,0.12069988,0.1217752,0.11997299
2024-10-11,WMT,0.64914137,0.65568346,0.64417191
2024-10-14,AAPL,25.895127,25.728318,26.379113
2024-10-14,AMGN,0.25224944,0.2566802,0.24922897
2024-10-14,CRM,1.5413178,1.5699765,1.5315848
2024-10-14,CSCO,2.3863177,2.4138192,2.3707459
2024-10-14,IBM,7.7671098,7.7469694,7.6952095
2024-10-14,INTC,4.9692951,5.0872967,4.9385698
2024-10-14,MSFT,107.37093,106.84932,106.80521
2024-10-14,NKE,2.9277195,2.9523719,2.9315785
2024-10-14,VZ,0.12274821,0.12188853,0.1231119
2024-10-14,WMT,0.64158226,0.65201854,0.63883757
2024-10-15,AAPL,26.391094,26.447865,25.622086
2024-10-15,AMGN,0.25004425,0.25800467,0.24518802
2024-10-15,CRM,1.568745,1.6348037,1.5269087
2024-10-15,CSCO,2.3538434,2.3685095,2.3177477
2024-10-15,IBM,7.6319912,7.7070391,7.6269663
2024-10-15,INTC,4.9374456,5.0165944,4.9347849
2024-10-15,MSFT,106.79168,106.56514,102.82193
2024-10-15,NKE,2.9121414,2.955483,2.9084704
2024-10-15,VZ,0.12493331,0.12513894,0.12289147
2024-10-15,WMT,0.63610421,0.63649481,0.62929582
2024-10-16,AAPL,26.74466,26.991613,26.056824
2024-10-16,AMGN,0.24292543,0.24808621,0.24017298
2024-10-16,CRM,1.5502867,1.5571139,1.5603484
2024-10-16,CSCO,2.4384415,2.4776654,2.4491198
2024-10-16,IBM,7.6034772,7.6058475,7.6668467
2024-10-16,INTC,4.8755351,4.9481083,4.7363492
2024-10-16,MSFT,107.37666,109.30904,107.01265
2024-10-16,NKE,2.8897045,2.9037086,2.8697224
2024-10-16,VZ,0.12459066,0.1248678,0.12368552
2024-10-16,WMT,0.62964294,0.62807638,0.62991316
2024-10-17,AAPL,26.711146,26.532423,26.000617
2024-10-17,AMGN,0.25022009,0.25348706,0.25027426
2024-10-17,CRM,1.521305,1.5409095,1.5034882
2024-10-17,CSCO,2.4320164,2.4604774,2.453014
2024-10-17,IBM,7.4123232,7.4525569,7.5091694
2024-10-17,INTC,4.8264879,4.9128774,4.829798
2024-10-17,MSFT,110.25939,110.75501,109.40129
2024-10-17,NKE,2.9267889,2.8843233,2.8088858
2024-10-17,VZ,0.12598926,0.12765602,0.12596375
2024-10-17,WMT,0.62609366,0.63660729,0.61259298
2024-10-18,AAPL,25.896134,26.487633,25.623864
2024-10-18,AMGN,0.24710006,0.24984144,0.24423286
2024-10-18,CRM,1.4597371,1.4597623,1.4460685
2024-10-18,CSCO,2.2967626,2.354681,2.3105665
2024-10-18,IBM,7.3487926,7.3330602,7.3570379
2024-10-18,INTC,4.8934682,4.9377186,4.8155448
2024-10-18,MSFT,108.73487,108.11951,108.62013
2024-10-18,NKE,2.927182,2.9441161,2.8559237
2024-10-18,VZ,0.12517924,0.12560241,0.12463211
2024-10-18,WMT,0.63682384,0.63715399,0.62998838
2024-10-21,AAPL,24.992877,25.112278,25.235544
2024-10-21,AMGN,0.25032785,0.25260998,0.24705698
2024-10-21,CRM,1.4770947,1.5052559,1.4541279
2024-10-21,CSCO,2.2622161,2.2976803,2.2600719
2024-10-21,IBM,7.2819861,7.2602173,7.1797254
2024-10-21,INTC,4.8715088,4.924476,4.8195092
2024-10-21,MSFT,108.52909,110.32533,107.33058
2024-10-21,NKE,2.9599163,3.0120562,2.951004
2024-10-21,VZ,0.12268203,0.12450585,0.12200673
2024-10-21,WMT,0.64260918,0.63954472,0.64329258
2024-10-22,AAPL,24.735769,25.075897,24.181148
2024-10-22,AMGN,0.24835455,0.25205881,0.24781683
2024-10-22,CRM,1.449165,1.4239001,1.4362807
2024-10-22,CSCO,2.3016987,2.3002537,2.2736293
2024-10-22,IBM,7.3874545,7.3612278,7.3792266
2024-10-22,INTC,4.7963034,4.8259557,4.6827514
2024-10-22,MSFT,108.46353,111.68057,109.31951
2024-10-22,NKE,3.0350521,3.0961239,3.010912
2024-10-22,VZ,0.12263395,0.12244321,0.1215655
2024-10-22,WMT,0.63529672,0.64406732,0.62717001
2024-10-23,AAPL,24.37294,24.13578,24.767824
2024-10-23,AMGN,0.24960577,0.24991216,0.2472469
2024-10-23,CRM,1.4477993,1.4903941,1.4362731
2024-10-23,CSCO,2.2957877,2.3111346,2.2713305
2024-10-23,IBM,7.2419862,7.2809544,7.2123427
2024-10-23,INTC,4.7555554,4.7949701,4.7475345
2024-10-23,MSFT,106.57211,107.56065,104.17532
2024-10-23,NKE,3.0265166,3.0561948,2.9755453
2024-10-23,VZ,0.12386547,0.12480629,0.12090542
2024-10-23,WMT,0.64150858,0.64604209,0.63134976
2024-10-24,AAPL,24.296619,24.526531,23.893356
2024-10-24,AMGN,0.2549081,0.25496781,0.25406171
2024-10-24,CRM,1.424379,1.4430535,1.3682756
2024-10-24,CSCO,2.3327071,2.3509672,2.3426426
2024-10-24,IBM,7.0604026,7.1129385,7.0004932
2024-10-24,INTC,4.9013787,5.0736922,4.8153502
2024-10-24,MSFT,107.67917,109.13956,107.66724
2024-10-24,NKE,2.9845768,3.04851,2.9486183
2024-10-24,VZ,0.12533697,0.12566314,0.12452632
2024-10-24,WMT,0.6506235,0.65811157,0.63680628
2024-10-25,AAPL,24.234129,24.861169,24.265133
2024-10-25,AMGN,0.24949189,0.25494441,0.24617958
2024-10-25,CRM,1.4520266,1.4491794,1.4293382
2024-10-25,CSCO,2.3927029,2.390252,2.3746595
2024-10-25,IBM,7.1021518,7.1754058,7.1540298
2024-10-25,INTC,4.8023255,4.8276057,4.8479345
2024-10-25,MSFT,107.15509,107.92224,107.2506
2024-10-25,NKE,2.9877084,3.0630386,2.9766747
2024-10-25,VZ,0.12318703,0.12313238,0.12331967
2024-10-25,WMT,0.66263894,0.66124341,0.66154722
2024-10-28,AAPL,24.15008,24.132356,24.320091
2024-10-28,AMGN,0.24996142,0.25493677,0.24531353
2024-10-28,CRM,1.4420326,1.4740581,1.4170026
2024-10-28,CSCO,2.3490194,2.368051,2.3483802
2024-10-28,IBM,7.0690478,7.0975039,7.1320225
2024-10-28,INTC,4.7401589,4.845131,4.6735141
2024-10-28,MSFT,104.24053,104.46264,100.12746
2024-10-28,NKE,3.0252487,3.0845087,3.0509773
2024-10-28,VZ,0.1216651,0.12480351,0.11880154
2024-10-28,WMT,0.67768759,0.677315,0.67522679
2024-10-29,AAPL,24.22333,24.766982,23.737903
2024-10-29,AMGN,0.24829581,0.25421254,0.25151688
2024-10-29,CRM,1.5281239,1.5545869,1.520358
2024-10-29,CSCO,2.3955135,2.4202536,2.3051595
2024-10-29,IBM,7.001504,7.0361167,7.0085033
2024-10-29,INTC,4.5911715,4.5883728,4.5930947
2024-10-29,MSFT,104.18935,102.66815,103.55125
2024-10-29,NKE,3.0433191,3.1077869,3.0035575
2024-10-29,VZ,0.12286825,0.12354132,0.12174915
2024-10-29,WMT,0.67651465,0.67384673,0.67979189
2024-10-30,AAPL,24.020606,24.263409,23.287711
2024-10-30,AMGN,0.24652996,0.252324,0.24315296
2024-10-30,CRM,1.5332514,1.5384652,1.4804195
2024-10-30,CSCO,2.3834074,2.4031092,2.3463214
2024-10-30,IBM,7.073014,7.0998799,7.0632134
2024-10-30,INTC,4.6426396,4.6874588,4.5386558
2024-10-30,MSFT,104.13498,106.5633,103.46903
2024-10-30,NKE,2.9454752,3.0022059,2.9589898
2024-10-30,VZ,0.12222489,0.12279103,0.12071743
2024-10-30,WMT,0.67785069,0.68307497,0.66865637
2024-10-31,AAPL,24.10316,24.133384,23.408717
2024-10-31,AMGN,0.24126505,0.24819375,0.23955555
2024-10-31,CRM,1.4809122,1.494422,1.483218
2024-10-31,CSCO,2.3979224,2.389916,2.4004356
2024-10-31,IBM,6.8838521,6.9626299,6.803989
2024-10-31,INTC,4.745373,4.8032365,4.695387
2024-10-31,MSFT,105.71215,106.69275,104.39326
2024-10-31,NKE,2.7682179,2.7698953,2.7350545
2024-10-31,VZ,0.11837431,0.12001214,0.11533039
2024-10-31,WMT,0.68347604,0.68429765,0.67675568
2024-11-01,AAPL,23.582068,24.056166,23.498327
2024-11-01,AMGN,0.24281042,0.24528823,0.23661209
2024-11-01,CRM,1.4813113,1.4846969,1.4711952
2024-11-01,CSCO,2.3796704,2.4367804,2.369498
2024-11-01,IBM,6.7777722,6.8721564,6.7291338
2024-11-01,INTC,4.5322319,4.5595065,4.5636202
2024-11-01,MSFT,107.74198,109.40598,108.59795
2024-11-01,NKE,2.7091663,2.7426014,2.679753
2024-11-01,VZ,0.11500013,0.1162354,0.11422364
2024-11-01,WMT,0.69309258,0.69813176,0.68952185
2024-11-04,AAPL,23.467527,23.283153,23.093594
2024-11-04,AMGN,0.2436787,0.24237444,0.24228276
2024-11-04,CRM,1.4518174,1.4761862,1.4022533
2024-11-04,CSCO,2.3466457,2.3798424,2.339542
2024-11-04,IBM,6.6663548,6.8070478,6.6808984
2024-11-04,INTC,4.5209481,4.6062304,4.4807683
2024-11-04,MSFT,110.09011,109.82592,108.73475
2024-11-04,NKE,2.7335319,2.7492358,2.6574375
2024-11-04,VZ,0.11604439,0.11702319,0.11383299
2024-11-04,WMT,0.68049658,0.69632306,0.67252806
2024-11-05,AAPL,23.917539,24.328507,23.316107
2024-11-05,AMGN,0.24441734,0.24674867,0.24121467
2024-11-05,CRM,1.4793954,1.5007217,1.4605578
2024-11-05,CSCO,2.2589372,2.2954136,2.2328953
2024-11-05,IBM,6.6395135,6.6251693,6.662014
2024-11-05,INTC,4.3714541,4.3408364,4.3739112
2024-11-05,MSFT,108.43584,108.46396,108.26371
2024-11-05,NKE,2.7031298,2.7168446,2.7126803
2024-11-05,VZ,0.11494849,0.11396344,0.11437227
2024-11-05,WMT,0.67909867,0.68525926,0.67035117
2024-11-06,AAPL,24.290457,24.310266,24.400674
2024-11-06,AMGN,0.25053227,0.24903752,0.2445614
2024-11-06,CRM,1.5150294,1.5258519,1.5193017
2024-11-06,CSCO,2.2675579,2.3286607,2.2313054
2024-11-06,IBM,6.5544603,6.5989912,6.5271575
2024-11-06,INTC,4.315533,4.3480684,4.3326102
2024-11-06,MSFT,107.58466,107.85411,106.68518
2024-11-06,NKE,2.7333754,2.7904456,2.7071991
2024-11-06,VZ,0.11073936,0.11110586,0.10985425
2024-11-06,WMT,0.68874357,0.69483672,0.6855495
2024-11-07,AAPL,24.142158,24.199987,23.689698
2024-11-07,AMGN,0.24938199,0.25110595,0.24837919
2024-11-07,CRM,1.5129784,1.5686324,1.453436
2024-11-07,CSCO,2.2677737,2.24658,2.2640477
2024-11-07,IBM,6.5532611,6.5087408,6.5388021
2024-11-07,INTC,4.3116094,4.4146421,4.2986953
2024-11-07,MSFT,105.07912,105.1062,103.68104
2024-11-07,NKE,2.7224639,2.7264882,2.679355
2024-11-07,VZ,0.1089837,0.11006739,0.10585358
2024-11-07,WMT,0.67684728,0.6858305,0.67324123
2024-11-08,AAPL,24.594474,24.41357,24.270616
2024-11-08,AMGN,0.2514554,0.26279672,0.24621723
2024-11-08,CRM,1.4800672,1.4846386,1.4581175
2024-11-08,CSCO,2.2453358,2.2198778,2.2095875
2024-11-08,IBM,6.429069,6.4431792,6.2909464
2024-11-08,INTC,4.374521,4.3683704,4.4185582
2024-11-08,MSFT,104.70548,104.3392,103.62327
2024-11-08,NKE,2.7693447,2.7983937,2.7902863
2024-11-08,VZ,0.10629656,0.10917083,0.10622922
2024-11-08,WMT,0.68656363,0.68741547,0.69000037
2024-11-11,AAPL,24.647431,24.71124,24.265752
2024-11-11,AMGN,0.25097837,0.25526348,0.24944268
2024-11-11,CRM,1.4368148,1.4540252,1.3979255
2024-11-11,CSCO,2.2336798,2.2312723,2.1901389
2024-11-11,IBM,6.5212768,6.4935277,6.4096481
2024-11-11,INTC,4.4444494,4.5369522,4.3547851
2024-11-11,MSFT,103.3773,103.72672,102.87893
2024-11-11,NKE,2.8932851,2.9482852,2.8530067
2024-11-11,VZ,0.10612838,0.10657463,0.10598317
2024-11-11,WMT,0.68314348,0.68930981,0.68983973
2024-11-12,AAPL,24.157888,24.473793,23.680181
2024-11-12,AMGN,0.25613789,0.25462757,0.25651111
2024-11-12,CRM,1.4818785,1.5081916,1.4703066
2024-11-12,CSCO,2.2458009,2.2802725,2.2388972
2024-11-12,IBM,6.6147193,6.7111904,6.6149401
2024-11-12,INTC,4.4484268,4.4391546,4.3929836
2024-11-12,MSFT,103.61074,105.734,103.74164
2024-11-12,NKE,2.8561131,2.8416938,2.8431022
2024-11-12,VZ,0.1056684,0.10685576,0.1046734
2024-11-12,WMT,0.66421184,0.66279099,0.65648215
2024-11-13,AAPL,23.853979,24.233969,23.415024
2024-11-13,AMGN,0.25143525,0.25377723,0.24519895
2024-11-13,CRM,1.5072653,1.513124,1.4408857
2024-11-13,CSCO,2.1935108,2.2256164,2.1675435
2024-11-13,IBM,6.5667935,6.5516153,6.4818497
2024-11-13,INTC,4.4642485,4.5064579,4.3392746
2024-11-13,MSFT,99.970438,100.70711,99.537449
2024-11-13,NKE,2.8340677,2.8775723,2.7957533
2024-11-13,VZ,0.10526482,0.10709357,0.10475998
2024-11-13,WMT,0.64735748,0.65604516,0.64452549
2024-11-14,AAPL,24.088329,24.528986,24.476209
2024-11-14,AMGN,0.25384532,0.25453136,0.24969704
2024-11-14,CRM,1.574791,1.5527257,1.5415795
2024-11-14,CSCO,2.2256239,2.2778082,2.2473392
2024-11-14,IBM,6.5676638,6.6343628,6.5663257
2024-11-14,INTC,4.5101293,4.5168736,4.4146401
2024-11-14,MSFT,100.22427,100.43956,99.985628
2024-11-14,NKE,2.7406547,2.7646984,2.7105948
2024-11-14,VZ,0.10686413,0.10851565,0.10404501
2024-11-14,WMT,0.65134488,0.66089795,0.64821282
2024-11-15,AAPL,23.966238,24.429369,23.500016
2024-11-15,AMGN,0.25280079,0.25495273,0.25069658
2024-11-15,CRM,1.6016121,1.5745439,1.6027853
2024-11-15,CSCO,2.1233919,2.1290863,2.0707681
2024-11-15,IBM,6.577326,6.5455191,6.4689746
2024-11-15,INTC,4.5512298,4.5919307,4.434594
2024-11-15,MSFT,99.427062,100.7972,97.794303
2024-11-15,NKE,2.72751,2.7499235,2.7239476
2024-11-15,VZ,0.10447432,0.10518365,0.10311645
2024-11-15,WMT,0.65260029,0.65337047,0.64003903
2024-11-18,AAPL,23.921601,24.710295,23.468622
2024-11-18,AMGN,0.25285445,0.2618962,0.25175168
2024-11-18,CRM,1.6613761,1.6915854,1.6039854
2024-11-18,CSCO,2.0873522,2.0664663,2.05605
2024-11-18,IBM,6.600793,6.641639,6.6450587
2024-11-18,INTC,4.5281521,4.5515729,4.506086
2024-11-18,MSFT,99.245901,101.13687,98.929314
2024-11-18,NKE,2.6517178,2.6727694,2.6524834
2024-11-18,VZ,0.10367247,0.10528143,0.10251352
2024-11-18,WMT,0.66373502,0.66681466,0.6616661
2024-11-19,AAPL,23.834694,24.095825,23.66007
2024-11-19,AMGN,0.23818264,0.23999665,0.23641511
2024-11-19,CRM,1.6403018,1.6213656,1.6280601
2024-11-19,CSCO,2.073102,2.1124715,2.0563119
2024-11-19,IBM,6.6720501,6.7064745,6.6803553
2024-11-19,INTC,4.6687389,4.5947775,4.6605191
2024-11-19,MSFT,99.379064,96.08714,98.835095
2024-11-19,NKE,2.5889641,2.6258773,2.5854969
2024-11-19,VZ,0.1049906,0.10479798,0.10422152
2024-11-19,WMT,0.65297033,0.66661664,0.63933558
2024-11-20,AAPL,23.925362,24.248896,23.390559
2024-11-20,AMGN,0.24103924,0.24472701,0.24066407
2024-11-20,CRM,1.6974484,1.759038,1.715693
2024-11-20,CSCO,2.1049841,2.1382576,2.0830093
2024-11-20,IBM,6.6323263,6.7837115,6.6045861
2024-11-20,INTC,4.7476237,4.8112026,4.6965352
2024-11-20,MSFT,100.78461,100.99742,98.692549
2024-11-20,NKE,2.5938644,2.6231499,2.5622222
2024-11-20,VZ,0.10433021,0.10623635,0.1047482
2024-11-20,WMT,0.64982668,0.65743293,0.64798851
2024-11-21,AAPL,23.320558,23.629572,22.997762
2024-11-21,AMGN,0.23235793,0.23410417,0.22872985
2024-11-21,CRM,1.7735018,1.7884328,1.787177
2024-11-21,CSCO,2.092556,2.1072463,2.09161
2024-11-21,IBM,6.6044022,6.7152407,6.6003094
2024-11-21,INTC,4.88746,4.8450619,4.7976198
2024-11-21,MSFT,98.04979,98.080039,94.706409
2024-11-21,NKE,2.6385109,2.6545264,2.6164908
2024-11-21,VZ,0.10342777,0.10368411,0.10090933
2024-11-21,WMT,0.63921875,0.64180607,0.63695959
2024-11-22,AAPL,23.373736,23.412227,22.734029
2024-11-22,AMGN,0.23286481,0.23491416,0.23076549
2024-11-22,CRM,1.8320015,1.8945389,1.7876394
2024-11-22,CSCO,2.0905643,2.0769308,2.0471778
2024-11-22,IBM,6.6319858,6.6765611,6.6230845
2024-11-22,INTC,4.9795224,5.0579507,5.021013
2024-11-22,MSFT,96.4824,97.783553,96.494351
2024-11-22,NKE,2.6726587,2.6848078,2.6890284
2024-11-22,VZ,0.10254751,0.10368756,0.10169771
2024-11-22,WMT,0.63128825,0.62951553,0.63029702
2024-11-25,AAPL,23.420291,23.888392,23.156983
2024-11-25,AMGN,0.22230566,0.22499091,0.2213471
2024-11-25,CRM,1.8466228,1.8746928,1.8268216
2024-11-25,CSCO,2.0744945,2.1150611,2.049788
2024-11-25,IBM,6.6214967,6.5918,6.6756449
2024-11-25,INTC,4.9936,5.0759628,4.8544558
2024-11-25,MSFT,96.823158,96.087445,94.525939
2024-11-25,NKE,2.6772027,2.6809537,2.6487835
2024-11-25,VZ,0.10326855,0.10397688,0.10376613
2024-11-25,WMT,0.63034771,0.63621768,0.62945042
2024-11-26,AAPL,23.178003,23.732046,22.738451
2024-11-26,AMGN,0.21558061,0.21608645,0.21221024
2024-11-26,CRM,1.9222031,1.9355052,1.89065
2024-11-26,CSCO,2.1148247,2.1235587,2.1046311
2024-11-26,IBM,6.5269063,6.6240745,6.5614953
2024-11-26,INTC,5.0130306,5.0668068,4.9739455
2024-11-26,MSFT,97.898252,99.277423,97.558667
2024-11-26,NKE,2.6847458,2.6857549,2.6477824
2024-11-26,VZ,0.10602235,0.10717504,0.1051824
2024-11-26,WMT,0.61775556,0.62518422,0.60822729
2024-11-27,AAPL,23.537023,23.541296,23.498128
2024-11-27,AMGN,0.21382166,0.21596841,0.21222711
2024-11-27,CRM,1.7962711,1.801737,1.811625
2024-11-27,CSCO,2.0921939,2.0980331,2.0735421
2024-11-27,IBM,6.5153777,6.5681214,6.4814067
2024-11-27,INTC,5.0302809,5.0885657,4.9942314
2024-11-27,MSFT,97.929093,97.97175,96.696698
2024-11-27,NKE,2.740999,2.72547,2.774333
2024-11-27,VZ,0.10797749,0.10944962,0.10892786
2024-11-27,WMT,0.62046406,0.61426804,0.60995669
2024-11-29,AAPL,23.802785,23.877306,23.441392
2024-11-29,AMGN,0.21333486,0.21544272,0.21480808
2024-11-29,CRM,1.8650177,1.8948024,1.8930318
2024-11-29,CSCO,2.1427475,2.1705586,2.0758906
2024-11-29,IBM,6.4517084,6.517396,6.3841742
2024-11-29,INTC,4.9986576,5.0681582,4.9592221
2024-11-29,MSFT,98.564093,100.61551,97.949475
2024-11-29,NKE,2.7498928,2.770841,2.7703808
2024-11-29,VZ,0.10640416,0.10632501,0.10556242
2024-11-29,WMT,0.61301274,0.61810846,0.60192863
2024-12-02,AAPL,23.885895,24.18945,23.480261
2024-12-02,AMGN,0.21337964,0.21762804,0.20997205
2024-12-02,CRM,1.8567954,1.8941327,1.8213675
2024-12-02,CSCO,2.1723017,2.1914791,2.1540172
2024-12-02,IBM,6.5989563,6.6411494,6.5559136
2024-12-02,INTC,5.0605048,5.069389,4.9666784
2024-12-02,MSFT,97.513566,98.810991,94.926354
2024-12-02,NKE,2.7866996,2.8099902,2.7298009
2024-12-02,VZ,0.10540315,0.10615827,0.10442223
2024-12-02,WMT,0.60833935,0.61923761,0.60700078
2024-12-03,AAPL,24.653636,25.129936,24.215198
2024-12-03,AMGN,0.21672129,0.22219308,0.21486146
2024-12-03,CRM,1.8498343,1.902373,1.8507563
2024-12-03,CSCO,2.1517619,2.2033617,2.1497499
2024-12-03,IBM,6.6438187,6.6120435,6.6152008
2024-12-03,INTC,5.0430448,5.094769,5.0254817
2024-12-03,MSFT,96.163465,98.530041,94.946452
2024-12-03,NKE,2.8416098,2.8137196,2.8394284
2024-12-03,VZ,0.10759669,0.10839633,0.10611031
2024-12-03,WMT,0.61182771,0.61686829,0.62129343
2024-12-04,AAPL,24.545749,25.262382,24.717926
2024-12-04,AMGN,0.21895736,0.22184351,0.21719438
2024-12-04,CRM,1.877079,1.8752361,1.8862809
2024-12-04,CSCO,2.0882059,2.0960413,2.0522025
2024-12-04,IBM,6.7214476,6.7328207,6.7751512
2024-12-04,INTC,4.9674299,4.9941199,4.9519152
2024-12-04,MSFT,98.951009,99.18353,98.113691
2024-12-04,NKE,2.8766849,2.8633992,2.7928031
2024-12-04,VZ,0.10834507,0.10949223,0.10657281
2024-12-04,WMT,0.60639228,0.61301093,0.60023576
2024-12-05,AAPL,25.705503,26.577631,25.455337
2024-12-05,AMGN,0.2199092,0.22706436,0.2239098
2024-12-05,CRM,1.890801,1.8818392,1.7929132
2024-12-05,CSCO,2.1108541,2.0973591,2.1508922
2024-12-05,IBM,6.7219897,6.8130882,6.6417208
2024-12-05,INTC,5.0376391,4.9271305,4.9141049
2024-12-05,MSFT,100.40219,101.74823,99.17277
2024-12-05,NKE,2.876145,2.9102126,2.8600157
2024-12-05,VZ,0.10819648,0.11058204,0.10726146
2024-12-05,WMT,0.60777101,0.6173317,0.60073687
2024-12-06,AAPL,26.766536,27.38909,26.416263
2024-12-06,AMGN,0.21923054,0.21887205,0.21663646
2024-12-06,CRM,1.8491262,1.8604747,1.7610256
2024-12-06,CSCO,2.1163132,2.0852169,2.0758014
2024-12-06,IBM,6.7405697,6.7090268,6.6680314
2024-12-06,INTC,4.8681643,4.9807565,4.81715
2024-12-06,MSFT,103.0393,103.78179,102.91816
2024-12-06,NKE,2.8735324,2.8618293,2.8241904
2024-12-06,VZ,0.10809185,0.1091302,0.10704452
2024-12-06,WMT,0.59743871,0.60371178,0.59121787
2024-12-09,AAPL,26.808987,27.332101,26.520427
2024-12-09,AMGN,0.22142988,0.22370996,0.22221943
2024-12-09,CRM,1.8943747,1.8804122,1.8051237
2024-12-09,CSCO,2.1932644,2.1817056,2.1705499
2024-12-09,IBM,6.7602765,6.7285314,6.7138872
2024-12-09,INTC,4.8152294,4.8650652,4.841353
2024-12-09,MSFT,107.10641,107.86743,104.15284
2024-12-09,NKE,2.757949,2.7843775,2.7756127
2024-12-09,VZ,0.10797224,0.10836749,0.10700024
2024-12-09,WMT,0.59447025,0.60189358,0.59705865
2024-12-10,AAPL,26.856688,26.697539,26.538045
2024-12-10,AMGN,0.22578591,0.2325783,0.22463187
2024-12-10,CRM,1.8636922,1.9039149,1.8220297
2024-12-10,CSCO,2.1384903,2.1825508,2.1001705
2024-12-10,IBM,6.7017502,6.7624562,6.628518
2024-12-10,INTC,4.7439137,4.7730385,4.6874085
2024-12-10,MSFT,105.6664,105.79284,102.98163
2024-12-10,NKE,2.6830909,2.6739125,2.6583736
2024-12-10,VZ,0.10549299,0.10651383,0.10337161
2024-12-10,WMT,0.58249832,0.57382907,0.57578847
2024-12-11,AAPL,26.432493,27.175608,25.586234
2024-12-11,AMGN,0.23107734,0.23665001,0.22861363
2024-12-11,CRM,1.7834477,1.8317217,1.6976456
2024-12-11,CSCO,2.0882157,2.0589046,2.0756313
2024-12-11,IBM,6.6151783,6.7049546,6.5154945
2024-12-11,INTC,4.7744286,4.7769511,4.771294
2024-12-11,MSFT,100.60203,100.66293,98.672863
2024-12-11,NKE,2.7643017,2.8169369,2.7611359
2024-12-11,VZ,0.10398156,0.10659019,0.1035602
2024-12-11,WMT,0.5839325,0.58312067,0.58248321
2024-12-12,AAPL,26.33552,26.271077,26.067269
2024-12-12,AMGN,0.22940757,0.23324323,0.2231685
2024-12-12,CRM,1.8171894,1.8433786,1.8266156
2024-12-12,CSCO,2.1678785,2.185954,2.12213
2024-12-12,IBM,6.5033482,6.6052095,6.4443591
2024-12-12,INTC,4.7712555,4.8506126,4.6565023
2024-12-12,MSFT,98.315796,100.33609,96.752051
2024-12-12,NKE,2.7520009,2.7642705,2.7394072
2024-12-12,VZ,0.10438056,0.10753568,0.10279796
2024-12-12,WMT,0.56399642,0.57427953,0.55442766
2024-12-13,AAPL,26.67604,26.624556,26.681873
2024-12-13,AMGN,0.2276997,0.23233501,0.22399424
2024-12-13,CRM,1.8815318,1.9209725,1.8570461
2024-12-13,CSCO,2.1102261,2.0937445,2.0886263
2024-12-13,IBM,6.4368973,6.4963031,6.4401984
2024-12-13,INTC,4.8362731,4.8078332,4.7714286
2024-12-13,MSFT,97.841156,98.942372,96.878357
2024-12-13,NKE,2.7634852,2.8218067,2.717341
2024-12-13,VZ,0.10483313,0.10498053,0.10418113
2024-12-13,WMT,0.56421535,0.57261131,0.56961953
2024-12-16,AAPL,26.680562,27.159765,25.929107
2024-12-16,AMGN,0.22468074,0.22513318,0.2241487
2024-12-16,CRM,1.8504147,1.8700833,1.8080244
2024-12-16,CSCO,2.1114822,2.1677431,2.1083689
2024-12-16,IBM,6.4634864,6.5610203,6.3302829
2024-12-16,INTC,4.8959419,4.9992944,4.8366005
2024-12-16,MSFT,96.149738,98.137617,95.552616
2024-12-16,NKE,2.7531314,2.737003,2.7883471
2024-12-16,VZ,0.10502275,0.10723326,0.1038028
2024-12-16,WMT,0.55923735,0.57051862,0.55714273
2024-12-17,AAPL,26.760974,26.922731,26.591497
2024-12-17,AMGN,0.2245308,0.22517549,0.22165604
2024-12-17,CRM,1.8924969,1.8834707,1.8056585
2024-12-17,CSCO,2.1702827,2.216921,2.1679537
2024-12-17,IBM,6.4495644,6.47862,6.4035942
2024-12-17,INTC,4.707748,4.7320915,4.7165264
2024-12-17,MSFT,95.679682,95.896509,94.859164
2024-12-17,NKE,2.7039414,2.7218474,2.6766193
2024-12-17,VZ,0.10690568,0.10666936,0.10485747
2024-12-17,WMT,0.54809263,0.55856934,0.54262879
2024-12-18,AAPL,27.270749,27.465538,27.239293
2024-12-18,AMGN,0.21681325,0.22176543,0.21792097
2024-12-18,CRM,1.9267115,1.9596366,1.9450534
2024-12-18,CSCO,2.1585929,2.1479728,2.1550446
2024-12-18,IBM,6.6095062,6.6796432,6.5174715
2024-12-18,INTC,4.8384628,4.8993181,4.8269296
2024-12-18,MSFT,93.964878,96.549588,91.628724
2024-12-18,NKE,2.7220266,2.7502788,2.6656968
2024-12-18,VZ,0.10809623,0.10793102,0.10544008
2024-12-18,WMT,0.54824921,0.55293834,0.55037186
2024-12-19,AAPL,27.33723,27.716661,26.553722
2024-12-19,AMGN,0.21781001,0.22244383,0.21511624
2024-12-19,CRM,1.9614772,2.0303908,1.9402031
2024-12-19,CSCO,2.2453224,2.2812289,2.2004042
2024-12-19,IBM,6.6913434,6.7022755,6.6657518
2024-12-19,INTC,4.7426574,4.8562852,4.7376485
2024-12-19,MSFT,93.563239,93.872875,92.843843
2024-12-19,NKE,2.70745,2.7300947,2.7179233
2024-12-19,VZ,0.10758022,0.10739704,0.10680515
2024-12-19,WMT,0.54464087,0.54871856,0.54415418
2024-12-20,AAPL,27.020065,26.986141,26.784737
2024-12-20,AMGN,0.21750622,0.21756682,0.21610954
2024-12-20,CRM,1.9984565,2.0015135,1.971756
2024-12-20,CSCO,2.2244358,2.2197235,2.2037999
2024-12-20,IBM,6.6161151,6.7243038,6.5875034
2024-12-20,INTC,4.8028635,4.8257837,4.6721965
2024-12-20,MSFT,94.549055,96.088905,93.964698
2024-12-20,NKE,2.6360119,2.6480513,2.6128814
2024-12-20,VZ,0.10510552,0.10487774,0.10320481
2024-12-20,WMT,0.54580533,0.56162473,0.54423392
2024-12-23,AAPL,28.099932,28.324494,27.269773
2024-12-23,AMGN,0.21322167,0.21494409,0.20773582
2024-12-23,CRM,1.9947522,2.0280184,1.9797829
2024-12-23,CSCO,2.2346251,2.2338036,2.2236594
2024-12-23,IBM,6.6857833,6.7682003,6.5996033
2024-12-23,INTC,4.8450473,4.8864929,4.8681116
2024-12-23,MSFT,95.535386,96.163394,94.148732
2024-12-23,NKE,2.5926929,2.6324781,2.5638141
2024-12-23,VZ,0.10498125,0.10566706,0.10431192
2024-12-23,WMT,0.54353803,0.54636199,0.54188402
2024-12-24,AAPL,27.883069,28.459008,27.637134
2024-12-24,AMGN,0.21403857,0.21646881,0.21482623
2024-12-24,CRM,1.9780843,1.9901963,1.9675122
2024-12-24,CSCO,2.1946648,2.2212343,2.1754743
2024-12-24,IBM,6.6242709,6.7001105,6.7103313
2024-12-24,INTC,4.721841,4.7176844,4.6301565
2024-12-24,MSFT,93.90875,92.750811,91.948933
2024-12-24,NKE,2.5929699,2.6156586,2.5723584
2024-12-24,VZ,0.1064534,0.10549643,0.10642377
2024-12-24,WMT,0.54266061,0.53936176,0.54051555
2024-12-26,AAPL,27.175737,27.423045,27.460517
2024-12-26,AMGN,0.21199793,0.21114657,0.2106475
2024-12-26,CRM,2.0603622,2.1255634,1.9969152
2024-12-26,CSCO,2.128627,2.1312904,2.1187352
2024-12-26,IBM,6.5657808,6.5669877,6.5498735
2024-12-26,INTC,4.7605284,4.8526375,4.6863713
2024-12-26,MSFT,95.104835,95.753458,91.953967
2024-12-26,NKE,2.6172287,2.6494915,2.6082543
2024-12-26,VZ,0.10769791,0.10915273,0.10731708
2024-12-26,WMT,0.54610733,0.54387778,0.54695872
2024-12-27,AAPL,27.178757,27.31489,27.031948
2024-12-27,AMGN,0.20607624,0.2055613,0.20468121
2024-12-27,CRM,2.104366,2.1231293,2.0602457
2024-12-27,CSCO,2.1638609,2.1879622,2.1185507
2024-12-27,IBM,6.6120571,6.5805185,6.5906274
2024-12-27,INTC,4.7938069,4.751547,4.7328729
2024-12-27,MSFT,96.12134,96.58838,96.131206
2024-12-27,NKE,2.5891701,2.6526721,2.583716
2024-12-27,VZ,0.10442064,0.10503093,0.10415373
2024-12-27,WMT,0.53745437,0.54266483,0.53429802
2024-12-30,AAPL,27.564752,27.757649,26.231242
2024-12-30,AMGN,0.20051731,0.20672555,0.19883171
2024-12-30,CRM,2.1268631,2.1655772,2.045122
2024-12-30,CSCO,2.1581456,2.1572672,2.1463747
2024-12-30,IBM,6.6711263,6.7285957,6.6571257
2024-12-30,INTC,4.7520007,4.7528199,4.6380482
2024-12-30,MSFT,96.357945,97.16226,94.511781
2024-12-30,NKE,2.5976532,2.6235728,2.5701595
2024-12-30,VZ,0.10281782,0.10365836,0.10278687
2024-12-30,WMT,0.53438201,0.54132191,0.52524989
2024-12-31,AAPL,27.136409,27.430414,27.177787
2024-12-31,AMGN,0.20052694,0.20579039,0.201995
2024-12-31,CRM,2.1632407,2.1597307,2.1660838
2024-12-31,CSCO,2.2082867,2.2783842,2.1499418
2024-12-31,IBM,6.6275201,6.7285746,6.7370464
2024-12-31,INTC,4.7508262,4.7952813,4.6583179
2024-12-31,MSFT,97.71718,99.431324,96.905574
2024-12-31,NKE,2.5811308,2.6009544,2.5297123
2024-12-31,VZ,0.10256477,0.10231669,0.1009121
2024-12-31,WMT,0.52935887,0.53260358,0.53017954
