date,tic,close,high,low
2020-01-02,AAPL,74.105543,74.384487,73.180479
2020-01-02,AMGN,199.06775,202.92651,197.55541
2020-01-02,CRM,162.03093,163.51176,163.4068
2020-01-02,CSCO,41.027486,41.631654,41.202413
2020-01-02,IBM,93.895574,93.899133,94.258369
2020-01-02,INTC,54.022335,55.790872,53.312365
2020-01-02,MSFT,142.33645,142.90942,141.06279
2020-01-02,NKE,93.167082,95.633109,93.528139
2020-01-02,VZ,41.680187,42.270087,41.75733
2020-01-02,WMT,35.548798,35.788019,35.195501
2020-01-03,AAPL,74.473496,74.755148,73.103435
2020-01-03,AMGN,191.63553,194.92387,190.74658
2020-01-03,CRM,158.99638,158.83171,157.01521
2020-01-03,CSCO,41.280146,40.953208,40.732832
2020-01-03,IBM,92.220859,91.969376,91.709779
2020-01-03,INTC,55.264037,54.501778,55.312538
2020-01-03,MSFT,141.85543,141.4627,141.12327
2020-01-03,NKE,91.17196,93.642043,92.056649
2020-01-03,VZ,41.088374,41.084931,40.945812
2020-01-03,WMT,35.142864,35.495675,35.08577
2020-01-06,AAPL,73.163175,73.039714,72.820088
2020-01-06,AMGN,191.76137,192.25594,192.78194
2020-01-06,CRM,162.18709,164.30692,160.65853
2020-01-06,CSCO,42.470106,42.230487,41.866254
2020-01-06,IBM,89.567781,89.84631,88.122719
2020-01-06,INTC,54.773363,54.656417,54.203688
2020-01-06,MSFT,139.35673,142.02784,138.10962
2020-01-06,NKE,89.437637,89.412987,88.030856
2020-01-06,VZ,40.677609,40.441281,40.38343
2020-01-06,WMT,34.315588,34.336717,33.970983
2020-01-07,AAPL,74.597545,74.774039,73.436347
2020-01-07,AMGN,188.98854,189.10823,186.75345
2020-01-07,CRM,156.50897,156.27826,158.23903
2020-01-07,CSCO,44.499514,45.449097,43.926611
2020-01-07,IBM,88.521974,90.829794,87.330227
2020-01-07,INTC,56.113627,57.935816,55.689775
2020-01-07,MSFT,135.81681,137.50275,135.55012
2020-01-07,NKE,88.175422,88.956056,85.116457
2020-01-07,VZ,40.657082,40.845929,40.113563
2020-01-07,WMT,34.414653,35.179577,34.206924
2020-01-08,AAPL,73.710863,73.694567,75.024847
2020-01-08,AMGN,188.49509,192.40006,188.18315
2020-01-08,CRM,158.29083,159.57474,156.90692
2020-01-08,CSCO,44.603877,45.821419,43.529763
2020-01-08,IBM,86.382038,87.60205,85.715478
2020-01-08,INTC,55.647201,55.754726,55.883306
2020-01-08,MSFT,133.54798,132.90377,132.0845
2020-01-08,NKE,86.69048,86.751576,85.624273
2020-01-08,VZ,40.448269,40.34873,40.199417
2020-01-08,WMT,34.211601,34.109224,34.31256
2020-01-09,AAPL,71.845011,71.737359,71.736421
2020-01-09,AMGN,193.08166,195.09097,191.97292
2020-01-09,CRM,167.52486,169.4056,170.20484
2020-01-09,CSCO,44.600516,44.52896,43.899919
2020-01-09,IBM,86.989422,87.599548,85.691991
2020-01-09,INTC,55.395753,55.624736,54.364567
2020-01-09,MSFT,136.33411,135.86537,135.23551
2020-01-09,NKE,85.330867,86.218536,86.455
2020-01-09,VZ,40.965563,42.040987,41.431803
2020-01-09,WMT,33.961075,34.177952,33.693276
2020-01-10,AAPL,72.760947,72.8313,71.948713
2020-01-10,AMGN,183.70164,186.36758,182.42926
2020-01-10,CRM,172.83781,170.84694,168.3588
2020-01-10,CSCO,44.851163,45.528485,44.304618
2020-01-10,IBM,89.186005,91.713227,87.542127
2020-01-10,INTC,56.407253,56.269645,54.929421
2020-01-10,MSFT,131.95921,132.99912,129.17228
2020-01-10,NKE,84.068174,85.766954,82.816748
2020-01-10,VZ,41.246591,41.883506,41.419437
2020-01-10,WMT,33.729136,34.101183,33.558623
2020-01-13,AAPL,75.449085,76.513229,73.825244
2020-01-13,AMGN,180.95336,180.83155,180.2832
2020-01-13,CRM,174.35759,175.95773,172.68064
2020-01-13,CSCO,45.550913,45.996099,45.72864
2020-01-13,IBM,91.398948,92.389587,89.038459
2020-01-13,INTC,54.254526,54.635049,53.751062
2020-01-13,MSFT,134.12923,134.6535,135.19459
2020-01-13,NKE,82.824211,82.939512,84.284202
2020-01-13,VZ,41.133891,40.968196,41.249233
2020-01-13,WMT,33.820474,34.508829,33.762411
2020-01-14,AAPL,73.053217,73.868545,72.456254
2020-01-14,AMGN,179.55211,182.34817,181.53581
2020-01-14,CRM,169.55251,167.93645,165.12406
2020-01-14,CSCO,44.803756,44.586264,43.240328
2020-01-14,IBM,93.959068,94.763711,93.474471
2020-01-14,INTC,53.032403,53.360822,52.900476
2020-01-14,MSFT,132.9299,131.12595,132.28268
2020-01-14,NKE,82.164861,82.4308,80.434147
2020-01-14,VZ,40.358951,41.202045,40.080274
2020-01-14,WMT,34.562809,34.90009,33.886397
2020-01-15,AAPL,73.41407,73.374853,72.77355
2020-01-15,AMGN,179.5517,179.46719,176.49412
2020-01-15,CRM,165.85149,167.65126,163.27322
2020-01-15,CSCO,45.717369,45.728754,45.55447
2020-01-15,IBM,93.468091,95.514067,93.561419
2020-01-15,INTC,53.629065,53.409683,52.081776
2020-01-15,MSFT,135.69694,137.05131,134.08713
2020-01-15,NKE,83.803986,85.659568,85.218959
2020-01-15,VZ,38.738841,39.144184,38.738649
2020-01-15,WMT,33.893199,34.301626,33.561134
2020-01-16,AAPL,72.821704,73.757779,73.619239
2020-01-16,AMGN,178.20297,182.94664,177.02455
2020-01-16,CRM,171.08948,174.05404,169.92991
2020-01-16,CSCO,46.281725,47.419319,45.692641
2020-01-16,IBM,93.401555,94.398412,93.153988
2020-01-16,INTC,53.583261,54.720948,53.506016
2020-01-16,MSFT,140.5677,139.38097,140.32669
2020-01-16,NKE,84.739101,85.983266,84.516369
2020-01-16,VZ,39.097992,39.563173,38.51923
2020-01-16,WMT,34.005063,33.696631,34.140801
2020-01-17,AAPL,72.259781,71.693313,70.836949
2020-01-17,AMGN,177.18406,177.99157,174.07001
2020-01-17,CRM,163.64093,168.09783,163.07595
2020-01-17,CSCO,46.525636,46.484419,46.837898
2020-01-17,IBM,93.638543,93.493312,92.223189
2020-01-17,INTC,53.077766,53.773535,51.82653
2020-01-17,MSFT,139.26422,139.69858,136.63426
2020-01-17,NKE,83.655063,83.39899,83.518759
2020-01-17,VZ,39.309416,39.570837,38.875012
2020-01-17,WMT,33.66825,34.250498,33.780798
2020-01-21,AAPL,71.945627,71.055948,71.283437
2020-01-21,AMGN,169.3892,172.161,165.57749
2020-01-21,CRM,159.04332,160.72114,156.06786
2020-01-21,CSCO,46.222659,47.136417,45.551008
2020-01-21,IBM,92.735673,95.615289,92.182002
2020-01-21,INTC,53.8904,53.079741,53.893464
2020-01-21,MSFT,139.75482,141.52014,137.69794
2020-01-21,NKE,83.588849,83.417728,83.08807
2020-01-21,VZ,39.069382,39.505588,39.68067
2020-01-21,WMT,33.797595,34.25781,33.934847
2020-01-22,AAPL,71.323191,71.782974,70.949923
2020-01-22,AMGN,168.04278,170.54082,169.58997
2020-01-22,CRM,161.51462,161.40617,163.93523
2020-01-22,CSCO,46.358753,47.192122,45.702272
2020-01-22,IBM,93.807347,94.044375,93.476713
2020-01-22,INTC,54.062129,54.184288,52.703662
2020-01-22,MSFT,140.0876,139.53715,138.28842
2020-01-22,NKE,80.802446,79.141391,79.832101
2020-01-22,VZ,38.277389,38.671611,38.407631
2020-01-22,WMT,33.752073,33.905471,33.355274
2020-01-23,AAPL,71.732578,73.099126,71.147074
2020-01-23,AMGN,169.86208,172.85073,165.76913
2020-01-23,CRM,158.07963,157.63991,153.7918
2020-01-23,CSCO,45.9854,45.22592,44.770753
2020-01-23,IBM,92.063881,91.232557,91.534706
2020-01-23,INTC,53.78742,53.396592,53.694129
2020-01-23,MSFT,137.73261,139.80863,136.7646
2020-01-23,NKE,81.287688,82.956629,81.681732
2020-01-23,VZ,38.210197,38.577012,37.991413
2020-01-23,WMT,32.889534,32.941774,32.639172
2020-01-24,AAPL,70.943311,71.5422,68.826697
2020-01-24,AMGN,166.85055,166.03052,166.70592
2020-01-24,CRM,157.28543,163.68387,153.78502
2020-01-24,CSCO,47.162719,47.804925,47.573345
2020-01-24,IBM,94.560889,95.080959,93.961957
2020-01-24,INTC,56.146246,56.429473,55.151666
2020-01-24,MSFT,137.50139,137.85618,132.75277
2020-01-24,NKE,81.595154,82.510007,82.239882
2020-01-24,VZ,37.68187,38.592373,37.207009
2020-01-24,WMT,32.782884,33.344303,32.614767
2020-01-27,AAPL,70.225645,70.338343,68.945744
2020-01-27,AMGN,161.63628,165.05468,161.30356
2020-01-27,CRM,152.11728,150.2828,151.65552
2020-01-27,CSCO,46.624311,46.569873,46.497596
2020-01-27,IBM,94.498094,95.788866,93.201064
2020-01-27,INTC,55.934641,56.68671,55.80614
2020-01-27,MSFT,135.97145,137.19987,134.39948
2020-01-27,NKE,80.20309,82.28537,78.314462
2020-01-27,VZ,38.144584,38.628336,37.839808
2020-01-27,WMT,32.80267,33.003128,32.870249
2020-01-28,AAPL,68.956173,69.565578,66.752526
2020-01-28,AMGN,160.87681,164.11511,158.49415
2020-01-28,CRM,150.46454,153.91785,151.5648
2020-01-28,CSCO,44.978193,45.654791,44.08477
2020-01-28,IBM,95.094063,95.210428,94.75377
2020-01-28,INTC,55.801453,56.267509,56.226579
2020-01-28,MSFT,134.17429,134.93584,135.70826
2020-01-28,NKE,81.613784,82.590695,81.181548
2020-01-28,VZ,37.689187,37.576026,37.380014
2020-01-28,WMT,32.599411,32.471146,32.515215
2020-01-29,AAPL,69.696366,70.123778,67.006321
2020-01-29,AMGN,161.74066,160.30888,160.50712
2020-01-29,CRM,151.12283,152.8319,151.00444
2020-01-29,CSCO,43.09106,42.886991,42.47446
2020-01-29,IBM,95.341922,97.108518,95.179701
2020-01-29,INTC,55.268751,55.320004,53.942885
2020-01-29,MSFT,131.70529,133.00046,132.68596
2020-01-29,NKE,81.2546,80.767636,80.8353
2020-01-29,VZ,38.034816,38.294312,37.613217
2020-01-29,WMT,32.366266,32.412635,31.976504
2020-01-30,AAPL,70.244892,70.213775,67.083909
2020-01-30,AMGN,160.17338,163.93702,157.72789
2020-01-30,CRM,150.04962,148.96164,148.43901
2020-01-30,CSCO,42.758299,43.277014,42.497022
2020-01-30,IBM,95.95491,95.913696,94.879693
2020-01-30,INTC,55.083844,55.160751,54.603553
2020-01-30,MSFT,129.59582,131.36431,127.89262
2020-01-30,NKE,81.499687,82.264599,80.851982
2020-01-30,VZ,37.234958,37.424683,36.581624
2020-01-30,WMT,32.544924,32.726992,32.118782
2020-01-31,AAPL,70.935199,71.97445,70.67442
2020-01-31,AMGN,151.83249,153.9152,148.09425
2020-01-31,CRM,140.25049,144.76873,137.97217
2020-01-31,CSCO,43.579555,43.971794,42.319406
2020-01-31,IBM,97.687636,98.850068,98.958439
2020-01-31,INTC,55.691746,55.849999,53.618989
2020-01-31,MSFT,129.6974,131.91819,128.88237
2020-01-31,NKE,78.048772,78.358517,77.501512
2020-01-31,VZ,37.290431,38.039964,36.657845
2020-01-31,WMT,32.48045,32.884936,32.391824
2020-02-03,AAPL,71.761394,71.758224,69.999231
2020-02-03,AMGN,153.7849,154.43042,148.05935
2020-02-03,CRM,133.25264,135.93707,131.42808
2020-02-03,CSCO,44.751929,44.32333,44.092603
2020-02-03,IBM,97.30948,97.475897,97.167187
2020-02-03,INTC,53.50667,54.032092,53.517188
2020-02-03,MSFT,125.87699,129.63648,125.12389
2020-02-03,NKE,77.240878,78.261695,74.585285
2020-02-03,VZ,37.066671,37.266228,36.160386
2020-02-03,WMT,31.80255,32.113413,31.364851
2020-02-04,AAPL,68.572258,70.00228,67.957899
2020-02-04,AMGN,152.90916,154.48889,152.91444
2020-02-04,CRM,131.9079,137.22167,128.4995
2020-02-04,CSCO,45.890575,45.958066,45.616381
2020-02-04,IBM,97.83808,100.24687,95.986097
2020-02-04,INTC,54.891264,55.47879,54.152105
2020-02-04,MSFT,124.77678,125.42183,121.78968
2020-02-04,NKE,79.584939,80.025831,78.055516
2020-02-04,VZ,37.117201,37.163417,36.209537
2020-02-04,WMT,31.144232,31.613211,31.023527
2020-02-05,AAPL,66.80105,67.888447,67.722396
2020-02-05,AMGN,149.06524,153.59841,145.22469
2020-02-05,CRM,134.3277,136.36112,130.27654
2020-02-05,CSCO,45.374557,46.011767,45.182202
2020-02-05,IBM,96.591883,96.344652,95.980225
2020-02-05,INTC,54.362383,55.822653,53.57899
2020-02-05,MSFT,125.53138,125.48795,124.32417
2020-02-05,NKE,78.977274,79.936579,77.327811
2020-02-05,VZ,37.540763,37.543954,37.510815
2020-02-05,WMT,30.493771,30.990792,30.148976
2020-02-06,AAPL,68.269501,68.471104,69.032391
2020-02-06,AMGN,147.42907,148.57527,149.00974
2020-02-06,CRM,141.61081,138.40235,143.02911
2020-02-06,CSCO,44.732618,45.046513,44.826924
2020-02-06,IBM,94.611361,95.292021,93.359531
2020-02-06,INTC,53.910067,54.363012,52.520422
2020-02-06,MSFT,128.42006,131.1351,128.93716
2020-02-06,NKE,80.410257,80.725692,79.978443
2020-02-06,VZ,37.00851,37.011033,36.709527
2020-02-06,WMT,30.864,30.411563,30.88459
2020-02-07,AAPL,69.712716,70.045672,69.618787
2020-02-07,AMGN,148.24771,149.62979,149.22833
2020-02-07,CRM,139.02777,137.90918,139.7261
2020-02-07,CSCO,43.055202,43.215667,42.587591
2020-02-07,IBM,94.196415,93.531552,93.672948
2020-02-07,INTC,54.586977,53.736765,54.15653
2020-02-07,MSFT,131.50271,133.80302,129.44563
2020-02-07,NKE,76.058844,76.887797,74.746036
2020-02-07,VZ,36.320212,36.6244,35.865517
2020-02-07,WMT,30.855107,30.619791,30.550319
2020-02-10,AAPL,72.067528,72.905515,71.13647
2020-02-10,AMGN,147.05926,147.87439,145.49895
2020-02-10,CRM,141.86786,140.58088,138.32866
2020-02-10,CSCO,43.250911,43.194833,44.247781
2020-02-10,IBM,92.147025,93.39884,90.470292
2020-02-10,INTC,56.180488,56.667578,56.129479
2020-02-10,MSFT,134.15988,136.25621,131.5243
2020-02-10,NKE,76.836596,78.213867,77.46874
2020-02-10,VZ,35.256687,35.550119,35.377925
2020-02-10,WMT,29.963936,30.15713,29.488911
2020-02-11,AAPL,71.407019,72.688439,70.959855
2020-02-11,AMGN,145.20538,148.47936,142.92774
2020-02-11,CRM,140.5633,146.50941,139.21604
2020-02-11,CSCO,44.058258,44.651615,44.22983
2020-02-11,IBM,89.72779,90.193863,88.46215
2020-02-11,INTC,55.030117,54.421713,55.105118
2020-02-11,MSFT,134.36882,135.0842,132.3225
2020-02-11,NKE,75.719915,75.625646,75.216971
2020-02-11,VZ,34.944708,34.900187,34.902405
2020-02-11,WMT,29.71839,29.919704,29.651753
2020-02-12,AAPL,73.339844,73.257644,72.822848
2020-02-12,AMGN,142.02933,144.46758,141.44714
2020-02-12,CRM,143.42557,144.61019,140.12477
2020-02-12,CSCO,44.775062,45.130295,45.711806
2020-02-12,IBM,87.283607,86.909302,86.534513
2020-02-12,INTC,55.724012,56.261264,55.647311
2020-02-12,MSFT,132.79305,133.99329,131.43959
2020-02-12,NKE,76.56983,76.873605,76.202928
2020-02-12,VZ,34.358213,34.87307,34.08066
2020-02-12,WMT,29.733454,29.625089,29.497652
2020-02-13,AAPL,70.642815,70.61513,69.201429
2020-02-13,AMGN,144.30184,146.31232,143.14614
2020-02-13,CRM,146.4498,147.41732,147.45986
2020-02-13,CSCO,46.344942,46.669432,46.415697
2020-02-13,IBM,87.233933,89.803311,86.192942
2020-02-13,INTC,55.759344,55.836343,55.567899
2020-02-13,MSFT,132.89008,132.38506,133.84067
2020-02-13,NKE,77.240066,78.53239,77.050696
2020-02-13,VZ,33.697687,33.919964,34.134721
2020-02-13,WMT,29.738779,29.990459,29.097556
2020-02-14,AAPL,69.552021,69.505441,68.565462
2020-02-14,AMGN,142.60694,143.48113,141.53016
2020-02-14,CRM,149.21289,148.2407,144.15897
2020-02-14,CSCO,46.118438,46.331893,45.801341
2020-02-14,IBM,89.486216,90.746997,89.407105
2020-02-14,INTC,53.921219,54.009075,54.180379
2020-02-14,MSFT,136.06329,135.74812,134.1975
2020-02-14,NKE,75.794771,77.468351,75.878755
2020-02-14,VZ,32.869223,33.245867,32.508273
2020-02-14,WMT,29.811178,30.117808,29.660569
2020-02-18,AAPL,70.106393,70.83359,69.763947
2020-02-18,AMGN,143.68163,146.90788,141.25406
2020-02-18,CRM,153.30298,156.65448,148.30398
2020-02-18,CSCO,44.850543,44.820607,44.795636
2020-02-18,IBM,88.189889,87.278086,86.888846
2020-02-18,INTC,53.689564,53.39636,52.432466
2020-02-18,MSFT,135.41935,134.88499,135.49952
2020-02-18,NKE,74.753138,76.064261,73.422752
2020-02-18,VZ,32.719585,32.698659,31.850568
2020-02-18,WMT,29.726222,30.210394,29.700779
2020-02-19,AAPL,73.010672,74.574221,71.723195
2020-02-19,AMGN,141.12561,145.69524,140.96252
2020-02-19,CRM,156.11876,155.97428,151.52615
2020-02-19,CSCO,46.870042,47.291177,46.512552
2020-02-19,IBM,88.250474,87.61485,88.842482
2020-02-19,INTC,55.094259,55.201892,55.107106
2020-02-19,MSFT,137.7803,139.84225,137.24522
2020-02-19,NKE,72.773718,73.317303,72.748446
2020-02-19,VZ,32.640776,33.184103,32.373632
2020-02-19,WMT,29.987547,30.421992,29.924211
2020-02-20,AAPL,74.686781,72.959529,73.746844
2020-02-20,AMGN,136.73595,135.89597,134.71827
2020-02-20,CRM,154.09357,152.34182,151.67058
2020-02-20,CSCO,46.172995,46.282073,45.514051
2020-02-20,IBM,86.540104,87.929359,87.481773
2020-02-20,INTC,53.917487,55.032369,54.227368
2020-02-20,MSFT,139.63923,140.31943,137.25996
2020-02-20,NKE,73.741948,73.839033,73.243624
2020-02-20,VZ,32.319498,32.869641,32.02585
2020-02-20,WMT,29.151566,29.819637,29.029849
2020-02-21,AAPL,74.181824,74.074539,74.555359
2020-02-21,AMGN,133.3804,135.84375,131.83058
2020-02-21,CRM,152.11368,156.55947,145.61207
2020-02-21,CSCO,46.670154,46.204688,46.888004
2020-02-21,IBM,86.567126,87.196798,84.882317
2020-02-21,INTC,54.020403,54.431246,54.462027
2020-02-21,MSFT,142.96197,143.7155,142.21854
2020-02-21,NKE,73.306817,72.055295,72.302421
2020-02-21,VZ,31.980819,32.06181,32.343333
2020-02-21,WMT,28.665045,28.809706,28.693533
2020-02-24,AAPL,76.019584,75.414806,74.880773
2020-02-24,AMGN,137.18235,140.22512,134.87808
2020-02-24,CRM,154.82191,160.73472,154.41072
2020-02-24,CSCO,46.376531,47.146073,45.757189
2020-02-24,IBM,83.154689,84.209332,82.734722
2020-02-24,INTC,53.695605,55.003038,52.38862
2020-02-24,MSFT,143.40469,142.40744,140.88939
2020-02-24,NKE,73.970669,74.494308,72.584714
2020-02-24,VZ,31.844559,32.133755,31.564596
2020-02-24,WMT,28.668485,28.926148,28.67989
2020-02-25,AAPL,75.381211,76.15791,73.761293
2020-02-25,AMGN,138.13162,139.77863,136.56015
2020-02-25,CRM,157.26598,153.44274,155.72499
2020-02-25,CSCO,46.05523,46.545226,45.52596
2020-02-25,IBM,81.027834,81.070122,79.908865
2020-02-25,INTC,54.66837,55.038182,54.176631
2020-02-25,MSFT,143.62519,145.61093,141.73259
2020-02-25,NKE,73.042804,75.064248,70.521255
2020-02-25,VZ,31.023023,30.821943,31.403031
2020-02-25,WMT,28.020479,28.047252,28.056217
2020-02-26,AAPL,75.354079,75.679943,73.878112
2020-02-26,AMGN,140.7212,142.62195,139.08
2020-02-26,CRM,159.80225,163.06748,155.38406
2020-02-26,CSCO,46.372442,47.042411,45.981099
2020-02-26,IBM,80.46031,80.547086,79.930484
2020-02-26,INTC,55.698398,56.192881,55.59598
2020-02-26,MSFT,142.68669,142.1761,141.68269
2020-02-26,NKE,71.994062,72.712981,71.867408
2020-02-26,VZ,30.629051,31.103047,30.979832
2020-02-26,WMT,28.573525,28.743278,28.632041
2020-02-27,AAPL,77.482484,77.890632,74.242213
2020-02-27,AMGN,144.42821,147.35708,143.49742
2020-02-27,CRM,151.08989,150.28573,149.90635
2020-02-27,CSCO,45.585967,45.114093,44.52314
2020-02-27,IBM,81.100754,81.046483,81.226157
2020-02-27,INTC,54.672693,54.99104,53.6285
2020-02-27,MSFT,142.11971,145.23346,141.21697
2020-02-27,NKE,70.836999,72.935929,71.536578
2020-02-27,VZ,30.887033,31.144462,30.955136
2020-02-27,WMT,28.27309,28.727722,28.102365
2020-02-28,AAPL,78.973037,79.541144,77.454531
2020-02-28,AMGN,144.23259,144.67367,142.75093
2020-02-28,CRM,146.67668,147.70711,141.69435
2020-02-28,CSCO,44.345257,44.70556,44.129327
2020-02-28,IBM,79.685788,79.112378,79.048267
2020-02-28,INTC,53.937248,53.363554,53.452639
2020-02-28,MSFT,142.47796,143.27242,143.43473
2020-02-28,NKE,70.624473,72.30564,71.340433
2020-02-28,VZ,30.363284,30.674908,30.601905
2020-02-28,WMT,28.119915,28.302819,28.073288
2020-03-02,AAPL,77.398049,78.370345,75.154517
2020-03-02,AMGN,142.57409,144.70955,142.38493
2020-03-02,CRM,150.50598,151.407,152.28653
2020-03-02,CSCO,45.558335,46.553176,44.762662
2020-03-02,IBM,80.213174,80.717816,79.071046
2020-03-02,INTC,53.685057,54.291972,52.386982
2020-03-02,MSFT,142.42645,143.50358,141.78247
2020-03-02,NKE,68.709648,69.7566,68.640014
2020-03-02,VZ,30.35858,30.933777,29.837428
2020-03-02,WMT,28.373259,28.782149,28.460876
2020-03-03,AAPL,76.610062,77.167765,76.017021
2020-03-03,AMGN,143.71924,148.76063,144.30917
2020-03-03,CRM,151.10483,155.49395,149.49542
2020-03-03,CSCO,45.356769,46.28963,45.428968
2020-03-03,IBM,80.383868,80.612152,79.577941
2020-03-03,INTC,54.428974,55.096056,53.488095
2020-03-03,MSFT,141.38781,140.53452,139.86315
2020-03-03,NKE,66.753378,67.184705,65.610166
2020-03-03,VZ,30.681921,31.084005,30.293603
2020-03-03,WMT,28.29832,28.202594,28.009093
2020-03-04,AAPL,77.552102,78.888956,76.90786
2020-03-04,AMGN,144.30053,148.09413,144.40407
2020-03-04,CRM,158.43652,158.17828,160.73616
2020-03-04,CSCO,45.147357,45.915049,45.276379
2020-03-04,IBM,81.574163,81.4118,81.437803
2020-03-04,INTC,53.945505,54.411436,53.443764
2020-03-04,MSFT,139.49085,139.71784,141.09216
2020-03-04,NKE,65.583042,66.858481,65.027398
2020-03-04,VZ,30.130539,30.487227,29.28755
2020-03-04,WMT,27.910183,27.838389,27.850525
2020-03-05,AAPL,77.908287,78.383449,77.323902
2020-03-05,AMGN,139.77772,143.10007,136.73353
2020-03-05,CRM,154.64296,160.20559,152.67179
2020-03-05,CSCO,45.681229,46.136075,44.185726
2020-03-05,IBM,80.809611,81.831015,79.346406
2020-03-05,INTC,54.247326,55.927688,52.688339
2020-03-05,MSFT,142.78918,140.881,141.03229
2020-03-05,NKE,65.36704,65.735735,64.624537
2020-03-05,VZ,29.237931,29.540495,28.651915
2020-03-05,WMT,28.119943,28.866395,28.038643
2020-03-06,AAPL,82.31861,82.944934,81.625772
2020-03-06,AMGN,137.66388,140.86565,137.23911
2020-03-06,CRM,158.15555,160.05496,157.93485
2020-03-06,CSCO,46.099592,46.508265,45.963595
2020-03-06,IBM,80.246378,80.021981,79.274255
2020-03-06,INTC,53.512951,53.846011,52.694724
2020-03-06,MSFT,143.13913,145.04712,142.63527
2020-03-06,NKE,65.199042,65.20575,64.276859
2020-03-06,VZ,28.828141,28.928612,28.804162
2020-03-06,WMT,28.277339,28.667891,27.953114
2020-03-09,AAPL,82.00016,83.419517,80.641601
2020-03-09,AMGN,137.58384,141.1483,137.72684
2020-03-09,CRM,156.87029,161.63899,152.76412
2020-03-09,CSCO,45.270584,45.001498,45.746458
2020-03-09,IBM,79.4864,80.240783,78.346623
2020-03-09,INTC,54.858218,56.430699,54.861291
2020-03-09,MSFT,138.69887,140.24819,136.88532
2020-03-09,NKE,66.553637,66.824402,66.278175
2020-03-09,VZ,28.844068,29.111313,28.748105
2020-03-09,WMT,27.636329,27.68236,27.602866
2020-03-10,AAPL,82.017571,84.144056,81.841796
2020-03-10,AMGN,136.63403,138.36558,137.00217
2020-03-10,CRM,155.61134,156.87758,155.06785
2020-03-10,CSCO,44.202916,45.080487,43.855981
2020-03-10,IBM,79.207284,78.934998,78.81028
2020-03-10,INTC,54.994936,56.061773,54.278651
2020-03-10,MSFT,136.17046,135.92046,133.96444
2020-03-10,NKE,66.762252,66.991112,65.168387
2020-03-10,VZ,28.101338,28.634102,28.123843
2020-03-10,WMT,28.045139,28.193191,27.800121
2020-03-11,AAPL,82.041173,82.809593,81.505367
2020-03-11,AMGN,135.9854,139.62962,132.63321
2020-03-11,CRM,161.94566,164.62904,164.81084
2020-03-11,CSCO,44.2661,43.696985,44.403543
2020-03-11,IBM,78.477237,79.783899,78.834111
2020-03-11,INTC,53.8144,53.751297,53.827365
2020-03-11,MSFT,141.35498,142.98841,139.17991
2020-03-11,NKE,65.543769,68.051582,63.99914
2020-03-11,VZ,28.136277,28.457084,27.969885
2020-03-11,WMT,27.692532,27.681945,27.14461
2020-03-12,AAPL,81.913443,83.447197,81.286384
2020-03-12,AMGN,131.9466,133.56265,129.78287
2020-03-12,CRM,158.09636,163.80536,154.97298
2020-03-12,CSCO,44.128338,43.990515,42.853211
2020-03-12,IBM,80.141173,81.614993,79.744284
2020-03-12,INTC,53.789189,53.663218,53.35881
2020-03-12,MSFT,141.06907,142.8828,139.9855
2020-03-12,NKE,66.77021,66.525825,66.317211
2020-03-12,VZ,27.796534,27.815793,28.11972
2020-03-12,WMT,27.779915,28.212048,26.886319
2020-03-13,AAPL,83.954675,85.84577,81.793174
2020-03-13,AMGN,128.31623,132.18327,127.27414
2020-03-13,CRM,160.4519,162.87606,157.06155
2020-03-13,CSCO,43.271633,44.08759,42.470278
2020-03-13,IBM,79.743436,81.756717,79.91161
2020-03-13,INTC,53.582783,52.916119,53.44064
2020-03-13,MSFT,141.63711,142.13436,140.63978
2020-03-13,NKE,65.392882,65.511817,64.854556
2020-03-13,VZ,28.03084,28.391452,27.831502
2020-03-13,WMT,28.249278,28.634104,28.053662
2020-03-16,AAPL,85.201064,86.703492,85.656513
2020-03-16,AMGN,127.14498,126.94022,125.95073
2020-03-16,CRM,164.58091,165.51702,165.21885
2020-03-16,CSCO,43.455759,43.549518,43.274025
2020-03-16,IBM,79.408038,80.77041,79.692212
2020-03-16,INTC,52.464111,52.357189,51.99084
2020-03-16,MSFT,139.51177,140.81389,136.90219
2020-03-16,NKE,64.944725,64.397791,63.12366
2020-03-16,VZ,27.889273,28.167926,27.126412
2020-03-16,WMT,28.183423,28.527361,27.727409
2020-03-17,AAPL,87.576177,88.012804,87.260599
2020-03-17,AMGN,131.78758,131.95614,130.25361
2020-03-17,CRM,156.34085,157.70825,151.45207
2020-03-17,CSCO,42.367083,42.911931,41.398304
2020-03-17,IBM,80.195085,81.508275,79.897172
2020-03-17,INTC,51.958619,52.374481,52.720549
2020-03-17,MSFT,135.70078,136.95353,135.23699
2020-03-17,NKE,65.658941,66.699906,65.500582
2020-03-17,VZ,28.396279,28.700359,28.015555
2020-03-17,WMT,28.136786,28.056515,27.749859
2020-03-18,AAPL,87.87564,88.992464,87.831993
2020-03-18,AMGN,135.50356,135.92164,132.86978
2020-03-18,CRM,156.81832,158.93546,157.32078
2020-03-18,CSCO,41.60052,41.53929,40.959751
2020-03-18,IBM,79.631529,79.90626,79.14833
2020-03-18,INTC,52.273552,53.803203,51.51259
2020-03-18,MSFT,137.48575,139.21672,136.07891
2020-03-18,NKE,65.97913,66.981267,65.029601
2020-03-18,VZ,27.830447,28.014835,27.5633
2020-03-18,WMT,28.132705,28.143051,27.774406
2020-03-19,AAPL,87.774249,89.92879,87.596427
2020-03-19,AMGN,139.81217,142.44973,140.3866
2020-03-19,CRM,160.40086,165.20355,151.00477
2020-03-19,CSCO,40.902256,40.803329,40.580691
2020-03-19,IBM,81.177676,80.743526,79.820918
2020-03-19,INTC,51.37832,52.352226,50.893293
2020-03-19,MSFT,135.36427,134.59703,133.05242
2020-03-19,NKE,64.244237,65.146356,63.722949
2020-03-19,VZ,27.578115,28.032234,27.080838
2020-03-19,WMT,27.467541,27.592839,27.118447
2020-03-20,AAPL,85.837331,87.016997,83.371278
2020-03-20,AMGN,137.50722,140.71151,134.76002
2020-03-20,CRM,158.17747,156.00667,155.14874
2020-03-20,CSCO,41.275346,41.558215,40.928534
2020-03-20,IBM,80.431848,81.476034,80.145395
2020-03-20,INTC,50.363669,51.21665,49.418029
2020-03-20,MSFT,135.75262,137.07127,136.57188
2020-03-20,NKE,64.846154,65.39767,63.641528
2020-03-20,VZ,27.654396,27.711939,27.284243
2020-03-20,WMT,27.107843,27.262965,26.980219
2020-03-23,AAPL,87.429587,90.821761,86.325509
2020-03-23,AMGN,135.75626,139.2402,134.67496
2020-03-23,CRM,155.55834,156.82343,154.21591
2020-03-23,CSCO,42.189758,42.471752,41.774591
2020-03-23,IBM,80.203522,80.144201,79.920139
2020-03-23,INTC,50.076893,50.96712,49.704973
2020-03-23,MSFT,135.71639,136.31311,133.01327
2020-03-23,NKE,65.370319,66.496761,64.772577
2020-03-23,VZ,27.555439,27.657171,27.45099
2020-03-23,WMT,27.113587,27.369541,27.056588
2020-03-24,AAPL,87.258216,87.193905,85.872655
2020-03-24,AMGN,134.95023,134.81514,132.80203
2020-03-24,CRM,155.88684,160.47779,151.32251
2020-03-24,CSCO,42.389524,43.109083,41.766901
2020-03-24,IBM,78.618053,78.892849,77.459111
2020-03-24,INTC,49.602506,50.662934,49.547778
2020-03-24,MSFT,133.81173,134.20082,131.69323
2020-03-24,NKE,64.664385,65.467012,65.381061
2020-03-24,VZ,27.255002,27.388333,27.461089
2020-03-24,WMT,27.079397,27.513879,27.004827
2020-03-25,AAPL,86.572731,87.283974,85.055083
2020-03-25,AMGN,130.10658,131.28465,128.64795
2020-03-25,CRM,158.68922,157.41233,159.57899
2020-03-25,CSCO,42.90134,43.431206,42.32854
2020-03-25,IBM,77.774618,78.183489,76.424513
2020-03-25,INTC,50.708871,51.665795,50.640765
2020-03-25,MSFT,132.6157,132.93721,128.63886
2020-03-25,NKE,64.829427,66.358519,64.622224
2020-03-25,VZ,27.534167,27.727992,27.306145
2020-03-25,WMT,27.409728,27.480443,27.334185
2020-03-26,AAPL,87.57338,87.666543,86.246595
2020-03-26,AMGN,128.37276,130.09454,128.20352
2020-03-26,CRM,156.5158,159.96444,157.85036
2020-03-26,CSCO,43.153708,43.372568,42.466411
2020-03-26,IBM,77.05103,77.918131,76.416576
2020-03-26,INTC,51.107208,51.82552,49.918235
2020-03-26,MSFT,131.16283,131.58828,129.58457
2020-03-26,NKE,66.03613,66.692169,65.647404
2020-03-26,VZ,27.596208,27.83466,27.764905
2020-03-26,WMT,27.554185,27.793368,27.529443
2020-03-27,AAPL,90.301436,89.913129,89.649548
2020-03-27,AMGN,125.42252,126.99565,124.222
2020-03-27,CRM,154.32942,156.86978,158.73238
2020-03-27,CSCO,43.641638,43.782496,43.565162
2020-03-27,IBM,76.422111,77.502666,76.046469
2020-03-27,INTC,50.950624,51.06339,51.365828
2020-03-27,MSFT,131.04237,133.87559,130.72921
2020-03-27,NKE,66.468782,65.940335,64.037202
2020-03-27,VZ,27.615703,28.080767,27.143322
2020-03-27,WMT,27.309401,27.373838,27.305544
2020-03-30,AAPL,91.570609,93.015973,89.440404
2020-03-30,AMGN,124.55327,125.50525,121.47384
2020-03-30,CRM,150.9988,156.75207,152.06484
2020-03-30,CSCO,45.04393,45.394369,44.435024
2020-03-30,IBM,76.331519,76.831041,75.44736
2020-03-30,INTC,51.633015,51.875835,52.144809
2020-03-30,MSFT,129.70342,131.8331,129.18618
2020-03-30,NKE,67.357248,68.440667,66.630941
2020-03-30,VZ,27.270095,27.074243,27.066909
2020-03-30,WMT,26.992273,27.198102,26.431449
2020-03-31,AAPL,94.375173,98.008455,92.284124
2020-03-31,AMGN,125.19216,126.98549,122.7965
2020-03-31,CRM,146.8903,149.44362,143.44844
2020-03-31,CSCO,44.586437,44.767634,44.195816
2020-03-31,IBM,75.326052,77.405647,76.195193
2020-03-31,INTC,50.696768,50.967537,48.870838
2020-03-31,MSFT,129.61749,131.00839,128.53544
2020-03-31,NKE,66.091522,67.904133,66.988901
2020-03-31,VZ,27.41693,27.936059,27.886514
2020-03-31,WMT,26.855357,27.105003,26.708251
2020-04-01,AAPL,95.019586,97.064216,96.136064
2020-04-01,AMGN,124.6365,126.44772,122.63771
2020-04-01,CRM,145.18108,148.48508,141.02487
2020-04-01,CSCO,44.653,44.140273,43.943571
2020-04-01,IBM,74.247537,76.173107,74.054732
2020-04-01,INTC,49.38408,49.701691,49.553132
2020-04-01,MSFT,127.9592,129.44812,127.97197
2020-04-01,NKE,65.100915,66.577407,64.749413
2020-04-01,VZ,27.545056,27.564696,27.282754
2020-04-01,WMT,26.647371,27.125159,26.698391
2020-04-02,AAPL,94.596309,94.603447,91.11925
2020-04-02,AMGN,123.60917,124.47486,121.15836
2020-04-02,CRM,145.97081,148.20474,139.41409
2020-04-02,CSCO,46.41104,47.20064,45.534633
2020-04-02,IBM,75.257642,75.676643,73.101871
2020-04-02,INTC,49.607151,49.644081,49.218081
2020-04-02,MSFT,125.23392,128.70596,124.30817
2020-04-02,NKE,63.549448,63.620114,63.376813
2020-04-02,VZ,27.523112,27.919084,27.155557
2020-04-02,WMT,26.304736,26.76422,25.859781
2020-04-03,AAPL,95.896859,98.456267,93.532455
2020-04-03,AMGN,124.80701,127.16528,121.87776
2020-04-03,CRM,145.10303,150.46965,141.9712
2020-04-03,CSCO,45.602091,46.529668,45.065628
2020-04-03,IBM,73.928197,74.756084,72.754426
2020-04-03,INTC,48.410686,48.871506,46.98996
2020-04-03,MSFT,123.90171,125.81324,119.69973
2020-04-03,NKE,63.022255,64.388472,61.15989
2020-04-03,VZ,27.452597,28.097869,27.434884
2020-04-03,WMT,26.225079,26.571064,25.802906
2020-04-06,AAPL,93.110717,93.697112,92.834563
2020-04-06,AMGN,123.88584,127.56132,122.66125
2020-04-06,CRM,143.3045,143.92272,139.622
2020-04-06,CSCO,45.270255,47.094097,44.679048
2020-04-06,IBM,73.051789,73.700316,71.608908
2020-04-06,INTC,47.712004,48.560753,46.483446
2020-04-06,MSFT,126.9283,130.33024,123.78733
2020-04-06,NKE,62.541066,62.762837,60.76727
2020-04-06,VZ,27.504183,28.114658,27.556965
2020-04-06,WMT,26.215451,26.574962,25.892779
2020-04-07,AAPL,94.043137,93.562748,92.843681
2020-04-07,AMGN,124.96338,126.3586,123.92089
2020-04-07,CRM,146.86672,151.49575,143.94739
2020-04-07,CSCO,46.10135,46.873877,45.632124
2020-04-07,IBM,74.395338,75.51454,74.545236
2020-04-07,INTC,49.462678,50.553302,48.228704
2020-04-07,MSFT,130.75191,133.73214,130.53606
2020-04-07,NKE,60.674229,62.173934,59.444461
2020-04-07,VZ,27.22008,27.550162,26.677228
2020-04-07,WMT,25.799077,26.163052,25.172886
2020-04-08,AAPL,94.477061,95.577389,92.094048
2020-04-08,AMGN,126.84266,130.62867,126.32768
2020-04-08,CRM,148.82467,156.01821,148.41711
2020-04-08,CSCO,47.077907,47.093885,47.143563
2020-04-08,IBM,75.658212,77.611763,74.233627
2020-04-08,INTC,48.667279,48.780271,46.968004
2020-04-08,MSFT,130.25838,132.76346,128.39395
2020-04-08,NKE,62.506196,64.623787,61.628163
2020-04-08,VZ,27.163898,27.552568,26.777767
2020-04-08,WMT,25.38857,25.551438,24.823066
2020-04-09,AAPL,93.973687,93.097481,89.846863
2020-04-09,AMGN,124.53065,126.39472,123.82109
2020-04-09,CRM,149.00867,151.82597,147.65654
2020-04-09,CSCO,49.756964,49.859762,49.232288
2020-04-09,IBM,78.200672,79.150758,77.692409
2020-04-09,INTC,49.1878,50.671114,47.782044
2020-04-09,MSFT,128.10357,132.18676,126.62107
2020-04-09,NKE,63.987612,64.826774,64.104128
2020-04-09,VZ,26.33948,26.582449,25.726765
2020-04-09,WMT,25.695908,25.723633,25.379974
2020-04-13,AAPL,91.372688,93.532829,91.263333
2020-04-13,AMGN,123.96978,125.28545,121.94086
2020-04-13,CRM,156.66455,157.25665,152.22086
2020-04-13,CSCO,49.960974,50.102616,49.574362
2020-04-13,IBM,80.082062,81.001602,79.988305
2020-04-13,INTC,47.860016,48.502428,47.423277
2020-04-13,MSFT,128.44305,131.95526,127.18613
2020-04-13,NKE,62.49463,63.295677,60.82664
2020-04-13,VZ,26.100801,26.563929,26.306008
2020-04-13,WMT,25.844566,26.03586,25.805727
2020-04-14,AAPL,91.14013,93.025154,88.351584
2020-04-14,AMGN,124.09108,125.2147,124.67721
2020-04-14,CRM,148.51634,151.92315,148.29296
2020-04-14,CSCO,49.586427,49.649748,48.347066
2020-04-14,IBM,79.630436,80.118901,78.86234
2020-04-14,INTC,46.862311,47.055897,46.555714
2020-04-14,MSFT,129.67736,130.99386,127.56938
2020-04-14,NKE,63.010343,64.405116,63.818654
2020-04-14,VZ,26.260639,26.772596,25.759736
2020-04-14,WMT,25.725794,25.928966,25.176928
2020-04-15,AAPL,92.095243,95.964676,91.603187
2020-04-15,AMGN,121.98062,122.80921,119.359
2020-04-15,CRM,154.38612,163.67771,151.24981
2020-04-15,CSCO,49.130223,49.261385,48.156111
2020-04-15,IBM,77.700576,78.69579,77.085514
2020-04-15,INTC,44.617828,45.497365,43.499168
2020-04-15,MSFT,133.249,135.60889,131.55468
2020-04-15,NKE,65.363228,66.827966,65.748748
2020-04-15,VZ,26.006308,26.225675,25.9439
2020-04-15,WMT,25.513762,25.947306,25.11574
2020-04-16,AAPL,91.161719,93.224631,88.762252
2020-04-16,AMGN,118.29395,119.43182,117.5196
2020-04-16,CRM,146.92717,149.36243,144.22097
2020-04-16,CSCO,47.858981,48.217315,46.843349
2020-04-16,IBM,75.831411,76.770077,75.019961
2020-04-16,INTC,45.19769,46.661912,44.93033
2020-04-16,MSFT,132.8992,133.25807,131.95793
2020-04-16,NKE,66.344067,66.986383,65.855729
2020-04-16,VZ,26.516783,26.749411,26.112455
2020-04-16,WMT,25.461747,25.348944,25.280655
2020-04-17,AAPL,91.001256,92.674948,88.483439
2020-04-17,AMGN,112.36236,113.82662,112.08292
2020-04-17,CRM,144.95163,149.15431,138.66305
2020-04-17,CSCO,49.690842,50.624071,48.742354
2020-04-17,IBM,75.599737,76.129284,74.626168
2020-04-17,INTC,44.410553,44.745668,43.466503
2020-04-17,MSFT,134.2085,135.04183,131.21427
2020-04-17,NKE,64.140621,65.143185,63.51976
2020-04-17,VZ,26.165705,26.100305,26.150414
2020-04-17,WMT,25.825664,26.186631,25.819385
2020-04-20,AAPL,90.3075,93.203461,90.950803
2020-04-20,AMGN,110.12324,112.04423,109.614
2020-04-20,CRM,147.05368,149.45142,146.45518
2020-04-20,CSCO,48.139765,49.560095,49.143207
2020-04-20,IBM,75.713865,76.135704,75.416704
2020-04-20,INTC,44.799972,45.534184,44.076461
2020-04-20,MSFT,135.13296,138.80661,130.83581
2020-04-20,NKE,63.879635,65.044905,62.607325
2020-04-20,VZ,25.864264,26.157272,25.755266
2020-04-20,WMT,26.407014,26.631504,26.051787
2020-04-21,AAPL,93.001695,94.653829,91.470343
2020-04-21,AMGN,108.59654,111.47019,108.1169
2020-04-21,CRM,145.4886,150.93998,146.43467
2020-04-21,CSCO,47.634432,48.323577,47.733289
2020-04-21,IBM,75.212097,75.839106,74.610996
2020-04-21,INTC,45.149088,46.331324,43.907705
2020-04-21,MSFT,130.98344,133.59975,128.97731
2020-04-21,NKE,66.660286,68.1229,67.116711
2020-04-21,VZ,26.259686,26.464023,25.810161
2020-04-21,WMT,26.04493,26.710552,25.581761
2020-04-22,AAPL,90.420734,90.990048,87.839618
2020-04-22,AMGN,107.83802,109.51223,106.42464
2020-04-22,CRM,142.07228,145.31766,141.15666
2020-04-22,CSCO,46.821868,47.317497,45.998116
2020-04-22,IBM,75.455568,74.904628,75.357774
2020-04-22,INTC,44.900784,46.16316,44.672378
2020-04-22,MSFT,131.40126,133.37835,129.75425
2020-04-22,NKE,67.355805,69.576459,66.590788
2020-04-22,VZ,26.437791,27.084335,26.066874
2020-04-22,WMT,26.255864,26.621329,26.234097
2020-04-23,AAPL,90.307694,92.243657,88.581686
2020-04-23,AMGN,104.27317,106.26313,103.87898
2020-04-23,CRM,144.37601,148.18292,142.91096
2020-04-23,CSCO,48.206743,48.921085,47.468867
2020-04-23,IBM,75.968907,76.351694,74.147379
2020-04-23,INTC,44.462465,43.891133,44.456497
2020-04-23,MSFT,130.32794,131.44432,128.85306
2020-04-23,NKE,68.465094,67.941629,67.622373
2020-04-23,VZ,26.195451,26.841043,25.997442
2020-04-23,WMT,26.512354,26.682027,26.147959
2020-04-24,AAPL,92.17304,95.315674,91.580502
2020-04-24,AMGN,106.05446,108.82904,104.95174
2020-04-24,CRM,149.6612,150.20399,150.01347
2020-04-24,CSCO,47.605226,47.843434,46.726545
2020-04-24,IBM,75.99087,77.670882,75.47632
2020-04-24,INTC,47.146862,48.765454,45.470081
2020-04-24,MSFT,128.38457,128.26611,126.93835
2020-04-24,NKE,68.9163,69.103826,67.04002
2020-04-24,VZ,26.041032,26.645843,25.414952
2020-04-24,WMT,26.417098,26.527983,25.940883
2020-04-27,AAPL,95.291758,93.736313,92.993034
2020-04-27,AMGN,105.17179,107.23307,103.60367
2020-04-27,CRM,151.04543,150.29299,151.99799
2020-04-27,CSCO,47.597686,48.304178,46.300417
2020-04-27,IBM,76.904675,76.5264,75.609542
2020-04-27,INTC,46.343992,47.556003,45.615423
2020-04-27,MSFT,127.17018,129.67315,126.03266
2020-04-27,NKE,69.072781,69.485302,67.21982
2020-04-27,VZ,26.152094,26.076123,25.876712
2020-04-27,WMT,26.199843,26.177191,26.081221
2020-04-28,AAPL,95.424955,97.489843,93.934827
2020-04-28,AMGN,104.76931,107.70514,103.6559
2020-04-28,CRM,148.03997,151.01538,142.41178
2020-04-28,CSCO,47.054328,49.489976,46.276944
2020-04-28,IBM,76.976109,77.966283,77.145769
2020-04-28,INTC,47.257064,47.779992,46.045288
2020-04-28,MSFT,122.7877,124.3631,122.47831
2020-04-28,NKE,69.449207,70.688622,67.644305
2020-04-28,VZ,25.804566,26.060221,25.165236
2020-04-28,WMT,26.186942,26.30982,26.141441
2020-04-29,AAPL,95.436916,96.766769,95.096932
2020-04-29,AMGN,104.61846,105.54278,103.778
2020-04-29,CRM,146.8769,146.6989,145.03033
2020-04-29,CSCO,47.253873,47.527771,47.15918
2020-04-29,IBM,77.097263,78.253169,75.852652
2020-04-29,INTC,47.083292,48.002804,46.488482
2020-04-29,MSFT,121.00002,122.00838,119.91738
2020-04-29,NKE,67.837576,68.234091,67.293386
2020-04-29,VZ,25.806449,26.385385,25.821951
2020-04-29,WMT,25.897471,26.251918,25.297609
2020-04-30,AAPL,93.49277,92.579398,90.561118
2020-04-30,AMGN,102.70121,103.99512,101.95809
2020-04-30,CRM,141.06124,145.36836,135.92803
2020-04-30,CSCO,46.732642,47.415631,45.593363
2020-04-30,IBM,78.731573,79.828818,78.257111
2020-04-30,INTC,46.809216,48.152562,45.468356
2020-04-30,MSFT,121.90233,123.65979,120.43964
2020-04-30,NKE,67.809041,68.245693,65.183247
2020-04-30,VZ,25.538913,25.940705,25.113264
2020-04-30,WMT,26.121308,26.388132,26.165784
2020-05-01,AAPL,94.269158,92.733968,92.860971
2020-05-01,AMGN,102.47568,104.66791,99.810583
2020-05-01,CRM,137.34338,140.43836,135.21915
2020-05-01,CSCO,46.388194,47.23261,45.966166
2020-05-01,IBM,78.575584,79.986601,77.324508
2020-05-01,INTC,45.88561,47.740287,45.657366
2020-05-01,MSFT,120.91229,122.89332,120.7236
2020-05-01,NKE,68.660157,70.500064,68.326826
2020-05-01,VZ,26.200882,26.571544,25.615531
2020-05-01,WMT,26.562655,26.89778,26.106821
2020-05-04,AAPL,94.320094,97.082287,91.574035
2020-05-04,AMGN,98.584174,99.879379,98.756614
2020-05-04,CRM,131.49706,133.12897,128.32884
2020-05-04,CSCO,47.488119,47.578277,47.868942
2020-05-04,IBM,78.572936,79.998461,77.918387
2020-05-04,INTC,47.374726,48.558839,46.259459
2020-05-04,MSFT,126.00111,128.14356,124.00749
2020-05-04,NKE,68.579575,69.493233,67.703896
2020-05-04,VZ,26.186439,26.443487,26.200721
2020-05-04,WMT,26.643582,27.138397,26.024351
2020-05-05,AAPL,91.71367,93.216066,89.070353
2020-05-05,AMGN,98.094291,100.59144,95.603668
2020-05-05,CRM,131.70043,130.42471,125.80515
2020-05-05,CSCO,47.17221,48.716763,47.422832
2020-05-05,IBM,76.237405,78.005043,74.315508
2020-05-05,INTC,47.399865,48.515354,45.721456
2020-05-05,MSFT,126.74585,127.03908,123.87992
2020-05-05,NKE,68.045451,68.950419,65.166918
2020-05-05,VZ,25.987278,26.5955,25.591726
2020-05-05,WMT,26.727665,26.940238,26.057792
2020-05-06,AAPL,93.021986,94.876369,91.177833
2020-05-06,AMGN,97.641739,101.61901,95.077916
2020-05-06,CRM,127.4564,130.39142,125.33465
2020-05-06,CSCO,46.819541,46.681866,46.341958
2020-05-06,IBM,76.217079,77.11311,75.696363
2020-05-06,INTC,48.213094,49.621374,48.676936
2020-05-06,MSFT,128.73913,131.8303,128.22831
2020-05-06,NKE,68.369452,69.087385,66.734943
2020-05-06,VZ,25.784898,26.056957,25.284296
2020-05-06,WMT,27.260722,27.629313,27.031405
2020-05-07,AAPL,95.118997,98.380487,92.381899
2020-05-07,AMGN,97.335279,98.591414,94.427366
2020-05-07,CRM,126.60336,124.51398,126.05888
2020-05-07,CSCO,47.534009,48.174079,47.080148
2020-05-07,IBM,74.235746,74.159613,72.595514
2020-05-07,INTC,49.025077,49.613008,48.007786
2020-05-07,MSFT,128.86809,131.25079,127.79066
2020-05-07,NKE,70.922879,71.683402,70.025864
2020-05-07,VZ,25.889274,26.209925,25.159467
2020-05-07,WMT,27.029695,27.363981,26.157752
2020-05-08,AAPL,96.485206,98.266994,94.746816
2020-05-08,AMGN,97.516153,98.333204,95.691409
2020-05-08,CRM,125.0497,127.81149,120.22921
2020-05-08,CSCO,47.597338,48.562521,46.452095
2020-05-08,IBM,75.617594,76.382207,73.980702
2020-05-08,INTC,48.740739,49.408557,47.615664
2020-05-08,MSFT,129.56599,131.23629,128.42122
2020-05-08,NKE,69.154915,70.938567,68.467921
2020-05-08,VZ,26.11131,26.184707,25.642302
2020-05-08,WMT,27.116501,27.555402,26.767524
2020-05-11,AAPL,95.955123,96.927828,95.284538
2020-05-11,AMGN,96.185902,98.232926,93.940993
2020-05-11,CRM,120.16852,125.82606,117.27292
2020-05-11,CSCO,46.891567,47.893206,45.918168
2020-05-11,IBM,75.821898,76.885714,74.559467
2020-05-11,INTC,49.71317,50.477493,48.531225
2020-05-11,MSFT,130.18177,133.55197,131.4234
2020-05-11,NKE,67.499003,67.477293,65.897361
2020-05-11,VZ,26.6814,26.757695,26.193741
2020-05-11,WMT,27.135952,27.623752,26.580769
2020-05-12,AAPL,94.057061,94.902223,93.248277
2020-05-12,AMGN,95.067479,95.187665,92.58571
2020-05-12,CRM,115.33085,116.59261,112.48752
2020-05-12,CSCO,48.503985,49.665324,47.749813
2020-05-12,IBM,75.020452,76.184642,74.913635
2020-05-12,INTC,49.478834,49.188043,48.912897
2020-05-12,MSFT,127.27894,128.87966,126.31023
2020-05-12,NKE,69.230336,71.71006,67.142468
2020-05-12,VZ,26.586437,26.304739,26.190829
2020-05-12,WMT,26.762943,27.012377,26.668888
2020-05-13,AAPL,93.160549,94.980435,89.667709
2020-05-13,AMGN,95.997257,96.758176,95.132057
2020-05-13,CRM,109.84409,113.48618,106.76839
2020-05-13,CSCO,46.896075,47.23589,46.010151
2020-05-13,IBM,75.145712,75.924571,74.267306
2020-05-13,INTC,49.20809,49.810828,48.925988
2020-05-13,MSFT,122.04315,122.16741,119.11636
2020-05-13,NKE,69.427966,70.954137,67.052366
2020-05-13,VZ,26.879641,27.500798,26.450827
2020-05-13,WMT,26.543811,26.504982,26.141546
2020-05-14,AAPL,91.275509,93.729084,89.456018
2020-05-14,AMGN,94.854349,95.769851,94.946042
2020-05-14,CRM,109.0774,115.89013,109.27395
2020-05-14,CSCO,47.24912,47.8212,46.807535
2020-05-14,IBM,74.919242,75.863399,74.959003
2020-05-14,INTC,47.947064,48.707742,46.24156
2020-05-14,MSFT,122.29282,124.62576,121.07627
2020-05-14,NKE,69.218682,70.114821,68.809551
2020-05-14,VZ,26.932254,27.514213,26.481548
2020-05-14,WMT,25.829308,25.940199,25.534105
2020-05-15,AAPL,88.877982,90.891715,86.954323
2020-05-15,AMGN,97.807936,100.31423,95.563338
2020-05-15,CRM,105.8855,107.34321,104.73513
2020-05-15,CSCO,46.860443,46.673101,47.260342
2020-05-15,IBM,74.078901,75.032514,73.104893
2020-05-15,INTC,48.541766,49.269018,47.936924
2020-05-15,MSFT,122.54177,123.18853,120.67523
2020-05-15,NKE,68.876133,70.49981,68.05915
2020-05-15,VZ,27.756235,28.400042,27.432269
2020-05-15,WMT,25.991774,26.332385,25.687769
2020-05-18,AAPL,90.436385,92.007382,87.498477
2020-05-18,AMGN,96.669685,97.839686,95.528465
2020-05-18,CRM,110.16727,112.746,108.0503
2020-05-18,CSCO,44.722798,44.813058,43.94799
2020-05-18,IBM,72.976539,73.881154,72.418162
2020-05-18,INTC,48.445787,49.834582,47.852361
2020-05-18,MSFT,121.1807,123.676,118.85536
2020-05-18,NKE,68.268429,68.941892,67.221255
2020-05-18,VZ,27.518564,27.90209,27.297388
2020-05-18,WMT,25.412551,25.487838,25.367371
2020-05-19,AAPL,88.331161,87.956776,85.896212
2020-05-19,AMGN,99.177967,101.38287,98.135888
2020-05-19,CRM,112.2757,116.75255,110.60335
2020-05-19,CSCO,44.433815,44.897418,43.66922
2020-05-19,IBM,73.621701,74.70089,73.76831
2020-05-19,INTC,47.576676,48.503872,47.481079
2020-05-19,MSFT,119.48981,120.97196,119.73953
2020-05-19,NKE,67.650388,69.060919,68.496271
2020-05-19,VZ,27.329726,27.636593,27.193322
2020-05-19,WMT,25.790531,25.835385,25.747916
2020-05-20,AAPL,85.668023,85.714051,83.594748
2020-05-20,AMGN,98.758925,100.28569,98.261693
2020-05-20,CRM,108.94372,111.50626,108.4865
2020-05-20,CSCO,43.72772,44.192765,43.670377
2020-05-20,IBM,71.571328,72.497371,70.768961
2020-05-20,INTC,47.821522,48.162713,47.580422
2020-05-20,MSFT,117.01993,118.93747,115.35703
2020-05-20,NKE,67.9736,69.299572,66.499563
2020-05-20,VZ,27.509859,27.576307,26.896486
2020-05-20,WMT,25.633851,25.634596,25.268324
2020-05-21,AAPL,85.173587,85.066894,82.564883
2020-05-21,AMGN,100.17923,100.46553,98.034946
2020-05-21,CRM,109.89985,112.39321,109.7805
2020-05-21,CSCO,42.625679,43.543701,41.481904
2020-05-21,IBM,69.796885,71.464384,69.305679
2020-05-21,INTC,47.515088,48.716927,46.716405
2020-05-21,MSFT,120.25255,122.19464,119.02891
2020-05-21,NKE,68.959545,69.938481,66.57531
2020-05-21,VZ,27.414475,28.156439,26.775847
2020-05-21,WMT,25.650397,25.938754,25.430837
2020-05-22,AAPL,86.085724,86.069387,81.87528
2020-05-22,AMGN,100.6127,102.95181,98.371902
2020-05-22,CRM,106.50086,110.51906,106.1624
2020-05-22,CSCO,42.629492,43.287009,41.588849
2020-05-22,IBM,69.109867,69.521736,68.178278
2020-05-22,INTC,47.699883,47.808189,46.920213
2020-05-22,MSFT,117.853,118.36444,114.88408
2020-05-22,NKE,68.064915,69.67828,66.767093
2020-05-22,VZ,26.799459,27.137776,26.640383
2020-05-22,WMT,26.04153,26.065366,26.104146
2020-05-26,AAPL,84.847211,88.149924,82.931495
2020-05-26,AMGN,101.45318,103.52051,99.742066
2020-05-26,CRM,108.32971,111.27797,104.81263
2020-05-26,CSCO,42.683363,43.421185,42.116781
2020-05-26,IBM,70.712887,71.83799,70.711328
2020-05-26,INTC,47.739752,47.375757,46.856434
2020-05-26,MSFT,118.01498,118.98413,117.2857
2020-05-26,NKE,66.304201,66.905883,65.597174
2020-05-26,VZ,26.613454,27.132001,26.117684
2020-05-26,WMT,26.215494,26.564778,25.90397
2020-05-27,AAPL,83.790632,85.630446,82.834791
2020-05-27,AMGN,105.66756,107.17284,104.50663
2020-05-27,CRM,104.53587,108.09382,98.89792
2020-05-27,CSCO,42.260186,42.689694,41.436668
2020-05-27,IBM,69.78425,70.457243,68.543726
2020-05-27,INTC,47.909646,47.254414,47.123035
2020-05-27,MSFT,116.78005,118.77874,114.60805
2020-05-27,NKE,65.900457,66.621711,65.917622
2020-05-27,VZ,26.256917,26.184821,26.115149
2020-05-27,WMT,25.911649,25.912257,25.455145
2020-05-28,AAPL,82.967975,81.885509,81.383444
2020-05-28,AMGN,104.12251,108.23784,102.31571
2020-05-28,CRM,100.96695,103.58411,102.69711
2020-05-28,CSCO,43.670379,44.141994,43.769234
2020-05-28,IBM,69.114274,69.480244,67.722782
2020-05-28,INTC,46.877138,48.220623,46.449245
2020-05-28,MSFT,115.16204,116.73135,112.32257
2020-05-28,NKE,63.318182,65.311903,62.329224
2020-05-28,VZ,25.717077,25.873978,25.223248
2020-05-28,WMT,25.839254,25.89659,25.599764
2020-05-29,AAPL,80.320943,79.861898,79.572374
2020-05-29,AMGN,102.94903,101.40177,103.11118
2020-05-29,CRM,99.784587,98.948511,95.42267
2020-05-29,CSCO,42.058446,42.362099,41.700195
2020-05-29,IBM,68.613865,69.300035,68.784806
2020-05-29,INTC,46.186704,47.038348,45.56126
2020-05-29,MSFT,113.52054,115.51069,111.48515
2020-05-29,NKE,62.251529,64.072039,62.108872
2020-05-29,VZ,25.137701,25.021687,24.976574
2020-05-29,WMT,25.517412,25.722066,24.794013
2020-06-01,AAPL,81.900749,82.643211,79.594358
2020-06-01,AMGN,103.2998,104.25427,100.48998
2020-06-01,CRM,97.902114,99.845193,94.741014
2020-06-01,CSCO,42.257699,43.649372,41.098795
2020-06-01,IBM,68.963101,70.2273,68.690709
2020-06-01,INTC,45.488645,46.498075,44.627267
2020-06-01,MSFT,112.6656,114.605,111.6036
2020-06-01,NKE,61.816545,63.98111,60.212184
2020-06-01,VZ,25.113495,25.362381,24.71172
2020-06-01,WMT,25.317308,25.624667,24.829481
2020-06-02,AAPL,83.390477,85.689285,80.874922
2020-06-02,AMGN,98.969276,99.303503,97.407172
2020-06-02,CRM,97.827119,103.30689,97.918642
2020-06-02,CSCO,42.683753,42.996994,42.40597
2020-06-02,IBM,68.073786,68.615935,67.469772
2020-06-02,INTC,45.236671,46.72301,44.414071
2020-06-02,MSFT,111.1816,113.90879,108.05558
2020-06-02,NKE,61.962408,63.618719,61.101069
2020-06-02,VZ,25.845392,26.196322,25.53686
2020-06-02,WMT,25.504553,25.952231,25.184906
2020-06-03,AAPL,83.967638,85.182909,83.113218
2020-06-03,AMGN,97.924527,99.943006,95.412883
2020-06-03,CRM,97.936143,99.201329,94.165653
2020-06-03,CSCO,42.767287,43.511301,41.884054
2020-06-03,IBM,68.889319,68.391579,68.042054
2020-06-03,INTC,43.975507,45.101414,43.569124
2020-06-03,MSFT,109.31041,112.04052,108.88723
2020-06-03,NKE,62.426311,62.779275,62.552003
2020-06-03,VZ,25.517481,25.41716,25.885502
2020-06-03,WMT,25.408225,25.246144,24.896659
2020-06-04,AAPL,83.771309,83.304099,83.57029
2020-06-04,AMGN,98.533397,100.82607,97.997375
2020-06-04,CRM,102.83011,104.24368,100.87725
2020-06-04,CSCO,43.158822,44.609842,42.583886
2020-06-04,IBM,69.593888,70.589038,69.043466
2020-06-04,INTC,43.531382,44.634745,43.681094
2020-06-04,MSFT,108.11652,107.509,106.13399
2020-06-04,NKE,62.304535,63.773748,62.693977
2020-06-04,VZ,25.601595,25.648323,25.594828
2020-06-04,WMT,25.543915,25.834796,25.270719
2020-06-05,AAPL,82.747244,82.957983,81.154943
2020-06-05,AMGN,98.4803,99.524071,98.118674
2020-06-05,CRM,103.75088,106.37734,104.85027
2020-06-05,CSCO,44.023204,44.263944,43.499524
2020-06-05,IBM,68.919193,70.11318,67.53098
2020-06-05,INTC,42.864925,43.142607,41.847652
2020-06-05,MSFT,108.80696,109.11461,106.69257
2020-06-05,NKE,61.994031,61.877143,61.848864
2020-06-05,VZ,25.157394,25.753885,24.687049
2020-06-05,WMT,25.677722,25.863608,25.217804
2020-06-08,AAPL,83.311492,84.146394,82.428229
2020-06-08,AMGN,98.775115,101.02011,99.298086
2020-06-08,CRM,99.590572,100.5033,96.381389
2020-06-08,CSCO,43.062277,43.191521,42.44383
2020-06-08,IBM,68.843023,69.823382,68.157794
2020-06-08,INTC,43.883512,44.647521,42.895462
2020-06-08,MSFT,109.21512,110.37954,107.93499
2020-06-08,NKE,60.845825,62.325451,59.530993
2020-06-08,VZ,25.175436,25.559493,24.950681
2020-06-08,WMT,25.522212,25.853581,25.127092
2020-06-09,AAPL,84.130114,83.787135,83.704279
2020-06-09,AMGN,100.23763,100.87832,99.660832
2020-06-09,CRM,101.00857,101.86942,102.47733
2020-06-09,CSCO,44.519831,44.257845,43.552497
2020-06-09,IBM,66.453175,67.583977,66.053273
2020-06-09,INTC,42.960762,43.957356,42.394861
2020-06-09,MSFT,106.75108,107.58544,104.95228
2020-06-09,NKE,60.056243,61.315557,59.724941
2020-06-09,VZ,25.382001,25.394875,25.273522
2020-06-09,WMT,25.720471,25.758092,25.42268
2020-06-10,AAPL,84.552835,83.89085,80.902198
2020-06-10,AMGN,102.50958,102.51925,102.27702
2020-06-10,CRM,102.54715,102.91025,97.870555
2020-06-10,CSCO,44.20882,44.084778,44.041877
2020-06-10,IBM,65.382768,66.193664,65.386992
2020-06-10,INTC,43.680801,44.432147,42.840667
2020-06-10,MSFT,107.6196,106.24482,107.4399
2020-06-10,NKE,60.200318,60.697731,60.690469
2020-06-10,VZ,24.701997,25.010213,24.657526
2020-06-10,WMT,26.007854,26.082226,25.964405
2020-06-11,AAPL,84.666322,86.508064,82.557463
2020-06-11,AMGN,104.0351,103.56091,103.09035
2020-06-11,CRM,101.21941,105.06542,97.898667
2020-06-11,CSCO,45.521067,45.766895,45.263776
2020-06-11,IBM,63.895414,64.735919,63.062038
2020-06-11,INTC,43.409978,43.430181,42.848771
2020-06-11,MSFT,109.06778,112.87238,108.25953
2020-06-11,NKE,61.128255,61.904064,60.878502
2020-06-11,VZ,24.758532,24.786813,24.571177
2020-06-11,WMT,25.947205,26.136153,25.618475
2020-06-12,AAPL,83.350265,84.412784,80.229551
2020-06-12,AMGN,103.83898,103.86741,102.87494
2020-06-12,CRM,97.851371,99.290433,97.871749
2020-06-12,CSCO,45.93465,45.985022,45.266858
2020-06-12,IBM,64.512472,65.615218,64.004465
2020-06-12,INTC,43.501793,42.886237,43.162851
2020-06-12,MSFT,108.0896,108.05245,106.76554
2020-06-12,NKE,60.341695,61.940482,60.290813
2020-06-12,VZ,24.456316,24.786776,24.192726
2020-06-12,WMT,25.314001,25.375492,25.154227
2020-06-15,AAPL,80.23618,80.158761,78.541538
2020-06-15,AMGN,102.59088,104.2383,102.32478
2020-06-15,CRM,101.66734,101.72433,99.167098
2020-06-15,CSCO,46.997584,48.111405,46.494509
2020-06-15,IBM,65.657471,66.023163,65.41402
2020-06-15,INTC,42.997978,43.125743,42.510372
2020-06-15,MSFT,107.20027,109.22347,105.82033
2020-06-15,NKE,61.126297,62.223597,60.17799
2020-06-15,VZ,24.353665,24.830051,24.224449
2020-06-15,WMT,25.049465,25.39544,24.74443
2020-06-16,AAPL,78.688356,79.661018,77.602258
2020-06-16,AMGN,100.58369,101.96373,98.468788
2020-06-16,CRM,100.35157,101.27072,99.777536
2020-06-16,CSCO,46.451885,46.07842,45.723057
2020-06-16,IBM,64.631643,64.847782,62.750492
2020-06-16,INTC,44.239649,45.2714,43.468343
2020-06-16,MSFT,106.20558,109.34822,104.34553
2020-06-16,NKE,60.027335,60.6157,58.723674
2020-06-16,VZ,24.094114,24.339705,23.623217
2020-06-16,WMT,24.809585,25.159458,24.311572
2020-06-17,AAPL,78.199454,79.806454,76.956664
2020-06-17,AMGN,100.61834,100.81881,98.925055
2020-06-17,CRM,101.69648,103.1108,100.47151
2020-06-17,CSCO,45.327224,46.835142,45.280728
2020-06-17,IBM,63.495983,64.305263,63.328913
2020-06-17,INTC,44.216523,45.721879,43.621531
2020-06-17,MSFT,106.31634,107.51758,103.74682
2020-06-17,NKE,59.532994,59.720217,58.045937
2020-06-17,VZ,24.247597,24.393803,24.399272
2020-06-17,WMT,24.598001,24.72431,24.374409
2020-06-18,AAPL,77.299581,78.46029,75.497949
2020-06-18,AMGN,101.75137,103.40072,99.785202
2020-06-18,CRM,98.321429,99.301712,97.093063
2020-06-18,CSCO,45.134886,46.108223,45.041607
2020-06-18,IBM,63.83547,64.796144,63.289472
2020-06-18,INTC,44.317854,44.975764,43.96671
2020-06-18,MSFT,106.36532,108.42642,104.96138
2020-06-18,NKE,58.890898,59.459995,57.933524
2020-06-18,VZ,23.880545,24.134902,23.538148
2020-06-18,WMT,24.114689,24.407209,23.881197
2020-06-19,AAPL,75.240307,76.069442,73.65994
2020-06-19,AMGN,101.54302,104.01544,98.5773
2020-06-19,CRM,98.703485,103.05976,95.894887
2020-06-19,CSCO,44.927951,45.7849,43.883377
2020-06-19,IBM,64.111243,65.345134,63.381981
2020-06-19,INTC,44.303895,45.266785,43.973438
2020-06-19,MSFT,106.43226,106.5608,105.3872
2020-06-19,NKE,55.868413,57.49147,56.085384
2020-06-19,VZ,24.403992,24.836864,24.101411
2020-06-19,WMT,23.739266,23.542651,23.733539
2020-06-22,AAPL,75.549036,77.774608,75.103556
2020-06-22,AMGN,104.86004,104.81284,104.19089
2020-06-22,CRM,99.521923,101.44963,96.650975
2020-06-22,CSCO,44.730987,44.738388,44.449554
2020-06-22,IBM,63.468781,64.083524,63.383931
2020-06-22,INTC,43.475543,44.043721,43.039394
2020-06-22,MSFT,107.64285,108.4545,104.19527
2020-06-22,NKE,56.087487,56.786477,55.198102
2020-06-22,VZ,23.986425,24.14757,23.569621
2020-06-22,WMT,23.690586,23.935204,23.162664
2020-06-23,AAPL,74.168153,76.222536,74.145877
2020-06-23,AMGN,104.25102,104.46446,102.3407
2020-06-23,CRM,97.60909,100.1574,97.000974
2020-06-23,CSCO,45.143831,45.080951,44.621569
2020-06-23,IBM,64.123132,65.357268,62.695131
2020-06-23,INTC,43.231266,43.912651,43.082109
2020-06-23,MSFT,109.16809,110.6317,106.48804
2020-06-23,NKE,56.204392,58.512914,56.143502
2020-06-23,VZ,23.549845,23.258824,23.181654
2020-06-23,WMT,23.410073,23.52846,23.191838
2020-06-24,AAPL,71.264354,72.891541,69.165398
2020-06-24,AMGN,104.59386,106.08104,101.84806
2020-06-24,CRM,97.75341,98.594346,97.713691
2020-06-24,CSCO,42.907493,42.450524,42.108941
2020-06-24,IBM,64.465221,64.372884,62.950348
2020-06-24,INTC,43.286359,43.079647,42.419554
2020-06-24,MSFT,109.43934,110.08593,106.54629
2020-06-24,NKE,56.843313,57.877091,56.284519
2020-06-24,VZ,23.439976,23.626834,23.178112
2020-06-24,WMT,23.274931,23.525097,23.035876
2020-06-25,AAPL,70.636022,71.262362,68.266691
2020-06-25,AMGN,103.04725,104.75626,100.85058
2020-06-25,CRM,93.24386,93.668718,90.956166
2020-06-25,CSCO,43.601804,44.150046,43.128518
2020-06-25,IBM,63.810621,64.301779,62.841418
2020-06-25,INTC,41.584091,41.827772,41.987241
2020-06-25,MSFT,108.72046,112.34106,106.45548
2020-06-25,NKE,57.361664,57.298248,56.902674
2020-06-25,VZ,23.397753,23.858926,22.989235
2020-06-25,WMT,23.057174,23.480073,22.775524
2020-06-26,AAPL,71.576672,71.74537,70.61593
2020-06-26,AMGN,103.22785,103.50423,104.04433
2020-06-26,CRM,94.259582,98.180173,92.673589
2020-06-26,CSCO,42.551397,42.768384,42.131539
2020-06-26,IBM,62.919456,64.126195,61.426127
2020-06-26,INTC,41.22122,41.686154,39.480711
2020-06-26,MSFT,107.22974,108.42237,105.20306
2020-06-26,NKE,55.765724,56.478653,55.894385
2020-06-26,VZ,23.079632,23.098291,22.891114
2020-06-26,WMT,22.634874,22.813733,22.494314
2020-06-29,AAPL,71.152536,71.521963,70.701321
2020-06-29,AMGN,105.77329,105.99835,103.20877
2020-06-29,CRM,95.470205,97.958294,94.067892
2020-06-29,CSCO,42.257789,43.373806,41.837166
2020-06-29,IBM,63.459956,64.608613,63.343232
2020-06-29,INTC,40.720816,41.753525,40.293119
2020-06-29,MSFT,106.30831,108.14144,105.88575
2020-06-29,NKE,55.709388,57.190122,54.349076
2020-06-29,VZ,22.828986,22.678917,22.822929
2020-06-29,WMT,22.353361,22.790416,21.809568
2020-06-30,AAPL,69.603007,69.768157,68.820412
2020-06-30,AMGN,105.31586,105.15895,104.71011
2020-06-30,CRM,91.888526,94.609206,89.644562
2020-06-30,CSCO,40.907644,41.808551,40.387518
2020-06-30,IBM,64.46037,65.392426,63.041426
2020-06-30,INTC,39.634987,40.083338,38.576524
2020-06-30,MSFT,107.84583,108.81871,105.82911
2020-06-30,NKE,55.467905,55.814455,54.39877
2020-06-30,VZ,22.612772,22.768702,22.336009
2020-06-30,WMT,22.01658,22.317848,21.698497
2020-07-01,AAPL,70.341356,72.576645,69.012128
2020-07-01,AMGN,102.84988,105.90149,101.37309
2020-07-01,CRM,88.393821,92.297451,87.882563
2020-07-01,CSCO,40.54758,41.921448,39.601277
2020-07-01,IBM,65.30835,66.234839,63.919659
2020-07-01,INTC,40.02249,40.521165,39.856226
2020-07-01,MSFT,109.21337,109.99015,107.8281
2020-07-01,NKE,55.970352,56.828181,55.894379
2020-07-01,VZ,22.507718,22.961049,22.150529
2020-07-01,WMT,21.682054,22.176133,21.369057
2020-07-02,AAPL,71.216022,72.981878,70.300489
2020-07-02,AMGN,101.45575,102.41765,100.43748
2020-07-02,CRM,93.46127,95.281348,90.498657
2020-07-02,CSCO,40.314852,40.151309,39.940863
2020-07-02,IBM,66.383481,66.810511,65.356954
2020-07-02,INTC,39.929445,40.899563,39.859842
2020-07-02,MSFT,109.41246,111.67631,107.75844
2020-07-02,NKE,55.490863,57.335661,54.942166
2020-07-02,VZ,22.731107,22.702356,22.604188
2020-07-02,WMT,21.500353,21.858643,21.196434
2020-07-06,AAPL,70.796148,71.006766,68.878794
2020-07-06,AMGN,101.20174,103.00693,98.32077
2020-07-06,CRM,87.819188,88.790458,86.512193
2020-07-06,CSCO,41.102135,41.625846,41.37708
2020-07-06,IBM,65.360475,65.854671,65.205076
2020-07-06,INTC,39.800684,40.214476,39.604938
2020-07-06,MSFT,112.324,112.70901,111.2349
2020-07-06,NKE,55.272995,55.604833,54.478352
2020-07-06,VZ,22.150726,22.15002,22.15117
2020-07-06,WMT,21.352525,21.666357,21.069554
2020-07-07,AAPL,71.031241,71.889549,69.461419
2020-07-07,AMGN,100.48304,101.33132,99.557974
2020-07-07,CRM,91.945863,92.025132,88.322842
2020-07-07,CSCO,40.882231,41.739136,40.461369
2020-07-07,IBM,64.943812,65.853075,64.564648
2020-07-07,INTC,39.533112,39.735698,38.722221
2020-07-07,MSFT,113.40038,113.02576,108.69168
2020-07-07,NKE,54.057901,55.536118,54.190633
2020-07-07,VZ,22.129398,22.536372,22.058286
2020-07-07,WMT,20.831268,21.063308,20.60084
2020-07-08,AAPL,72.853982,71.784332,70.610819
2020-07-08,AMGN,102.84813,104.93774,100.82703
2020-07-08,CRM,95.481068,96.582117,91.871712
2020-07-08,CSCO,39.945147,40.368088,39.69296
2020-07-08,IBM,63.288146,63.649235,63.470603
2020-07-08,INTC,38.387451,38.869365,38.728904
2020-07-08,MSFT,114.22456,115.3065,110.79651
2020-07-08,NKE,55.774394,57.082325,55.449054
2020-07-08,VZ,21.814435,22.022328,21.819121
2020-07-08,WMT,21.155944,21.059234,21.039101
2020-07-09,AAPL,72.415409,72.801052,69.98237
2020-07-09,AMGN,103.33735,102.55754,102.72382
2020-07-09,CRM,95.134718,97.125825,94.165357
2020-07-09,CSCO,40.305093,40.796978,40.553301
2020-07-09,IBM,63.661797,64.097205,63.02614
2020-07-09,INTC,37.01449,37.374609,36.20442
2020-07-09,MSFT,118.54285,118.67875,117.73603
2020-07-09,NKE,55.542344,56.662705,54.164136
2020-07-09,VZ,21.319107,21.478949,21.006208
2020-07-09,WMT,20.870655,21.255159,20.763399
2020-07-10,AAPL,72.687943,73.907371,71.800076
2020-07-10,AMGN,103.7632,104.64871,101.57392
2020-07-10,CRM,96.365925,96.794658,94.27836
2020-07-10,CSCO,40.505559,40.418171,40.462039
2020-07-10,IBM,62.268199,63.023795,61.846434
2020-07-10,INTC,36.91686,36.649582,36.253258
2020-07-10,MSFT,120.65854,121.89539,119.87792
2020-07-10,NKE,54.746258,55.97484,54.979702
2020-07-10,VZ,21.293486,21.465639,21.414595
2020-07-10,WMT,20.676327,21.104891,20.397427
2020-07-13,AAPL,76.470573,79.272349,76.454916
2020-07-13,AMGN,106.65952,108.77778,104.95597
2020-07-13,CRM,94.427859,95.09744,92.568041
2020-07-13,CSCO,41.362565,41.506683,40.931832
2020-07-13,IBM,62.633147,62.818016,61.698019
2020-07-13,INTC,36.412346,37.013927,36.446581
2020-07-13,MSFT,121.79039,124.06002,119.94921
2020-07-13,NKE,54.546752,54.693735,54.063163
2020-07-13,VZ,21.781784,21.620696,21.486749
2020-07-13,WMT,21.593113,21.723957,21.455041
2020-07-14,AAPL,76.047743,76.830675,74.025475
2020-07-14,AMGN,109.15374,111.68629,106.88524
2020-07-14,CRM,96.578046,98.894576,97.560738
2020-07-14,CSCO,41.574605,41.849702,41.566695
2020-07-14,IBM,61.98337,62.678674,61.131607
2020-07-14,INTC,37.389692,37.939693,36.477059
2020-07-14,MSFT,118.36943,118.92161,117.44445
2020-07-14,NKE,53.12159,53.067257,51.845501
2020-07-14,VZ,21.896354,22.365877,21.32938
2020-07-14,WMT,21.507639,21.888277,21.079258
2020-07-15,AAPL,76.299674,76.626571,73.931158
2020-07-15,AMGN,109.92596,108.44379,107.21719
2020-07-15,CRM,97.141595,99.439798,95.445909
2020-07-15,CSCO,41.212995,41.485104,40.900817
2020-07-15,IBM,62.197163,62.165263,61.906686
2020-07-15,INTC,36.937581,37.696592,36.450023
2020-07-15,MSFT,119.09505,119.9187,118.85263
2020-07-15,NKE,53.2711,54.347285,54.059885
2020-07-15,VZ,21.565095,21.585815,21.299444
2020-07-15,WMT,21.316599,21.596833,21.311029
2020-07-16,AAPL,77.199243,77.825655,75.562127
2020-07-16,AMGN,109.47134,109.69269,107.60833
2020-07-16,CRM,93.650949,97.411374,91.497809
2020-07-16,CSCO,40.892258,40.67286,40.112626
2020-07-16,IBM,63.777857,65.31382,63.160504
2020-07-16,INTC,37.673303,37.662805,36.859627
2020-07-16,MSFT,119.34377,118.74826,120.25612
2020-07-16,NKE,51.27611,52.121603,50.136164
2020-07-16,VZ,22.072887,22.085733,21.899451
2020-07-16,WMT,21.276303,21.509539,21.349372
2020-07-17,AAPL,78.418172,79.318243,76.437799
2020-07-17,AMGN,110.44332,111.15146,109.79814
2020-07-17,CRM,90.657482,90.583469,89.483959
2020-07-17,CSCO,40.768349,41.113625,40.087159
2020-07-17,IBM,65.808024,66.554626,66.022559
2020-07-17,INTC,36.525093,36.47809,36.663041
2020-07-17,MSFT,115.00848,117.12845,114.46738
2020-07-17,NKE,51.889429,52.894426,51.525914
2020-07-17,VZ,22.500748,23.209357,22.300427
2020-07-17,WMT,21.239224,21.451703,20.905289
2020-07-20,AAPL,79.716945,79.806216,79.075996
2020-07-20,AMGN,112.81151,115.86621,112.13246
2020-07-20,CRM,95.380487,95.150325,92.557956
2020-07-20,CSCO,41.0129,41.927267,40.390251
2020-07-20,IBM,64.201286,65.199295,62.974455
2020-07-20,INTC,36.483682,37.11181,35.935736
2020-07-20,MSFT,116.15149,117.23367,115.91492
2020-07-20,NKE,50.565448,50.968827,50.409351
2020-07-20,VZ,22.204282,22.263153,22.026118
2020-07-20,WMT,21.11668,21.241924,21.020275
2020-07-21,AAPL,78.382365,79.747958,77.126806
2020-07-21,AMGN,108.15857,110.2499,105.41209
2020-07-21,CRM,95.19116,98.02734,93.658459
2020-07-21,CSCO,40.424118,40.531363,40.019855
2020-07-21,IBM,65.014494,65.642411,63.231747
2020-07-21,INTC,36.637132,36.804612,36.657441
2020-07-21,MSFT,119.60401,119.65752,115.60809
2020-07-21,NKE,51.93937,52.603202,51.320105
2020-07-21,VZ,22.348603,22.639466,22.023087
2020-07-21,WMT,20.978509,21.245813,20.900049
2020-07-22,AAPL,78.507593,78.998305,77.281895
2020-07-22,AMGN,108.14932,109.52295,108.08996
2020-07-22,CRM,93.779813,95.407213,92.735979
2020-07-22,CSCO,40.466528,41.075137,39.141799
2020-07-22,IBM,63.966628,64.281855,63.350418
2020-07-22,INTC,37.888167,39.080659,37.794165
2020-07-22,MSFT,116.87603,116.86582,114.73826
2020-07-22,NKE,51.220844,51.55505,51.069561
2020-07-22,VZ,22.632192,22.658061,22.702906
2020-07-22,WMT,20.557047,21.031518,20.332472
2020-07-23,AAPL,79.807731,80.115417,77.768824
2020-07-23,AMGN,108.94613,110.67408,106.33304
2020-07-23,CRM,92.734923,92.62554,90.502249
2020-07-23,CSCO,41.121893,41.357611,40.679632
2020-07-23,IBM,63.234997,63.934406,62.449316
2020-07-23,INTC,38.162127,38.332243,38.219894
2020-07-23,MSFT,119.1252,119.12824,116.09041
2020-07-23,NKE,50.207614,50.778944,50.305688
2020-07-23,VZ,23.023127,23.371111,23.007454
2020-07-23,WMT,20.669226,20.864869,20.69029
2020-07-24,AAPL,78.621282,79.161253,76.364468
2020-07-24,AMGN,105.63513,105.2568,104.60277
2020-07-24,CRM,92.997358,94.008902,93.183838
2020-07-24,CSCO,41.628688,42.657802,41.358319
2020-07-24,IBM,61.890563,61.596434,61.775781
2020-07-24,INTC,39.191422,39.501492,39.101419
2020-07-24,MSFT,119.16633,119.40489,117.72591
2020-07-24,NKE,50.340572,50.383186,49.372852
2020-07-24,VZ,22.865247,22.95135,22.758247
2020-07-24,WMT,20.7529,20.921041,20.515433
2020-07-27,AAPL,81.380529,81.654834,79.572388
2020-07-27,AMGN,105.19582,107.16157,104.28321
2020-07-27,CRM,96.777302,96.148059,93.980562
2020-07-27,CSCO,43.497225,43.659363,43.581688
2020-07-27,IBM,60.253072,61.479407,59.727555
2020-07-27,INTC,39.757882,40.587647,39.85672
2020-07-27,MSFT,118.41058,120.59399,116.80626
2020-07-27,NKE,50.476689,50.955082,49.768282
2020-07-27,VZ,23.081545,23.075297,22.666633
2020-07-27,WMT,20.609971,20.745499,20.588336
2020-07-28,AAPL,81.842814,82.651036,81.216047
2020-07-28,AMGN,104.86749,106.27465,103.91952
2020-07-28,CRM,98.322163,98.916003,94.07322
2020-07-28,CSCO,43.528391,43.772346,43.067155
2020-07-28,IBM,61.534636,61.935198,62.035063
2020-07-28,INTC,40.007304,40.699946,39.41241
2020-07-28,MSFT,119.41153,120.07727,117.80206
2020-07-28,NKE,49.713646,49.660276,49.404869
2020-07-28,VZ,22.691437,22.882788,22.508284
2020-07-28,WMT,20.92327,21.022628,20.818832
2020-07-29,AAPL,81.261441,82.734736,79.761018
2020-07-29,AMGN,103.10812,103.65615,100.86558
2020-07-29,CRM,97.974355,97.832736,96.035543
2020-07-29,CSCO,44.041701,44.474427,43.648896
2020-07-29,IBM,61.954549,62.538562,61.205406
2020-07-29,INTC,40.248793,39.996937,39.635065
2020-07-29,MSFT,121.48645,121.97426,121.59693
2020-07-29,NKE,48.919567,49.953206,47.436312
2020-07-29,VZ,23.080691,23.209565,22.79559
2020-07-29,WMT,20.720306,20.994549,20.482805
2020-07-30,AAPL,81.418771,81.347957,79.121973
2020-07-30,AMGN,103.56477,105.03588,102.98761
2020-07-30,CRM,96.278037,98.772889,95.610102
2020-07-30,CSCO,43.183657,44.67007,43.198179
2020-07-30,IBM,62.591222,63.344531,62.274718
2020-07-30,INTC,39.758225,39.989288,39.201195
2020-07-30,MSFT,122.29259,124.39062,120.57072
2020-07-30,NKE,48.396329,49.080573,48.715296
2020-07-30,VZ,22.603228,22.711413,22.321986
2020-07-30,WMT,20.074297,20.32891,19.399319
2020-07-31,AAPL,80.869347,83.685764,78.950309
2020-07-31,AMGN,101.6108,101.70805,98.75973
2020-07-31,CRM,97.210349,98.659382,99.364883
2020-07-31,CSCO,42.301375,42.520203,41.979354
2020-07-31,IBM,65.544979,65.385739,64.845141
2020-07-31,INTC,40.103288,40.850261,38.881756
2020-07-31,MSFT,120.64638,121.96079,119.78738
2020-07-31,NKE,47.885836,48.860432,48.221612
2020-07-31,VZ,22.701458,22.752825,22.364538
2020-07-31,WMT,20.502947,20.846982,20.269005
2020-08-03,AAPL,82.418341,81.355194,82.674657
2020-08-03,AMGN,99.69197,104.19504,98.892912
2020-08-03,CRM,95.695352,95.244973,95.879599
2020-08-03,CSCO,41.187319,41.400777,40.648422
2020-08-03,IBM,65.789357,66.838523,66.156396
2020-08-03,INTC,41.056896,42.177636,40.897716
2020-08-03,MSFT,119.37252,122.70258,119.40068
2020-08-03,NKE,47.9036,48.857994,48.308958
2020-08-03,VZ,22.7246,23.101693,22.700058
2020-08-03,WMT,20.818949,20.744397,20.999536
2020-08-04,AAPL,83.446054,82.76591,82.768715
2020-08-04,AMGN,97.182811,99.272044,95.124557
2020-08-04,CRM,99.703436,100.91292,98.065431
2020-08-04,CSCO,41.204307,41.850728,40.729333
2020-08-04,IBM,63.200503,63.599214,62.926077
2020-08-04,INTC,40.340501,40.249847,39.714588
2020-08-04,MSFT,121.33682,120.94271,121.51809
2020-08-04,NKE,48.585803,50.104382,48.918286
2020-08-04,VZ,22.2052,22.586937,21.71401
2020-08-04,WMT,20.862824,20.79656,20.656425
2020-08-05,AAPL,82.41429,82.837855,81.955552
2020-08-05,AMGN,96.665447,97.152518,94.633516
2020-08-05,CRM,100.72205,100.84124,99.371885
2020-08-05,CSCO,40.115241,41.333909,39.84168
2020-08-05,IBM,63.465543,63.957335,63.59055
2020-08-05,INTC,40.561787,41.515955,40.235968
2020-08-05,MSFT,123.28324,122.62306,119.85121
2020-08-05,NKE,47.843097,49.018601,47.132529
2020-08-05,VZ,21.912221,21.905324,21.624109
2020-08-05,WMT,20.604754,20.768995,20.747641
2020-08-06,AAPL,79.137383,80.982571,78.060158
2020-08-06,AMGN,92.797743,94.332301,92.66255
2020-08-06,CRM,100.75928,100.84793,96.483166
2020-08-06,CSCO,40.210527,40.477173,39.434675
2020-08-06,IBM,64.950156,64.707702,64.563139
2020-08-06,INTC,40.770519,41.289178,39.799315
2020-08-06,MSFT,124.22788,126.41804,124.90289
2020-08-06,NKE,49.23651,49.445656,48.754458
2020-08-06,VZ,21.256005,21.788852,20.998233
2020-08-06,WMT,20.1564,20.049625,20.054611
2020-08-07,AAPL,79.604242,80.18116,80.337567
2020-08-07,AMGN,92.300536,93.851574,90.037384
2020-08-07,CRM,104.38359,102.92934,102.39567
2020-08-07,CSCO,40.571389,40.986665,40.471905
2020-08-07,IBM,62.637663,63.044293,62.576841
2020-08-07,INTC,40.458811,40.524718,40.259259
2020-08-07,MSFT,127.49053,130.3321,124.92113
2020-08-07,NKE,49.536407,50.30661,48.441559
2020-08-07,VZ,21.418188,21.608374,21.170288
2020-08-07,WMT,19.976817,20.028415,19.608818
2020-08-10,AAPL,79.133045,80.264213,79.610403
2020-08-10,AMGN,90.900916,92.012995,89.875748
2020-08-10,CRM,98.308593,99.182173,99.655879
2020-08-10,CSCO,40.688181,40.769101,40.40071
2020-08-10,IBM,61.930389,63.017672,60.993745
2020-08-10,INTC,41.028358,42.564809,40.243158
2020-08-10,MSFT,125.42303,125.19063,125.44716
2020-08-10,NKE,50.882611,52.153995,50.152624
2020-08-10,VZ,21.163036,21.377169,20.787785
2020-08-10,WMT,20.131524,20.168441,20.120454
2020-08-11,AAPL,78.433957,79.731914,75.897582
2020-08-11,AMGN,87.736631,89.722412,87.161787
2020-08-11,CRM,96.102508,95.625708,96.359484
2020-08-11,CSCO,41.55048,41.844339,41.001051
2020-08-11,IBM,60.53391,61.395698,59.154085
2020-08-11,INTC,41.313297,42.02094,40.940314
2020-08-11,MSFT,127.71756,127.2987,127.09205
2020-08-11,NKE,49.763121,51.419202,50.020496
2020-08-11,VZ,21.194598,21.458516,20.984497
2020-08-11,WMT,20.121254,20.426846,20.026034
2020-08-12,AAPL,79.118793,80.562804,78.955596
2020-08-12,AMGN,87.785312,88.869206,86.459027
2020-08-12,CRM,95.78749,97.657164,95.52338
2020-08-12,CSCO,42.403744,42.429358,42.169221
2020-08-12,IBM,60.367796,60.68022,60.128022
2020-08-12,INTC,42.393323,43.500832,41.449663
2020-08-12,MSFT,127.86373,129.83334,127.11541
2020-08-12,NKE,51.559922,52.982087,51.087557
2020-08-12,VZ,20.903737,20.899765,20.373786
2020-08-12,WMT,19.826397,20.069879,19.841966
2020-08-13,AAPL,80.469083,80.687105,79.850783
2020-08-13,AMGN,88.79193,88.510956,87.041211
2020-08-13,CRM,93.680423,93.553744,89.619903
2020-08-13,CSCO,41.963245,42.626779,41.394118
2020-08-13,IBM,59.089904,59.831651,58.946039
2020-08-13,INTC,43.287731,43.495506,42.98155
2020-08-13,MSFT,128.39707,129.86469,126.12598
2020-08-13,NKE,50.353202,50.658241,49.655599
2020-08-13,VZ,20.749848,21.168879,20.260618
2020-08-13,WMT,19.85166,20.36081,19.660811
2020-08-14,AAPL,81.157886,81.414828,78.563416
2020-08-14,AMGN,90.268226,90.670314,89.704316
2020-08-14,CRM,94.261278,95.733425,93.891137
2020-08-14,CSCO,41.713758,41.453611,41.462701
2020-08-14,IBM,59.523418,60.309641,58.951352
2020-08-14,INTC,42.947218,43.754939,42.361316
2020-08-14,MSFT,128.21767,127.24076,128.002
2020-08-14,NKE,48.460332,48.930157,48.543843
2020-08-14,VZ,20.286697,20.108179,20.311076
2020-08-14,WMT,19.713028,19.703346,19.608411
2020-08-17,AAPL,82.526858,84.404414,81.447584
2020-08-17,AMGN,90.901051,92.589902,88.376898
2020-08-17,CRM,92.014045,92.611545,91.846736
2020-08-17,CSCO,42.464164,43.085929,42.407276
2020-08-17,IBM,59.589983,60.008908,59.655799
2020-08-17,INTC,42.248508,42.514728,41.280121
2020-08-17,MSFT,128.78962,130.35095,126.94768
2020-08-17,NKE,47.898176,48.055033,47.855363
2020-08-17,VZ,19.873149,20.07812,19.506812
2020-08-17,WMT,19.687709,19.566998,19.451583
2020-08-18,AAPL,82.40077,82.540177,83.44541
2020-08-18,AMGN,88.738191,92.042317,89.437753
2020-08-18,CRM,92.934779,91.949474,91.948521
2020-08-18,CSCO,41.660517,41.763657,40.45418
2020-08-18,IBM,59.315824,59.268741,58.771845
2020-08-18,INTC,42.541738,42.479125,42.189207
2020-08-18,MSFT,127.94954,128.97119,128.36906
2020-08-18,NKE,49.28271,49.73527,48.679358
2020-08-18,VZ,20.035507,20.268479,19.770638
2020-08-18,WMT,19.467309,19.707827,19.242453
2020-08-19,AAPL,81.213395,82.679235,81.250116
2020-08-19,AMGN,86.665406,87.549354,86.277775
2020-08-19,CRM,90.864504,91.198343,90.356137
2020-08-19,CSCO,41.33279,41.80047,41.0131
2020-08-19,IBM,59.17443,60.237517,58.543031
2020-08-19,INTC,42.917715,43.158406,41.991462
2020-08-19,MSFT,127.07506,127.3484,124.78911
2020-08-19,NKE,48.273062,48.887883,48.278908
2020-08-19,VZ,20.059633,20.162334,19.728643
2020-08-19,WMT,19.06026,18.899135,19.112631
2020-08-20,AAPL,79.506878,79.941906,77.648752
2020-08-20,AMGN,85.834069,86.772865,84.21433
2020-08-20,CRM,91.713264,92.526291,91.153644
2020-08-20,CSCO,40.494964,40.509658,40.570391
2020-08-20,IBM,59.925781,60.413325,59.813803
2020-08-20,INTC,42.637559,42.971031,42.463412
2020-08-20,MSFT,125.56327,126.0993,126.3295
2020-08-20,NKE,48.964879,49.317333,48.929007
2020-08-20,VZ,19.989948,19.991426,19.856809
2020-08-20,WMT,19.048462,19.195443,18.986912
2020-08-21,AAPL,83.834694,84.013874,81.87479
2020-08-21,AMGN,86.245941,88.322397,85.25587
2020-08-21,CRM,93.290039,93.222512,90.240066
2020-08-21,CSCO,39.482295,39.608174,39.677682
2020-08-21,IBM,59.026884,58.966594,58.073941
2020-08-21,INTC,42.518166,42.662524,41.978106
2020-08-21,MSFT,122.64213,123.6522,121.96388
2020-08-21,NKE,50.239593,51.153585,48.693206
2020-08-21,VZ,19.38859,19.491346,19.334137
2020-08-21,WMT,19.134674,19.224975,19.046513
2020-08-24,AAPL,84.520844,84.870339,83.216297
2020-08-24,AMGN,85.00023,86.081767,83.760764
2020-08-24,CRM,93.407877,96.763102,90.447242
2020-08-24,CSCO,38.694316,38.799278,38.179753
2020-08-24,IBM,58.815351,59.678475,58.685824
2020-08-24,INTC,43.100671,43.759445,42.656738
2020-08-24,MSFT,123.02961,124.72432,122.9653
2020-08-24,NKE,50.47319,51.887991,50.589478
2020-08-24,VZ,19.083629,19.245385,18.853475
2020-08-24,WMT,18.880846,18.910745,18.872806
2020-08-25,AAPL,83.712852,84.64619,83.073759
2020-08-25,AMGN,86.780102,86.645829,85.042841
2020-08-25,CRM,87.313329,88.527165,88.068126
2020-08-25,CSCO,39.015165,39.209999,38.462611
2020-08-25,IBM,59.346056,60.786834,58.796717
2020-08-25,INTC,42.019883,42.99953,41.890331
2020-08-25,MSFT,125.03331,126.16263,122.31471
2020-08-25,NKE,50.887014,52.383675,50.186065
2020-08-25,VZ,18.94964,18.826872,18.921371
2020-08-25,WMT,18.631411,18.731791,18.260589
2020-08-26,AAPL,81.599112,83.191775,80.126218
2020-08-26,AMGN,85.269936,86.478551,85.373609
2020-08-26,CRM,86.900036,88.643049,85.955398
2020-08-26,CSCO,38.67858,39.107739,38.000663
2020-08-26,IBM,58.278494,58.994556,57.030901
2020-08-26,INTC,41.136309,42.078688,41.298533
2020-08-26,MSFT,127.00621,128.87263,127.81503
2020-08-26,NKE,51.023932,51.973524,50.45983
2020-08-26,VZ,18.796384,18.963265,18.80212
2020-08-26,WMT,18.154354,18.421114,18.057289
2020-08-27,AAPL,83.048097,86.293817,80.946349
2020-08-27,AMGN,85.960345,87.960161,84.943887
2020-08-27,CRM,88.329174,88.181448,86.930041
2020-08-27,CSCO,38.351765,38.288819,38.634001
2020-08-27,IBM,58.597394,58.945293,58.335024
2020-08-27,INTC,42.312556,41.894584,41.477585
2020-08-27,MSFT,129.30665,130.71252,127.13504
2020-08-27,NKE,51.444355,52.131131,50.577496
2020-08-27,VZ,18.852797,19.344494,18.956365
2020-08-27,WMT,18.176753,18.496184,17.774086
2020-08-28,AAPL,82.91613,85.226345,83.675645
2020-08-28,AMGN,87.042455,87.215645,87.084074
2020-08-28,CRM,87.353466,88.343827,86.046825
2020-08-28,CSCO,38.197425,39.480261,38.454966
2020-08-28,IBM,58.21253,58.42918,57.357455
2020-08-28,INTC,41.735574,41.256423,41.706205
2020-08-28,MSFT,129.58987,131.04703,129.64287
2020-08-28,NKE,50.747777,51.579313,51.153173
2020-08-28,VZ,18.794349,18.55094,18.572374
2020-08-28,WMT,18.359159,18.449959,18.078237
2020-08-31,AAPL,82.740118,81.596359,80.916485
2020-08-31,AMGN,86.100432,86.015718,85.946082
2020-08-31,CRM,88.451892,90.740013,87.585093
2020-08-31,CSCO,38.572374,38.805415,37.945492
2020-08-31,IBM,58.154905,58.365594,58.38296
2020-08-31,INTC,41.791692,43.152439,40.755301
2020-08-31,MSFT,127.78278,130.11219,125.30109
2020-08-31,NKE,50.919866,51.819628,50.764796
2020-08-31,VZ,18.707201,18.598354,18.658255
2020-08-31,WMT,18.214674,18.491457,17.978186
2020-09-01,AAPL,83.160581,82.51486,78.776538
2020-09-01,AMGN,83.793853,83.903022,82.496211
2020-09-01,CRM,86.740622,85.32456,83.281056
2020-09-01,CSCO,38.554358,38.842337,38.35777
2020-09-01,IBM,57.852867,57.974675,57.297329
2020-09-01,INTC,41.524117,41.969524,41.032517
2020-09-01,MSFT,126.40063,127.69606,126.59041
2020-09-01,NKE,50.895109,51.160845,50.348418
2020-09-01,VZ,18.752965,18.970719,18.688775
2020-09-01,WMT,18.38209,18.707283,18.271732
2020-09-02,AAPL,79.691625,82.249466,79.950528
2020-09-02,AMGN,82.140498,82.171822,81.453219
2020-09-02,CRM,85.905736,88.574745,83.163055
2020-09-02,CSCO,37.609819,37.413182,37.443454
2020-09-02,IBM,57.557734,58.812138,57.123907
2020-09-02,INTC,43.194315,43.297179,42.483766
2020-09-02,MSFT,130.2475,129.87759,128.43213
2020-09-02,NKE,51.519178,52.324859,50.58594
2020-09-02,VZ,19.039384,19.200115,18.757545
2020-09-02,WMT,18.349591,18.552634,18.187542
2020-09-03,AAPL,81.129701,80.673037,79.397711
2020-09-03,AMGN,79.045188,80.809998,77.139016
2020-09-03,CRM,85.229465,85.766713,84.019875
2020-09-03,CSCO,36.249233,36.936112,35.910182
2020-09-03,IBM,57.34006,57.959223,57.134723
2020-09-03,INTC,42.206144,42.546113,42.850516
2020-09-03,MSFT,131.3306,132.47395,128.08097
2020-09-03,NKE,50.913433,51.26216,50.70496
2020-09-03,VZ,18.737971,18.659964,18.5512
2020-09-03,WMT,18.522289,18.858563,18.28714
2020-09-04,AAPL,81.641743,83.380455,79.595703
2020-09-04,AMGN,76.165952,76.205512,75.858091
2020-09-04,CRM,88.233958,91.031838,86.204256
2020-09-04,CSCO,36.995953,36.816052,36.326116
2020-09-04,IBM,57.108097,57.464017,57.093181
2020-09-04,INTC,42.085275,42.565854,41.547846
2020-09-04,MSFT,133.91293,132.45088,133.73155
2020-09-04,NKE,52.085414,52.464347,51.54394
2020-09-04,VZ,18.795654,19.181695,18.879778
2020-09-04,WMT,18.317467,18.360606,18.263499
2020-09-08,AAPL,79.995814,81.15956,78.577498
2020-09-08,AMGN,76.712517,77.505265,76.523607
2020-09-08,CRM,86.679139,88.967135,84.782715
2020-09-08,CSCO,37.160336,37.724496,35.875553
2020-09-08,IBM,56.48281,57.23761,55.945791
2020-09-08,INTC,41.542567,42.247754,41.218134
2020-09-08,MSFT,132.97549,134.47899,132.16415
2020-09-08,NKE,50.961388,50.651481,49.682325
2020-09-08,VZ,18.327652,18.330936,18.200393
2020-09-08,WMT,18.286492,18.47046,18.034475
2020-09-09,AAPL,78.871427,81.533408,77.858641
2020-09-09,AMGN,76.566231,76.742737,77.407705
2020-09-09,CRM,91.764484,92.366281,92.265159
2020-09-09,CSCO,38.665631,38.606586,37.554322
2020-09-09,IBM,56.605786,57.869748,56.79933
2020-09-09,INTC,43.338859,42.802502,42.37614
2020-09-09,MSFT,135.07443,135.18595,133.74032
2020-09-09,NKE,50.287154,49.788761,49.595114
2020-09-09,VZ,18.026659,18.015669,17.835084
2020-09-09,WMT,18.497878,18.856964,18.19492
2020-09-10,AAPL,78.02623,79.176038,78.360933
2020-09-10,AMGN,75.663641,77.054658,73.792883
2020-09-10,CRM,91.165419,90.817846,89.092893
2020-09-10,CSCO,39.43893,39.612631,39.091046
2020-09-10,IBM,55.551587,56.469586,54.902056
2020-09-10,INTC,43.338925,43.560776,43.433899
2020-09-10,MSFT,131.1623,130.54738,131.97839
2020-09-10,NKE,49.298664,49.795018,49.53435
2020-09-10,VZ,18.180025,18.348608,18.022651
2020-09-10,WMT,18.403432,18.632039,18.086548
2020-09-11,AAPL,78.475779,79.322363,76.946435
2020-09-11,AMGN,75.959992,76.603378,76.290514
2020-09-11,CRM,93.407592,94.672879,90.555103
2020-09-11,CSCO,39.423011,39.413052,38.748819
2020-09-11,IBM,54.889736,55.892664,54.981841
2020-09-11,INTC,43.230237,43.339619,42.024197
2020-09-11,MSFT,134.19124,135.7667,132.78164
2020-09-11,NKE,48.635563,48.597718,48.383535
2020-09-11,VZ,17.880906,18.03001,18.04702
2020-09-11,WMT,18.136563,18.179884,17.943588
2020-09-14,AAPL,80.001205,81.356473,78.974187
2020-09-14,AMGN,77.832723,77.659111,76.702588
2020-09-14,CRM,96.289148,100.8126,95.584961
2020-09-14,CSCO,39.789916,40.093342,38.892993
2020-09-14,IBM,53.775947,54.674071,53.43115
2020-09-14,INTC,44.212127,44.834499,43.789373
2020-09-14,MSFT,130.48525,132.18749,129.3862
2020-09-14,NKE,50.096966,50.547394,49.127444
2020-09-14,VZ,17.577713,17.623509,17.474463
2020-09-14,WMT,18.030196,18.276565,18.039178
2020-09-15,AAPL,79.330208,80.568296,77.287679
2020-09-15,AMGN,78.148597,79.081691,77.254868
2020-09-15,CRM,92.663301,94.480775,90.482027
2020-09-15,CSCO,39.931495,40.313888,39.482608
2020-09-15,IBM,53.162208,53.256623,53.617033
2020-09-15,INTC,44.553062,44.713931,43.967225
2020-09-15,MSFT,131.60531,132.6975,128.56753
2020-09-15,NKE,49.513307,48.991489,49.220988
2020-09-15,VZ,17.701538,17.800093,17.359482
2020-09-15,WMT,17.775407,17.941867,17.704196
2020-09-16,AAPL,78.519664,79.681864,76.813675
2020-09-16,AMGN,78.774622,77.881096,75.867934
2020-09-16,CRM,90.161237,90.072329,88.434169
2020-09-16,CSCO,39.403577,39.609802,38.786499
2020-09-16,IBM,52.869677,53.335776,52.744581
2020-09-16,INTC,44.833,44.933301,44.331782
2020-09-16,MSFT,134.61666,135.34743,131.57932
2020-09-16,NKE,49.378972,50.04813,49.050645
2020-09-16,VZ,17.666698,17.958424,17.058218
2020-09-16,WMT,17.58299,17.645954,17.560034
2020-09-17,AAPL,79.132161,79.800679,77.522163
2020-09-17,AMGN,81.251855,82.099252,81.513686
2020-09-17,CRM,91.51235,91.523084,89.526546
2020-09-17,CSCO,39.43948,39.552914,39.251479
2020-09-17,IBM,52.330159,53.081942,52.58113
2020-09-17,INTC,44.469095,45.001111,44.839262
2020-09-17,MSFT,134.53197,136.28462,132.99023
2020-09-17,NKE,49.06923,48.638707,47.599445
2020-09-17,VZ,17.558566,17.715977,17.554726
2020-09-17,WMT,17.756153,17.908405,17.518299
2020-09-18,AAPL,81.206555,80.125075,81.042392
2020-09-18,AMGN,79.240185,80.760584,78.374605
2020-09-18,CRM,91.676682,94.228383,89.872045
2020-09-18,CSCO,37.779854,38.324127,37.318204
2020-09-18,IBM,50.998193,51.32345,50.802198
2020-09-18,INTC,45.610451,45.144617,44.232964
2020-09-18,MSFT,132.7483,134.43634,131.07226
2020-09-18,NKE,47.733985,47.459568,47.169395
2020-09-18,VZ,17.836004,18.338015,17.896801
2020-09-18,WMT,17.475783,17.672602,17.170771
2020-09-21,AAPL,82.06037,84.857968,81.459547
2020-09-21,AMGN,77.140431,78.67613,77.475887
2020-09-21,CRM,91.816961,93.954933,91.162578
2020-09-21,CSCO,38.946275,38.79126,37.7839
2020-09-21,IBM,50.989299,51.274862,50.841126
2020-09-21,INTC,45.580177,46.240074,45.076494
2020-09-21,MSFT,133.30315,132.39856,134.67233
2020-09-21,NKE,47.47692,48.39516,46.617598
2020-09-21,VZ,17.608048,17.716915,17.472006
2020-09-21,WMT,17.466399,17.622829,17.162878
2020-09-22,AAPL,81.45665,82.85917,79.440657
2020-09-22,AMGN,79.219233,78.929591,79.009975
2020-09-22,CRM,94.268406,97.661159,93.279187
2020-09-22,CSCO,39.313702,39.529275,39.159325
2020-09-22,IBM,50.214558,50.520827,50.356852
2020-09-22,INTC,46.36765,47.042939,44.95856
2020-09-22,MSFT,136.86315,137.44161,135.63162
2020-09-22,NKE,48.117354,48.960976,48.042536
2020-09-22,VZ,17.3714,17.462061,17.339471
2020-09-22,WMT,17.74324,17.674641,17.656226
2020-09-23,AAPL,82.275281,81.871957,82.556387
2020-09-23,AMGN,79.618882,81.047875,77.72434
2020-09-23,CRM,96.087433,97.070528,96.347118
2020-09-23,CSCO,40.572499,41.323514,39.845695
2020-09-23,IBM,51.22457,51.404399,50.499442
2020-09-23,INTC,45.694362,46.426753,45.230165
2020-09-23,MSFT,137.6045,136.19749,136.25815
2020-09-23,NKE,47.437482,48.17103,46.696232
2020-09-23,VZ,17.29509,17.264787,17.099146
2020-09-23,WMT,18.145701,18.139822,17.669374
2020-09-24,AAPL,82.491202,82.297016,79.688032
2020-09-24,AMGN,78.671661,80.29853,77.84104
2020-09-24,CRM,98.492832,99.39085,96.61224
2020-09-24,CSCO,40.53242,40.676302,40.985096
2020-09-24,IBM,49.828531,49.903999,49.679529
2020-09-24,INTC,45.911215,46.991019,44.254423
2020-09-24,MSFT,139.81349,137.50986,136.66307
2020-09-24,NKE,46.961607,47.129146,45.757839
2020-09-24,VZ,16.901484,17.199439,16.726394
2020-09-24,WMT,18.391258,18.427434,18.276858
2020-09-25,AAPL,86.182128,86.230261,84.494214
2020-09-25,AMGN,75.776252,75.864949,73.441766
2020-09-25,CRM,98.195701,99.383656,99.16025
2020-09-25,CSCO,40.083224,40.949824,39.923239
2020-09-25,IBM,48.205864,48.555193,47.208555
2020-09-25,INTC,45.647079,45.664057,44.872754
2020-09-25,MSFT,137.50711,136.55416,134.7651
2020-09-25,NKE,48.579282,48.474999,47.887029
2020-09-25,VZ,16.76304,16.714088,16.446939
2020-09-25,WMT,18.451869,18.95107,18.570909
2020-09-28,AAPL,85.782824,86.126585,85.044831
2020-09-28,AMGN,76.544513,77.404417,75.038065
2020-09-28,CRM,94.501472,96.826357,94.299741
2020-09-28,CSCO,40.440011,40.971922,40.619968
2020-09-28,IBM,48.335102,49.263965,47.622718
2020-09-28,INTC,46.556569,47.165701,46.539051
2020-09-28,MSFT,137.13123,137.88739,135.67423
2020-09-28,NKE,47.93134,48.459187,47.792348
2020-09-28,VZ,16.936855,16.88673,16.752712
2020-09-28,WMT,18.34598,18.32258,18.159978
2020-09-29,AAPL,85.435348,86.786469,82.06438
2020-09-29,AMGN,77.168672,78.84478,76.585938
2020-09-29,CRM,94.932317,96.993641,94.284147
2020-09-29,CSCO,41.04856,41.497673,40.027497
2020-09-29,IBM,47.308896,47.280697,46.347235
2020-09-29,INTC,47.773403,47.932152,46.371761
2020-09-29,MSFT,136.86766,139.58356,136.75061
2020-09-29,NKE,48.115062,48.480671,47.751039
2020-09-29,VZ,16.739836,17.199234,16.373895
2020-09-29,WMT,18.130014,18.440619,18.07744
2020-09-30,AAPL,84.962938,86.697047,83.466127
2020-09-30,AMGN,77.121568,77.922396,75.902445
2020-09-30,CRM,90.825254,90.104302,89.510738
2020-09-30,CSCO,41.201774,42.036933,40.643112
2020-09-30,IBM,46.732695,47.59346,46.544719
2020-09-30,INTC,46.469216,46.780706,45.800982
2020-09-30,MSFT,137.84457,139.97905,137.0566
2020-09-30,NKE,48.05333,48.432212,47.875239
2020-09-30,VZ,16.996931,17.054451,16.836073
2020-09-30,WMT,18.262156,18.331039,18.155648
2020-10-01,AAPL,85.533529,86.431862,83.6741
2020-10-01,AMGN,74.926011,76.361488,72.268014
2020-10-01,CRM,89.584213,90.715297,90.277319
2020-10-01,CSCO,41.872402,42.014517,42.039719
2020-10-01,IBM,47.47135,47.971381,47.553004
2020-10-01,INTC,46.708408,47.464352,45.538987
2020-10-01,MSFT,140.24505,141.93225,138.80021
2020-10-01,NKE,48.297599,48.701218,48.058866
2020-10-01,VZ,16.892322,17.120692,16.909827
2020-10-01,WMT,18.621694,18.869608,18.654329
2020-10-02,AAPL,86.233367,87.283574,85.284334
2020-10-02,AMGN,75.927083,76.593306,74.828804
2020-10-02,CRM,94.227583,97.087275,96.475862
2020-10-02,CSCO,42.152199,42.037193,42.555555
2020-10-02,IBM,46.810664,47.321174,46.236228
2020-10-02,INTC,46.353744,46.452993,45.667639
2020-10-02,MSFT,136.727,138.28223,132.81034
2020-10-02,NKE,48.558376,48.977807,48.857404
2020-10-02,VZ,16.934272,17.038739,16.830912
2020-10-02,WMT,18.643862,18.866728,18.245022
2020-10-05,AAPL,86.498194,87.763453,84.134808
2020-10-05,AMGN,74.639703,74.036053,72.753776
2020-10-05,CRM,95.767841,97.121782,92.823838
2020-10-05,CSCO,41.284076,41.137955,41.500634
2020-10-05,IBM,46.48869,46.896567,45.438977
2020-10-05,INTC,46.559615,47.962408,46.303317
2020-10-05,MSFT,140.03011,143.23998,140.07309
2020-10-05,NKE,48.299343,48.098081,47.397587
2020-10-05,VZ,16.692898,16.893185,16.839195
2020-10-05,WMT,18.209215,18.428971,18.201
2020-10-06,AAPL,85.581601,86.031015,84.741431
2020-10-06,AMGN,75.56832,76.922659,74.761821
2020-10-06,CRM,97.771421,99.625924,94.736985
2020-10-06,CSCO,41.344688,42.613219,41.246302
2020-10-06,IBM,47.298784,47.108196,46.880834
2020-10-06,INTC,45.204977,46.09693,44.391975
2020-10-06,MSFT,141.03375,143.0188,139.70986
2020-10-06,NKE,48.387466,48.818843,47.697625
2020-10-06,VZ,16.422429,16.769452,16.254018
2020-10-06,WMT,18.187252,18.529336,18.071669
2020-10-07,AAPL,87.789748,89.866755,89.18816
2020-10-07,AMGN,77.245942,77.314324,77.152117
2020-10-07,CRM,97.055194,99.806604,94.724054
2020-10-07,CSCO,40.37632,41.498563,39.621942
2020-10-07,IBM,48.488582,48.565882,48.266078
2020-10-07,INTC,43.861149,43.423999,43.007246
2020-10-07,MSFT,138.48876,140.76468,137.39088
2020-10-07,NKE,47.230463,47.767127,46.164108
2020-10-07,VZ,16.399887,16.672904,16.155954
2020-10-07,WMT,18.20671,18.525919,18.159193
2020-10-08,AAPL,87.53556,86.707335,85.39353
2020-10-08,AMGN,76.574014,77.982297,75.928695
2020-10-08,CRM,95.594981,96.75006,94.811838
2020-10-08,CSCO,39.392232,39.867497,38.097121
2020-10-08,IBM,48.684539,49.345951,48.573164
2020-10-08,INTC,45.009767,46.48593,44.773078
2020-10-08,MSFT,141.99641,142.34225,142.98031
2020-10-08,NKE,46.983819,46.987902,45.915359
2020-10-08,VZ,15.631786,15.782021,15.26497
2020-10-08,WMT,17.961857,18.190924,17.76948
2020-10-09,AAPL,89.18714,91.039383,87.885127
2020-10-09,AMGN,76.056396,76.725223,75.897526
2020-10-09,CRM,94.990932,96.893149,92.859045
2020-10-09,CSCO,39.934072,39.862869,40.09025
2020-10-09,IBM,48.825551,49.36126,48.381912
2020-10-09,INTC,46.349392,47.178742,46.992689
2020-10-09,MSFT,143.38003,147.93108,142.99128
2020-10-09,NKE,45.686246,46.394658,45.120154
2020-10-09,VZ,16.186084,16.639262,15.84208
2020-10-09,WMT,17.716505,17.764474,17.658194
2020-10-12,AAPL,86.12971,86.663762,86.20147
2020-10-12,AMGN,74.265092,74.720884,73.238771
2020-10-12,CRM,94.617243,99.190202,88.902129
2020-10-12,CSCO,39.850557,38.912968,39.727251
2020-10-12,IBM,48.672516,48.712296,48.848875
2020-10-12,INTC,46.720192,46.985144,45.569702
2020-10-12,MSFT,143.24104,145.21169,141.36226
2020-10-12,NKE,47.099117,47.466299,46.259988
2020-10-12,VZ,16.012916,16.17914,16.084957
2020-10-12,WMT,17.68498,17.902267,17.410117
2020-10-13,AAPL,84.077966,84.875135,83.76837
2020-10-13,AMGN,72.969846,74.024875,73.225266
2020-10-13,CRM,95.452633,97.689474,93.658872
2020-10-13,CSCO,40.622581,41.698479,40.536129
2020-10-13,IBM,49.657194,50.023653,48.72162
2020-10-13,INTC,45.420424,45.454276,44.358446
2020-10-13,MSFT,143.25281,143.2297,141.39916
2020-10-13,NKE,47.139296,48.346054,46.20197
2020-10-13,VZ,16.136919,16.494956,15.95595
2020-10-13,WMT,17.388293,17.398506,17.172536
2020-10-14,AAPL,81.607957,81.629632,81.78159
2020-10-14,AMGN,71.491778,72.503227,71.032395
2020-10-14,CRM,91.888212,94.461914,88.741153
2020-10-14,CSCO,40.568592,39.947195,40.354494
2020-10-14,IBM,49.930498,50.397554,50.370781
2020-10-14,INTC,45.812943,47.065607,45.495364
2020-10-14,MSFT,140.53265,141.99939,136.48101
2020-10-14,NKE,47.308796,47.410586,46.908796
2020-10-14,VZ,15.996694,16.108684,15.884999
2020-10-14,WMT,17.647745,17.772581,17.297044
2020-10-15,AAPL,80.064766,81.312629,78.887333
2020-10-15,AMGN,70.0724,70.808283,69.779539
2020-10-15,CRM,94.855712,96.997794,93.317488
2020-10-15,CSCO,39.706604,40.308398,39.412489
2020-10-15,IBM,50.006362,50.68894,49.850151
2020-10-15,INTC,46.918379,46.435272,46.485391
2020-10-15,MSFT,140.13854,140.13476,137.86198
2020-10-15,NKE,48.894816,49.483918,48.161336
2020-10-15,VZ,16.081789,16.352002,15.967478
2020-10-15,WMT,17.290386,17.314419,17.125278
2020-10-16,AAPL,80.821899,81.674543,80.092464
2020-10-16,AMGN,68.642891,68.572542,67.892665
2020-10-16,CRM,96.834001,97.237551,91.345626
2020-10-16,CSCO,39.509555,39.954905,38.76823
2020-10-16,IBM,50.705627,50.830913,50.642794
2020-10-16,INTC,47.588848,47.984377,46.913481
2020-10-16,MSFT,140.37943,144.49621,138.92072
2020-10-16,NKE,48.923225,49.751827,48.30357
2020-10-16,VZ,16.262001,16.260494,16.370243
2020-10-16,WMT,17.121602,17.254581,16.943461
2020-10-19,AAPL,77.554368,77.445737,77.092954
2020-10-19,AMGN,68.514596,69.285656,66.061342
2020-10-19,CRM,96.612427,97.27481,95.290748
2020-10-19,CSCO,39.214139,39.124745,39.505195
2020-10-19,IBM,50.312037,50.495482,49.692584
2020-10-19,INTC,47.219718,47.938579,47.133949
2020-10-19,MSFT,136.13378,136.04512,131.89997
2020-10-19,NKE,48.025963,49.864826,48.393259
2020-10-19,VZ,16.157687,16.290597,15.81425
2020-10-19,WMT,17.089909,17.071733,16.868396
2020-10-20,AAPL,76.82531,77.555913,76.419396
2020-10-20,AMGN,68.230342,70.021031,66.105879
2020-10-20,CRM,94.710248,95.731392,93.208012
2020-10-20,CSCO,38.756776,39.422722,38.186266
2020-10-20,IBM,50.016071,50.618957,49.428237
2020-10-20,INTC,47.69874,48.409723,46.922424
2020-10-20,MSFT,136.55856,139.44313,132.43399
2020-10-20,NKE,47.540441,47.225012,46.5058
2020-10-20,VZ,16.10805,16.369118,16.211466
2020-10-20,WMT,17.026636,17.181575,16.755752
2020-10-21,AAPL,77.589568,78.213191,75.980141
2020-10-21,AMGN,70.064694,71.345604,69.5186
2020-10-21,CRM,92.099732,95.588333,93.285721
2020-10-21,CSCO,38.538176,38.624789,38.326293
2020-10-21,IBM,48.374922,48.539788,47.966793
2020-10-21,INTC,49.155187,49.060649,48.769026
2020-10-21,MSFT,133.97997,134.48557,133.41855
2020-10-21,NKE,47.204357,48.222182,46.104088
2020-10-21,VZ,15.901231,16.028073,16.03168
2020-10-21,WMT,17.03536,17.401545,16.801565
2020-10-22,AAPL,77.169088,77.748504,76.065263
2020-10-22,AMGN,69.056922,70.04805,68.477596
2020-10-22,CRM,91.84431,93.000722,92.65101
2020-10-22,CSCO,38.137438,38.369224,37.756992
2020-10-22,IBM,48.243929,48.232619,47.940132
2020-10-22,INTC,49.123138,48.848562,48.927599
2020-10-22,MSFT,134.51555,135.50579,133.93849
2020-10-22,NKE,47.184323,47.859249,47.1182
2020-10-22,VZ,16.00133,16.074164,15.90084
2020-10-22,WMT,16.841338,17.011602,16.613057
2020-10-23,AAPL,77.310489,79.479726,75.352661
2020-10-23,AMGN,69.078387,69.954305,69.80267
2020-10-23,CRM,87.956524,88.860057,84.646524
2020-10-23,CSCO,38.171192,38.502359,38.163891
2020-10-23,IBM,48.116344,48.713505,47.617452
2020-10-23,INTC,50.560575,50.350271,50.699986
2020-10-23,MSFT,131.64908,132.0552,131.16127
2020-10-23,NKE,47.269983,47.785013,46.725984
2020-10-23,VZ,16.355811,16.291205,16.154616
2020-10-23,WMT,16.914938,17.070264,16.918938
2020-10-26,AAPL,78.904185,78.526083,78.583174
2020-10-26,AMGN,68.937453,68.029185,67.729339
2020-10-26,CRM,87.666092,91.381546,88.159496
2020-10-26,CSCO,38.846206,38.939916,38.932335
2020-10-26,IBM,48.033394,48.74085,47.530254
2020-10-26,INTC,50.600104,51.149988,50.732712
2020-10-26,MSFT,131.63095,133.07701,128.61737
2020-10-26,NKE,46.496613,47.264417,46.261143
2020-10-26,VZ,15.96239,16.050364,15.755077
2020-10-26,WMT,16.695273,16.962303,16.646469
2020-10-27,AAPL,78.794953,80.11146,77.540811
2020-10-27,AMGN,69.920904,71.236961,69.613301
2020-10-27,CRM,85.265857,86.371296,82.702111
2020-10-27,CSCO,38.924221,39.78329,38.400397
2020-10-27,IBM,47.961778,48.718144,47.3292
2020-10-27,INTC,51.479414,51.873079,51.160373
2020-10-27,MSFT,132.65351,132.3797,132.89552
2020-10-27,NKE,45.49116,45.810047,44.830166
2020-10-27,VZ,15.740347,15.89123,15.672541
2020-10-27,WMT,16.768326,16.91291,16.733368
2020-10-28,AAPL,78.960352,79.985105,77.838933
2020-10-28,AMGN,68.971516,71.210823,68.035967
2020-10-28,CRM,81.640573,81.88136,78.223066
2020-10-28,CSCO,39.416596,40.12641,38.743955
2020-10-28,IBM,48.253262,48.422706,47.982824
2020-10-28,INTC,50.08177,50.80542,50.162434
2020-10-28,MSFT,132.75091,134.39205,132.22621
2020-10-28,NKE,44.273994,44.782031,42.622806
2020-10-28,VZ,15.880348,16.340044,15.853777
2020-10-28,WMT,16.437467,16.55854,16.310442
2020-10-29,AAPL,77.919263,79.761138,75.945428
2020-10-29,AMGN,66.518492,67.633357,66.018042
2020-10-29,CRM,81.138897,81.074845,78.747881
2020-10-29,CSCO,39.047136,39.545351,38.465502
2020-10-29,IBM,47.305932,47.918135,47.103619
2020-10-29,INTC,48.963643,50.043012,48.313145
2020-10-29,MSFT,131.82338,132.68543,131.2814
2020-10-29,NKE,43.52815,44.320737,43.647875
2020-10-29,VZ,16.074479,16.401398,16.304123
2020-10-29,WMT,16.342556,16.61629,16.266899
2020-10-30,AAPL,78.594985,80.225862,77.214702
2020-10-30,AMGN,65.511015,66.762795,64.836421
2020-10-30,CRM,84.118918,86.573131,81.414508
2020-10-30,CSCO,38.647275,38.883716,38.495344
2020-10-30,IBM,46.590243,47.255095,46.656191
2020-10-30,INTC,46.884951,47.790574,46.376037
2020-10-30,MSFT,131.8234,135.41978,130.69852
2020-10-30,NKE,43.10201,43.419091,42.063847
2020-10-30,VZ,15.894951,16.160479,16.037592
2020-10-30,WMT,16.595294,16.737259,16.390776
2020-11-02,AAPL,80.623675,82.004452,80.15993
2020-11-02,AMGN,63.909121,63.933919,62.838077
2020-11-02,CRM,86.218295,87.430619,86.611944
2020-11-02,CSCO,38.323927,38.676479,37.775013
2020-11-02,IBM,47.034918,48.025215,46.518062
2020-11-02,INTC,48.380959,48.381495,48.30101
2020-11-02,MSFT,139.66082,140.93692,141.53061
2020-11-02,NKE,42.799837,43.673756,42.245464
2020-11-02,VZ,15.599719,15.500384,15.322986
2020-11-02,WMT,16.580713,16.772231,16.603689
2020-11-03,AAPL,80.928453,82.090283,78.688857
2020-11-03,AMGN,62.773555,64.323601,61.967316
2020-11-03,CRM,87.713528,88.669963,86.74774
2020-11-03,CSCO,37.418683,37.942739,37.801675
2020-11-03,IBM,46.285895,45.996094,45.428463
2020-11-03,INTC,48.129391,49.168728,47.54698
2020-11-03,MSFT,141.35909,139.29816,139.52917
2020-11-03,NKE,42.401604,42.621234,41.901915
2020-11-03,VZ,15.477755,15.427851,15.341935
2020-11-03,WMT,16.415373,16.574228,16.508865
2020-11-04,AAPL,79.821419,80.519044,79.991013
2020-11-04,AMGN,63.561956,64.785109,63.850942
2020-11-04,CRM,88.75678,90.774443,87.672593
2020-11-04,CSCO,38.050078,38.129815,37.981783
2020-11-04,IBM,45.701371,45.955521,45.301869
2020-11-04,INTC,46.846536,47.360197,46.055377
2020-11-04,MSFT,146.45171,146.65995,144.84308
2020-11-04,NKE,40.854861,40.915842,40.583864
2020-11-04,VZ,15.753696,15.899758,15.404307
2020-11-04,WMT,16.554958,16.811965,16.32601
2020-11-05,AAPL,78.978479,80.551315,76.799323
2020-11-05,AMGN,61.841405,62.440319,62.028257
2020-11-05,CRM,91.961549,92.155051,89.157056
2020-11-05,CSCO,38.643448,38.991818,37.841862
2020-11-05,IBM,44.994926,46.023378,44.848724
2020-11-05,INTC,46.772157,48.012583,46.294576
2020-11-05,MSFT,147.21099,150.25448,145.6633
2020-11-05,NKE,40.888121,40.986152,40.833522
2020-11-05,VZ,15.548982,15.636527,15.390756
2020-11-05,WMT,16.626894,16.611964,16.312393
2020-11-06,AAPL,80.41375,82.005171,80.32111
2020-11-06,AMGN,60.697179,61.845313,59.832278
2020-11-06,CRM,94.285044,95.816042,92.634602
2020-11-06,CSCO,38.098964,38.715153,37.486825
2020-11-06,IBM,43.454229,43.368052,43.499156
2020-11-06,INTC,46.205121,46.86738,45.870186
2020-11-06,MSFT,150.29089,153.59135,148.52899
2020-11-06,NKE,40.585877,40.734352,40.244887
2020-11-06,VZ,15.203653,15.551016,15.007067
2020-11-06,WMT,16.602791,16.64117,16.533909
2020-11-09,AAPL,81.859686,82.995948,81.247173
2020-11-09,AMGN,59.044319,60.790329,58.250882
2020-11-09,CRM,97.340966,102.92122,97.864641
2020-11-09,CSCO,36.82168,36.518878,36.012263
2020-11-09,IBM,42.231181,42.583646,42.049884
2020-11-09,INTC,47.219171,47.601158,46.69212
2020-11-09,MSFT,146.14282,147.81802,143.41447
2020-11-09,NKE,39.717706,40.215302,39.897171
2020-11-09,VZ,15.321722,15.451921,15.184988
2020-11-09,WMT,16.448926,16.661614,16.105174
2020-11-10,AAPL,81.864479,84.063807,82.242835
2020-11-10,AMGN,59.279538,59.151288,58.27854
2020-11-10,CRM,98.179196,99.227769,97.822175
2020-11-10,CSCO,37.035985,37.665079,36.909276
2020-11-10,IBM,41.611509,41.876929,41.500602
2020-11-10,INTC,49.149979,48.541716,48.802281
2020-11-10,MSFT,144.38587,145.05688,141.9747
2020-11-10,NKE,40.731229,41.703056,40.448702
2020-11-10,VZ,14.7193,15.150473,14.714784
2020-11-10,WMT,16.31855,16.471764,16.070638
2020-11-11,AAPL,82.915599,85.075539,81.303933
2020-11-11,AMGN,59.09187,59.863658,58.358365
2020-11-11,CRM,96.7486,95.792302,94.051375
2020-11-11,CSCO,36.371652,36.109784,36.333147
2020-11-11,IBM,41.167155,41.337759,40.637124
2020-11-11,INTC,48.632139,49.068742,49.340895
2020-11-11,MSFT,141.8186,142.27265,141.02577
2020-11-11,NKE,40.234909,40.509069,39.979459
2020-11-11,VZ,14.292206,14.502123,14.033134
2020-11-11,WMT,16.212134,16.363771,16.171783
2020-11-12,AAPL,81.974697,81.747211,80.64032
2020-11-12,AMGN,59.270377,60.287425,58.970846
2020-11-12,CRM,94.968509,95.980947,96.98958
2020-11-12,CSCO,36.271889,36.563686,36.748085
2020-11-12,IBM,40.021835,40.130694,39.325654
2020-11-12,INTC,47.100215,47.367687,46.469091
2020-11-12,MSFT,142.36461,143.41331,141.11983
2020-11-12,NKE,39.958671,40.14969,40.388153
2020-11-12,VZ,14.208146,14.438847,13.996517
2020-11-12,WMT,16.158709,16.41287,15.831881
2020-11-13,AAPL,82.91944,84.004027,82.549434
2020-11-13,AMGN,60.386656,61.766868,60.16749
2020-11-13,CRM,94.705074,95.272292,92.528477
2020-11-13,CSCO,37.122969,37.688367,37.173857
2020-11-13,IBM,40.630789,41.308351,40.433159
2020-11-13,INTC,46.62709,47.993313,46.137291
2020-11-13,MSFT,141.08469,141.67003,140.50124
2020-11-13,NKE,40.325648,40.659983,40.085906
2020-11-13,VZ,14.009064,14.108449,13.975859
2020-11-13,WMT,15.913393,16.136678,15.849597
2020-11-16,AAPL,82.025801,81.408476,82.187425
2020-11-16,AMGN,59.239286,60.37557,59.16924
2020-11-16,CRM,88.446889,88.990859,86.36373
2020-11-16,CSCO,37.568,37.824898,36.765439
2020-11-16,IBM,40.004926,40.826885,39.556399
2020-11-16,INTC,46.060061,46.001136,46.015638
2020-11-16,MSFT,142.14272,145.05827,139.79754
2020-11-16,NKE,40.559582,41.08353,40.33484
2020-11-16,VZ,13.763078,14.014644,13.45567
2020-11-16,WMT,15.49723,15.571413,15.292313
2020-11-17,AAPL,84.773971,87.216432,82.203635
2020-11-17,AMGN,57.946325,58.715599,56.849763
2020-11-17,CRM,87.430005,89.95046,85.909309
2020-11-17,CSCO,37.543803,38.306265,37.310789
2020-11-17,IBM,39.61639,40.032908,40.253191
2020-11-17,INTC,46.638771,47.357133,45.969469
2020-11-17,MSFT,140.77633,140.93476,137.54121
2020-11-17,NKE,40.584037,40.485467,40.593969
2020-11-17,VZ,13.43781,13.694068,13.295246
2020-11-17,WMT,15.745263,15.800268,15.507068
2020-11-18,AAPL,85.765026,86.005688,82.510362
2020-11-18,AMGN,57.971158,58.212756,57.333279
2020-11-18,CRM,86.937372,88.24054,86.47148
2020-11-18,CSCO,37.341736,37.49391,37.4558
2020-11-18,IBM,40.024267,40.48049,39.888319
2020-11-18,INTC,45.765232,46.197313,45.734211
2020-11-18,MSFT,139.07115,140.69839,138.09922
2020-11-18,NKE,38.894875,40.297215,38.742808
2020-11-18,VZ,13.443658,13.628883,13.486501
2020-11-18,WMT,15.77655,15.896235,15.550254
2020-11-19,AAPL,86.079103,85.502622,86.894477
2020-11-19,AMGN,58.047415,58.573887,57.356927
2020-11-19,CRM,91.084096,92.259634,90.845908
2020-11-19,CSCO,37.16503,38.034796,36.850554
2020-11-19,IBM,38.858676,39.257694,38.84297
2020-11-19,INTC,44.007908,43.507562,44.260621
2020-11-19,MSFT,138.55346,139.15489,134.06933
2020-11-19,NKE,38.750351,39.644357,38.829236
2020-11-19,VZ,13.405388,13.565099,13.626964
2020-11-19,WMT,15.846523,16.006252,15.847589
2020-11-20,AAPL,85.130519,85.003796,85.2031
2020-11-20,AMGN,58.049994,59.138677,58.130779
2020-11-20,CRM,90.528037,92.805006,90.818735
2020-11-20,CSCO,37.597782,37.897776,36.693645
2020-11-20,IBM,38.657512,39.132092,38.295303
2020-11-20,INTC,43.700807,44.494377,42.568558
2020-11-20,MSFT,139.59097,141.92122,136.65607
2020-11-20,NKE,38.339194,39.098884,38.063561
2020-11-20,VZ,13.253594,13.328624,13.32724
2020-11-20,WMT,15.814789,15.94136,15.579382
2020-11-23,AAPL,84.295623,84.819448,82.143522
2020-11-23,AMGN,56.968885,57.670404,56.005659
2020-11-23,CRM,93.474534,95.072122,89.723946
2020-11-23,CSCO,37.142452,37.517095,36.915723
2020-11-23,IBM,38.805541,38.994892,38.56511
2020-11-23,INTC,42.839402,42.454795,41.961046
2020-11-23,MSFT,146.51695,147.5349,144.28813
2020-11-23,NKE,38.275049,38.763892,38.118147
2020-11-23,VZ,13.150411,13.529824,13.136173
2020-11-23,WMT,15.706512,16.043672,15.560861
2020-11-24,AAPL,85.538684,85.61039,86.104863
2020-11-24,AMGN,58.187207,58.532456,57.283762
2020-11-24,CRM,86.740831,88.887087,85.892781
2020-11-24,CSCO,36.801292,36.783606,36.341728
2020-11-24,IBM,38.857071,39.386754,38.945544
2020-11-24,INTC,42.680424,43.514016,42.106099
2020-11-24,MSFT,144.62316,145.71184,143.02158
2020-11-24,NKE,37.44177,37.977896,37.055397
2020-11-24,VZ,13.04257,13.064394,13.15477
2020-11-24,WMT,15.600478,15.654064,15.416987
2020-11-25,AAPL,86.26455,88.255288,85.876989
2020-11-25,AMGN,58.743775,60.005512,57.434899
2020-11-25,CRM,86.370087,88.143675,86.666131
2020-11-25,CSCO,36.208468,36.275389,35.952212
2020-11-25,IBM,38.737432,39.511704,38.290162
2020-11-25,INTC,43.411847,43.215939,42.991635
2020-11-25,MSFT,144.51677,146.47326,141.02424
2020-11-25,NKE,37.865395,38.23856,37.645886
2020-11-25,VZ,13.045486,13.093073,12.95048
2020-11-25,WMT,15.415402,15.558456,15.444102
2020-11-27,AAPL,86.00364,86.330508,84.385585
2020-11-27,AMGN,58.570331,59.176799,57.738362
2020-11-27,CRM,86.878691,86.260201,83.115862
2020-11-27,CSCO,34.542139,34.878188,33.901531
2020-11-27,IBM,39.084916,39.68595,39.609864
2020-11-27,INTC,43.903997,43.733175,42.99904
2020-11-27,MSFT,142.47301,144.07898,139.82804
2020-11-27,NKE,37.12192,37.641116,36.948768
2020-11-27,VZ,13.264079,13.452164,13.155188
2020-11-27,WMT,15.401715,15.439089,15.049256
2020-11-30,AAPL,84.993793,86.388054,84.062065
2020-11-30,AMGN,58.108124,59.683206,58.022974
2020-11-30,CRM,83.911676,88.455762,83.16837
2020-11-30,CSCO,34.604779,35.734753,34.598979
2020-11-30,IBM,38.762789,39.992139,38.040312
2020-11-30,INTC,44.424308,45.184153,43.77009
2020-11-30,MSFT,141.70214,146.44767,139.51728
2020-11-30,NKE,37.892227,38.789989,37.118508
2020-11-30,VZ,12.855525,12.921914,12.860211
2020-11-30,WMT,15.32906,15.364428,15.313631
2020-12-01,AAPL,82.231564,82.441774,81.971227
2020-12-01,AMGN,57.587875,58.525189,57.991805
2020-12-01,CRM,83.278287,87.041005,83.646936
2020-12-01,CSCO,34.048548,34.506778,34.058135
2020-12-01,IBM,37.530818,38.78864,37.922434
2020-12-01,INTC,44.257333,45.245201,43.349738
2020-12-01,MSFT,145.71492,148.81548,145.34144
2020-12-01,NKE,37.295784,38.126991,36.520009
2020-12-01,VZ,13.04117,13.282158,13.069318
2020-12-01,WMT,14.986737,14.955394,14.716312
2020-12-02,AAPL,86.130207,85.895687,85.230008
2020-12-02,AMGN,54.825276,55.818876,54.520226
2020-12-02,CRM,82.82965,84.158917,82.946619
2020-12-02,CSCO,33.71122,33.961657,33.186809
2020-12-02,IBM,36.773954,36.948964,36.515897
2020-12-02,INTC,43.489109,44.691748,43.15996
2020-12-02,MSFT,143.15593,145.91271,143.7973
2020-12-02,NKE,36.785544,36.996699,36.541877
2020-12-02,VZ,13.024819,13.145085,12.9838
2020-12-02,WMT,15.018775,15.034593,14.832421
2020-12-03,AAPL,85.238219,85.967761,85.165449
2020-12-03,AMGN,54.906002,55.4048,53.980381
2020-12-03,CRM,78.458336,79.704871,76.448698
2020-12-03,CSCO,33.89635,33.975569,33.675755
2020-12-03,IBM,36.303372,36.407934,35.961229
2020-12-03,INTC,43.084705,42.974104,42.58072
2020-12-03,MSFT,141.82206,144.03655,139.62476
2020-12-03,NKE,35.898181,36.297568,36.009209
2020-12-03,VZ,12.876046,12.973613,12.897782
2020-12-03,WMT,14.782194,14.85703,14.564354
2020-12-04,AAPL,85.194443,85.440979,84.811106
2020-12-04,AMGN,55.507542,56.501729,56.120642
2020-12-04,CRM,76.462956,76.157168,74.936611
2020-12-04,CSCO,33.857089,34.019747,33.634464
2020-12-04,IBM,36.274424,36.429137,35.700544
2020-12-04,INTC,43.531149,43.486331,42.655568
2020-12-04,MSFT,138.51046,140.17932,136.95504
2020-12-04,NKE,35.537102,36.556945,35.15184
2020-12-04,VZ,12.45497,12.418695,12.679885
2020-12-04,WMT,14.685596,14.723092,14.591822
2020-12-07,AAPL,85.488954,86.786125,84.375512
2020-12-07,AMGN,53.65235,54.420441,53.855457
2020-12-07,CRM,76.167192,77.059423,74.571429
2020-12-07,CSCO,33.983167,34.584125,33.935398
2020-12-07,IBM,36.551902,36.736762,36.08078
2020-12-07,INTC,44.205749,45.448885,42.810921
2020-12-07,MSFT,141.43453,142.74922,141.97119
2020-12-07,NKE,34.930002,35.260564,34.290517
2020-12-07,VZ,12.487457,12.555972,12.299573
2020-12-07,WMT,14.711981,14.776984,14.532183
2020-12-08,AAPL,84.630633,85.351595,82.268885
2020-12-08,AMGN,53.358282,53.443663,53.364929
2020-12-08,CRM,73.930704,75.084937,72.303954
2020-12-08,CSCO,33.971796,34.712293,33.087414
2020-12-08,IBM,37.37576,36.96293,37.150535
2020-12-08,INTC,43.347922,43.245316,42.593054
2020-12-08,MSFT,139.00069,141.87206,137.19783
2020-12-08,NKE,34.815891,35.280003,35.019505
2020-12-08,VZ,12.447523,12.452419,12.327765
2020-12-08,WMT,14.398468,14.599613,14.207762
2020-12-09,AAPL,86.724611,88.633489,86.728633
2020-12-09,AMGN,52.763489,53.679059,53.05956
2020-12-09,CRM,74.934805,76.27494,72.939645
2020-12-09,CSCO,34.846632,34.951895,34.192285
2020-12-09,IBM,36.619329,37.046532,36.466851
2020-12-09,INTC,42.702149,42.928711,42.144653
2020-12-09,MSFT,142.24069,142.81755,139.86774
2020-12-09,NKE,34.544798,35.222112,33.806329
2020-12-09,VZ,12.07143,12.432849,11.93092
2020-12-09,WMT,14.644884,14.713253,14.522777
2020-12-10,AAPL,89.245842,89.848463,88.576786
2020-12-10,AMGN,52.42247,53.691817,52.322251
2020-12-10,CRM,78.380372,78.436528,75.762959
2020-12-10,CSCO,33.816335,34.185953,32.881319
2020-12-10,IBM,37.347511,37.631351,37.438999
2020-12-10,INTC,43.212229,44.271336,43.046182
2020-12-10,MSFT,148.94325,150.29133,148.52128
2020-12-10,NKE,34.149502,34.076281,33.992759
2020-12-10,VZ,11.644338,11.86295,11.421667
2020-12-10,WMT,14.734854,14.827817,14.461749
2020-12-11,AAPL,86.179652,87.481211,84.177281
2020-12-11,AMGN,52.165375,53.017714,51.601954
2020-12-11,CRM,81.345652,82.351762,80.941359
2020-12-11,CSCO,34.140729,34.541056,33.914787
2020-12-11,IBM,36.631542,36.819097,36.578243
2020-12-11,INTC,44.726396,45.851838,44.625702
2020-12-11,MSFT,147.68433,145.89362,143.06603
2020-12-11,NKE,33.856576,34.029685,33.402263
2020-12-11,VZ,11.935313,11.991274,12.00795
2020-12-11,WMT,14.665655,15.019276,14.604618
2020-12-14,AAPL,86.151409,86.858532,85.03982
2020-12-14,AMGN,51.616337,52.255409,51.847412
2020-12-14,CRM,80.183867,80.368387,76.720157
2020-12-14,CSCO,34.526186,34.821383,34.020539
2020-12-14,IBM,36.948653,36.783088,36.412337
2020-12-14,INTC,44.364806,45.251303,43.70658
2020-12-14,MSFT,150.65284,151.46977,151.72158
2020-12-14,NKE,33.71176,34.027193,33.429996
2020-12-14,VZ,11.714118,11.767255,11.704649
2020-12-14,WMT,14.804442,14.913588,14.702654
2020-12-15,AAPL,88.450451,88.584045,88.80253
2020-12-15,AMGN,51.513822,51.783611,51.421389
2020-12-15,CRM,81.073535,82.535546,76.580814
2020-12-15,CSCO,33.907615,34.255547,34.274743
2020-12-15,IBM,37.103127,37.434249,37.136048
2020-12-15,INTC,45.141562,45.180651,45.246131
2020-12-15,MSFT,146.62331,148.83767,144.33146
2020-12-15,NKE,33.707115,34.281051,34.098617
2020-12-15,VZ,11.864209,11.897017,11.830915
2020-12-15,WMT,14.531668,14.550716,14.148244
2020-12-16,AAPL,88.425712,89.523301,87.605319
2020-12-16,AMGN,51.150332,52.287424,50.112854
2020-12-16,CRM,84.170948,86.09811,84.045273
2020-12-16,CSCO,33.61136,33.655579,33.447515
2020-12-16,IBM,37.187471,37.651346,36.825274
2020-12-16,INTC,44.908078,44.868048,44.977079
2020-12-16,MSFT,151.24284,155.0307,148.36387
2020-12-16,NKE,32.786284,33.36896,32.342948
2020-12-16,VZ,11.717456,11.903474,11.609345
2020-12-16,WMT,14.513663,14.726682,14.28384
2020-12-17,AAPL,85.761286,85.614149,83.955875
2020-12-17,AMGN,50.218688,50.644714,50.016134
2020-12-17,CRM,81.580615,83.485668,82.973171
2020-12-17,CSCO,34.292325,35.05628,34.376954
2020-12-17,IBM,37.118587,37.265431,36.692365
2020-12-17,INTC,45.194297,45.242403,44.961503
2020-12-17,MSFT,149.53462,151.65911,149.23393
2020-12-17,NKE,32.351991,32.792765,31.576155
2020-12-17,VZ,11.645,11.691619,11.703197
2020-12-17,WMT,14.370695,14.41537,14.206513
2020-12-18,AAPL,83.701447,84.779608,81.821249
2020-12-18,AMGN,50.178143,52.029862,51.161953
2020-12-18,CRM,80.686887,80.892841,80.721408
2020-12-18,CSCO,34.046658,34.224652,33.149851
2020-12-18,IBM,37.741211,37.72456,37.41926
2020-12-18,INTC,43.077936,43.441448,41.625304
2020-12-18,MSFT,153.62235,156.27083,153.9024
2020-12-18,NKE,31.583683,31.681729,31.51642
2020-12-18,VZ,11.696438,11.824275,11.769341
2020-12-18,WMT,14.32061,14.461311,14.028987
2020-12-21,AAPL,83.80085,85.395538,84.7637
2020-12-21,AMGN,50.041359,50.787063,49.325255
2020-12-21,CRM,76.599053,79.455548,76.538425
2020-12-21,CSCO,33.784543,33.942878,33.48286
2020-12-21,IBM,38.11682,38.423914,38.124522
2020-12-21,INTC,43.14026,42.352105,42.451205
2020-12-21,MSFT,147.79269,147.02367,146.26887
2020-12-21,NKE,30.444129,30.80929,30.423602
2020-12-21,VZ,11.492109,11.497922,11.312265
2020-12-21,WMT,14.283685,14.2959,14.383565
2020-12-22,AAPL,83.855163,83.869178,82.19422
2020-12-22,AMGN,48.933163,49.114181,48.458957
2020-12-22,CRM,74.893743,76.59239,72.588588
2020-12-22,CSCO,34.157487,34.417416,33.762418
2020-12-22,IBM,37.311794,37.513836,36.440844
2020-12-22,INTC,42.938304,43.941886,43.32556
2020-12-22,MSFT,146.99026,147.02369,144.85855
2020-12-22,NKE,29.449417,29.535568,28.991167
2020-12-22,VZ,11.514051,11.72067,11.57974
2020-12-22,WMT,14.341628,14.346384,14.171068
2020-12-23,AAPL,85.011743,87.571264,83.805967
2020-12-23,AMGN,48.849361,48.375251,48.304163
2020-12-23,CRM,75.323073,78.573547,73.307079
2020-12-23,CSCO,34.682331,35.699626,33.96831
2020-12-23,IBM,36.847585,37.202444,36.562187
2020-12-23,INTC,43.656423,44.945245,42.65717
2020-12-23,MSFT,148.37572,147.8707,144.59156
2020-12-23,NKE,30.094551,30.122807,30.284713
2020-12-23,VZ,11.473102,11.517977,11.481503
2020-12-23,WMT,14.048506,14.151588,14.110938
2020-12-24,AAPL,85.573936,87.503862,83.300234
2020-12-24,AMGN,49.758236,50.574952,49.272155
2020-12-24,CRM,76.227046,78.985105,74.61608
2020-12-24,CSCO,34.552055,35.159119,33.7506
2020-12-24,IBM,35.940795,36.719545,35.965229
2020-12-24,INTC,43.413827,43.273474,42.874505
2020-12-24,MSFT,150.16961,152.04715,148.87271
2020-12-24,NKE,30.395861,31.014543,30.50834
2020-12-24,VZ,11.426113,11.461133,11.328841
2020-12-24,WMT,14.023508,14.199856,14.067044
2020-12-28,AAPL,82.845358,84.20956,80.796516
2020-12-28,AMGN,49.751253,50.303323,49.257555
2020-12-28,CRM,74.890379,78.202565,75.956436
2020-12-28,CSCO,34.542063,34.522413,34.295765
2020-12-28,IBM,36.082081,36.625527,35.575018
2020-12-28,INTC,43.481494,43.287308,43.494131
2020-12-28,MSFT,150.46712,152.10946,148.926
2020-12-28,NKE,29.768002,29.856317,29.97197
2020-12-28,VZ,11.402517,11.461408,11.448922
2020-12-28,WMT,14.372221,14.563449,14.495382
2020-12-29,AAPL,84.17635,86.922058,81.817581
2020-12-29,AMGN,48.519361,49.127,47.910197
2020-12-29,CRM,72.106093,74.121634,68.68636
2020-12-29,CSCO,35.032015,35.010404,34.430914
2020-12-29,IBM,36.057675,36.45043,35.724839
2020-12-29,INTC,42.309627,42.038107,41.426548
2020-12-29,MSFT,146.43864,147.82051,142.98916
2020-12-29,NKE,29.696963,30.084228,29.549643
2020-12-29,VZ,11.326417,11.465742,11.128088
2020-12-29,WMT,14.082263,14.25489,13.967788
2020-12-30,AAPL,82.737498,85.537843,80.663939
2020-12-30,AMGN,47.550992,48.337839,46.873972
2020-12-30,CRM,71.403007,72.237616,68.764402
2020-12-30,CSCO,34.044487,34.415065,33.660958
2020-12-30,IBM,35.847285,35.964233,35.682525
2020-12-30,INTC,42.069387,43.423925,41.536876
2020-12-30,MSFT,145.01301,146.91418,142.2364
2020-12-30,NKE,28.792694,29.252424,28.323117
2020-12-30,VZ,11.346681,11.314099,11.260258
2020-12-30,WMT,14.196424,14.26602,14.21062
2020-12-31,AAPL,83.880592,85.019808,83.928289
2020-12-31,AMGN,46.798791,47.332554,45.799868
2020-12-31,CRM,71.963035,73.181969,74.100769
2020-12-31,CSCO,32.975838,32.877048,32.284101
2020-12-31,IBM,36.873798,36.861638,37.012768
2020-12-31,INTC,41.54919,41.875903,41.417209
2020-12-31,MSFT,145.85427,148.18259,145.85331
2020-12-31,NKE,28.851978,28.952695,28.663979
2020-12-31,VZ,11.206531,11.466758,11.303153
2020-12-31,WMT,14.174937,14.12601,13.994794
2021-01-04,AAPL,83.428171,82.533392,82.361899
2021-01-04,AMGN,46.258102,47.216305,45.677121
2021-01-04,CRM,69.849931,72.831153,70.869643
2021-01-04,CSCO,32.805798,32.940754,32.56337
2021-01-04,IBM,37.729741,38.215119,37.651517
2021-01-04,INTC,41.890707,42.009728,41.83233
2021-01-04,MSFT,146.85588,147.99285,145.01056
2021-01-04,NKE,29.62223,29.682067,29.436409
2021-01-04,VZ,11.309886,11.437903,11.275565
2021-01-04,WMT,14.201523,14.408059,14.128848
2021-01-05,AAPL,83.675512,83.315253,83.316201
2021-01-05,AMGN,47.179434,47.811456,47.095338
2021-01-05,CRM,68.119641,68.591376,65.513197
2021-01-05,CSCO,33.173658,33.377391,33.505149
2021-01-05,IBM,38.065418,38.275638,37.964323
2021-01-05,INTC,42.698989,43.713226,42.426062
2021-01-05,MSFT,148.33673,149.35779,148.41858
2021-01-05,NKE,29.844013,29.9086,29.713962
2021-01-05,VZ,11.48395,11.578246,11.427992
2021-01-05,WMT,14.523055,14.62987,14.348316
2021-01-06,AAPL,83.003395,83.305017,81.513722
2021-01-06,AMGN,48.090304,49.026146,48.188387
2021-01-06,CRM,67.032069,68.909781,64.910963
2021-01-06,CSCO,33.665634,33.160569,33.58158
2021-01-06,IBM,37.631507,37.993655,37.453506
2021-01-06,INTC,42.499641,43.447105,41.503792
2021-01-06,MSFT,149.71253,151.11243,145.21238
2021-01-06,NKE,28.997128,29.291326,28.638034
2021-01-06,VZ,11.341114,11.335167,11.169603
2021-01-06,WMT,14.425598,14.745485,14.366049
2021-01-07,AAPL,83.749653,83.964353,82.369032
2021-01-07,AMGN,48.16816,48.525456,47.613055
2021-01-07,CRM,65.447213,67.563155,62.907576
2021-01-07,CSCO,33.138891,33.93786,32.907141
2021-01-07,IBM,37.740304,38.177997,38.125197
2021-01-07,INTC,41.464597,41.068011,40.877956
2021-01-07,MSFT,153.07751,153.10576,150.15646
2021-01-07,NKE,29.734487,29.682761,29.493905
2021-01-07,VZ,11.68348,11.91886,11.466878
2021-01-07,WMT,14.656704,14.74497,14.558536
2021-01-08,AAPL,84.692291,84.770616,85.252574
2021-01-08,AMGN,48.338572,49.497127,47.22875
2021-01-08,CRM,65.156486,67.15751,64.388692
2021-01-08,CSCO,33.012709,32.948991,33.22166
2021-01-08,IBM,37.744771,38.59919,38.016313
2021-01-08,INTC,40.90068,41.313343,39.990072
2021-01-08,MSFT,152.46345,153.2605,153.29669
2021-01-08,NKE,29.80033,29.594077,29.456191
2021-01-08,VZ,12.015969,12.137419,11.765815
2021-01-08,WMT,14.595967,14.539301,14.700035
2021-01-11,AAPL,82.390974,83.309113,78.627596
2021-01-11,AMGN,47.801332,48.651676,47.161024
2021-01-11,CRM,62.633019,62.92698,59.67538
2021-01-11,CSCO,31.815672,31.810269,31.942019
2021-01-11,IBM,38.152997,39.019014,37.621652
2021-01-11,INTC,41.876468,42.933957,41.169719
2021-01-11,MSFT,151.15907,154.1921,149.03857
2021-01-11,NKE,30.03031,29.994239,29.651994
2021-01-11,VZ,12.039189,12.222525,11.962531
2021-01-11,WMT,14.497128,14.609958,14.46638
2021-01-12,AAPL,82.278111,82.817764,80.534673
2021-01-12,AMGN,47.232858,48.430401,46.813325
2021-01-12,CRM,64.858783,66.185253,64.157511
2021-01-12,CSCO,32.124001,32.307896,31.856916
2021-01-12,IBM,38.32811,38.875603,37.9476
2021-01-12,INTC,41.677992,41.540876,40.585669
2021-01-12,MSFT,149.24704,150.27038,150.55865
2021-01-12,NKE,28.610813,28.648102,28.141531
2021-01-12,VZ,12.0586,12.234819,11.868753
2021-01-12,WMT,14.463714,14.587045,14.309556
2021-01-13,AAPL,83.349936,85.076252,82.053972
2021-01-13,AMGN,47.301158,47.648245,47.129464
2021-01-13,CRM,64.761913,67.779331,63.882433
2021-01-13,CSCO,32.710298,32.644976,31.982108
2021-01-13,IBM,37.969121,38.46291,38.233518
2021-01-13,INTC,40.519175,40.767595,39.997294
2021-01-13,MSFT,153.36943,152.87282,152.93312
2021-01-13,NKE,28.479777,28.666077,28.593671
2021-01-13,VZ,11.907128,12.085953,11.803907
2021-01-13,WMT,14.633388,14.904903,14.668275
2021-01-14,AAPL,85.302741,86.750026,84.016108
2021-01-14,AMGN,46.883214,47.85478,46.506088
2021-01-14,CRM,62.291363,63.403355,60.192092
2021-01-14,CSCO,32.031451,32.779443,31.725435
2021-01-14,IBM,36.813591,36.809657,36.585805
2021-01-14,INTC,41.695579,42.01389,42.24896
2021-01-14,MSFT,155.42083,156.2338,152.90434
2021-01-14,NKE,28.090476,28.057239,27.609087
2021-01-14,VZ,12.029769,12.159494,12.011142
2021-01-14,WMT,14.702827,14.862707,14.645257
2021-01-15,AAPL,82.659945,83.936371,81.999448
2021-01-15,AMGN,46.115642,47.588954,45.616265
2021-01-15,CRM,57.993647,58.789613,56.672224
2021-01-15,CSCO,32.467649,32.393217,32.883076
2021-01-15,IBM,36.379774,36.246859,35.868191
2021-01-15,INTC,42.211487,42.524739,41.754506
2021-01-15,MSFT,157.95033,158.96579,157.61847
2021-01-15,NKE,28.029432,28.310595,27.523043
2021-01-15,VZ,11.952603,11.961926,11.759306
2021-01-15,WMT,15.074725,15.274556,15.02599
2021-01-19,AAPL,83.818387,83.688237,81.750722
2021-01-19,AMGN,46.990047,46.915705,46.452359
2021-01-19,CRM,55.522759,57.268137,54.020797
2021-01-19,CSCO,32.472113,33.196125,32.252352
2021-01-19,IBM,36.191097,36.415783,36.132848
2021-01-19,INTC,41.642969,41.489309,41.133952
2021-01-19,MSFT,155.58421,156.35562,155.68633
2021-01-19,NKE,28.350348,28.673711,28.350298
2021-01-19,VZ,12.196073,12.348188,12.134278
2021-01-19,WMT,15.108276,15.101082,14.861597
2021-01-20,AAPL,81.303599,81.817225,79.4398
2021-01-20,AMGN,46.722946,47.698955,46.515538
2021-01-20,CRM,56.533325,57.778039,54.459208
2021-01-20,CSCO,31.448602,32.397311,30.958438
2021-01-20,IBM,36.486049,36.715331,35.763638
2021-01-20,INTC,41.610728,42.323054,41.524375
2021-01-20,MSFT,155.97699,153.9299,156.27812
2021-01-20,NKE,28.958973,28.828943,28.783292
2021-01-20,VZ,12.033153,12.369094,12.059606
2021-01-20,WMT,14.850561,14.933393,14.771133
2021-01-21,AAPL,82.241908,82.882952,80.209539
2021-01-21,AMGN,47.538382,48.197784,47.055977
2021-01-21,CRM,57.490866,57.471436,55.914587
2021-01-21,CSCO,32.459214,32.490668,32.519008
2021-01-21,IBM,35.098554,35.346176,34.89398
2021-01-21,INTC,41.788706,42.52418,42.245619
2021-01-21,MSFT,162.41676,165.5857,162.36379
2021-01-21,NKE,29.653066,30.033293,29.027288
2021-01-21,VZ,11.816619,11.774367,11.748503
2021-01-21,WMT,14.989678,15.027039,14.991353
2021-01-22,AAPL,80.817755,82.202415,79.892633
2021-01-22,AMGN,47.894666,48.641792,47.086505
2021-01-22,CRM,57.593129,58.926655,57.021685
2021-01-22,CSCO,33.334804,33.613766,32.627624
2021-01-22,IBM,34.536721,35.342993,34.311581
2021-01-22,INTC,41.454773,41.884531,40.721003
2021-01-22,MSFT,159.75975,161.38622,158.5018
2021-01-22,NKE,28.917596,29.678734,29.080857
2021-01-22,VZ,12.033287,12.031529,12.069679
2021-01-22,WMT,14.764351,14.922263,14.679341
2021-01-25,AAPL,78.958617,79.967393,77.437625
2021-01-25,AMGN,49.854798,50.461951,49.663173
2021-01-25,CRM,55.95926,56.730078,55.193871
2021-01-25,CSCO,32.325367,32.547875,32.110098
2021-01-25,IBM,34.619399,35.054938,34.34375
2021-01-25,INTC,41.027678,41.435954,40.682411
2021-01-25,MSFT,160.52454,163.29987,158.64721
2021-01-25,NKE,28.837181,29.456933,28.535523
2021-01-25,VZ,11.993409,11.929829,12.087008
2021-01-25,WMT,14.668398,15.049179,14.596194
2021-01-26,AAPL,79.944752,80.153777,80.278203
2021-01-26,AMGN,51.238123,51.609383,50.533274
2021-01-26,CRM,53.745355,54.407597,53.519719
2021-01-26,CSCO,32.77156,32.988064,32.453496
2021-01-26,IBM,34.106578,34.560689,34.386579
2021-01-26,INTC,39.902616,40.621776,39.760897
2021-01-26,MSFT,161.2071,163.71236,161.02217
2021-01-26,NKE,30.064659,30.523251,30.556554
2021-01-26,VZ,11.79944,11.78027,11.727532
2021-01-26,WMT,15.053759,15.494887,15.008151
2021-01-27,AAPL,80.96966,81.360377,80.721368
2021-01-27,AMGN,49.775338,50.780284,49.286587
2021-01-27,CRM,55.55197,56.783826,56.155184
2021-01-27,CSCO,31.695143,32.180768,31.410221
2021-01-27,IBM,33.410157,33.201168,33.333708
2021-01-27,INTC,39.185208,39.391275,38.531549
2021-01-27,MSFT,162.87847,167.08908,162.16687
2021-01-27,NKE,29.84392,30.175068,29.409818
2021-01-27,VZ,11.809146,11.832765,11.901188
2021-01-27,WMT,15.046639,15.1659,14.860823
2021-01-28,AAPL,80.662565,81.988237,78.418442
2021-01-28,AMGN,49.489789,50.741841,48.795888
2021-01-28,CRM,57.667423,58.329045,56.509054
2021-01-28,CSCO,31.173181,31.612142,31.228499
2021-01-28,IBM,33.134364,33.63843,32.621261
2021-01-28,INTC,38.078972,37.951988,37.725031
2021-01-28,MSFT,161.57031,161.96229,158.21689
2021-01-28,NKE,29.216185,28.983089,29.144484
2021-01-28,VZ,11.776678,11.959304,11.784881
2021-01-28,WMT,14.917153,15.050805,14.783021
2021-01-29,AAPL,78.332988,79.092253,75.910542
2021-01-29,AMGN,48.159109,48.429183,48.589426
2021-01-29,CRM,57.144468,57.213373,56.395973
2021-01-29,CSCO,30.980877,30.886278,30.695276
2021-01-29,IBM,33.220906,33.414415,33.690986
2021-01-29,INTC,36.778332,37.540747,36.487134
2021-01-29,MSFT,162.63098,165.276,160.76129
2021-01-29,NKE,28.991142,29.348549,28.581404
2021-01-29,VZ,11.88429,12.061584,11.76545
2021-01-29,WMT,15.010174,15.280705,14.882951
2021-02-01,AAPL,76.421407,75.629854,76.046255
2021-02-01,AMGN,47.557027,48.574542,47.747814
2021-02-01,CRM,60.8029,63.081996,59.865634
2021-02-01,CSCO,30.868079,30.466527,30.171401
2021-02-01,IBM,33.089751,34.268967,32.69329
2021-02-01,INTC,37.533721,38.687857,37.729989
2021-02-01,MSFT,160.79294,160.8455,159.49078
2021-02-01,NKE,29.004255,29.271909,28.361597
2021-02-01,VZ,11.586923,11.809688,11.280536
2021-02-01,WMT,14.343445,14.588598,14.199705
2021-02-02,AAPL,78.017225,78.665527,78.305798
2021-02-02,AMGN,47.215552,47.077549,47.164073
2021-02-02,CRM,62.093912,62.839163,60.551092
2021-02-02,CSCO,31.620214,32.313223,31.278886
2021-02-02,IBM,33.772989,34.398445,33.940493
2021-02-02,INTC,37.982619,38.654924,38.372357
2021-02-02,MSFT,160.51327,162.18312,161.06211
2021-02-02,NKE,29.041601,28.772334,28.264237
2021-02-02,VZ,11.326497,11.466322,11.336884
2021-02-02,WMT,14.234923,14.344376,14.365297
2021-02-03,AAPL,77.234924,77.694617,75.94305
2021-02-03,AMGN,45.886075,46.797571,46.022908
2021-02-03,CRM,64.213877,66.218685,62.615345
2021-02-03,CSCO,32.082826,31.682358,32.209821
2021-02-03,IBM,33.579317,34.11802,33.339175
2021-02-03,INTC,37.504869,37.196819,37.088406
2021-02-03,MSFT,163.99852,165.75096,160.7915
2021-02-03,NKE,28.466228,28.84613,28.4833
2021-02-03,VZ,11.097883,11.126323,10.956127
2021-02-03,WMT,14.313141,14.505872,14.095005
2021-02-04,AAPL,76.44254,76.317451,75.18837
2021-02-04,AMGN,44.796094,45.388275,44.911975
2021-02-04,CRM,60.274385,61.216172,60.269384
2021-02-04,CSCO,31.472479,32.405866,30.69828
2021-02-04,IBM,34.016665,34.198447,33.573071
2021-02-04,INTC,37.989699,38.86305,38.288595
2021-02-04,MSFT,165.8373,167.72413,164.83278
2021-02-04,NKE,28.086223,28.481126,27.956747
2021-02-04,VZ,11.385276,11.38021,11.39545
2021-02-04,WMT,14.456991,14.565369,14.448129
2021-02-05,AAPL,76.100093,77.492829,75.455285
2021-02-05,AMGN,44.181157,44.498461,43.668163
2021-02-05,CRM,58.597034,59.74616,58.06979
2021-02-05,CSCO,31.1078,31.575347,30.644752
2021-02-05,IBM,33.248732,33.592845,33.426617
2021-02-05,INTC,38.183858,38.424429,37.836503
2021-02-05,MSFT,170.30321,168.96974,168.97366
2021-02-05,NKE,28.001067,28.28073,27.493673
2021-02-05,VZ,11.14977,11.149155,11.030316
2021-02-05,WMT,14.383039,14.469271,14.383641
2021-02-08,AAPL,74.174394,75.631168,75.190434
2021-02-08,AMGN,44.593585,44.679597,44.834329
2021-02-08,CRM,55.662857,56.166753,54.961651
2021-02-08,CSCO,31.047629,31.053469,30.499995
2021-02-08,IBM,33.467485,34.090267,33.409248
2021-02-08,INTC,38.224259,38.669256,37.739778
2021-02-08,MSFT,170.4683,172.52011,170.17094
2021-02-08,NKE,28.05188,28.588254,27.638201
2021-02-08,VZ,11.017711,11.021289,10.857371
2021-02-08,WMT,14.418479,14.578705,14.279541
2021-02-09,AAPL,74.625746,75.216063,72.374681
2021-02-09,AMGN,43.418619,44.174963,42.635367
2021-02-09,CRM,55.997443,57.179219,54.259075
2021-02-09,CSCO,32.215126,32.714375,32.141881
2021-02-09,IBM,33.604145,33.452747,33.307622
2021-02-09,INTC,37.791516,38.026907,36.721206
2021-02-09,MSFT,170.72256,172.45569,169.09888
2021-02-09,NKE,27.668214,27.993902,27.270435
2021-02-09,VZ,10.791659,11.054294,10.791396
2021-02-09,WMT,14.13909,14.074736,14.02447
2021-02-10,AAPL,73.353405,74.667401,71.740784
2021-02-10,AMGN,43.523261,43.92026,43.047101
2021-02-10,CRM,55.405921,54.973253,54.231642
2021-02-10,CSCO,31.856947,31.884283,31.640884
2021-02-10,IBM,32.863177,33.15011,32.261321
2021-02-10,INTC,37.641411,37.566674,36.95938
2021-02-10,MSFT,169.10207,172.95505,168.26764
2021-02-10,NKE,28.162067,28.253812,28.301658
2021-02-10,VZ,10.638225,10.622144,10.556952
2021-02-10,WMT,14.123893,14.273167,14.092064
2021-02-11,AAPL,72.434311,72.793123,71.353846
2021-02-11,AMGN,43.413188,44.554306,42.689102
2021-02-11,CRM,56.649177,57.062595,55.694517
2021-02-11,CSCO,31.684308,31.922693,31.353261
2021-02-11,IBM,32.877466,33.100216,32.863449
2021-02-11,INTC,36.556617,37.396278,36.818591
2021-02-11,MSFT,167.26413,167.50244,165.03532
2021-02-11,NKE,27.772469,27.870897,27.397517
2021-02-11,VZ,10.273127,10.313119,10.242887
2021-02-11,WMT,14.20408,14.254177,14.020685
2021-02-12,AAPL,75.035815,75.968829,73.564158
2021-02-12,AMGN,43.759666,44.463338,43.621628
2021-02-12,CRM,56.535026,58.019057,56.301708
2021-02-12,CSCO,32.001554,32.497729,31.761384
2021-02-12,IBM,32.232969,32.636198,32.541531
2021-02-12,INTC,36.367052,36.981233,36.255969
2021-02-12,MSFT,166.59585,164.86236,168.06333
2021-02-12,NKE,29.232545,29.385625,29.70993
2021-02-12,VZ,10.29122,10.469317,10.262114
2021-02-12,WMT,14.108971,14.241049,14.038906
2021-02-16,AAPL,74.622132,74.539696,72.713593
2021-02-16,AMGN,42.136575,42.884611,41.934969
2021-02-16,CRM,56.899757,56.938929,54.121361
2021-02-16,CSCO,32.048007,32.376556,31.875993
2021-02-16,IBM,32.749607,32.92221,32.777447
2021-02-16,INTC,37.534363,38.00039,37.660363
2021-02-16,MSFT,166.0853,168.83529,164.51991
2021-02-16,NKE,29.11932,29.66625,28.445164
2021-02-16,VZ,10.358586,10.512725,10.233407
2021-02-16,WMT,13.773831,13.860686,13.743079
2021-02-17,AAPL,76.222929,76.653411,73.047072
2021-02-17,AMGN,41.81449,42.026932,41.578531
2021-02-17,CRM,56.826206,57.011196,56.043029
2021-02-17,CSCO,31.921711,32.454564,31.992509
2021-02-17,IBM,32.299063,32.180187,31.499952
2021-02-17,INTC,37.931806,38.377183,37.707096
2021-02-17,MSFT,163.64773,168.28915,164.03513
2021-02-17,NKE,28.83946,29.278253,28.941075
2021-02-17,VZ,10.343103,10.488951,10.259826
2021-02-17,WMT,13.657165,13.900089,13.74885
2021-02-18,AAPL,75.880903,75.741323,75.470314
2021-02-18,AMGN,40.669622,41.39674,39.779855
2021-02-18,CRM,57.066533,57.465358,54.706975
2021-02-18,CSCO,32.65132,32.821322,32.352579
2021-02-18,IBM,33.222331,33.762179,33.524812
2021-02-18,INTC,38.17781,38.21057,38.284153
2021-02-18,MSFT,167.65568,167.88942,164.84641
2021-02-18,NKE,29.054634,29.369786,28.479377
2021-02-18,VZ,10.217413,10.218545,10.298789
2021-02-18,WMT,13.504966,13.70265,13.404014
2021-02-19,AAPL,74.704006,74.357933,73.74631
2021-02-19,AMGN,42.102515,42.646846,41.72036
2021-02-19,CRM,57.804044,57.42071,58.027195
2021-02-19,CSCO,32.958137,33.539401,32.19999
2021-02-19,IBM,32.99651,33.485431,32.764715
2021-02-19,INTC,38.900014,39.155475,38.182053
2021-02-19,MSFT,166.85128,171.09981,164.52228
2021-02-19,NKE,28.81591,29.370679,28.783642
2021-02-19,VZ,10.201656,10.322307,10.315092
2021-02-19,WMT,13.97238,14.141207,13.84644
2021-02-22,AAPL,75.069104,73.677218,74.703415
2021-02-22,AMGN,41.850767,42.609001,41.576846
2021-02-22,CRM,60.648851,61.591869,60.025568
2021-02-22,CSCO,32.58945,32.622087,32.148541
2021-02-22,IBM,32.317941,32.425736,31.95231
2021-02-22,INTC,38.518962,38.969745,38.932891
2021-02-22,MSFT,165.92512,166.44693,165.33474
2021-02-22,NKE,29.098339,29.311042,28.931246
2021-02-22,VZ,9.8277821,10.008484,9.592906
2021-02-22,WMT,14.115241,14.156565,13.985462
2021-02-23,AAPL,76.258745,77.956616,75.630206
2021-02-23,AMGN,40.537887,41.544833,39.643153
2021-02-23,CRM,61.377766,61.259944,59.030698
2021-02-23,CSCO,32.649352,32.586964,32.123741
2021-02-23,IBM,32.018797,32.311346,31.454314
2021-02-23,INTC,38.00352,38.87346,38.114541
2021-02-23,MSFT,167.63995,171.95353,167.41691
2021-02-23,NKE,29.594364,30.02797,28.767122
2021-02-23,VZ,9.7192767,9.6946651,9.8002057
2021-02-23,WMT,14.005828,13.967259,13.848908
2021-02-24,AAPL,77.167513,76.344292,76.487875
2021-02-24,AMGN,39.686565,40.321949,39.117418
2021-02-24,CRM,62.280213,62.511327,63.437244
2021-02-24,CSCO,32.766273,32.615963,32.335271
2021-02-24,IBM,31.75522,32.14964,31.077891
2021-02-24,INTC,37.382795,37.788445,37.184573
2021-02-24,MSFT,171.42648,173.72994,169.0614
2021-02-24,NKE,29.539871,30.082093,29.563056
2021-02-24,VZ,9.7569065,9.8939597,9.682972
2021-02-24,WMT,13.575696,13.78796,13.362736
2021-02-25,AAPL,79.061835,82.388459,76.851242
2021-02-25,AMGN,39.199703,39.565311,38.773661
2021-02-25,CRM,64.540373,66.3704,62.297515
2021-02-25,CSCO,32.016639,32.333733,31.198982
2021-02-25,IBM,31.127987,31.31266,31.369375
2021-02-25,INTC,37.492508,38.112748,37.18355
2021-02-25,MSFT,176.31959,178.59477,178.22229
2021-02-25,NKE,29.373642,29.74323,28.981355
2021-02-25,VZ,9.8173523,9.9530942,9.7675716
2021-02-25,WMT,13.746164,13.897497,13.703576
2021-02-26,AAPL,78.566935,79.939369,78.240107
2021-02-26,AMGN,39.60752,39.798683,38.826204
2021-02-26,CRM,63.499823,61.431115,62.843758
2021-02-26,CSCO,31.803006,31.753153,31.404617
2021-02-26,IBM,30.893942,31.239054,30.52902
2021-02-26,INTC,38.585842,39.01383,37.160367
2021-02-26,MSFT,176.55866,178.05473,176.37073
2021-02-26,NKE,29.141913,29.539063,29.27143
2021-02-26,VZ,9.8262455,9.8150782,9.8821239
2021-02-26,WMT,13.506806,13.678359,13.47208
2021-03-01,AAPL,78.496306,79.955785,76.405731
2021-03-01,AMGN,39.056148,39.761021,38.33863
2021-03-01,CRM,62.603612,65.308455,61.393083
2021-03-01,CSCO,31.804552,31.708387,30.925446
2021-03-01,IBM,30.622165,30.872889,30.418071
2021-03-01,INTC,37.231617,37.66061,37.020504
2021-03-01,MSFT,185.10937,185.39662,182.89351
2021-03-01,NKE,28.499505,28.763204,28.623523
2021-03-01,VZ,9.7292147,9.8927518,9.689777
2021-03-01,WMT,13.553682,13.668272,13.287497
2021-03-02,AAPL,76.503525,76.236388,75.235325
2021-03-02,AMGN,37.878959,38.562808,37.179586
2021-03-02,CRM,60.954215,60.95242,59.137249
2021-03-02,CSCO,30.819073,30.967984,30.741829
2021-03-02,IBM,30.863687,30.774843,30.739969
2021-03-02,INTC,39.08754,39.967398,38.830516
2021-03-02,MSFT,186.07468,188.87693,181.26303
2021-03-02,NKE,28.015537,28.006316,28.088998
2021-03-02,VZ,9.7517042,9.8381973,9.7668945
2021-03-02,WMT,13.392601,13.653777,13.311058
2021-03-03,AAPL,76.423218,77.530891,74.751654
2021-03-03,AMGN,37.519982,38.240557,37.436011
2021-03-03,CRM,59.356781,61.392752,58.998975
2021-03-03,CSCO,31.662242,32.183186,32.042705
2021-03-03,IBM,30.525527,30.614059,30.340593
2021-03-03,INTC,38.369081,38.949712,37.660004
2021-03-03,MSFT,186.52479,188.25831,188.17551
2021-03-03,NKE,28.089727,28.100868,28.061518
2021-03-03,VZ,9.617499,9.723497,9.3977078
2021-03-03,WMT,13.322217,13.444703,13.23599
2021-03-04,AAPL,78.772665,77.890823,77.177108
2021-03-04,AMGN,37.666795,37.970074,37.494206
2021-03-04,CRM,62.199253,62.82691,62.536037
2021-03-04,CSCO,31.532821,31.927179,30.954549
2021-03-04,IBM,30.813247,31.1457,30.780901
2021-03-04,INTC,36.003578,36.433594,35.335272
2021-03-04,MSFT,185.46869,188.28384,184.09881
2021-03-04,NKE,28.457535,28.618301,28.061192
2021-03-04,VZ,9.3902434,9.5144211,9.29245
2021-03-04,WMT,13.292264,13.454755,13.284651
2021-03-05,AAPL,77.906729,76.973137,76.38164
2021-03-05,AMGN,36.627085,37.496016,35.972485
2021-03-05,CRM,57.863802,57.32968,57.370116
2021-03-05,CSCO,32.049159,32.070726,31.741839
2021-03-05,IBM,31.331265,31.512224,31.052034
2021-03-05,INTC,35.775211,36.249855,35.301938
2021-03-05,MSFT,185.28793,187.64349,185.84612
2021-03-05,NKE,27.473263,27.451176,27.486874
2021-03-05,VZ,9.0988911,9.1978132,9.0383181
2021-03-05,WMT,13.350005,13.270027,13.293716
2021-03-08,AAPL,77.152587,79.507548,76.483736
2021-03-08,AMGN,36.959782,38.035032,36.741575
2021-03-08,CRM,61.15563,62.535512,61.211889
2021-03-08,CSCO,31.552939,31.65857,31.397149
2021-03-08,IBM,30.657296,30.229402,30.230396
2021-03-08,INTC,34.635557,35.552755,33.714745
2021-03-08,MSFT,186.92478,188.13576,183.98999
2021-03-08,NKE,26.967334,27.226382,26.583492
2021-03-08,VZ,8.9125926,8.8845244,8.8744278
2021-03-08,WMT,13.43105,13.652086,13.281903
2021-03-09,AAPL,78.94535,78.411825,78.733602
2021-03-09,AMGN,36.359189,37.172292,36.875372
2021-03-09,CRM,59.514452,60.240152,58.439818
2021-03-09,CSCO,29.754065,29.659984,29.481778
2021-03-09,IBM,30.475666,31.220136,30.790634
2021-03-09,INTC,35.096976,34.67663,34.483039
2021-03-09,MSFT,186.29751,187.89045,184.88363
2021-03-09,NKE,27.024835,27.773982,26.926587
2021-03-09,VZ,8.6815414,8.8615379,8.5025411
2021-03-09,WMT,13.411462,13.684824,13.313555
2021-03-10,AAPL,76.383544,77.264723,76.469629
2021-03-10,AMGN,36.377575,37.159094,36.112153
2021-03-10,CRM,60.233914,60.334886,59.547188
2021-03-10,CSCO,29.402343,30.301556,29.010922
2021-03-10,IBM,30.174472,30.5315,30.123712
2021-03-10,INTC,34.889809,35.141698,34.109691
2021-03-10,MSFT,189.963,193.73787,187.7938
2021-03-10,NKE,26.976539,27.007974,26.815216
2021-03-10,VZ,8.7019247,8.717153,8.7834916
2021-03-10,WMT,13.362972,13.366775,13.294958
2021-03-11,AAPL,77.045949,78.650699,76.488182
2021-03-11,AMGN,35.910326,35.612651,35.203389
2021-03-11,CRM,58.379839,58.177901,55.774559
2021-03-11,CSCO,28.992615,29.881091,28.677947
2021-03-11,IBM,30.00075,30.199156,29.734452
2021-03-11,INTC,35.127053,35.328717,34.445368
2021-03-11,MSFT,184.65109,186.14197,180.45945
2021-03-11,NKE,27.354861,27.952424,27.213244
2021-03-11,VZ,8.6793764,8.7934738,8.57977
2021-03-11,WMT,13.087154,13.036929,12.957194
2021-03-12,AAPL,74.704065,76.19656,73.760924
2021-03-12,AMGN,36.48351,36.44916,35.38467
2021-03-12,CRM,56.655485,57.639158,55.080218
2021-03-12,CSCO,29.091626,29.283774,28.583338
2021-03-12,IBM,29.894391,30.434407,29.62782
2021-03-12,INTC,34.261145,34.085808,33.760924
2021-03-12,MSFT,189.0574,193.71439,187.24575
2021-03-12,NKE,27.086175,27.311864,27.118548
2021-03-12,VZ,8.6536604,8.8266664,8.4894823
2021-03-12,WMT,13.108532,13.140799,13.025002
2021-03-15,AAPL,73.346894,74.259651,73.229065
2021-03-15,AMGN,36.775915,37.51444,35.81072
2021-03-15,CRM,57.392171,56.977148,57.453835
2021-03-15,CSCO,28.882468,28.890694,28.132343
2021-03-15,IBM,29.967826,30.272194,30.111988
2021-03-15,INTC,33.597898,33.687894,33.236809
2021-03-15,MSFT,185.61979,183.29886,182.58976
2021-03-15,NKE,26.749705,26.970163,26.512786
2021-03-15,VZ,8.6310744,8.6937995,8.6132224
2021-03-15,WMT,12.791775,12.83267,12.805304
2021-03-16,AAPL,70.262543,70.122326,69.300176
2021-03-16,AMGN,35.672296,36.144418,35.437445
2021-03-16,CRM,58.763619,58.972584,59.811796
2021-03-16,CSCO,29.177191,29.409583,29.177549
2021-03-16,IBM,30.363475,30.430097,29.946291
2021-03-16,INTC,34.064928,33.985075,33.710161
2021-03-16,MSFT,188.01713,189.80424,184.32657
2021-03-16,NKE,26.712562,26.77247,26.402634
2021-03-16,VZ,8.63457,8.6579428,8.5571023
2021-03-16,WMT,13.002369,13.33007,12.938261
2021-03-17,AAPL,68.915088,71.291287,68.106713
2021-03-17,AMGN,35.355188,35.581921,33.987304
2021-03-17,CRM,58.056902,58.695994,57.644592
2021-03-17,CSCO,29.400256,30.066438,29.018704
2021-03-17,IBM,29.939378,30.2329,30.194465
2021-03-17,INTC,34.899472,34.978823,33.720157
2021-03-17,MSFT,192.68152,191.68359,190.07123
2021-03-17,NKE,26.133696,26.448639,25.814087
2021-03-17,VZ,8.426841,8.5115423,8.4146517
2021-03-17,WMT,13.027401,13.128602,12.906615
2021-03-18,AAPL,68.562045,67.938394,68.171568
2021-03-18,AMGN,34.057088,34.476498,33.661611
2021-03-18,CRM,61.497696,61.900943,60.630666
2021-03-18,CSCO,30.008525,30.290194,30.133069
2021-03-18,IBM,29.551622,29.619535,29.565812
2021-03-18,INTC,35.265785,35.684698,34.844607
2021-03-18,MSFT,193.71884,195.60095,190.28747
2021-03-18,NKE,26.058976,26.478835,25.531017
2021-03-18,VZ,8.3539618,8.3513376,8.4110102
2021-03-18,WMT,12.749471,12.99449,12.647905
2021-03-19,AAPL,69.027021,68.893712,69.175992
2021-03-19,AMGN,33.30353,33.532509,33.361458
2021-03-19,CRM,59.585573,60.025323,60.359284
2021-03-19,CSCO,29.722833,30.035598,29.288161
2021-03-19,IBM,28.742303,28.772252,28.385556
2021-03-19,INTC,35.212949,34.823147,34.693008
2021-03-19,MSFT,189.186,190.57712,189.15345
2021-03-19,NKE,26.207411,26.499408,26.257489
2021-03-19,VZ,8.4275103,8.6121677,8.2411028
2021-03-19,WMT,12.462389,12.457852,12.400259
2021-03-22,AAPL,66.314502,67.409892,64.445182
2021-03-22,AMGN,33.059374,33.286454,32.275446
2021-03-22,CRM,54.957579,55.495965,53.999085
2021-03-22,CSCO,30.214094,30.917623,30.02187
2021-03-22,IBM,28.551796,28.874322,28.384449
2021-03-22,INTC,35.347244,35.312926,35.231833
2021-03-22,MSFT,187.49218,188.23255,186.83034
2021-03-22,NKE,26.292792,26.060586,25.982862
2021-03-22,VZ,8.5499663,8.5945497,8.4734839
2021-03-22,WMT,12.217872,12.238512,12.200456
2021-03-23,AAPL,65.472758,68.575643,64.210231
2021-03-23,AMGN,32.905741,33.23774,32.960662
2021-03-23,CRM,53.477546,55.188219,51.218567
2021-03-23,CSCO,30.40168,31.076025,30.374664
2021-03-23,IBM,28.320305,28.213564,28.478594
2021-03-23,INTC,34.664416,35.174418,34.330278
2021-03-23,MSFT,188.61015,193.08653,186.25003
2021-03-23,NKE,26.287832,26.663954,26.100092
2021-03-23,VZ,8.6823722,8.7490419,8.6730549
2021-03-23,WMT,12.238485,12.292674,12.114131
2021-03-24,AAPL,64.110082,65.686519,63.119126
2021-03-24,AMGN,32.757303,33.150671,32.330323
2021-03-24,CRM,53.66501,53.166034,52.874103
2021-03-24,CSCO,30.216501,30.67549,29.900874
2021-03-24,IBM,28.429292,28.927368,28.147409
2021-03-24,INTC,34.878377,34.544611,35.311793
2021-03-24,MSFT,189.07135,188.70033,185.66204
2021-03-24,NKE,25.624536,25.891876,25.302041
2021-03-24,VZ,8.6260968,8.67634,8.5974547
2021-03-24,WMT,12.312321,12.405738,12.219573
2021-03-25,AAPL,64.779457,65.066063,63.142608
2021-03-25,AMGN,32.35557,32.749667,32.443098
2021-03-25,CRM,52.917603,52.863557,52.515687
2021-03-25,CSCO,30.646468,31.16125,30.242905
2021-03-25,IBM,28.120852,28.466072,28.007596
2021-03-25,INTC,34.356692,34.648272,34.302332
2021-03-25,MSFT,188.76374,187.22432,187.56099
2021-03-25,NKE,25.46992,25.987874,25.631005
2021-03-25,VZ,8.550434,8.5307464,8.4981036
2021-03-25,WMT,12.193103,12.363319,12.007818
2021-03-26,AAPL,65.729806,64.65426,64.044046
2021-03-26,AMGN,31.798622,32.17431,31.299703
2021-03-26,CRM,53.289677,53.632547,50.824935
2021-03-26,CSCO,30.905467,31.32521,30.354479
2021-03-26,IBM,27.747643,28.041255,27.310355
2021-03-26,INTC,34.877895,35.394565,35.279598
2021-03-26,MSFT,182.14411,184.9355,180.95492
2021-03-26,NKE,25.354718,25.964952,25.209936
2021-03-26,VZ,8.4644596,8.5799747,8.4842721
2021-03-26,WMT,12.306136,12.619859,12.104193
2021-03-29,AAPL,65.141459,64.851446,65.191592
2021-03-29,AMGN,31.32895,31.805158,30.581022
2021-03-29,CRM,53.935826,55.346427,53.098791
2021-03-29,CSCO,30.74563,30.716495,30.428862
2021-03-29,IBM,28.059963,28.179062,27.871112
2021-03-29,INTC,33.747782,33.75959,33.133254
2021-03-29,MSFT,183.02925,189.0604,179.04251
2021-03-29,NKE,25.637153,25.810989,25.394569
2021-03-29,VZ,8.3693463,8.4701274,8.4113766
2021-03-29,WMT,12.326356,12.551994,12.300798
2021-03-30,AAPL,65.159063,64.935998,64.285993
2021-03-30,AMGN,30.304217,30.857041,29.960301
2021-03-30,CRM,51.13148,50.750119,49.881306
2021-03-30,CSCO,31.204166,31.361786,30.666499
2021-03-30,IBM,27.932017,28.136035,27.96671
2021-03-30,INTC,33.468822,33.7136,33.416109
2021-03-30,MSFT,184.43431,187.05507,180.63357
2021-03-30,NKE,25.678782,26.00259,25.642253
2021-03-30,VZ,8.4704492,8.5854473,8.4124599
2021-03-30,WMT,12.239751,12.443621,11.928009
2021-03-31,AAPL,65.009357,65.446518,62.118804
2021-03-31,AMGN,29.271607,29.832348,29.033842
2021-03-31,CRM,52.439283,54.213306,53.710881
2021-03-31,CSCO,31.105545,31.656617,31.143331
2021-03-31,IBM,27.92631,28.374553,27.790943
2021-03-31,INTC,33.196521,33.659034,32.780946
2021-03-31,MSFT,186.34799,192.44796,181.09334
2021-03-31,NKE,24.717273,25.206771,24.576189
2021-03-31,VZ,8.5143327,8.575233,8.4720347
2021-03-31,WMT,12.137317,12.16024,12.147013
2021-04-01,AAPL,65.068888,66.188507,63.995174
2021-04-01,AMGN,29.046594,29.478487,28.695055
2021-04-01,CRM,51.522484,50.688541,50.144192
2021-04-01,CSCO,30.43693,31.373516,30.037196
2021-04-01,IBM,27.964921,28.24326,27.729082
2021-04-01,INTC,32.992233,33.836408,32.697128
2021-04-01,MSFT,188.79507,189.57887,190.57076
2021-04-01,NKE,24.280874,24.701041,24.271696
2021-04-01,VZ,8.3377465,8.5206408,8.4150648
2021-04-01,WMT,12.179705,12.363579,12.008191
2021-04-05,AAPL,66.761006,67.96623,65.288009
2021-04-05,AMGN,29.514191,30.058999,29.000951
2021-04-05,CRM,52.60643,54.362654,51.798157
2021-04-05,CSCO,30.25273,30.096295,29.974204
2021-04-05,IBM,27.443992,27.507506,27.341986
2021-04-05,INTC,33.087601,34.062131,32.693566
2021-04-05,MSFT,185.06095,187.93298,186.95594
2021-04-05,NKE,24.392816,24.248543,24.017046
2021-04-05,VZ,8.4353161,8.3982222,8.4388094
2021-04-05,WMT,12.266902,12.26988,12.23115
2021-04-06,AAPL,67.098336,68.539814,66.045053
2021-04-06,AMGN,29.786323,30.544146,29.389776
2021-04-06,CRM,52.273317,53.672617,51.729444
2021-04-06,CSCO,29.859131,29.771034,29.431642
2021-04-06,IBM,27.607042,27.859052,27.469876
2021-04-06,INTC,32.784625,33.636252,33.210181
2021-04-06,MSFT,188.91042,187.96739,184.14175
2021-04-06,NKE,24.631727,25.011498,24.778312
2021-04-06,VZ,8.3950252,8.4566723,8.2394818
2021-04-06,WMT,12.204775,12.297206,12.014633
2021-04-07,AAPL,67.446713,68.225309,69.14625
2021-04-07,AMGN,29.367469,29.810617,29.28849
2021-04-07,CRM,53.441387,53.384997,51.49746
2021-04-07,CSCO,29.938594,30.182375,29.989062
2021-04-07,IBM,27.515256,27.862606,26.899041
2021-04-07,INTC,34.460964,34.521953,34.201507
2021-04-07,MSFT,189.21584,189.91258,189.43804
2021-04-07,NKE,24.504116,24.724953,24.806516
2021-04-07,VZ,8.5092394,8.6732556,8.5103187
2021-04-07,WMT,12.241745,12.230396,12.302825
2021-04-08,AAPL,68.790546,71.517638,68.46673
2021-04-08,AMGN,29.054094,29.526747,29.021536
2021-04-08,CRM,53.658029,54.170104,53.213573
2021-04-08,CSCO,30.10237,31.01716,29.547264
2021-04-08,IBM,27.090476,27.552156,26.859783
2021-04-08,INTC,34.873588,35.816341,33.948311
2021-04-08,MSFT,188.10384,185.61192,186.4162
2021-04-08,NKE,24.769492,24.478896,24.988023
2021-04-08,VZ,8.2916113,8.3018189,8.2229594
2021-04-08,WMT,12.082916,12.134848,12.080318
2021-04-09,AAPL,67.934761,67.892811,66.511348
2021-04-09,AMGN,28.951712,29.114059,28.905201
2021-04-09,CRM,55.250956,55.384193,53.966329
2021-04-09,CSCO,29.564759,30.164265,29.258755
2021-04-09,IBM,27.646847,28.163468,27.31066
2021-04-09,INTC,35.128774,35.810553,35.436061
2021-04-09,MSFT,187.78319,187.16011,187.1534
2021-04-09,NKE,24.641717,25.443893,24.795235
2021-04-09,VZ,8.1785409,8.2317053,8.1624818
2021-04-09,WMT,11.762416,11.780397,11.627562
2021-04-12,AAPL,66.553015,67.333139,65.628115
2021-04-12,AMGN,28.620655,29.378277,28.288563
2021-04-12,CRM,56.912064,57.722528,56.359336
2021-04-12,CSCO,30.200025,30.478379,29.753082
2021-04-12,IBM,27.43236,27.842099,27.152062
2021-04-12,INTC,34.801855,34.644179,34.242066
2021-04-12,MSFT,187.42623,187.34672,184.54341
2021-04-12,NKE,24.373081,24.669755,23.987568
2021-04-12,VZ,8.3002942,8.3152719,8.1565358
2021-04-12,WMT,11.689736,11.759734,11.629158
2021-04-13,AAPL,66.262775,67.836283,65.524726
2021-04-13,AMGN,28.826765,29.261753,28.06573
2021-04-13,CRM,56.587932,56.963755,55.804656
2021-04-13,CSCO,30.773499,30.627223,30.584616
2021-04-13,IBM,27.206741,27.732508,26.965913
2021-04-13,INTC,34.390412,35.264537,34.519043
2021-04-13,MSFT,184.37172,183.0756,179.50502
2021-04-13,NKE,24.258956,24.926498,24.319657
2021-04-13,VZ,8.1861308,8.1761345,8.098977
2021-04-13,WMT,11.752067,11.883938,11.720083
2021-04-14,AAPL,67.324686,68.179048,65.784548
2021-04-14,AMGN,28.362556,29.129239,28.139276
2021-04-14,CRM,57.06428,56.78437,56.710072
2021-04-14,CSCO,30.24166,30.322929,29.769251
2021-04-14,IBM,27.0478,26.683211,26.53285
2021-04-14,INTC,33.980073,34.319659,33.698275
2021-04-14,MSFT,182.48603,183.51404,178.53606
2021-04-14,NKE,24.088285,24.544912,23.653851
2021-04-14,VZ,8.0731191,8.0735262,8.0449023
2021-04-14,WMT,11.569686,11.702478,11.480652
2021-04-15,AAPL,69.998618,70.862097,70.342143
2021-04-15,AMGN,28.499199,28.439704,28.15647
2021-04-15,CRM,56.958486,58.538033,55.665008
2021-04-15,CSCO,30.723693,30.644271,30.637569
2021-04-15,IBM,26.767218,27.419834,26.284435
2021-04-15,INTC,33.759601,34.130351,33.231933
2021-04-15,MSFT,189.49452,191.82225,186.42912
2021-04-15,NKE,24.353016,24.872663,24.514821
2021-04-15,VZ,8.1230671,8.0384163,8.1124076
2021-04-15,WMT,11.574391,11.631201,11.348984
2021-04-16,AAPL,68.81662,69.416803,68.291325
2021-04-16,AMGN,28.242692,28.601642,27.541002
2021-04-16,CRM,59.094446,60.014148,56.534348
2021-04-16,CSCO,31.702707,31.926847,31.074675
2021-04-16,IBM,26.79534,27.354896,26.624489
2021-04-16,INTC,33.741851,33.659188,33.34391
2021-04-16,MSFT,188.21995,190.8011,186.75779
2021-04-16,NKE,23.736724,23.834667,23.247998
2021-04-16,VZ,7.9988827,8.0595632,7.9024197
2021-04-16,WMT,11.578428,11.709015,11.462692
2021-04-19,AAPL,66.836579,68.335529,66.875293
2021-04-19,AMGN,29.012639,29.430747,28.510698
2021-04-19,CRM,59.301364,59.576634,59.300353
2021-04-19,CSCO,31.082669,31.17807,31.11535
2021-04-19,IBM,26.781505,27.244372,26.431764
2021-04-19,INTC,34.734386,35.15444,33.833099
2021-04-19,MSFT,186.86447,190.37035,185.12805
2021-04-19,NKE,23.558421,24.037231,23.267682
2021-04-19,VZ,8.0528645,8.0093392,7.7584215
2021-04-19,WMT,11.298696,11.324598,11.325254
2021-04-20,AAPL,68.039887,71.344019,67.225994
2021-04-20,AMGN,28.82733,29.21766,28.443579
2021-04-20,CRM,57.826562,57.965679,57.319616
2021-04-20,CSCO,30.555388,30.83218,29.812517
2021-04-20,IBM,26.872198,27.196525,26.994447
2021-04-20,INTC,34.587453,35.568024,34.154304
2021-04-20,MSFT,187.60289,187.6897,187.64992
2021-04-20,NKE,23.473361,23.540139,23.442958
2021-04-20,VZ,8.1868687,8.2311749,8.0105823
2021-04-20,WMT,11.273564,11.248516,11.204608
2021-04-21,AAPL,71.135622,71.944769,69.682489
2021-04-21,AMGN,28.433329,29.144074,28.468218
2021-04-21,CRM,56.658253,57.861735,56.289096
2021-04-21,CSCO,31.565372,31.529542,31.434883
2021-04-21,IBM,27.237239,27.651187,27.538765
2021-04-21,INTC,34.912195,35.060781,34.247161
2021-04-21,MSFT,187.30312,188.10017,185.2073
2021-04-21,NKE,22.551286,22.776318,22.607303
2021-04-21,VZ,8.2621325,8.3019874,8.282677
2021-04-21,WMT,11.27909,11.338071,11.270049
2021-04-22,AAPL,72.800495,73.596781,72.463344
2021-04-22,AMGN,27.828521,28.120043,27.483543
2021-04-22,CRM,56.514848,55.707003,57.017213
2021-04-22,CSCO,31.885846,32.001741,31.568455
2021-04-22,IBM,27.807596,28.20248,27.134085
2021-04-22,INTC,34.859748,35.435391,34.420929
2021-04-22,MSFT,186.64673,186.52189,185.97894
2021-04-22,NKE,23.164749,23.42337,23.226841
2021-04-22,VZ,8.2166815,8.3220978,8.1742445
2021-04-22,WMT,11.2756,11.665642,11.19413
2021-04-23,AAPL,67.174339,67.108086,66.653744
2021-04-23,AMGN,27.882275,28.47595,27.760345
2021-04-23,CRM,55.227467,57.504822,55.159046
2021-04-23,CSCO,31.185224,31.174778,31.099224
2021-04-23,IBM,27.575619,28.121854,27.277794
2021-04-23,INTC,34.919451,35.486297,33.80146
2021-04-23,MSFT,182.51885,181.69129,180.16952
2021-04-23,NKE,22.842116,23.071499,22.516041
2021-04-23,VZ,8.2915154,8.3576105,8.1796326
2021-04-23,WMT,11.267273,11.36259,11.188785
2021-04-26,AAPL,67.372888,68.675633,66.362159
2021-04-26,AMGN,28.245927,28.710183,28.422741
2021-04-26,CRM,55.133937,56.294387,51.537228
2021-04-26,CSCO,30.993981,31.092872,30.874394
2021-04-26,IBM,27.084265,27.053615,26.83423
2021-04-26,INTC,33.738585,34.282936,33.972324
2021-04-26,MSFT,180.84997,181.94707,178.52351
2021-04-26,NKE,22.952519,23.172081,22.640917
2021-04-26,VZ,8.1887523,8.1920527,8.1344179
2021-04-26,WMT,11.155426,11.239986,11.149512
2021-04-27,AAPL,66.016192,67.359424,64.366273
2021-04-27,AMGN,28.169522,28.432627,28.111307
2021-04-27,CRM,54.426782,54.112569,53.035918
2021-04-27,CSCO,31.438718,31.563995,31.165791
2021-04-27,IBM,27.530279,27.929846,27.226959
2021-04-27,INTC,33.700755,34.058371,33.306844
2021-04-27,MSFT,179.25484,180.05795,176.14885
2021-04-27,NKE,22.576778,23.033792,22.641265
2021-04-27,VZ,8.1061417,8.1608416,7.9886208
2021-04-27,WMT,11.192952,11.145595,10.926372
2021-04-28,AAPL,66.555723,66.404591,67.1134
2021-04-28,AMGN,28.4269,28.934068,28.358133
2021-04-28,CRM,51.058172,52.323541,49.113202
2021-04-28,CSCO,31.353751,31.710193,31.679936
2021-04-28,IBM,27.242143,27.508231,27.184696
2021-04-28,INTC,33.187679,33.320467,33.032237
2021-04-28,MSFT,179.00572,181.11601,176.42479
2021-04-28,NKE,21.791494,21.850746,21.413971
2021-04-28,VZ,8.1129448,8.1319626,7.8960321
2021-04-28,WMT,11.29175,11.39262,11.243417
2021-04-29,AAPL,66.277035,66.865079,64.492319
2021-04-29,AMGN,27.830823,27.417656,27.622204
2021-04-29,CRM,50.365129,51.312763,50.611815
2021-04-29,CSCO,30.919783,31.591094,30.740706
2021-04-29,IBM,27.912206,27.873847,27.812745
2021-04-29,INTC,34.155179,35.165973,33.621319
2021-04-29,MSFT,180.93753,181.20048,177.68944
2021-04-29,NKE,21.231321,21.80303,21.040031
2021-04-29,VZ,8.1614633,8.3522844,7.9942554
2021-04-29,WMT,11.038654,11.206163,10.816948
2021-04-30,AAPL,66.707952,66.840992,65.452827
2021-04-30,AMGN,27.678079,28.292997,27.650246
2021-04-30,CRM,50.884282,51.227823,49.26903
2021-04-30,CSCO,29.988782,30.44014,29.825042
2021-04-30,IBM,27.558137,28.058202,27.459022
2021-04-30,INTC,34.817264,34.727125,34.782805
2021-04-30,MSFT,181.23284,182.01216,176.62097
2021-04-30,NKE,21.406978,21.547634,21.294353
2021-04-30,VZ,8.1956624,8.1977893,8.0176092
2021-04-30,WMT,11.25607,11.3071,11.113013
2021-05-03,AAPL,65.239349,66.480837,63.475946
2021-05-03,AMGN,27.40167,27.971461,27.506209
2021-05-03,CRM,51.633309,52.485609,51.262946
2021-05-03,CSCO,30.658714,30.89442,30.230616
2021-05-03,IBM,27.29753,27.70353,27.482295
2021-05-03,INTC,34.026793,33.549247,33.63775
2021-05-03,MSFT,180.40353,185.4016,179.10998
2021-05-03,NKE,21.406789,21.790197,20.814063
2021-05-03,VZ,8.06371,8.2357425,7.9937651
2021-05-03,WMT,11.142048,11.323444,11.038411
2021-05-04,AAPL,64.272701,64.743786,63.442457
2021-05-04,AMGN,27.584269,27.772833,27.736596
2021-05-04,CRM,51.263179,51.162943,51.305492
2021-05-04,CSCO,30.43283,30.909069,30.127361
2021-05-04,IBM,26.841573,27.272735,26.737819
2021-05-04,INTC,33.776864,33.947025,33.606633
2021-05-04,MSFT,174.11798,176.53048,176.79508
2021-05-04,NKE,21.436705,21.325601,21.439955
2021-05-04,VZ,8.0268627,8.0463993,7.9785175
2021-05-04,WMT,11.060769,11.101961,10.952163
2021-05-05,AAPL,63.881774,63.447645,63.805857
2021-05-05,AMGN,26.783463,27.287041,26.514024
2021-05-05,CRM,52.472063,54.011045,53.077375
2021-05-05,CSCO,30.258402,30.549912,30.122188
2021-05-05,IBM,26.858253,27.380433,26.352621
2021-05-05,INTC,33.343558,33.432778,32.5184
2021-05-05,MSFT,173.21584,174.97286,171.69052
2021-05-05,NKE,21.277961,21.616443,21.400112
2021-05-05,VZ,7.9385198,8.0501535,7.8542501
2021-05-05,WMT,11.185612,11.191777,11.124442
2021-05-06,AAPL,63.858909,65.181046,62.318215
2021-05-06,AMGN,26.795608,27.141115,26.791769
2021-05-06,CRM,52.082675,52.240755,52.93578
2021-05-06,CSCO,30.662388,30.942178,30.286497
2021-05-06,IBM,26.397817,26.638562,26.097929
2021-05-06,INTC,33.305061,33.126998,32.745959
2021-05-06,MSFT,175.83609,178.43691,176.91541
2021-05-06,NKE,21.29011,21.195228,21.553128
2021-05-06,VZ,7.8004107,7.8867818,7.7743991
2021-05-06,WMT,11.032334,11.05482,10.807837
2021-05-07,AAPL,63.23069,64.31072,63.054237
2021-05-07,AMGN,26.819773,26.875429,26.214741
2021-05-07,CRM,54.355594,55.395876,55.354807
2021-05-07,CSCO,31.157041,31.523362,30.414879
2021-05-07,IBM,26.528348,26.625254,26.334596
2021-05-07,INTC,34.249958,35.032971,34.330057
2021-05-07,MSFT,184.72811,189.59257,184.23263
2021-05-07,NKE,20.965887,20.723895,21.056752
2021-05-07,VZ,7.864344,7.9024151,7.9123723
2021-05-07,WMT,10.926898,10.960905,10.783967
2021-05-10,AAPL,62.586113,62.34098,62.32554
2021-05-10,AMGN,26.605144,27.256517,26.139675
2021-05-10,CRM,51.461892,53.51806,49.054315
2021-05-10,CSCO,30.760738,30.711861,30.762839
2021-05-10,IBM,26.272679,26.471329,26.085255
2021-05-10,INTC,34.492834,34.62631,34.283351
2021-05-10,MSFT,187.92622,189.21161,184.94061
2021-05-10,NKE,21.520317,21.910064,21.276873
2021-05-10,VZ,7.8346172,7.9671208,7.8543434
2021-05-10,WMT,10.709723,10.853509,10.61401
2021-05-11,AAPL,61.762622,63.897998,60.085938
2021-05-11,AMGN,26.625473,27.234374,26.35007
2021-05-11,CRM,53.724539,53.412872,53.260286
2021-05-11,CSCO,31.571267,31.863427,30.736671
2021-05-11,IBM,26.691054,26.760637,26.625139
2021-05-11,INTC,33.561283,33.181393,33.292736
2021-05-11,MSFT,187.22907,190.86102,183.81352
2021-05-11,NKE,21.279968,21.520294,20.962818
2021-05-11,VZ,7.8078002,7.824324,7.9445701
2021-05-11,WMT,10.671598,10.853763,10.667215
2021-05-12,AAPL,60.719761,61.099876,59.38872
2021-05-12,AMGN,26.903992,27.158702,26.863012
2021-05-12,CRM,51.889488,51.11342,52.199182
2021-05-12,CSCO,31.905704,31.875357,31.665868
2021-05-12,IBM,26.20326,26.315844,26.122429
2021-05-12,INTC,34.506239,35.292915,33.820471
2021-05-12,MSFT,183.38184,184.07837,182.67666
2021-05-12,NKE,21.207877,21.503138,20.730035
2021-05-12,VZ,7.7415267,7.8509588,7.5204127
2021-05-12,WMT,10.598814,10.715162,10.483882
2021-05-13,AAPL,60.429559,60.454729,60.532219
2021-05-13,AMGN,26.658966,26.805306,26.662067
2021-05-13,CRM,51.059706,50.022447,50.331269
2021-05-13,CSCO,32.193554,31.745886,32.23542
2021-05-13,IBM,26.717478,26.958374,26.665015
2021-05-13,INTC,34.349341,34.519671,34.238797
2021-05-13,MSFT,180.83983,181.5098,175.36848
2021-05-13,NKE,20.220362,20.101703,19.804461
2021-05-13,VZ,7.6271034,7.6546883,7.4749984
2021-05-13,WMT,10.436645,10.4952,10.243131
2021-05-14,AAPL,61.218442,61.388416,59.948854
2021-05-14,AMGN,26.595239,26.795916,26.429971
2021-05-14,CRM,49.668518,49.915416,48.843952
2021-05-14,CSCO,31.432292,31.789825,31.127459
2021-05-14,IBM,27.09481,27.403523,26.637247
2021-05-14,INTC,34.463485,34.632729,34.274654
2021-05-14,MSFT,178.1593,182.1722,176.12847
2021-05-14,NKE,20.22941,20.733158,20.292281
2021-05-14,VZ,7.6813431,7.7358851,7.609659
2021-05-14,WMT,10.423491,10.418046,10.563557
2021-05-17,AAPL,61.742411,62.543996,60.936215
2021-05-17,AMGN,26.442986,26.800026,26.341861
2021-05-17,CRM,48.987902,50.037462,48.092253
2021-05-17,CSCO,31.626074,31.586299,31.875856
2021-05-17,IBM,26.494635,26.784937,26.737327
2021-05-17,INTC,34.476056,35.342847,33.791165
2021-05-17,MSFT,187.96901,188.2792,188.35834
2021-05-17,NKE,19.878971,19.969681,19.306998
2021-05-17,VZ,7.6141109,7.794215,7.4792779
2021-05-17,WMT,10.329947,10.509841,10.114132
2021-05-18,AAPL,60.281187,60.846315,60.135048
2021-05-18,AMGN,26.684169,27.13707,26.484781
2021-05-18,CRM,50.167541,52.733615,49.188059
2021-05-18,CSCO,31.655863,31.676335,30.789075
2021-05-18,IBM,26.99862,27.301934,26.856984
2021-05-18,INTC,34.65922,34.989566,34.470139
2021-05-18,MSFT,186.71893,185.94386,184.05939
2021-05-18,NKE,20.125515,20.185403,20.079201
2021-05-18,VZ,7.3985643,7.4985929,7.393661
2021-05-18,WMT,10.091195,10.084284,9.9722921
2021-05-19,AAPL,60.349538,60.962975,59.68746
2021-05-19,AMGN,26.628514,26.928085,26.407591
2021-05-19,CRM,47.878146,48.241253,47.421056
2021-05-19,CSCO,30.859655,31.488263,30.195209
2021-05-19,IBM,27.390508,27.923555,26.802698
2021-05-19,INTC,33.499613,33.723215,33.19834
2021-05-19,MSFT,188.84369,194.46983,183.74153
2021-05-19,NKE,19.942836,20.437928,19.745413
2021-05-19,VZ,7.6210965,7.6406275,7.555109
2021-05-19,WMT,9.8600053,9.9793018,9.8374311
2021-05-20,AAPL,62.348464,62.822465,63.091998
2021-05-20,AMGN,26.809841,27.043336,26.346804
2021-05-20,CRM,46.582541,46.747078,45.729403
2021-05-20,CSCO,31.866981,32.251701,31.249419
2021-05-20,IBM,26.94949,27.207191,26.700653
2021-05-20,INTC,33.121305,33.738206,32.657678
2021-05-20,MSFT,188.55874,186.70034,188.41195
2021-05-20,NKE,19.67245,19.864599,19.965153
2021-05-20,VZ,7.5544234,7.6737293,7.4793066
2021-05-20,WMT,9.5086572,9.5263684,9.4209505
2021-05-21,AAPL,60.743649,62.175315,59.6898
2021-05-21,AMGN,26.816384,27.258225,26.569124
2021-05-21,CRM,46.107799,46.956642,45.474283
2021-05-21,CSCO,31.209389,31.82064,31.209969
2021-05-21,IBM,26.672916,26.645363,26.415692
2021-05-21,INTC,33.268606,33.397094,33.025362
2021-05-21,MSFT,187.98685,189.42464,186.45206
2021-05-21,NKE,19.646267,19.598639,19.282778
2021-05-21,VZ,7.4758892,7.4063635,7.4391604
2021-05-21,WMT,9.3699904,9.480301,9.3362506
2021-05-24,AAPL,60.601128,61.52897,58.397618
2021-05-24,AMGN,27.194563,27.328341,26.740598
2021-05-24,CRM,45.859967,46.460116,45.573604
2021-05-24,CSCO,32.084491,32.526137,31.585064
2021-05-24,IBM,26.952807,27.083108,26.855935
2021-05-24,INTC,33.530438,33.988135,33.433905
2021-05-24,MSFT,189.11025,187.83124,185.88457
2021-05-24,NKE,19.64323,19.913668,20.100019
2021-05-24,VZ,7.2736785,7.2686502,7.0814112
2021-05-24,WMT,9.3404118,9.5096483,9.3292432
2021-05-25,AAPL,61.572661,62.603158,62.5332
2021-05-25,AMGN,27.174794,27.062053,26.672717
2021-05-25,CRM,44.902646,45.395656,44.387349
2021-05-25,CSCO,32.314527,32.354644,32.204037
2021-05-25,IBM,26.791434,27.016532,26.245563
2021-05-25,INTC,32.746115,32.973096,32.14223
2021-05-25,MSFT,186.91579,187.3734,187.88373
2021-05-25,NKE,19.392882,19.32097,19.326712
2021-05-25,VZ,7.1426391,7.2193998,7.1080762
2021-05-25,WMT,9.2159616,9.3696894,9.0017802
2021-05-26,AAPL,61.496633,62.708545,59.647671
2021-05-26,AMGN,27.223396,27.25605,27.16925
2021-05-26,CRM,44.983349,44.580941,44.659648
2021-05-26,CSCO,31.655045,31.45344,31.657562
2021-05-26,IBM,26.752423,26.763585,26.461934
2021-05-26,INTC,32.287198,32.45968,32.187531
2021-05-26,MSFT,186.30298,190.11112,184.30732
2021-05-26,NKE,19.227612,19.601059,18.741231
2021-05-26,VZ,7.1897163,7.2669033,7.1096743
2021-05-26,WMT,9.1899501,9.1855061,9.1371347
2021-05-27,AAPL,60.566441,60.387235,60.608895
2021-05-27,AMGN,27.498936,27.539483,27.494671
2021-05-27,CRM,44.270176,46.008683,45.26994
2021-05-27,CSCO,31.859035,32.036123,31.79898
2021-05-27,IBM,26.547769,26.736242,26.277092
2021-05-27,INTC,32.715438,32.322045,32.601225
2021-05-27,MSFT,184.20894,185.84543,184.38381
2021-05-27,NKE,18.940394,19.346842,18.380436
2021-05-27,VZ,7.1211022,7.2856227,7.0088714
2021-05-27,WMT,9.2972304,9.368801,9.2356374
2021-05-28,AAPL,60.942653,61.893247,61.061638
2021-05-28,AMGN,26.690574,26.608537,26.26556
2021-05-28,CRM,44.316955,44.655579,44.070757
2021-05-28,CSCO,32.493205,32.390906,31.911796
2021-05-28,IBM,26.952199,27.069819,26.725469
2021-05-28,INTC,31.573339,31.913853,31.038809
2021-05-28,MSFT,184.3287,187.08851,181.13976
2021-05-28,NKE,18.522852,18.89222,18.387247
2021-05-28,VZ,7.1121477,7.2693183,7.0970058
2021-05-28,WMT,9.1672496,9.2473556,8.9972334
2021-06-01,AAPL,62.976426,63.67504,61.663472
2021-06-01,AMGN,26.146743,26.918634,25.666701
2021-06-01,CRM,43.030851,43.870056,41.430137
2021-06-01,CSCO,32.342391,32.236881,32.294186
2021-06-01,IBM,26.909821,26.682081,27.02065
2021-06-01,INTC,31.716096,32.588615,31.3923
2021-06-01,MSFT,184.1543,184.86015,184.25247
2021-06-01,NKE,18.520786,18.819717,17.772315
2021-06-01,VZ,7.0584251,7.0808248,7.0779926
2021-06-01,WMT,9.3133348,9.4740826,9.1948127
2021-06-02,AAPL,62.596714,64.134431,62.260128
2021-06-02,AMGN,25.37112,25.694981,24.837726
2021-06-02,CRM,42.00934,42.839435,40.81519
2021-06-02,CSCO,33.300836,33.111446,33.07032
2021-06-02,IBM,27.670308,28.190233,27.243107
2021-06-02,INTC,32.030167,32.097675,31.993605
2021-06-02,MSFT,183.1685,186.31649,180.83364
2021-06-02,NKE,18.641722,18.861066,18.735073
2021-06-02,VZ,6.9212253,6.8946979,6.8452648
2021-06-02,WMT,9.1974031,9.2947331,9.0509735
2021-06-03,AAPL,63.465316,63.975415,63.573383
2021-06-03,AMGN,25.536228,25.911122,25.238898
2021-06-03,CRM,43.915826,43.959179,42.174534
2021-06-03,CSCO,32.893076,32.713316,32.633079
2021-06-03,IBM,27.937511,28.411448,27.387515
2021-06-03,INTC,30.646413,31.259673,30.52765
2021-06-03,MSFT,183.3675,183.15687,180.24959
2021-06-03,NKE,19.16292,19.463499,18.666918
2021-06-03,VZ,6.8762314,6.8927256,6.8702861
2021-06-03,WMT,9.1330481,9.1210752,8.9939714
2021-06-04,AAPL,61.520117,61.125824,61.82372
2021-06-04,AMGN,25.412478,25.920851,25.023765
2021-06-04,CRM,42.677268,43.680096,42.772827
2021-06-04,CSCO,33.331587,33.731461,33.050993
2021-06-04,IBM,28.086899,28.200812,27.740856
2021-06-04,INTC,30.917811,31.03687,30.632229
2021-06-04,MSFT,183.66121,184.72057,179.74014
2021-06-04,NKE,18.962343,19.10281,19.001124
2021-06-04,VZ,6.7695007,6.8966513,6.7396793
2021-06-04,WMT,8.8236144,8.8961283,8.6903946
2021-06-07,AAPL,61.034428,61.272233,60.963619
2021-06-07,AMGN,25.06544,24.733872,24.763005
2021-06-07,CRM,41.51209,41.421748,40.455091
2021-06-07,CSCO,32.446138,32.315418,32.310476
2021-06-07,IBM,28.218503,28.363622,27.986551
2021-06-07,INTC,30.79823,31.017847,30.404191
2021-06-07,MSFT,186.38223,188.20024,186.01925
2021-06-07,NKE,19.441298,19.858187,19.286965
2021-06-07,VZ,6.8227167,6.8640933,6.7380806
2021-06-07,WMT,8.8178072,8.8417117,8.8011693
2021-06-08,AAPL,63.137373,63.386502,60.985484
2021-06-08,AMGN,25.260749,25.663386,25.161379
2021-06-08,CRM,41.731472,41.901197,41.299684
2021-06-08,CSCO,33.143371,33.306748,32.728607
2021-06-08,IBM,27.955683,27.853431,28.072403
2021-06-08,INTC,31.54482,31.733876,31.349167
2021-06-08,MSFT,185.20475,187.07571,184.08999
2021-06-08,NKE,19.32691,19.477339,19.663134
2021-06-08,VZ,6.6434025,6.7294096,6.6144451
2021-06-08,WMT,8.936455,9.0628506,8.9313106
2021-06-09,AAPL,63.811524,63.454131,63.133093
2021-06-09,AMGN,25.038862,25.339095,24.644282
2021-06-09,CRM,41.428514,43.070832,40.788174
2021-06-09,CSCO,34.616552,35.024588,35.477249
2021-06-09,IBM,28.252517,28.600865,28.223197
2021-06-09,INTC,32.14985,32.218426,31.72196
2021-06-09,MSFT,185.85239,187.07957,185.29926
2021-06-09,NKE,18.830246,19.361837,18.879361
2021-06-09,VZ,6.4504302,6.5984264,6.4834397
2021-06-09,WMT,9.2159962,9.2915129,9.0611099
2021-06-10,AAPL,62.729355,63.146436,62.264733
2021-06-10,AMGN,24.401644,24.993914,24.328223
2021-06-10,CRM,41.237867,40.774373,38.859559
2021-06-10,CSCO,34.137083,34.25054,34.100922
2021-06-10,IBM,28.084126,28.420519,27.943299
2021-06-10,INTC,31.081249,31.700335,30.646095
2021-06-10,MSFT,184.3338,183.49185,180.04607
2021-06-10,NKE,18.758911,18.854946,18.849373
2021-06-10,VZ,6.591334,6.6196178,6.581949
2021-06-10,WMT,9.1443622,9.0846534,9.0605215
2021-06-11,AAPL,62.667124,63.381282,62.237189
2021-06-11,AMGN,24.297594,24.939215,24.075105
2021-06-11,CRM,40.43024,40.715531,39.279091
2021-06-11,CSCO,34.794803,34.855399,34.250669
2021-06-11,IBM,27.698791,27.662375,27.1994
2021-06-11,INTC,31.143623,31.440535,31.554286
2021-06-11,MSFT,180.77642,181.26223,179.44344
2021-06-11,NKE,18.331977,18.559052,17.869894
2021-06-11,VZ,6.526054,6.6135993,6.564435
2021-06-11,WMT,9.0700256,9.1454782,9.0467899
2021-06-14,AAPL,62.968963,64.225774,62.634669
2021-06-14,AMGN,23.720384,23.425305,23.330826
2021-06-14,CRM,39.234364,38.649011,38.122687
2021-06-14,CSCO,34.781713,34.818951,34.131828
2021-06-14,IBM,27.576101,27.69363,27.499245
2021-06-14,INTC,31.020854,31.512817,30.425593
2021-06-14,MSFT,181.24135,184.89461,176.45591
2021-06-14,NKE,17.964139,18.46464,17.529554
2021-06-14,VZ,6.5252962,6.6532102,6.4685949
2021-06-14,WMT,9.1157626,9.1735036,9.0857174
2021-06-15,AAPL,62.553663,62.87227,60.821004
2021-06-15,AMGN,23.1816,23.629494,22.637859
2021-06-15,CRM,39.0472,39.999835,37.641133
2021-06-15,CSCO,34.057809,34.282222,32.923485
2021-06-15,IBM,27.318304,27.414573,27.202386
2021-06-15,INTC,31.012609,30.709086,31.119212
2021-06-15,MSFT,180.64156,180.77546,175.77842
2021-06-15,NKE,17.381962,17.608274,17.219743
2021-06-15,VZ,6.6013642,6.6699707,6.615637
2021-06-15,WMT,9.0679508,9.0879825,9.0321859
2021-06-16,AAPL,61.875726,62.920478,61.350093
2021-06-16,AMGN,22.257168,22.430272,22.203768
2021-06-16,CRM,38.025763,39.048853,36.892745
2021-06-16,CSCO,33.116494,33.874004,32.684826
2021-06-16,IBM,28.128691,28.613976,27.778218
2021-06-16,INTC,30.92896,31.388787,30.11609
2021-06-16,MSFT,180.86735,182.10386,179.07397
2021-06-16,NKE,17.605979,17.698468,17.381088
2021-06-16,VZ,6.4873139,6.6517362,6.5468176
2021-06-16,WMT,8.9890983,9.0910616,8.9367423
2021-06-17,AAPL,64.718051,66.670508,64.053459
2021-06-17,AMGN,21.670264,22.242043,21.342908
2021-06-17,CRM,39.657891,41.082786,39.296044
2021-06-17,CSCO,33.090942,32.973357,32.565005
2021-06-17,IBM,27.645992,27.579291,27.748872
2021-06-17,INTC,30.306643,30.249769,30.576572
2021-06-17,MSFT,177.4961,177.94622,175.35271
2021-06-17,NKE,17.337915,17.755843,17.797446
2021-06-17,VZ,6.4336891,6.4562805,6.3796245
2021-06-17,WMT,9.0385164,9.0513373,8.8558311
2021-06-18,AAPL,63.744323,64.409601,63.560361
2021-06-18,AMGN,21.814257,21.993647,21.797781
2021-06-18,CRM,40.199561,40.493393,39.027679
2021-06-18,CSCO,33.009797,33.20707,32.467398
2021-06-18,IBM,27.227033,27.558034,27.070665
2021-06-18,INTC,30.877489,30.993974,30.697233
2021-06-18,MSFT,180.22751,178.73389,181.67427
2021-06-18,NKE,17.070323,17.125968,17.346928
2021-06-18,VZ,6.4533474,6.5802971,6.3177427
2021-06-18,WMT,8.9375723,9.1040604,8.8867023
2021-06-21,AAPL,64.541188,64.952235,64.894454
2021-06-21,AMGN,21.818191,22.245875,21.957034
2021-06-21,CRM,39.13616,39.964576,37.798195
2021-06-21,CSCO,32.504457,33.038335,32.175115
2021-06-21,IBM,26.482352,26.924463,26.225874
2021-06-21,INTC,30.850534,31.188159,30.985906
2021-06-21,MSFT,179.85209,180.53656,178.59085
2021-06-21,NKE,16.754622,16.681127,16.588074
2021-06-21,VZ,6.4893472,6.6072903,6.4816596
2021-06-21,WMT,8.8935183,8.8815647,8.8732406
2021-06-22,AAPL,64.825822,65.864985,64.935527
2021-06-22,AMGN,21.287343,21.819704,21.540478
2021-06-22,CRM,40.864011,41.188644,39.892965
2021-06-22,CSCO,32.804686,32.329624,32.935629
2021-06-22,IBM,25.965197,26.136162,25.812342
2021-06-22,INTC,32.083791,32.610098,31.697954
2021-06-22,MSFT,176.47386,179.99849,176.35912
2021-06-22,NKE,16.683967,16.438622,16.671602
2021-06-22,VZ,6.3326647,6.3875952,6.3042714
2021-06-22,WMT,8.7101427,8.6368164,8.6844248
2021-06-23,AAPL,64.625084,65.423448,64.301115
2021-06-23,AMGN,21.432238,22.000736,21.230458
2021-06-23,CRM,42.017497,42.643897,42.201864
2021-06-23,CSCO,33.560998,34.108869,33.166083
2021-06-23,IBM,26.038689,26.477255,26.141759
2021-06-23,INTC,32.014034,32.190037,31.147644
2021-06-23,MSFT,172.63917,173.32486,172.18051
2021-06-23,NKE,16.425651,16.495398,16.008299
2021-06-23,VZ,6.2761604,6.3868277,6.2051469
2021-06-23,WMT,8.5327505,8.5764395,8.5507465
2021-06-24,AAPL,64.483834,66.640219,63.037834
2021-06-24,AMGN,20.969489,21.231789,21.061805
2021-06-24,CRM,40.547741,41.010777,39.737857
2021-06-24,CSCO,32.883084,32.917619,32.876881
2021-06-24,IBM,26.177212,26.523242,25.916381
2021-06-24,INTC,32.763108,33.001916,32.535837
2021-06-24,MSFT,178.58923,181.21308,177.35369
2021-06-24,NKE,16.30728,16.320421,16.261858
2021-06-24,VZ,6.2991522,6.3679761,6.2470262
2021-06-24,WMT,8.3412929,8.5386813,8.405276
2021-06-25,AAPL,63.686569,64.078105,62.893168
2021-06-25,AMGN,20.361688,20.531973,20.162422
2021-06-25,CRM,42.257377,43.19816,41.794783
2021-06-25,CSCO,32.43213,33.426887,32.099972
2021-06-25,IBM,26.186305,26.418356,25.768669
2021-06-25,INTC,33.561239,33.606304,33.41188
2021-06-25,MSFT,177.9759,177.59784,178.96421
2021-06-25,NKE,16.117362,16.238858,16.12811
2021-06-25,VZ,6.3842965,6.4223103,6.2843615
2021-06-25,WMT,8.272461,8.4156081,8.2667467
2021-06-28,AAPL,64.341186,65.458378,64.59492
2021-06-28,AMGN,19.486163,20.071985,19.165071
2021-06-28,CRM,44.622639,45.665747,43.339009
2021-06-28,CSCO,31.802841,32.474053,31.254646
2021-06-28,IBM,26.114825,26.02887,25.961343
2021-06-28,INTC,32.690749,33.221896,32.469656
2021-06-28,MSFT,181.12263,176.95481,181.41424
2021-06-28,NKE,16.603752,16.826517,16.700113
2021-06-28,VZ,6.4221953,6.4522285,6.4102901
2021-06-28,WMT,8.3864746,8.4763177,8.4354791
2021-06-29,AAPL,64.105668,64.601664,62.886564
2021-06-29,AMGN,19.022596,19.276795,18.917811
2021-06-29,CRM,42.882423,44.055363,41.78624
2021-06-29,CSCO,31.150191,31.891685,31.296499
2021-06-29,IBM,26.425823,26.5749,26.358706
2021-06-29,INTC,33.128996,32.888751,32.696117
2021-06-29,MSFT,181.8067,181.89643,178.43796
2021-06-29,NKE,16.784506,17.053165,16.253453
2021-06-29,VZ,6.5075097,6.6527397,6.5057143
2021-06-29,WMT,8.500499,8.557937,8.428558
2021-06-30,AAPL,63.822419,64.88573,63.136378
2021-06-30,AMGN,18.493196,18.856896,18.566152
2021-06-30,CRM,43.229321,43.455336,42.660728
2021-06-30,CSCO,30.207452,30.356905,29.729636
2021-06-30,IBM,26.387486,26.184901,25.957969
2021-06-30,INTC,33.244332,33.391087,33.666019
2021-06-30,MSFT,181.55178,184.77734,178.08676
2021-06-30,NKE,16.757933,16.600558,16.538107
2021-06-30,VZ,6.6037748,6.6808518,6.6332928
2021-06-30,WMT,8.4571484,8.453579,8.3341612
2021-07-01,AAPL,62.945256,63.065389,61.527912
2021-07-01,AMGN,18.813895,19.011177,18.742916
2021-07-01,CRM,45.173829,46.204884,43.277923
2021-07-01,CSCO,30.631811,30.608001,30.733994
2021-07-01,IBM,26.391393,26.433167,26.441
2021-07-01,INTC,32.397742,32.829059,32.863571
2021-07-01,MSFT,185.53649,187.6869,185.03095
2021-07-01,NKE,16.822356,17.186729,17.1594
2021-07-01,VZ,6.483282,6.6044847,6.3806337
2021-07-01,WMT,8.5268492,8.5174702,8.2705627
2021-07-02,AAPL,62.383842,62.543962,62.664385
2021-07-02,AMGN,19.229276,19.304539,19.270751
2021-07-02,CRM,45.091892,43.468682,45.258894
2021-07-02,CSCO,30.233723,29.912403,29.960972
2021-07-02,IBM,26.756471,27.090399,26.683076
2021-07-02,INTC,32.597647,33.275308,32.003644
2021-07-02,MSFT,189.02026,190.10488,188.1359
2021-07-02,NKE,16.889896,17.211805,16.725325
2021-07-02,VZ,6.2121337,6.2887511,6.2072487
2021-07-02,WMT,8.6624892,8.6450348,8.5812496
2021-07-06,AAPL,64.079295,65.127207,63.049158
2021-07-06,AMGN,18.891647,19.201882,18.910463
2021-07-06,CRM,44.861513,44.864411,44.549912
2021-07-06,CSCO,30.009501,30.539916,30.412518
2021-07-06,IBM,26.854555,26.941989,26.43307
2021-07-06,INTC,32.286829,32.205096,32.320788
2021-07-06,MSFT,190.53919,188.53601,189.7689
2021-07-06,NKE,17.32543,17.365118,17.062191
2021-07-06,VZ,6.3666511,6.5165002,6.3277052
2021-07-06,WMT,8.5084642,8.5853847,8.4028251
2021-07-07,AAPL,64.853851,64.98273,63.907021
2021-07-07,AMGN,18.771514,18.862129,18.627414
2021-07-07,CRM,44.602803,45.464902,43.542681
2021-07-07,CSCO,29.585391,29.570962,29.523699
2021-07-07,IBM,26.979803,27.003137,26.368473
2021-07-07,INTC,32.065816,32.48781,31.194013
2021-07-07,MSFT,185.59257,187.08404,182.86738
2021-07-07,NKE,17.451327,17.650586,17.147479
2021-07-07,VZ,6.2739472,6.3532843,6.1262224
2021-07-07,WMT,8.2750733,8.381295,8.3580933
2021-07-08,AAPL,64.856614,65.065326,64.378308
2021-07-08,AMGN,19.188563,19.192506,19.03248
2021-07-08,CRM,45.131853,45.304888,44.829505
2021-07-08,CSCO,29.84572,29.724725,28.964362
2021-07-08,IBM,27.105638,27.452474,26.652847
2021-07-08,INTC,31.304257,31.993986,31.085563
2021-07-08,MSFT,194.72799,196.40128,195.87203
2021-07-08,NKE,16.399508,16.293378,16.502648
2021-07-08,VZ,6.2042444,6.2644755,6.240604
2021-07-08,WMT,8.1907896,8.2633873,8.0044183
2021-07-09,AAPL,63.849007,63.995527,62.380434
2021-07-09,AMGN,19.385597,19.571337,19.438772
2021-07-09,CRM,45.246361,45.717794,44.779121
2021-07-09,CSCO,30.448021,30.138861,30.250254
2021-07-09,IBM,27.168662,27.153418,27.043529
2021-07-09,INTC,31.351486,31.762961,31.145193
2021-07-09,MSFT,192.96468,194.7258,191.39877
2021-07-09,NKE,16.459473,16.450761,16.514047
2021-07-09,VZ,6.1579769,6.2140935,6.1741092
2021-07-09,WMT,8.2433946,8.3698362,8.2490018
2021-07-12,AAPL,62.355539,62.75709,62.266406
2021-07-12,AMGN,19.2398,19.141884,19.07923
2021-07-12,CRM,45.386126,45.870594,44.851406
2021-07-12,CSCO,30.746753,30.660481,30.151177
2021-07-12,IBM,27.246743,27.574921,27.021568
2021-07-12,INTC,31.05633,31.5417,30.528346
2021-07-12,MSFT,193.19914,193.49373,190.72872
2021-07-12,NKE,16.837261,17.131014,16.691065
2021-07-12,VZ,6.2004228,6.236987,6.1926344
2021-07-12,WMT,8.2221021,8.1664158,8.2250161
2021-07-13,AAPL,62.9014,62.619605,62.197826
2021-07-13,AMGN,19.146194,19.080657,18.688563
2021-07-13,CRM,44.577446,45.160009,44.846932
2021-07-13,CSCO,31.568867,32.480527,31.049756
2021-07-13,IBM,26.940192,27.245694,26.420614
2021-07-13,INTC,31.299298,31.254839,31.295555
2021-07-13,MSFT,192.01625,189.93935,193.03562
2021-07-13,NKE,16.973053,16.91242,17.067855
2021-07-13,VZ,6.1480537,6.2077298,6.0809504
2021-07-13,WMT,8.2335356,8.3433601,8.0976729
2021-07-14,AAPL,64.551136,65.499849,64.281892
2021-07-14,AMGN,19.091474,19.234708,19.347371
2021-07-14,CRM,42.889384,43.542812,41.80422
2021-07-14,CSCO,30.90632,31.397212,30.628316
2021-07-14,IBM,27.113257,26.964132,26.701964
2021-07-14,INTC,32.419747,32.876648,32.37813
2021-07-14,MSFT,189.09022,191.65925,185.82894
2021-07-14,NKE,17.664501,17.825671,17.938298
2021-07-14,VZ,6.0294173,5.9748992,5.9559677
2021-07-14,WMT,8.1728395,8.2626738,8.2284163
2021-07-15,AAPL,63.847698,64.353289,63.101085
2021-07-15,AMGN,18.889139,19.148515,18.755593
2021-07-15,CRM,42.531743,43.06946,41.252838
2021-07-15,CSCO,30.853603,31.011633,30.338308
2021-07-15,IBM,27.577183,27.817654,27.811993
2021-07-15,INTC,32.23377,32.714793,32.236356
2021-07-15,MSFT,192.25823,194.59871,190.92016
2021-07-15,NKE,17.164074,17.095369,17.313549
2021-07-15,VZ,5.9743036,6.0322461,5.9086707
2021-07-15,WMT,8.1721231,8.246945,8.0380702
2021-07-16,AAPL,65.8257,66.338826,64.7031
2021-07-16,AMGN,19.51667,20.014935,19.260665
2021-07-16,CRM,41.793107,43.353499,40.397664
2021-07-16,CSCO,31.524332,31.148965,31.116588
2021-07-16,IBM,27.163159,27.367231,27.46802
2021-07-16,INTC,30.686178,31.504933,30.419881
2021-07-16,MSFT,194.66792,194.43813,193.51925
2021-07-16,NKE,16.789644,17.20625,17.229327
2021-07-16,VZ,5.8744545,5.8692664,5.6987393
2021-07-16,WMT,8.0811482,8.2022709,7.9947537
2021-07-19,AAPL,66.583743,67.798125,65.769226
2021-07-19,AMGN,19.33065,19.49661,19.228449
2021-07-19,CRM,39.474753,40.607612,38.359787
2021-07-19,CSCO,31.695369,31.797121,31.583394
2021-07-19,IBM,27.756618,27.747267,27.624934
2021-07-19,INTC,30.639868,31.220303,30.298938
2021-07-19,MSFT,198.01429,199.43565,195.59971
2021-07-19,NKE,16.762518,16.772397,16.37891
2021-07-19,VZ,5.6145394,5.6339406,5.5976472
2021-07-19,WMT,8.0293846,8.1206792,7.9890582
2021-07-20,AAPL,67.325322,67.502387,68.040027
2021-07-20,AMGN,19.827767,19.730089,19.678874
2021-07-20,CRM,37.156346,37.894184,36.620331
2021-07-20,CSCO,31.013118,31.467944,30.971005
2021-07-20,IBM,27.422969,27.875435,27.110128
2021-07-20,INTC,31.414017,31.3534,30.902749
2021-07-20,MSFT,189.43934,188.90821,187.27579
2021-07-20,NKE,16.821903,16.74216,16.631697
2021-07-20,VZ,5.5869028,5.6111176,5.6164943
2021-07-20,WMT,8.057594,8.1076766,7.9465268
2021-07-21,AAPL,66.805194,68.241665,67.45293
2021-07-21,AMGN,19.346328,20.100706,18.799108
2021-07-21,CRM,34.712375,35.808409,34.324141
2021-07-21,CSCO,31.296669,31.48279,30.622002
2021-07-21,IBM,26.880971,27.075209,26.680528
2021-07-21,INTC,31.66179,31.47794,31.450085
2021-07-21,MSFT,192.33631,193.92623,190.25172
2021-07-21,NKE,16.396526,16.039785,16.291367
2021-07-21,VZ,5.5483705,5.6036968,5.5209667
2021-07-21,WMT,7.8790839,7.9236151,7.8512447
2021-07-22,AAPL,64.422614,64.469653,63.25123
2021-07-22,AMGN,19.546277,19.750529,19.782463
2021-07-22,CRM,32.805587,33.310607,32.061932
2021-07-22,CSCO,30.447323,30.985063,29.838154
2021-07-22,IBM,26.863371,27.362988,26.632088
2021-07-22,INTC,31.812968,31.984058,31.714222
2021-07-22,MSFT,185.51699,186.08828,181.3383
2021-07-22,NKE,16.83528,17.106379,16.858566
2021-07-22,VZ,5.4832569,5.4962542,5.4387162
2021-07-22,WMT,7.7908343,7.7547268,7.6917067
2021-07-23,AAPL,65.431833,67.134069,64.946044
2021-07-23,AMGN,19.576009,19.590681,19.409621
2021-07-23,CRM,31.513758,32.207322,30.984675
2021-07-23,CSCO,31.225891,31.669759,30.748149
2021-07-23,IBM,27.213885,27.455717,27.320352
2021-07-23,INTC,31.840096,31.612901,32.046002
2021-07-23,MSFT,186.24633,185.52877,182.98206
2021-07-23,NKE,16.520611,16.625488,16.459418
2021-07-23,VZ,5.4277665,5.5741774,5.412199
2021-07-23,WMT,7.9188543,8.0152906,7.9526817
2021-07-26,AAPL,64.888546,66.051992,64.963138
2021-07-26,AMGN,19.485674,19.680466,19.568224
2021-07-26,CRM,30.982624,31.434998,30.524164
2021-07-26,CSCO,31.858837,32.624602,31.54475
2021-07-26,IBM,26.980063,27.292605,26.983759
2021-07-26,INTC,31.056745,31.360404,30.356346
2021-07-26,MSFT,180.49696,178.47674,180.31888
2021-07-26,NKE,16.404097,16.551516,16.153448
2021-07-26,VZ,5.4563817,5.5476739,5.461478
2021-07-26,WMT,7.862129,7.9067116,7.7969652
2021-07-27,AAPL,63.962721,63.979824,63.887806
2021-07-27,AMGN,19.423779,19.683806,19.174146
2021-07-27,CRM,31.727925,32.495895,31.530306
2021-07-27,CSCO,32.065946,32.201391,32.270097
2021-07-27,IBM,26.592973,26.818423,26.221623
2021-07-27,INTC,30.724571,31.061008,30.07215
2021-07-27,MSFT,179.42238,180.1332,178.57579
2021-07-27,NKE,16.236329,16.274175,16.356367
2021-07-27,VZ,5.3394971,5.3597486,5.2446474
2021-07-27,WMT,7.8260094,7.8046793,7.7335945
2021-07-28,AAPL,64.954816,65.743145,64.021336
2021-07-28,AMGN,19.127589,19.302443,19.119974
2021-07-28,CRM,32.578741,33.603541,32.837631
2021-07-28,CSCO,32.164604,32.022454,31.945966
2021-07-28,IBM,26.994532,26.717473,27.149884
2021-07-28,INTC,30.123208,30.910369,29.502367
2021-07-28,MSFT,179.7165,180.79415,176.96319
2021-07-28,NKE,16.061945,16.353856,15.98423
2021-07-28,VZ,5.2365243,5.1928448,5.2716055
2021-07-28,WMT,7.7738287,7.72559,7.8026596
2021-07-29,AAPL,66.865387,69.097714,66.820283
2021-07-29,AMGN,18.727558,18.576061,18.578668
2021-07-29,CRM,31.728316,31.157921,31.120659
2021-07-29,CSCO,32.452619,32.625896,31.675512
2021-07-29,IBM,26.874884,27.179822,26.728536
2021-07-29,INTC,30.43557,30.653552,30.052898
2021-07-29,MSFT,179.61768,180.40894,176.55452
2021-07-29,NKE,15.828497,15.876807,15.747528
2021-07-29,VZ,5.2580272,5.309513,5.1985054
2021-07-29,WMT,7.7111967,7.7863782,7.7743572
2021-07-30,AAPL,67.2788,67.863445,64.855475
2021-07-30,AMGN,18.577858,18.795436,18.343959
2021-07-30,CRM,31.521593,31.644266,31.066419
2021-07-30,CSCO,32.84792,33.904647,32.476677
2021-07-30,IBM,26.279393,26.348366,26.071956
2021-07-30,INTC,30.975739,31.052615,30.777945
2021-07-30,MSFT,172.99694,177.50068,168.62259
2021-07-30,NKE,15.38712,15.091268,15.309596
2021-07-30,VZ,5.0743152,5.1626641,5.0639846
2021-07-30,WMT,7.6440883,7.7052175,7.5282585
2021-08-02,AAPL,66.059235,65.60758,65.364714
2021-08-02,AMGN,18.221493,18.656127,18.164166
2021-08-02,CRM,31.50495,32.017548,31.931885
2021-08-02,CSCO,32.706846,32.382173,32.743636
2021-08-02,IBM,26.223685,26.34525,26.130433
2021-08-02,INTC,30.532436,30.444747,29.845284
2021-08-02,MSFT,168.28161,170.01267,165.69264
2021-08-02,NKE,15.204784,15.429258,15.063957
2021-08-02,VZ,5.0928663,5.1591355,5.0139307
2021-08-02,WMT,7.648708,7.8203857,7.6305003
2021-08-03,AAPL,66.820769,66.093576,66.152231
2021-08-03,AMGN,18.901158,19.064715,18.651998
2021-08-03,CRM,32.354375,32.830865,32.308955
2021-08-03,CSCO,32.892004,33.302442,31.700447
2021-08-03,IBM,26.080669,25.827396,25.643674
2021-08-03,INTC,30.21816,30.650215,29.958905
2021-08-03,MSFT,170.17597,169.86973,168.67517
2021-08-03,NKE,15.284776,15.636879,15.101736
2021-08-03,VZ,5.0798524,5.1941553,5.0266335
2021-08-03,WMT,7.6648529,7.7706107,7.6206069
2021-08-04,AAPL,68.819463,68.857456,68.88621
2021-08-04,AMGN,19.226728,19.761597,19.362537
2021-08-04,CRM,32.412401,32.656071,32.347044
2021-08-04,CSCO,31.701294,31.426207,31.233617
2021-08-04,IBM,25.608009,25.963207,25.639461
2021-08-04,INTC,30.9669,30.894265,30.900725
2021-08-04,MSFT,169.36637,168.31821,167.68964
2021-08-04,NKE,15.099477,15.154325,15.035292
2021-08-04,VZ,4.9907628,5.038155,5.0793389
2021-08-04,WMT,7.6549096,7.6542453,7.6103569
2021-08-05,AAPL,69.152902,67.80782,67.059212
2021-08-05,AMGN,19.145418,19.342717,18.97228
2021-08-05,CRM,30.947273,31.499366,29.259675
2021-08-05,CSCO,31.446703,32.163012,31.338906
2021-08-05,IBM,25.303004,25.846074,24.750503
2021-08-05,INTC,30.209428,30.774078,29.731343
2021-08-05,MSFT,166.06936,167.94521,163.06291
2021-08-05,NKE,14.814869,15.033526,14.858853
2021-08-05,VZ,4.9163035,5.0080374,4.9713201
2021-08-05,WMT,7.499335,7.5513527,7.5347451
2021-08-06,AAPL,68.837207,68.110378,69.027382
2021-08-06,AMGN,18.793657,18.724064,18.616719
2021-08-06,CRM,30.522314,30.273318,30.288107
2021-08-06,CSCO,31.682982,32.015731,31.68637
2021-08-06,IBM,24.835976,24.98801,24.648864
2021-08-06,INTC,30.309534,30.383211,30.292824
2021-08-06,MSFT,162.62922,164.06437,159.55707
2021-08-06,NKE,14.586687,14.955339,14.394274
2021-08-06,VZ,4.9927667,4.9211452,4.9648749
2021-08-06,WMT,7.4895808,7.4839743,7.4011949
2021-08-09,AAPL,66.947711,66.612383,65.281606
2021-08-09,AMGN,18.150847,18.218793,18.006847
2021-08-09,CRM,30.717418,31.469172,29.855478
2021-08-09,CSCO,31.078003,31.193993,30.830711
2021-08-09,IBM,24.968641,25.668408,24.663502
2021-08-09,INTC,29.808196,30.275683,28.900467
2021-08-09,MSFT,165.52116,168.56586,163.38275
2021-08-09,NKE,14.136257,14.316817,13.992431
2021-08-09,VZ,4.9533446,4.9726848,4.9385728
2021-08-09,WMT,7.4644733,7.5512419,7.4064165
2021-08-10,AAPL,67.48354,66.954197,66.48683
2021-08-10,AMGN,18.271265,18.460947,17.829788
2021-08-10,CRM,31.458393,32.391651,30.718869
2021-08-10,CSCO,30.814344,31.151558,31.259566
2021-08-10,IBM,25.172271,25.410973,25.059125
2021-08-10,INTC,29.07737,29.402287,28.995935
2021-08-10,MSFT,163.165,165.40178,163.18916
2021-08-10,NKE,14.245276,14.269208,14.192155
2021-08-10,VZ,4.883772,4.8343522,4.8211801
2021-08-10,WMT,7.6003002,7.6408449,7.5376462
2021-08-11,AAPL,67.548563,67.923355,67.857405
2021-08-11,AMGN,18.471928,18.510748,18.159729
2021-08-11,CRM,30.689674,31.527158,30.591215
2021-08-11,CSCO,30.633732,31.267141,30.262655
2021-08-11,IBM,24.523659,24.505268,24.665938
2021-08-11,INTC,29.717246,30.185227,29.675515
2021-08-11,MSFT,163.38508,165.8723,163.42007
2021-08-11,NKE,13.969438,14.005708,14.174608
2021-08-11,VZ,4.8329558,4.871362,4.7490101
2021-08-11,WMT,7.6989615,7.7193207,7.5793609
2021-08-12,AAPL,67.700308,68.128125,67.763492
2021-08-12,AMGN,18.117311,18.238285,17.872766
2021-08-12,CRM,31.395419,31.288921,31.51741
2021-08-12,CSCO,31.444604,31.538717,31.642906
2021-08-12,IBM,23.939522,24.262751,23.604691
2021-08-12,INTC,29.081143,29.051714,28.648346
2021-08-12,MSFT,166.44047,167.96673,165.13519
2021-08-12,NKE,14.215361,14.168627,14.026986
2021-08-12,VZ,4.7274431,4.8260084,4.6983659
2021-08-12,WMT,7.6277478,7.697992,7.5589726
2021-08-13,AAPL,68.133196,68.011531,68.288198
2021-08-13,AMGN,18.494059,18.724294,18.313668
2021-08-13,CRM,31.135337,32.044989,31.131056
2021-08-13,CSCO,31.564136,31.633555,30.994472
2021-08-13,IBM,24.12652,24.478897,23.788726
2021-08-13,INTC,28.488603,28.270402,28.163054
2021-08-13,MSFT,170.3709,171.19608,168.57884
2021-08-13,NKE,14.847499,15.030374,14.724163
2021-08-13,VZ,4.7972183,4.8429379,4.8236486
2021-08-13,WMT,7.5725202,7.7134124,7.4983523
2021-08-16,AAPL,68.44032,68.975132,66.349546
2021-08-16,AMGN,18.547818,18.716459,17.992958
2021-08-16,CRM,31.893717,32.703264,32.29217
2021-08-16,CSCO,32.447213,32.697481,32.204565
2021-08-16,IBM,23.288991,23.59024,22.9068
2021-08-16,INTC,28.896163,28.508527,28.906022
2021-08-16,MSFT,175.27108,174.83052,173.46885
2021-08-16,NKE,14.840138,14.873387,14.735371
2021-08-16,VZ,4.6985631,4.7879722,4.5758887
2021-08-16,WMT,7.4643798,7.5213045,7.4401054
2021-08-17,AAPL,68.81713,68.665962,69.997339
2021-08-17,AMGN,18.498266,18.471112,18.277695
2021-08-17,CRM,32.55826,33.446173,31.72018
2021-08-17,CSCO,31.64338,31.491787,31.562523
2021-08-17,IBM,22.956486,22.771825,22.963626
2021-08-17,INTC,28.901667,28.935876,29.256741
2021-08-17,MSFT,173.23804,173.22197,172.54667
2021-08-17,NKE,15.373621,15.46499,15.280402
2021-08-17,VZ,4.6714677,4.630817,4.6634709
2021-08-17,WMT,7.4670959,7.5575358,7.5029724
2021-08-18,AAPL,70.235113,71.804705,69.555197
2021-08-18,AMGN,18.012825,18.22387,17.7733
2021-08-18,CRM,33.113414,32.602686,32.432199
2021-08-18,CSCO,31.266008,31.481861,31.155573
2021-08-18,IBM,22.993705,23.270846,22.701631
2021-08-18,INTC,29.308959,29.407026,29.06973
2021-08-18,MSFT,178.36367,183.3391,175.02106
2021-08-18,NKE,15.296559,15.500128,14.889971
2021-08-18,VZ,4.5054866,4.502565,4.5718088
2021-08-18,WMT,7.5674657,7.6599277,7.637871
2021-08-19,AAPL,70.059695,70.382131,68.32776
2021-08-19,AMGN,17.790776,18.299976,17.759912
2021-08-19,CRM,32.460183,32.823534,32.206249
2021-08-19,CSCO,31.729438,31.659457,31.380557
2021-08-19,IBM,23.572943,23.726319,23.642724
2021-08-19,INTC,30.285213,31.216344,29.678111
2021-08-19,MSFT,180.04684,180.15044,180.41229
2021-08-19,NKE,15.512132,15.492105,15.455031
2021-08-19,VZ,4.4469849,4.4444069,4.4032467
2021-08-19,WMT,7.5465898,7.7247665,7.5046786
2021-08-20,AAPL,69.418988,70.588557,68.434788
2021-08-20,AMGN,17.859338,17.639487,17.418043
2021-08-20,CRM,32.54403,32.4748,32.191315
2021-08-20,CSCO,31.659892,32.181691,31.161043
2021-08-20,IBM,23.147434,23.27497,22.853699
2021-08-20,INTC,30.614707,31.204723,30.093548
2021-08-20,MSFT,178.95127,179.39134,177.26646
2021-08-20,NKE,15.225243,15.379301,15.130834
2021-08-20,VZ,4.3533816,4.3791777,4.3431762
2021-08-20,WMT,7.6598605,7.6741701,7.6624337
2021-08-23,AAPL,70.899105,73.146718,69.721495
2021-08-23,AMGN,17.632226,17.659893,17.212712
2021-08-23,CRM,32.703309,32.723426,33.172522
2021-08-23,CSCO,31.98775,32.222992,32.034626
2021-08-23,IBM,23.597212,23.76961,23.287868
2021-08-23,INTC,29.817148,30.301016,29.149809
2021-08-23,MSFT,182.19951,183.22975,180.93407
2021-08-23,NKE,15.347647,15.507015,15.16142
2021-08-23,VZ,4.2111138,4.215299,4.2227061
2021-08-23,WMT,7.4429642,7.4368997,7.358598
2021-08-24,AAPL,71.565578,71.581779,70.881323
2021-08-24,AMGN,17.332337,17.819742,17.202708
2021-08-24,CRM,32.343978,32.738116,31.978402
2021-08-24,CSCO,31.805988,31.817712,31.391856
2021-08-24,IBM,23.781909,23.914092,23.850593
2021-08-24,INTC,29.382665,29.381938,29.337132
2021-08-24,MSFT,179.22472,181.87921,176.1036
2021-08-24,NKE,15.356665,15.235059,15.496901
2021-08-24,VZ,4.2899892,4.3778406,4.2372028
2021-08-24,WMT,7.5478773,7.6332032,7.4659041
2021-08-25,AAPL,70.229486,69.736547,69.139309
2021-08-25,AMGN,17.569613,17.56011,17.76519
2021-08-25,CRM,32.395875,32.760881,31.919354
2021-08-25,CSCO,33.305626,33.412607,33.140847
2021-08-25,IBM,23.821171,24.011306,24.034243
2021-08-25,INTC,29.267114,29.345671,28.739429
2021-08-25,MSFT,173.56848,171.9616,171.56378
2021-08-25,NKE,15.239451,15.546843,15.196081
2021-08-25,VZ,4.1844449,4.2689847,4.0866366
2021-08-25,WMT,7.5713105,7.4983783,7.5514738
2021-08-26,AAPL,70.587525,71.010203,68.803838
2021-08-26,AMGN,17.453729,17.82186,17.468968
2021-08-26,CRM,31.836523,31.994088,31.655091
2021-08-26,CSCO,34.056596,34.161109,33.655561
2021-08-26,IBM,23.821645,24.272937,23.902769
2021-08-26,INTC,29.255689,29.607788,29.089045
2021-08-26,MSFT,175.94456,176.38609,173.35272
2021-08-26,NKE,15.625411,15.869327,15.447497
2021-08-26,VZ,4.0743306,4.1019848,4.0210797
2021-08-26,WMT,7.3148166,7.3627815,7.2492375
2021-08-27,AAPL,71.814165,71.914542,71.618403
2021-08-27,AMGN,16.972265,17.469242,16.686653
2021-08-27,CRM,31.689877,32.383808,31.772073
2021-08-27,CSCO,34.054401,33.758425,33.757189
2021-08-27,IBM,24.222805,24.745287,23.989392
2021-08-27,INTC,28.898589,28.861154,28.889481
2021-08-27,MSFT,173.75011,174.80852,173.54382
2021-08-27,NKE,15.656804,15.980989,15.507311
2021-08-27,VZ,3.9467456,3.9257724,3.8571585
2021-08-27,WMT,7.400048,7.4046741,7.3360671
2021-08-30,AAPL,74.982285,74.195042,74.630463
2021-08-30,AMGN,16.624277,16.782779,16.26294
2021-08-30,CRM,29.515455,29.693383,28.80656
2021-08-30,CSCO,33.350977,34.177599,32.827396
2021-08-30,IBM,24.415617,24.877469,24.504221
2021-08-30,INTC,29.634085,29.45784,29.530412
2021-08-30,MSFT,172.68282,172.704,166.47786
2021-08-30,NKE,15.514609,15.548748,15.434859
2021-08-30,VZ,3.8443499,3.8987755,3.8098711
2021-08-30,WMT,7.372253,7.4672434,7.2345918
2021-08-31,AAPL,72.785164,73.444999,71.020807
2021-08-31,AMGN,16.52152,16.482789,16.205959
2021-08-31,CRM,29.708474,30.025487,29.098416
2021-08-31,CSCO,33.339,33.832256,32.810113
2021-08-31,IBM,23.789556,23.824333,23.547501
2021-08-31,INTC,29.240924,30.128221,28.676848
2021-08-31,MSFT,169.95016,175.27527,165.15058
2021-08-31,NKE,15.534204,15.454424,15.414373
2021-08-31,VZ,3.8222848,3.8824964,3.8502158
2021-08-31,WMT,7.2642174,7.2634384,7.2215622
2021-09-01,AAPL,73.504358,74.3391,74.116184
2021-09-01,AMGN,16.556587,16.481618,16.400165
2021-09-01,CRM,29.427853,29.873017,28.464513
2021-09-01,CSCO,32.883749,33.009026,32.243155
2021-09-01,IBM,23.778933,23.972135,23.978374
2021-09-01,INTC,29.208812,29.29209,29.181997
2021-09-01,MSFT,170.93186,174.74509,169.74712
2021-09-01,NKE,15.546455,15.447926,15.491915
2021-09-01,VZ,3.7759665,3.739081,3.8516267
2021-09-01,WMT,7.2755665,7.220427,7.2466663
2021-09-02,AAPL,73.466883,74.534239,73.343357
2021-09-02,AMGN,16.660699,16.876859,16.498282
2021-09-02,CRM,29.096819,30.171651,29.04331
2021-09-02,CSCO,33.474597,34.107208,32.537047
2021-09-02,IBM,24.149493,24.340922,24.042376
2021-09-02,INTC,29.62764,30.049454,29.217814
2021-09-02,MSFT,172.3217,174.93194,171.48325
2021-09-02,NKE,15.25032,15.582872,15.027358
2021-09-02,VZ,3.7262857,3.7903245,3.7151685
2021-09-02,WMT,7.2826132,7.4538829,7.1519758
2021-09-03,AAPL,74.779656,74.012097,74.362483
2021-09-03,AMGN,16.648085,16.818478,16.534347
2021-09-03,CRM,28.833817,29.331731,27.577725
2021-09-03,CSCO,32.990397,33.509041,33.04192
2021-09-03,IBM,24.014598,23.77851,23.94062
2021-09-03,INTC,29.574483,30.150258,29.666609
2021-09-03,MSFT,169.97323,171.07838,168.41665
2021-09-03,NKE,14.907798,14.930261,14.774907
2021-09-03,VZ,3.7424704,3.8373598,3.6873185
2021-09-03,WMT,7.1233818,7.2639599,7.0980416
2021-09-07,AAPL,77.307651,77.376382,76.453822
2021-09-07,AMGN,16.986095,17.100201,17.195988
2021-09-07,CRM,28.77652,28.742231,28.327626
2021-09-07,CSCO,33.156077,33.447784,32.643507
2021-09-07,IBM,23.324087,23.916609,23.300562
2021-09-07,INTC,29.421593,29.877928,28.860086
2021-09-07,MSFT,168.16205,165.29547,165.1888
2021-09-07,NKE,15.433729,15.680038,15.494558
2021-09-07,VZ,3.7189281,3.722922,3.6800588
2021-09-07,WMT,7.0102402,7.0664886,6.9252966
2021-09-08,AAPL,77.547966,78.090596,76.368533
2021-09-08,AMGN,16.532623,16.724495,16.096249
2021-09-08,CRM,28.921921,28.654092,27.963585
2021-09-08,CSCO,33.376491,34.276019,33.311436
2021-09-08,IBM,23.491678,23.641871,23.248549
2021-09-08,INTC,29.851769,30.256685,30.397122
2021-09-08,MSFT,167.44036,166.20767,169.18514
2021-09-08,NKE,15.727056,15.723939,15.435399
2021-09-08,VZ,3.6750922,3.6858337,3.6341981
2021-09-08,WMT,6.9762614,7.0573233,6.9039715
2021-09-09,AAPL,78.82526,80.181824,76.308268
2021-09-09,AMGN,16.413666,16.389022,16.276215
2021-09-09,CRM,28.526134,28.792648,27.412714
2021-09-09,CSCO,32.950273,33.170715,32.897078
2021-09-09,IBM,23.200479,23.461191,23.368711
2021-09-09,INTC,30.579875,30.81573,30.28464
2021-09-09,MSFT,177.70787,181.37702,177.28042
2021-09-09,NKE,16.196975,16.238476,16.016888
2021-09-09,VZ,3.5823456,3.6614756,3.5983032
2021-09-09,WMT,7.0775383,7.1484579,7.0008642
2021-09-10,AAPL,79.647394,80.230901,79.061447
2021-09-10,AMGN,16.38087,16.619816,16.091704
2021-09-10,CRM,27.167736,27.102657,26.719326
2021-09-10,CSCO,32.128598,31.870012,32.029318
2021-09-10,IBM,22.925079,22.944192,22.977853
2021-09-10,INTC,30.423631,30.558776,30.007992
2021-09-10,MSFT,182.38523,184.73257,183.32292
2021-09-10,NKE,16.283357,16.304604,15.980547
2021-09-10,VZ,3.5201671,3.5401473,3.5415703
2021-09-10,WMT,7.2426553,7.3023994,7.2071483
2021-09-13,AAPL,79.745845,80.54837,79.077542
2021-09-13,AMGN,15.971651,15.910745,15.931947
2021-09-13,CRM,26.548679,26.562259,26.038022
2021-09-13,CSCO,31.389867,31.796465,31.063405
2021-09-13,IBM,23.126131,23.215762,22.597492
2021-09-13,INTC,30.914926,31.605224,31.226452
2021-09-13,MSFT,184.35578,184.02507,181.93102
2021-09-13,NKE,16.358175,16.310363,16.45565
2021-09-13,VZ,3.4572986,3.4998634,3.4260465
2021-09-13,WMT,7.1961623,7.2002097,7.2203082
2021-09-14,AAPL,80.723524,81.273815,80.756579
2021-09-14,AMGN,15.620541,15.669292,15.580556
2021-09-14,CRM,27.299304,27.794766,26.049999
2021-09-14,CSCO,31.773508,32.011125,31.167315
2021-09-14,IBM,22.754442,22.891056,22.787394
2021-09-14,INTC,31.110991,31.873296,30.779486
2021-09-14,MSFT,179.00695,179.14702,176.04524
2021-09-14,NKE,16.460098,16.352706,16.286909
2021-09-14,VZ,3.4006199,3.3967288,3.3707081
2021-09-14,WMT,7.081395,7.1642374,7.0698215
2021-09-15,AAPL,80.276249,80.257416,78.938696
2021-09-15,AMGN,15.821048,16.470944,15.806687
2021-09-15,CRM,27.455836,27.505988,27.627609
2021-09-15,CSCO,32.052036,32.61495,32.145702
2021-09-15,IBM,22.582566,22.925743,22.308048
2021-09-15,INTC,30.476795,30.369704,29.965932
2021-09-15,MSFT,177.90607,181.40979,175.10949
2021-09-15,NKE,16.458442,16.346571,16.557921
2021-09-15,VZ,3.4113973,3.4106901,3.402636
2021-09-15,WMT,7.1057326,7.1556318,7.0483704
2021-09-16,AAPL,81.260666,81.686101,80.77647
2021-09-16,AMGN,15.685791,15.955712,15.930904
2021-09-16,CRM,28.163118,27.784508,28.035945
2021-09-16,CSCO,32.175364,32.287682,32.014867
2021-09-16,IBM,22.74284,22.568829,22.932356
2021-09-16,INTC,29.988248,30.183361,29.971752
2021-09-16,MSFT,182.53353,180.37229,181.83841
2021-09-16,NKE,16.398859,16.350134,16.144155
2021-09-16,VZ,3.3686647,3.4181176,3.3524191
2021-09-16,WMT,7.0202046,7.0236266,6.9136844
2021-09-17,AAPL,79.540495,80.04211,79.334096
2021-09-17,AMGN,15.969587,16.320578,15.772418
2021-09-17,CRM,27.539989,28.287934,26.885835
2021-09-17,CSCO,32.852848,32.663847,32.55627
2021-09-17,IBM,22.628041,22.943837,22.784487
2021-09-17,INTC,29.40366,29.67358,29.116208
2021-09-17,MSFT,186.40418,187.10663,186.48778
2021-09-17,NKE,16.402537,16.621399,16.07741
2021-09-17,VZ,3.4089867,3.3705218,3.3428778
2021-09-17,WMT,6.9995508,7.0411504,7.0319643
2021-09-20,AAPL,78.405386,80.295718,76.831658
2021-09-20,AMGN,15.985365,16.398816,15.90621
2021-09-20,CRM,26.60154,25.965796,26.318133
2021-09-20,CSCO,33.275184,33.822975,32.962381
2021-09-20,IBM,22.642729,22.851863,22.931679
2021-09-20,INTC,29.470924,29.957799,28.829001
2021-09-20,MSFT,184.41067,187.37198,183.03576
2021-09-20,NKE,16.446908,16.422214,16.169535
2021-09-20,VZ,3.3203299,3.3521086,3.2926355
2021-09-20,WMT,6.9225942,6.9560741,6.8528076
2021-09-21,AAPL,77.787995,78.374284,77.248192
2021-09-21,AMGN,15.890421,16.12887,15.793961
2021-09-21,CRM,27.746392,27.618761,27.422868
2021-09-21,CSCO,32.682237,32.475231,32.577574
2021-09-21,IBM,22.483434,22.545103,22.541016
2021-09-21,INTC,29.02656,29.443882,28.928483
2021-09-21,MSFT,188.49834,190.25292,187.61409
2021-09-21,NKE,15.798461,16.142516,15.7211
2021-09-21,VZ,3.2678627,3.3029499,3.2471915
2021-09-21,WMT,6.9157847,6.9557974,6.8766546
2021-09-22,AAPL,77.335009,78.546632,77.623805
2021-09-22,AMGN,15.767658,15.861537,15.508076
2021-09-22,CRM,26.549544,26.840608,25.739384
2021-09-22,CSCO,34.415026,33.781863,34.537509
2021-09-22,IBM,22.821004,22.96597,22.696548
2021-09-22,INTC,28.434045,28.968514,28.572266
2021-09-22,MSFT,193.8667,196.87438,190.19089
2021-09-22,NKE,15.611555,15.6796,15.712451
2021-09-22,VZ,3.2125615,3.2496006,3.2287576
2021-09-22,WMT,6.9981471,7.0577321,6.9683504
2021-09-23,AAPL,74.743562,76.165681,73.587509
2021-09-23,AMGN,16.224644,16.574542,16.124773
2021-09-23,CRM,26.226107,26.190352,25.004544
2021-09-23,CSCO,33.682655,33.399016,33.269109
2021-09-23,IBM,23.39177,23.550453,23.251673
2021-09-23,INTC,28.547919,28.656463,28.217322
2021-09-23,MSFT,190.86,190.53211,188.34229
2021-09-23,NKE,15.42876,15.27486,15.226823
2021-09-23,VZ,3.2100056,3.2917254,3.1362447
2021-09-23,WMT,7.0509967,7.081274,7.0499494
2021-09-24,AAPL,78.071859,78.414687,77.864692
2021-09-24,AMGN,15.550867,15.576259,15.537562
2021-09-24,CRM,26.731109,27.400256,26.189894
2021-09-24,CSCO,34.081005,33.939637,34.256541
2021-09-24,IBM,23.386769,23.569437,23.406653
2021-09-24,INTC,28.733723,28.476976,28.563637
2021-09-24,MSFT,199.38766,199.64356,199.56824
2021-09-24,NKE,14.986136,15.235983,14.800486
2021-09-24,VZ,3.1109502,3.1813249,3.0813664
2021-09-24,WMT,6.8921938,6.9576641,6.8525883
2021-09-27,AAPL,78.202604,78.923493,77.874462
2021-09-27,AMGN,15.650103,15.69293,15.390848
2021-09-27,CRM,27.687752,28.777767,26.979752
2021-09-27,CSCO,35.069577,35.618401,34.802772
2021-09-27,IBM,23.119726,23.044542,23.25043
2021-09-27,INTC,29.127554,29.82579,28.725187
2021-09-27,MSFT,196.14445,194.4078,196.81737
2021-09-27,NKE,15.22603,15.36162,15.185079
2021-09-27,VZ,3.0383503,3.0542827,3.0453016
2021-09-27,WMT,6.7624037,6.7994613,6.6150008
2021-09-28,AAPL,77.341841,77.465968,76.197125
2021-09-28,AMGN,15.936355,16.307846,15.997723
2021-09-28,CRM,27.108083,27.553735,25.994604
2021-09-28,CSCO,34.454384,34.247451,33.756406
2021-09-28,IBM,23.177124,23.175662,22.660992
2021-09-28,INTC,29.130289,29.132803,28.548466
2021-09-28,MSFT,191.19892,193.38555,187.26795
2021-09-28,NKE,15.41135,15.574379,15.4354
2021-09-28,VZ,2.9921134,3.0080213,3.0070411
2021-09-28,WMT,6.7706764,6.8286233,6.7301529
2021-09-29,AAPL,79.101037,81.433622,78.555668
2021-09-29,AMGN,15.464538,15.482692,15.381487
2021-09-29,CRM,27.190244,28.175485,27.242459
2021-09-29,CSCO,34.856583,35.076283,34.101557
2021-09-29,IBM,23.573036,23.769539,23.22902
2021-09-29,INTC,30.230457,31.061994,30.260286
2021-09-29,MSFT,190.60597,191.26634,189.88506
2021-09-29,NKE,15.405807,15.427556,15.309061
2021-09-29,VZ,2.9608698,2.9910263,2.9437535
2021-09-29,WMT,6.7281596,6.8336167,6.6804254
2021-09-30,AAPL,78.917536,80.116793,78.259519
2021-09-30,AMGN,15.148852,15.267352,15.185074
2021-09-30,CRM,25.876169,26.055155,26.217736
2021-09-30,CSCO,34.06887,34.594584,33.878428
2021-09-30,IBM,23.29176,23.425459,23.379798
2021-09-30,INTC,31.042705,31.581546,30.789646
2021-09-30,MSFT,185.30941,189.9182,183.44857
2021-09-30,NKE,15.222133,15.391537,14.650146
2021-09-30,VZ,2.9786649,3.0121363,2.9237103
2021-09-30,WMT,6.7212836,6.8521669,6.709793
2021-10-01,AAPL,79.088806,78.954861,80.601831
2021-10-01,AMGN,15.530799,15.798981,15.617549
2021-10-01,CRM,26.219055,26.422485,26.811007
2021-10-01,CSCO,33.225214,32.87971,32.873551
2021-10-01,IBM,23.781065,24.006518,23.758354
2021-10-01,INTC,30.361924,30.529561,30.530749
2021-10-01,MSFT,179.512,182.75557,180.22762
2021-10-01,NKE,15.40007,15.717557,15.190929
2021-10-01,VZ,3.0115706,2.997362,2.9209283
2021-10-01,WMT,6.7260718,6.79827,6.6379144
2021-10-04,AAPL,79.341799,79.135131,78.129536
2021-10-04,AMGN,15.659777,16.092098,15.517759
2021-10-04,CRM,24.838121,25.47863,24.817326
2021-10-04,CSCO,33.300282,33.276711,33.363142
2021-10-04,IBM,23.854861,24.093177,23.776871
2021-10-04,INTC,30.909359,31.088829,31.120488
2021-10-04,MSFT,179.43941,180.94237,177.66504
2021-10-04,NKE,15.071371,15.362247,15.027062
2021-10-04,VZ,3.0261356,3.0655371,2.9808514
2021-10-04,WMT,6.6707648,6.7031755,6.6349419
2021-10-05,AAPL,77.368433,79.429864,78.201338
2021-10-05,AMGN,15.281759,15.559849,15.488512
2021-10-05,CRM,25.344321,25.251894,24.118727
2021-10-05,CSCO,33.216675,33.371869,32.104813
2021-10-05,IBM,23.178335,23.03267,22.93512
2021-10-05,INTC,30.448947,30.749581,29.861907
2021-10-05,MSFT,179.32975,179.94836,179.59592
2021-10-05,NKE,14.84177,14.866294,14.520587
2021-10-05,VZ,3.0019979,3.0727387,2.9670106
2021-10-05,WMT,6.5745873,6.6523982,6.5352457
2021-10-06,AAPL,77.91522,78.727586,77.266243
2021-10-06,AMGN,15.483266,15.685388,15.42022
2021-10-06,CRM,25.559391,25.960268,25.901813
2021-10-06,CSCO,32.57255,32.624365,32.598368
2021-10-06,IBM,23.52684,23.733252,23.430193
2021-10-06,INTC,30.567723,31.182896,30.145106
2021-10-06,MSFT,183.70188,187.81998,181.65808
2021-10-06,NKE,14.919174,15.038343,14.633695
2021-10-06,VZ,2.9861324,2.9945829,2.9863047
2021-10-06,WMT,6.5016739,6.5312881,6.4825198
2021-10-07,AAPL,76.136566,76.78358,75.723953
2021-10-07,AMGN,14.782812,14.992522,14.980528
2021-10-07,CRM,24.86188,24.989962,24.512388
2021-10-07,CSCO,32.904908,33.041386,32.458611
2021-10-07,IBM,23.186236,23.377997,23.323311
2021-10-07,INTC,30.864285,31.203227,31.053159
2021-10-07,MSFT,182.62942,185.37273,180.65241
2021-10-07,NKE,15.019005,14.89151,14.987105
2021-10-07,VZ,3.0073668,3.059034,2.9745185
2021-10-07,WMT,6.5737699,6.6102137,6.5544077
2021-10-08,AAPL,76.945645,78.077814,75.758467
2021-10-08,AMGN,14.764405,15.200977,14.645743
2021-10-08,CRM,24.108591,24.601804,24.194517
2021-10-08,CSCO,33.152161,33.903228,32.549861
2021-10-08,IBM,22.834385,23.003023,22.667555
2021-10-08,INTC,31.382808,31.094497,30.959115
2021-10-08,MSFT,186.81024,189.9412,188.41916
2021-10-08,NKE,15.149219,15.268754,15.124029
2021-10-08,VZ,3.0149054,3.0219504,3.0400799
2021-10-08,WMT,6.5473796,6.548605,6.5035552
2021-10-11,AAPL,75.345547,76.112079,74.065978
2021-10-11,AMGN,15.327227,15.380253,15.324955
2021-10-11,CRM,24.12263,24.879188,23.554573
2021-10-11,CSCO,33.561891,32.901683,33.249288
2021-10-11,IBM,22.710412,22.768963,22.865245
2021-10-11,INTC,31.153098,31.083855,31.000263
2021-10-11,MSFT,188.38313,194.57871,187.0058
2021-10-11,NKE,14.738021,15.153763,14.748434
2021-10-11,VZ,3.0141049,2.9802959,2.9441747
2021-10-11,WMT,6.5048017,6.57999,6.4580028
2021-10-12,AAPL,75.440173,75.205195,73.209984
2021-10-12,AMGN,15.108993,15.558936,15.048249
2021-10-12,CRM,23.378708,23.672114,22.903043
2021-10-12,CSCO,33.641084,33.168857,33.60864
2021-10-12,IBM,22.632266,22.977477,22.753526
2021-10-12,INTC,31.526777,31.598887,31.039651
2021-10-12,MSFT,185.95846,187.15673,185.10608
2021-10-12,NKE,14.364583,14.378707,14.088361
2021-10-12,VZ,2.984637,3.0233782,2.9973474
2021-10-12,WMT,6.5107251,6.5433532,6.4340666
2021-10-13,AAPL,73.083887,74.86966,72.693572
2021-10-13,AMGN,15.006355,15.113433,14.945266
2021-10-13,CRM,23.671921,24.156691,22.989691
2021-10-13,CSCO,33.728469,33.900935,33.827967
2021-10-13,IBM,21.912633,22.306209,21.96599
2021-10-13,INTC,31.191724,31.161858,30.781797
2021-10-13,MSFT,187.34696,189.41421,185.16445
2021-10-13,NKE,14.315298,14.337016,14.292888
2021-10-13,VZ,2.9784763,2.9929241,2.9315143
2021-10-13,WMT,6.4854987,6.4684828,6.5298471
2021-10-14,AAPL,72.816802,73.191432,72.325858
2021-10-14,AMGN,14.656462,14.557962,14.585889
2021-10-14,CRM,24.568848,24.165788,23.91519
2021-10-14,CSCO,33.486436,33.227191,32.946822
2021-10-14,IBM,21.566009,21.891957,21.321674
2021-10-14,INTC,30.875255,31.308037,30.756938
2021-10-14,MSFT,185.25566,183.75433,185.68051
2021-10-14,NKE,13.898003,13.897466,13.687829
2021-10-14,VZ,2.9398766,2.9923209,2.8875954
2021-10-14,WMT,6.526487,6.4944182,6.5179023
2021-10-15,AAPL,72.943387,73.555169,74.035058
2021-10-15,AMGN,14.331176,14.631053,13.932799
2021-10-15,CRM,24.185549,24.690912,23.914443
2021-10-15,CSCO,34.041983,33.621519,33.620655
2021-10-15,IBM,21.340413,21.334115,21.360912
2021-10-15,INTC,30.315306,31.132943,30.868036
2021-10-15,MSFT,182.8173,183.31326,178.15016
2021-10-15,NKE,13.657777,13.784683,13.658558
2021-10-15,VZ,2.9316118,2.9262944,2.9159833
2021-10-15,WMT,6.5577135,6.6039894,6.5491965
2021-10-18,AAPL,70.070729,70.613103,68.870245
2021-10-18,AMGN,14.268673,14.603794,14.195616
2021-10-18,CRM,25.082179,25.048221,24.587207
2021-10-18,CSCO,34.322672,34.250091,34.177911
2021-10-18,IBM,20.874222,20.925077,20.447557
2021-10-18,INTC,30.123088,29.861354,29.325888
2021-10-18,MSFT,181.83584,183.85466,179.9352
2021-10-18,NKE,12.995599,13.28517,12.968073
2021-10-18,VZ,2.9628093,2.9975329,2.9958016
2021-10-18,WMT,6.6260171,6.7152241,6.5961173
2021-10-19,AAPL,70.57369,71.185831,71.048328
2021-10-19,AMGN,13.928069,13.967762,13.930713
2021-10-19,CRM,25.274431,26.042709,25.096167
2021-10-19,CSCO,35.089276,35.369623,34.888448
2021-10-19,IBM,20.990608,21.258056,20.947265
2021-10-19,INTC,30.292224,30.043381,29.406219
2021-10-19,MSFT,182.45898,185.76262,182.32792
2021-10-19,NKE,12.751427,12.755595,12.56559
2021-10-19,VZ,2.9023353,2.9337999,2.9067626
2021-10-19,WMT,6.6148559,6.6768527,6.5444161
2021-10-20,AAPL,73.449489,73.725789,73.665812
2021-10-20,AMGN,14.166985,14.230227,13.959747
2021-10-20,CRM,25.533901,25.908386,24.80982
2021-10-20,CSCO,36.387881,36.306767,36.827437
2021-10-20,IBM,20.798282,20.996444,20.866845
2021-10-20,INTC,30.165972,31.005764,29.648699
2021-10-20,MSFT,178.53663,179.46735,175.65703
2021-10-20,NKE,12.665498,12.547605,12.672635
2021-10-20,VZ,2.9026687,2.9422928,2.8480886
2021-10-20,WMT,6.526045,6.7099249,6.5046358
2021-10-21,AAPL,73.70746,74.168731,72.585365
2021-10-21,AMGN,13.881186,14.214756,13.584337
2021-10-21,CRM,24.841687,25.320213,24.801913
2021-10-21,CSCO,36.626361,36.762962,36.204898
2021-10-21,IBM,20.527994,20.549739,20.576851
2021-10-21,INTC,29.601003,29.384301,29.092817
2021-10-21,MSFT,176.34845,178.82545,176.43544
2021-10-21,NKE,13.040547,13.153808,13.050649
2021-10-21,VZ,2.8900968,2.9516851,2.8573162
2021-10-21,WMT,6.5105863,6.559402,6.5225253
2021-10-22,AAPL,73.894246,76.457383,73.972847
2021-10-22,AMGN,14.025992,14.066508,13.943879
2021-10-22,CRM,25.489428,25.091154,25.203829
2021-10-22,CSCO,36.924009,37.714495,36.169963
2021-10-22,IBM,20.096784,19.953563,20.126381
2021-10-22,INTC,29.76395,30.122014,29.287263
2021-10-22,MSFT,176.10581,178.54767,174.59129
2021-10-22,NKE,12.578227,12.930915,12.57838
2021-10-22,VZ,2.868507,2.9291889,2.8564301
2021-10-22,WMT,6.4230429,6.4955182,6.3870617
2021-10-25,AAPL,73.621905,74.425201,73.970153
2021-10-25,AMGN,13.782525,13.762719,13.685949
2021-10-25,CRM,25.785723,26.522893,25.786377
2021-10-25,CSCO,39.033562,39.889623,38.857403
2021-10-25,IBM,20.2456,20.592098,20.105423
2021-10-25,INTC,29.909848,30.074397,30.018036
2021-10-25,MSFT,179.97032,179.48447,181.77955
2021-10-25,NKE,12.494385,12.626488,12.521399
2021-10-25,VZ,2.9026344,2.8782854,2.8983031
2021-10-25,WMT,6.3351726,6.4122064,6.2794248
2021-10-26,AAPL,73.283964,73.30148,71.358687
2021-10-26,AMGN,13.694849,14.001843,13.527617
2021-10-26,CRM,26.459083,26.961005,26.078805
2021-10-26,CSCO,40.058869,40.295833,39.367349
2021-10-26,IBM,19.779688,19.678949,19.615958
2021-10-26,INTC,29.862049,31.128072,29.874416
2021-10-26,MSFT,181.19278,182.28276,179.11029
2021-10-26,NKE,12.102613,12.107973,12.137552
2021-10-26,VZ,2.902185,2.9206832,2.9254098
2021-10-26,WMT,6.2402119,6.2889063,6.2818081
2021-10-27,AAPL,74.351527,74.079545,73.59372
2021-10-27,AMGN,13.284545,13.573541,13.060899
2021-10-27,CRM,27.11605,27.614512,26.628264
2021-10-27,CSCO,41.015222,41.149846,40.772691
2021-10-27,IBM,19.990107,20.245985,19.755674
2021-10-27,INTC,30.225495,30.247687,29.813969
2021-10-27,MSFT,187.33978,189.27202,184.15625
2021-10-27,NKE,12.309698,12.351007,12.28539
2021-10-27,VZ,2.8885439,2.9048085,2.8556459
2021-10-27,WMT,6.2115956,6.2931683,6.1676207
2021-10-28,AAPL,72.674238,75.003007,73.258068
2021-10-28,AMGN,13.680799,13.86128,13.438936
2021-10-28,CRM,25.66676,25.869995,24.44772
2021-10-28,CSCO,40.107847,40.430216,39.993903
2021-10-28,IBM,20.454215,20.429933,20.962078
2021-10-28,INTC,30.850969,31.041118,30.598502
2021-10-28,MSFT,183.28886,183.85121,181.94587
2021-10-28,NKE,12.210702,12.283395,12.227297
2021-10-28,VZ,2.8692063,2.8573153,2.9020001
2021-10-28,WMT,6.2373488,6.3660253,6.2879384
2021-10-29,AAPL,74.08766,74.549889,72.990354
2021-10-29,AMGN,13.574533,13.696483,13.267762
2021-10-29,CRM,25.570815,26.787855,25.334866
2021-10-29,CSCO,40.336621,41.003171,39.777544
2021-10-29,IBM,20.497483,20.661106,20.789025
2021-10-29,INTC,30.267205,31.022704,29.87981
2021-10-29,MSFT,183.80781,185.1609,182.53642
2021-10-29,NKE,11.73076,11.770656,11.817167
2021-10-29,VZ,2.8627565,2.9054565,2.8132173
2021-10-29,WMT,6.2792399,6.368256,6.2314144
2021-11-01,AAPL,73.094559,73.431311,71.969713
2021-11-01,AMGN,13.379624,13.614534,13.313407
2021-11-01,CRM,26.511963,27.818319,25.40611
2021-11-01,CSCO,41.260651,41.24759,40.326816
2021-11-01,IBM,20.169972,20.22531,20.20582
2021-11-01,INTC,29.590068,29.740897,29.240045
2021-11-01,MSFT,179.58568,180.43199,175.17391
2021-11-01,NKE,11.659478,11.733721,11.235594
2021-11-01,VZ,2.8230598,2.8415621,2.7986097
2021-11-01,WMT,6.1815128,6.1498725,6.2163465
2021-11-02,AAPL,70.739224,71.1153,71.195521
2021-11-02,AMGN,13.288166,13.668199,13.38335
2021-11-02,CRM,27.00961,27.2088,26.295312
2021-11-02,CSCO,39.928905,39.590724,39.81437
2021-11-02,IBM,20.725157,20.845413,20.804388
2021-11-02,INTC,29.429123,29.5971,28.997924
2021-11-02,MSFT,185.47114,187.78623,185.4185
2021-11-02,NKE,11.578928,11.526664,11.419945
2021-11-02,VZ,2.8453049,2.8720271,2.8294502
2021-11-02,WMT,6.2564887,6.256087,6.2717387
2021-11-03,AAPL,71.574726,72.483884,71.800151
2021-11-03,AMGN,13.354243,13.493352,13.390762
2021-11-03,CRM,27.484567,27.498957,27.343229
2021-11-03,CSCO,39.119375,39.383281,37.784663
2021-11-03,IBM,20.576806,20.782807,20.512735
2021-11-03,INTC,29.349945,30.113076,29.075121
2021-11-03,MSFT,185.856,189.26138,180.68027
2021-11-03,NKE,11.231052,11.28744,11.102052
2021-11-03,VZ,2.876808,2.9032488,2.8495165
2021-11-03,WMT,6.2630307,6.3167994,6.1714017
2021-11-04,AAPL,71.555824,72.218947,70.901607
2021-11-04,AMGN,13.735665,13.789322,13.702275
2021-11-04,CRM,28.76563,29.159147,28.15721
2021-11-04,CSCO,38.905773,39.108909,38.158312
2021-11-04,IBM,20.446365,20.272715,20.503546
2021-11-04,INTC,29.587793,30.334887,29.483596
2021-11-04,MSFT,181.46051,183.06812,180.824
2021-11-04,NKE,11.109257,11.122516,10.988462
2021-11-04,VZ,2.8082474,2.8703169,2.7649739
2021-11-04,WMT,6.1076155,6.0457851,6.0941699
2021-11-05,AAPL,72.190078,72.940894,70.625893
2021-11-05,AMGN,13.809204,13.945135,13.739351
2021-11-05,CRM,27.970613,28.206895,26.967478
2021-11-05,CSCO,39.267221,39.349663,39.104953
2021-11-05,IBM,20.713872,21.124053,20.385804
2021-11-05,INTC,29.438447,29.427226,29.514041
2021-11-05,MSFT,179.97528,181.56488,176.61431
2021-11-05,NKE,11.172249,11.356268,11.202389
2021-11-05,VZ,2.8443997,2.8728952,2.8095859
2021-11-05,WMT,6.0376753,6.0673318,5.9335801
2021-11-08,AAPL,72.159426,73.093233,72.155465
2021-11-08,AMGN,13.5712,13.856868,13.435867
2021-11-08,CRM,26.340565,27.504895,26.206275
2021-11-08,CSCO,39.440467,39.90975,38.851124
2021-11-08,IBM,20.707205,20.891707,20.434108
2021-11-08,INTC,29.296728,29.219507,29.043891
2021-11-08,MSFT,181.19111,182.14731,177.08774
2021-11-08,NKE,11.373395,11.565771,11.238502
2021-11-08,VZ,2.8229243,2.8401675,2.8347149
2021-11-08,WMT,5.988677,6.010127,5.9356402
2021-11-09,AAPL,71.716338,73.156135,71.968712
2021-11-09,AMGN,13.723096,13.862514,13.49192
2021-11-09,CRM,27.484724,28.026695,26.782728
2021-11-09,CSCO,39.213018,39.153294,38.689935
2021-11-09,IBM,20.716201,20.823129,20.528711
2021-11-09,INTC,28.623465,28.762597,27.74599
2021-11-09,MSFT,187.65922,195.00031,186.78508
2021-11-09,NKE,11.302505,11.527307,10.997642
2021-11-09,VZ,2.8505798,2.9146466,2.8126336
2021-11-09,WMT,6.0141946,6.1154936,5.9881737
2021-11-10,AAPL,69.720494,70.978414,71.291668
2021-11-10,AMGN,13.485992,13.622826,13.499826
2021-11-10,CRM,27.596626,27.894107,27.133779
2021-11-10,CSCO,39.979947,40.45859,39.736486
2021-11-10,IBM,21.082937,21.273448,20.855597
2021-11-10,INTC,29.614216,30.22633,29.437541
2021-11-10,MSFT,194.35912,194.06779,191.86517
2021-11-10,NKE,11.443972,11.446151,11.412919
2021-11-10,VZ,2.7963188,2.8469129,2.7753419
2021-11-10,WMT,6.079413,6.1025955,6.063056
2021-11-11,AAPL,70.694673,71.556179,69.97139
2021-11-11,AMGN,13.531811,13.494086,13.551757
2021-11-11,CRM,28.380482,28.206267,28.003744
2021-11-11,CSCO,38.248944,38.79853,37.124507
2021-11-11,IBM,21.374183,21.60044,21.070736
2021-11-11,INTC,28.66025,28.807211,28.141017
2021-11-11,MSFT,198.06721,196.14923,196.89562
2021-11-11,NKE,11.582907,11.656338,11.741762
2021-11-11,VZ,2.7969442,2.7945782,2.8126383
2021-11-11,WMT,6.0139191,6.1210319,5.9536154
2021-11-12,AAPL,70.790395,70.483102,69.292731
2021-11-12,AMGN,12.95496,13.3563,12.85668
2021-11-12,CRM,27.615439,27.99355,26.626678
2021-11-12,CSCO,38.033101,38.812188,37.843405
2021-11-12,IBM,21.36511,21.428316,21.247276
2021-11-12,INTC,29.560744,29.799873,28.921687
2021-11-12,MSFT,191.75312,193.24198,188.757
2021-11-12,NKE,11.75909,11.742195,11.587701
2021-11-12,VZ,2.7621701,2.8475287,2.7930839
2021-11-12,WMT,6.0592277,6.159293,5.9987756
2021-11-15,AAPL,71.51658,71.297775,71.750723
2021-11-15,AMGN,12.946568,13.186471,12.904011
2021-11-15,CRM,27.215602,27.671949,26.640178
2021-11-15,CSCO,37.845153,37.261729,37.262999
2021-11-15,IBM,21.237542,21.273419,21.034527
2021-11-15,INTC,29.94493,30.018209,29.781834
2021-11-15,MSFT,194.23629,196.70684,191.98482
2021-11-15,NKE,11.338039,11.274788,11.413802
2021-11-15,VZ,2.7276948,2.774165,2.6992968
2021-11-15,WMT,6.0939635,6.1013639,6.0284654
2021-11-16,AAPL,70.429176,71.067779,70.249233
2021-11-16,AMGN,13.422719,13.691594,13.109505
2021-11-16,CRM,26.246797,25.993888,26.043101
2021-11-16,CSCO,37.847252,38.525967,37.552326
2021-11-16,IBM,21.27562,21.81887,21.340214
2021-11-16,INTC,29.665977,30.221169,29.850973
2021-11-16,MSFT,199.29764,198.54542,197.44055
2021-11-16,NKE,11.37921,11.552652,11.36376
2021-11-16,VZ,2.6952054,2.6829614,2.66916
2021-11-16,WMT,6.1429165,6.1698136,6.0803838
2021-11-17,AAPL,69.580601,68.905532,67.092022
2021-11-17,AMGN,13.712561,13.734755,13.633293
2021-11-17,CRM,25.940532,26.437402,25.606764
2021-11-17,CSCO,38.231967,38.098771,37.326161
2021-11-17,IBM,21.34471,21.584802,21.271795
2021-11-17,INTC,29.337928,30.240424,29.657824
2021-11-17,MSFT,202.4882,200.13122,200.92515
2021-11-17,NKE,11.344044,11.619013,11.522484
2021-11-17,VZ,2.70379,2.7411932,2.6818329
2021-11-17,WMT,6.1305548,6.1814227,6.0927064
2021-11-18,AAPL,70.009682,70.385919,69.654042
2021-11-18,AMGN,13.310248,13.423083,13.2796
2021-11-18,CRM,25.537912,25.559208,25.127512
2021-11-18,CSCO,38.523664,38.103671,37.981245
2021-11-18,IBM,20.688314,21.138188,20.548169
2021-11-18,INTC,29.486762,29.320113,28.682119
2021-11-18,MSFT,200.36531,203.13045,197.69039
2021-11-18,NKE,11.133769,11.14594,11.079089
2021-11-18,VZ,2.7027186,2.708952,2.7146589
2021-11-18,WMT,6.1132504,6.1847333,6.2024173
2021-11-19,AAPL,67.190036,68.534788,65.212631
2021-11-19,AMGN,12.953231,12.94511,12.845814
2021-11-19,CRM,26.59946,27.060693,26.691147
2021-11-19,CSCO,37.845889,38.157959,37.680596
2021-11-19,IBM,20.614093,21.133942,20.513567
2021-11-19,INTC,29.163987,29.587279,28.562808
2021-11-19,MSFT,198.73144,198.28204,195.50085
2021-11-19,NKE,11.671826,11.856682,11.638235
2021-11-19,VZ,2.7604607,2.7740836,2.766557
2021-11-19,WMT,6.1695704,6.2706218,6.0673221
2021-11-22,AAPL,65.940825,66.709945,66.440746
2021-11-22,AMGN,12.736938,12.699347,12.663959
2021-11-22,CRM,26.24062,26.464497,26.210648
2021-11-22,CSCO,37.652518,38.301457,37.24062
2021-11-22,IBM,20.58962,20.836813,20.359609
2021-11-22,INTC,29.388187,30.058535,28.90296
2021-11-22,MSFT,198.88455,201.73196,197.98216
2021-11-22,NKE,11.576934,11.701911,11.551014
2021-11-22,VZ,2.7568411,2.7678265,2.7596746
2021-11-22,WMT,6.19888,6.2428395,6.167672
2021-11-23,AAPL,65.193396,66.536712,64.970241
2021-11-23,AMGN,12.62988,12.622244,12.568124
2021-11-23,CRM,25.698625,26.767844,24.816474
2021-11-23,CSCO,38.905916,38.739843,37.961758
2021-11-23,IBM,20.361648,20.600431,20.118849
2021-11-23,INTC,29.384138,29.741009,29.23462
2021-11-23,MSFT,194.52147,194.84064,194.77546
2021-11-23,NKE,11.427032,11.557583,11.476359
2021-11-23,VZ,2.7243167,2.7153606,2.6795475
2021-11-23,WMT,6.0445124,6.1385594,6.0200677
2021-11-24,AAPL,66.345154,68.468504,65.283847
2021-11-24,AMGN,12.547781,12.690268,12.328872
2021-11-24,CRM,25.962497,26.382903,25.71916
2021-11-24,CSCO,38.937252,38.453101,38.823881
2021-11-24,IBM,20.186853,20.757627,19.666263
2021-11-24,INTC,29.904479,29.737455,29.349041
2021-11-24,MSFT,189.07629,190.81297,188.82475
2021-11-24,NKE,11.390741,11.334441,11.334512
2021-11-24,VZ,2.7319104,2.7428261,2.7626535
2021-11-24,WMT,6.1025922,6.2351329,6.0284785
2021-11-26,AAPL,64.749718,66.776582,64.212052
2021-11-26,AMGN,12.201791,12.317835,12.206808
2021-11-26,CRM,25.036913,25.26199,25.677955
2021-11-26,CSCO,37.777838,37.516616,37.689013
2021-11-26,IBM,20.504195,20.766954,20.212939
2021-11-26,INTC,29.587476,29.247167,29.623621
2021-11-26,MSFT,185.68012,187.56163,183.73985
2021-11-26,NKE,11.425182,11.31844,11.490475
2021-11-26,VZ,2.7126946,2.7703517,2.7191745
2021-11-26,WMT,6.0608594,5.985534,6.0087848
2021-11-29,AAPL,60.676036,62.546853,59.610246
2021-11-29,AMGN,12.009034,12.233649,11.916357
2021-11-29,CRM,25.525665,25.386638,24.565322
2021-11-29,CSCO,38.19021,37.844615,37.209719
2021-11-29,IBM,20.339271,20.500759,20.104802
2021-11-29,INTC,29.587337,30.198267,28.843559
2021-11-29,MSFT,184.33563,188.42045,182.55535
2021-11-29,NKE,11.838884,12.035202,11.759441
2021-11-29,VZ,2.74497,2.7487374,2.6908189
2021-11-29,WMT,6.0372696,6.1388198,6.049146
2021-11-30,AAPL,59.425528,59.973403,59.416701
2021-11-30,AMGN,12.350442,12.620862,12.302275
2021-11-30,CRM,26.311053,27.086533,26.513534
2021-11-30,CSCO,37.649139,37.808754,36.926472
2021-11-30,IBM,20.024665,20.130887,19.677283
2021-11-30,INTC,28.936016,29.57755,28.172222
2021-11-30,MSFT,182.12593,183.59961,178.72257
2021-11-30,NKE,11.958031,12.017343,12.025645
2021-11-30,VZ,2.7147084,2.7481285,2.6640633
2021-11-30,WMT,5.9775601,6.0710272,5.9371297
2021-12-01,AAPL,60.075466,59.395774,59.689333
2021-12-01,AMGN,12.405267,12.646517,12.176597
2021-12-01,CRM,26.901785,27.660458,26.62356
2021-12-01,CSCO,37.707537,37.456311,37.804415
2021-12-01,IBM,19.414463,19.570784,19.371965
2021-12-01,INTC,29.651379,29.765932,29.630067
2021-12-01,MSFT,183.11889,186.87454,181.3959
2021-12-01,NKE,11.526412,11.554636,11.64298
2021-12-01,VZ,2.7438525,2.7573258,2.7230145
2021-12-01,WMT,6.0134258,6.0472155,5.9689129
2021-12-02,AAPL,59.582752,60.684001,59.045424
2021-12-02,AMGN,12.049238,12.228975,12.04617
2021-12-02,CRM,26.602564,27.371493,26.505839
2021-12-02,CSCO,36.635466,37.039065,35.346138
2021-12-02,IBM,19.485774,19.544216,19.141105
2021-12-02,INTC,29.408531,29.759834,28.734201
2021-12-02,MSFT,181.12159,183.17904,178.15627
2021-12-02,NKE,12.129085,11.810521,12.046722
2021-12-02,VZ,2.718324,2.7093355,2.7272298
2021-12-02,WMT,5.9195932,5.9521437,5.8494891
2021-12-03,AAPL,60.062284,61.404379,59.472348
2021-12-03,AMGN,12.165028,12.377951,12.061576
2021-12-03,CRM,25.994118,26.501474,25.456849
2021-12-03,CSCO,37.399281,37.181707,37.377143
2021-12-03,IBM,19.62152,19.717581,19.528331
2021-12-03,INTC,29.342123,30.047461,28.875047
2021-12-03,MSFT,179.1747,181.46303,173.28384
2021-12-03,NKE,12.192429,12.381571,12.089289
2021-12-03,VZ,2.6920302,2.7047221,2.681795
2021-12-03,WMT,5.8684958,5.8780779,5.852091
2021-12-06,AAPL,62.731292,63.883922,61.823097
2021-12-06,AMGN,12.207562,12.525589,12.097129
2021-12-06,CRM,24.361418,24.733452,23.574505
2021-12-06,CSCO,37.711079,38.534122,37.459472
2021-12-06,IBM,19.632082,19.833413,19.539
2021-12-06,INTC,29.53626,30.038949,29.140681
2021-12-06,MSFT,179.98704,185.94062,177.34049
2021-12-06,NKE,12.401616,12.525851,12.381388
2021-12-06,VZ,2.7065729,2.7492526,2.6751052
2021-12-06,WMT,5.8329203,5.831159,5.8566383
2021-12-07,AAPL,63.121276,63.57192,63.473851
2021-12-07,AMGN,12.100776,12.371804,12.060691
2021-12-07,CRM,24.881107,25.14654,24.485193
2021-12-07,CSCO,37.65889,38.361181,37.540016
2021-12-07,IBM,19.265259,19.381567,19.153397
2021-12-07,INTC,29.023225,29.375087,28.990569
2021-12-07,MSFT,184.17994,182.47156,182.56743
2021-12-07,NKE,12.171709,12.244283,12.061425
2021-12-07,VZ,2.7639912,2.8092991,2.7192944
2021-12-07,WMT,5.6648256,5.721332,5.5490549
2021-12-08,AAPL,63.377162,65.134262,62.939368
2021-12-08,AMGN,11.849432,12.169124,11.783817
2021-12-08,CRM,25.686461,27.035509,25.920927
2021-12-08,CSCO,37.320034,36.851675,36.991966
2021-12-08,IBM,18.952736,19.244752,18.659908
2021-12-08,INTC,29.613823,29.613897,29.287383
2021-12-08,MSFT,187.18738,189.45993,184.757
2021-12-08,NKE,11.870061,11.834703,11.751827
2021-12-08,VZ,2.7851659,2.8637306,2.7465185
2021-12-08,WMT,5.8268332,5.883656,5.8506723
2021-12-09,AAPL,64.451013,65.461272,63.405911
2021-12-09,AMGN,11.791105,11.951944,11.591202
2021-12-09,CRM,25.859041,26.736603,25.129283
2021-12-09,CSCO,38.320457,38.255608,37.786422
2021-12-09,IBM,19.123503,19.245155,19.124691
2021-12-09,INTC,30.15554,30.500064,30.218507
2021-12-09,MSFT,184.48641,184.84161,184.70403
2021-12-09,NKE,11.642282,11.796843,11.567811
2021-12-09,VZ,2.8447232,2.8711408,2.7876495
2021-12-09,WMT,5.697423,5.7639879,5.660461
2021-12-10,AAPL,64.321944,65.423082,63.887898
2021-12-10,AMGN,11.693989,11.687231,11.668438
2021-12-10,CRM,25.576889,26.093412,24.950623
2021-12-10,CSCO,36.993189,37.469016,36.841415
2021-12-10,IBM,19.532055,20.064933,19.587017
2021-12-10,INTC,30.853181,31.313547,30.62615
2021-12-10,MSFT,182.92455,184.52727,183.39243
2021-12-10,NKE,11.849702,11.88694,11.70351
2021-12-10,VZ,2.8598606,2.8590627,2.7940199
2021-12-10,WMT,5.6026551,5.6170381,5.5574384
2021-12-13,AAPL,62.608797,63.041631,63.170594
2021-12-13,AMGN,11.779477,11.951843,11.608826
2021-12-13,CRM,25.391455,25.489003,24.912178
2021-12-13,CSCO,36.002348,35.985982,35.422868
2021-12-13,IBM,19.747077,20.31564,19.469765
2021-12-13,INTC,30.668519,30.826731,30.813759
2021-12-13,MSFT,179.22682,182.01498,180.05683
2021-12-13,NKE,11.90569,11.979593,11.889802
2021-12-13,VZ,2.78745,2.8103152,2.7918977
2021-12-13,WMT,5.6550628,5.6971714,5.6062325
2021-12-14,AAPL,62.245266,61.81768,62.642738
2021-12-14,AMGN,11.470349,11.306569,11.523392
2021-12-14,CRM,26.368083,26.588093,26.513364
2021-12-14,CSCO,35.037071,35.540644,35.055027
2021-12-14,IBM,19.741342,19.818761,19.576854
2021-12-14,INTC,31.059052,31.503977,31.055618
2021-12-14,MSFT,176.29912,178.59595,175.96239
2021-12-14,NKE,11.9331,12.208237,12.020758
2021-12-14,VZ,2.7740384,2.8142273,2.7542417
2021-12-14,WMT,5.6585192,5.6946277,5.6238585
2021-12-15,AAPL,60.869711,61.647319,59.358386
2021-12-15,AMGN,11.285866,11.379645,11.214325
2021-12-15,CRM,26.983572,27.120902,26.198474
2021-12-15,CSCO,34.51222,34.288596,34.594771
2021-12-15,IBM,20.304394,20.758632,19.770294
2021-12-15,INTC,30.166072,30.070404,29.699992
2021-12-15,MSFT,169.76194,172.22574,167.39456
2021-12-15,NKE,11.764569,11.909537,11.461183
2021-12-15,VZ,2.6709304,2.7049383,2.6763339
2021-12-15,WMT,5.789452,5.8040025,5.7813047
2021-12-16,AAPL,61.367791,62.085686,61.770969
2021-12-16,AMGN,11.109563,11.402016,10.829162
2021-12-16,CRM,25.633343,25.96805,25.897037
2021-12-16,CSCO,35.417743,35.625501,35.225162
2021-12-16,IBM,20.451741,20.726801,20.327216
2021-12-16,INTC,30.321114,30.565975,30.79113
2021-12-16,MSFT,171.21565,171.8567,170.80632
2021-12-16,NKE,11.633862,11.621761,11.614334
2021-12-16,VZ,2.6290674,2.6438678,2.6241044
2021-12-16,WMT,5.89012,5.911917,5.8176925
2021-12-17,AAPL,60.390129,59.362798,59.624246
2021-12-17,AMGN,11.117638,11.341667,10.984434
2021-12-17,CRM,26.41115,26.472123,26.475423
2021-12-17,CSCO,35.225959,34.85895,35.230952
2021-12-17,IBM,20.404062,20.544772,20.110857
2021-12-17,INTC,30.10518,30.450173,29.884821
2021-12-17,MSFT,172.74722,171.92326,169.06184
2021-12-17,NKE,11.750608,12.007528,11.61991
2021-12-17,VZ,2.6644799,2.6988812,2.6819804
2021-12-17,WMT,5.7862431,5.7974671,5.7809794
2021-12-20,AAPL,59.828433,59.773976,58.305433
2021-12-20,AMGN,11.015279,11.165239,11.045544
2021-12-20,CRM,25.880967,26.585543,25.929532
2021-12-20,CSCO,34.533581,34.850165,34.344386
2021-12-20,IBM,20.126564,20.420614,20.253053
2021-12-20,INTC,29.893828,29.698441,29.407297
2021-12-20,MSFT,167.77293,166.70188,163.32248
2021-12-20,NKE,11.691578,11.906583,11.57784
2021-12-20,VZ,2.6282221,2.6632889,2.6425334
2021-12-20,WMT,5.8085319,5.9685236,5.7686305
2021-12-21,AAPL,60.853564,60.234768,60.150494
2021-12-21,AMGN,11.117554,11.194337,10.876386
2021-12-21,CRM,24.71207,25.600474,24.501575
2021-12-21,CSCO,34.782073,35.163752,34.532913
2021-12-21,IBM,20.411596,20.548783,20.304683
2021-12-21,INTC,29.228183,29.717507,28.658235
2021-12-21,MSFT,163.59989,166.90783,162.5848
2021-12-21,NKE,12.022787,11.968222,12.058301
2021-12-21,VZ,2.6229556,2.6519827,2.5943511
2021-12-21,WMT,5.7743261,5.8390726,5.7292069
2021-12-22,AAPL,61.847188,62.467229,61.447035
2021-12-22,AMGN,11.128959,11.390614,11.044881
2021-12-22,CRM,26.176498,26.558632,25.657956
2021-12-22,CSCO,34.033976,34.278018,33.308623
2021-12-22,IBM,20.836026,21.314571,20.504316
2021-12-22,INTC,29.05242,29.30634,28.860585
2021-12-22,MSFT,162.34004,163.62022,158.79535
2021-12-22,NKE,11.628859,11.786277,11.615301
2021-12-22,VZ,2.6105207,2.6427185,2.6125808
2021-12-22,WMT,5.6122613,5.6632771,5.5694398
2021-12-23,AAPL,62.424854,63.303197,62.05479
2021-12-23,AMGN,11.090223,11.2231,10.881137
2021-12-23,CRM,26.086668,26.762235,25.155308
2021-12-23,CSCO,34.117754,33.771305,33.626256
2021-12-23,IBM,21.373661,22.021497,21.235778
2021-12-23,INTC,28.900087,29.2784,29.021367
2021-12-23,MSFT,163.60217,165.81602,159.27019
2021-12-23,NKE,11.401192,11.341219,11.310301
2021-12-23,VZ,2.6113938,2.5935188,2.5620054
2021-12-23,WMT,5.5920024,5.569311,5.5660213
2021-12-27,AAPL,61.709998,61.929631,60.79296
2021-12-27,AMGN,10.883426,10.942576,10.681433
2021-12-27,CRM,25.055983,25.382996,25.29306
2021-12-27,CSCO,33.527096,33.933193,33.065009
2021-12-27,IBM,21.539258,21.710158,21.678819
2021-12-27,INTC,27.589044,27.641913,27.670342
2021-12-27,MSFT,165.03464,166.90801,164.19874
2021-12-27,NKE,11.292447,11.52215,10.954591
2021-12-27,VZ,2.605548,2.6182626,2.6436649
2021-12-27,WMT,5.5323233,5.5809531,5.5892444
2021-12-28,AAPL,61.298089,60.556306,61.531243
2021-12-28,AMGN,10.785196,10.964793,10.68467
2021-12-28,CRM,25.658271,25.514708,24.409133
2021-12-28,CSCO,34.309709,34.844547,34.089512
2021-12-28,IBM,21.271201,21.485006,21.264074
2021-12-28,INTC,27.830366,28.205481,27.345591
2021-12-28,MSFT,166.02672,168.62215,163.21105
2021-12-28,NKE,10.866342,10.933756,10.53507
2021-12-28,VZ,2.5848693,2.6189068,2.560912
2021-12-28,WMT,5.5824525,5.5972681,5.5184236
2021-12-29,AAPL,61.5833,63.247125,60.180931
2021-12-29,AMGN,10.993233,11.148878,10.878188
2021-12-29,CRM,26.064858,26.812736,26.019942
2021-12-29,CSCO,34.86131,35.574631,34.021219
2021-12-29,IBM,21.109067,21.575753,21.02001
2021-12-29,INTC,28.635483,29.089937,28.933187
2021-12-29,MSFT,167.01777,169.37698,164.24396
2021-12-29,NKE,10.836435,11.074144,11.097127
2021-12-29,VZ,2.5778623,2.6072376,2.5308262
2021-12-29,WMT,5.5864961,5.6479511,5.598285
2021-12-30,AAPL,63.873982,65.284507,62.538265
2021-12-30,AMGN,11.370701,11.532827,11.307926
2021-12-30,CRM,25.34764,25.308302,24.817034
2021-12-30,CSCO,34.225292,34.892208,34.137942
2021-12-30,IBM,21.554484,21.67775,21.677134
2021-12-30,INTC,29.038049,29.312305,29.310384
2021-12-30,MSFT,161.72833,164.35462,160.44986
2021-12-30,NKE,10.705551,10.935849,10.639382
2021-12-30,VZ,2.5065153,2.5514545,2.50384
2021-12-30,WMT,5.5551658,5.6491591,5.4699544
2021-12-31,AAPL,64.229119,65.259283,63.418373
2021-12-31,AMGN,11.313092,11.411825,11.436491
2021-12-31,CRM,25.396689,25.09576,24.286815
2021-12-31,CSCO,35.784621,35.916414,35.694923
2021-12-31,IBM,21.513677,21.664036,21.103431
2021-12-31,INTC,29.085363,28.807278,28.803205
2021-12-31,MSFT,159.79828,159.82535,158.03858
2021-12-31,NKE,10.32767,10.577987,10.109046
2021-12-31,VZ,2.5197789,2.5450686,2.5110248
2021-12-31,WMT,5.6025681,5.6542339,5.6342877
2022-01-03,AAPL,61.456172,61.063816,59.565528
2022-01-03,AMGN,11.446158,11.635952,11.303996
2022-01-03,CRM,25.907809,26.495279,25.866303
2022-01-03,CSCO,36.326933,36.368462,36.515656
2022-01-03,IBM,21.340306,21.451337,21.369582
2022-01-03,INTC,29.370792,29.887594,29.008771
2022-01-03,MSFT,163.13171,164.29477,165.99716
2022-01-03,NKE,10.050829,9.918399,9.6908334
2022-01-03,VZ,2.5243604,2.5463988,2.5027792
2022-01-03,WMT,5.5311643,5.5723081,5.5084251
2022-01-04,AAPL,61.511845,61.851815,62.058871
2022-01-04,AMGN,11.299773,11.41989,11.236736
2022-01-04,CRM,24.91581,25.360493,25.142864
2022-01-04,CSCO,35.845767,35.477323,35.395475
2022-01-04,IBM,21.738937,21.989547,21.505205
2022-01-04,INTC,29.968858,29.571655,29.479225
2022-01-04,MSFT,160.21819,160.37796,160.13478
2022-01-04,NKE,10.274293,10.601503,10.19387
2022-01-04,VZ,2.4774089,2.4612462,2.4975625
2022-01-04,WMT,5.5345861,5.4976377,5.4911416
2022-01-05,AAPL,58.714782,59.898554,58.463166
2022-01-05,AMGN,11.196913,11.374907,11.186416
2022-01-05,CRM,25.416989,25.489283,24.598203
2022-01-05,CSCO,36.294904,36.652963,36.139018
2022-01-05,IBM,21.643564,21.66131,21.531444
2022-01-05,INTC,30.083669,30.367148,29.517461
2022-01-05,MSFT,163.64858,167.06008,162.19667
2022-01-05,NKE,10.496235,10.522776,10.379177
2022-01-05,VZ,2.5303125,2.5812668,2.5016408
2022-01-05,WMT,5.5537032,5.6391114,5.551099
2022-01-06,AAPL,59.285955,59.539852,58.75777
2022-01-06,AMGN,11.324599,11.431572,11.201571
2022-01-06,CRM,25.682283,25.86718,24.168327
2022-01-06,CSCO,36.017875,36.536318,35.944952
2022-01-06,IBM,21.682269,21.960709,21.284773
2022-01-06,INTC,30.610704,30.814191,30.352455
2022-01-06,MSFT,164.82255,165.16141,162.00111
2022-01-06,NKE,10.490965,10.53207,10.349291
2022-01-06,VZ,2.5004763,2.520211,2.5128368
2022-01-06,WMT,5.5774741,5.6044871,5.541284
2022-01-07,AAPL,59.311616,60.923724,58.089725
2022-01-07,AMGN,11.234918,11.504212,11.187534
2022-01-07,CRM,24.773694,25.157853,23.98625
2022-01-07,CSCO,38.065337,38.024214,37.611238
2022-01-07,IBM,21.568517,21.24752,21.618295
2022-01-07,INTC,30.412199,30.431117,30.130504
2022-01-07,MSFT,166.18055,164.87211,163.66755
2022-01-07,NKE,10.62817,10.666389,10.282681
2022-01-07,VZ,2.4715281,2.5091131,2.4878323
2022-01-07,WMT,5.5966064,5.678203,5.5154445
2022-01-10,AAPL,58.003523,59.043224,57.538809
2022-01-10,AMGN,10.970683,11.209567,10.924038
2022-01-10,CRM,24.607987,24.790997,24.0371
2022-01-10,CSCO,38.213056,38.28232,37.97851
2022-01-10,IBM,21.985072,22.135424,21.986734
2022-01-10,INTC,30.145716,30.668621,29.536041
2022-01-10,MSFT,158.66778,157.78619,155.34222
2022-01-10,NKE,10.704969,10.853872,10.61627
2022-01-10,VZ,2.4637973,2.455686,2.4513735
2022-01-10,WMT,5.6222818,5.6552148,5.616608
2022-01-11,AAPL,57.952335,58.867125,57.151506
2022-01-11,AMGN,10.677867,10.913132,10.621284
2022-01-11,CRM,25.419507,25.555625,24.51503
2022-01-11,CSCO,38.477768,39.447105,38.06124
2022-01-11,IBM,22.165615,22.743478,22.044007
2022-01-11,INTC,31.140073,31.621822,31.47508
2022-01-11,MSFT,161.44137,159.33508,158.84182
2022-01-11,NKE,10.820328,11.183133,10.780364
2022-01-11,VZ,2.4770858,2.504778,2.4235811
2022-01-11,WMT,5.5812335,5.6543525,5.5060733
2022-01-12,AAPL,58.632925,58.261306,57.09157
2022-01-12,AMGN,10.392945,10.539471,10.379387
2022-01-12,CRM,25.359063,25.113834,24.777401
2022-01-12,CSCO,39.335571,39.31781,39.279237
2022-01-12,IBM,22.148825,22.396434,22.028267
2022-01-12,INTC,30.292479,31.06044,29.492721
2022-01-12,MSFT,158.21925,155.48059,155.4384
2022-01-12,NKE,10.813106,10.94399,10.996642
2022-01-12,VZ,2.4866705,2.5264122,2.5140198
2022-01-12,WMT,5.5851248,5.6181897,5.487032
2022-01-13,AAPL,60.016385,61.628375,58.864527
2022-01-13,AMGN,10.37606,10.355106,10.19438
2022-01-13,CRM,25.821908,26.578975,25.303212
2022-01-13,CSCO,39.064395,39.66848,38.717781
2022-01-13,IBM,21.852611,22.033609,21.509152
2022-01-13,INTC,30.554639,31.52509,30.496235
2022-01-13,MSFT,161.34346,163.26138,158.34261
2022-01-13,NKE,11.170863,11.357663,11.146691
2022-01-13,VZ,2.4959018,2.5274922,2.4512838
2022-01-13,WMT,5.6524612,5.726072,5.5624634
2022-01-14,AAPL,59.722633,60.737061,59.015521
2022-01-14,AMGN,10.477424,10.426298,10.488108
2022-01-14,CRM,25.594804,26.010214,25.180089
2022-01-14,CSCO,39.188637,39.284238,39.48225
2022-01-14,IBM,22.146207,22.084118,22.157825
2022-01-14,INTC,29.811695,29.783216,29.474344
2022-01-14,MSFT,156.49713,156.04785,156.11521
2022-01-14,NKE,11.137533,11.070081,11.221016
2022-01-14,VZ,2.5029308,2.5171999,2.4621488
2022-01-14,WMT,5.7504191,5.7833061,5.7095846
2022-01-18,AAPL,59.489296,60.144496,59.77697
2022-01-18,AMGN,10.47869,10.625969,10.555512
2022-01-18,CRM,24.872066,25.170317,23.900344
2022-01-18,CSCO,39.637422,39.487739,39.634733
2022-01-18,IBM,22.325481,22.532267,22.383436
2022-01-18,INTC,30.128403,30.064135,29.413861
2022-01-18,MSFT,154.40388,157.70197,149.43746
2022-01-18,NKE,10.902304,10.843753,10.597237
2022-01-18,VZ,2.5067091,2.5390812,2.499126
2022-01-18,WMT,5.7089515,5.7885539,5.6326372
2022-01-19,AAPL,60.285142,61.159019,60.916013
2022-01-19,AMGN,10.551817,10.779927,10.512215
2022-01-19,CRM,24.934866,25.027801,24.735671
2022-01-19,CSCO,40.998905,41.235116,40.537889
2022-01-19,IBM,21.745596,22.024271,21.852157
2022-01-19,INTC,29.090347,29.020614,29.279712
2022-01-19,MSFT,157.32573,158.83504,154.70576
2022-01-19,NKE,11.109448,11.140009,10.881524
2022-01-19,VZ,2.5107214,2.5252899,2.4652775
2022-01-19,WMT,5.7227115,5.7063418,5.5892557
2022-01-20,AAPL,59.695371,61.117182,59.578195
2022-01-20,AMGN,10.797358,10.869417,10.775257
2022-01-20,CRM,24.87761,25.732836,24.945061
2022-01-20,CSCO,39.760898,39.447714,39.933557
2022-01-20,IBM,21.642785,21.635179,21.250699
2022-01-20,INTC,29.517294,30.097576,28.754886
2022-01-20,MSFT,164.23874,164.66237,163.60303
2022-01-20,NKE,11.197353,11.34295,11.020222
2022-01-20,VZ,2.494379,2.4930171,2.4971087
2022-01-20,WMT,5.703489,5.7803513,5.6910137
2022-01-21,AAPL,59.929293,61.797347,60.257409
2022-01-21,AMGN,10.810046,10.904582,10.607434
2022-01-21,CRM,24.827143,24.788569,24.196201
2022-01-21,CSCO,39.786367,40.211289,39.29153
2022-01-21,IBM,21.588909,21.825134,21.382457
2022-01-21,INTC,29.603624,29.861561,29.096851
2022-01-21,MSFT,165.32258,167.02945,163.98133
2022-01-21,NKE,11.045046,11.016125,10.892662
2022-01-21,VZ,2.4717036,2.5069977,2.4201151
2022-01-21,WMT,5.7104449,5.856583,5.5802983
2022-01-24,AAPL,61.246736,61.544026,59.73717
2022-01-24,AMGN,10.738457,11.150708,10.555382
2022-01-24,CRM,24.686101,24.053686,24.778605
2022-01-24,CSCO,39.099945,39.422123,38.869256
2022-01-24,IBM,21.240055,20.945253,20.918082
2022-01-24,INTC,29.148662,28.726989,29.039377
2022-01-24,MSFT,162.3404,166.27276,159.76551
2022-01-24,NKE,11.154959,11.205116,11.049483
2022-01-24,VZ,2.4263307,2.4271501,2.4483136
2022-01-24,WMT,5.7025915,5.7857218,5.6818369
2022-01-25,AAPL,62.65438,62.986488,61.764622
2022-01-25,AMGN,10.558668,10.536261,10.413173
2022-01-25,CRM,25.814265,26.597755,25.789779
2022-01-25,CSCO,40.239742,40.754796,39.761556
2022-01-25,IBM,21.100739,21.494747,21.212488
2022-01-25,INTC,30.094881,30.557285,29.278053
2022-01-25,MSFT,162.59206,166.44448,160.99733
2022-01-25,NKE,10.937486,11.189253,10.901045
2022-01-25,VZ,2.4677751,2.4868304,2.4732886
2022-01-25,WMT,5.6674521,5.7307671,5.6543999
2022-01-26,AAPL,63.054434,64.321422,62.423939
2022-01-26,AMGN,10.670238,10.827679,10.691006
2022-01-26,CRM,26.057165,25.920558,25.817925
2022-01-26,CSCO,39.784703,39.870029,39.442171
2022-01-26,IBM,20.963275,20.967573,20.850485
2022-01-26,INTC,30.499178,30.510303,30.164684
2022-01-26,MSFT,162.766,162.2644,163.22921
2022-01-26,NKE,10.846614,10.914391,10.763431
2022-01-26,VZ,2.3846939,2.4129519,2.4129374
2022-01-26,WMT,5.6672549,5.6894426,5.6048747
2022-01-27,AAPL,62.621213,61.593032,61.958938
2022-01-27,AMGN,10.676278,10.824214,10.550922
2022-01-27,CRM,26.494269,26.014628,25.930096
2022-01-27,CSCO,38.864626,39.477209,38.469631
2022-01-27,IBM,20.882124,21.152407,20.639154
2022-01-27,INTC,30.526916,30.884297,29.882115
2022-01-27,MSFT,165.86376,166.66427,166.31886
2022-01-27,NKE,10.46939,10.781629,10.523641
2022-01-27,VZ,2.3355955,2.3391637,2.3029549
2022-01-27,WMT,5.6699656,5.638832,5.6021144
2022-01-28,AAPL,62.691063,63.638931,60.629732
2022-01-28,AMGN,10.53889,10.694071,10.364259
2022-01-28,CRM,26.389221,26.887095,26.122298
2022-01-28,CSCO,39.029348,39.236414,38.468825
2022-01-28,IBM,21.192411,21.180475,20.956415
2022-01-28,INTC,30.041963,30.327176,29.752352
2022-01-28,MSFT,170.96727,175.1253,171.02169
2022-01-28,NKE,10.421407,10.63145,10.347495
2022-01-28,VZ,2.3100508,2.3173756,2.2823794
2022-01-28,WMT,5.6070284,5.641916,5.6177276
2022-01-31,AAPL,62.451851,63.627131,62.576396
2022-01-31,AMGN,10.716639,10.870296,10.680182
2022-01-31,CRM,26.045294,26.615172,25.245684
2022-01-31,CSCO,39.769012,40.510526,38.986283
2022-01-31,IBM,20.927572,21.377984,20.89397
2022-01-31,INTC,29.54754,29.484434,28.652702
2022-01-31,MSFT,166.49724,166.71095,166.85635
2022-01-31,NKE,10.351908,10.394037,10.126167
2022-01-31,VZ,2.3086842,2.3249003,2.2682949
2022-01-31,WMT,5.4889187,5.4381574,5.5135294
2022-02-01,AAPL,62.368667,62.97074,63.208323
2022-02-01,AMGN,10.365623,10.351787,10.250036
2022-02-01,CRM,25.573025,25.429084,24.521705
2022-02-01,CSCO,40.263886,40.954471,39.541562
2022-02-01,IBM,21.108081,21.188846,20.757087
2022-02-01,INTC,29.446002,29.764419,29.051025
2022-02-01,MSFT,163.53469,166.37999,162.97678
2022-02-01,NKE,10.76348,10.863271,10.590735
2022-02-01,VZ,2.338515,2.3630071,2.3473903
2022-02-01,WMT,5.4661307,5.5310705,5.4576291
2022-02-02,AAPL,61.165608,61.915211,60.095943
2022-02-02,AMGN,10.184847,10.38504,10.014656
2022-02-02,CRM,25.009378,25.607246,25.030766
2022-02-02,CSCO,40.302,40.395584,40.100937
2022-02-02,IBM,20.918139,21.173131,20.706149
2022-02-02,INTC,29.691981,30.168116,29.768439
2022-02-02,MSFT,165.69739,166.64291,165.68391
2022-02-02,NKE,10.753265,10.927454,10.685114
2022-02-02,VZ,2.347938,2.3897741,2.3554896
2022-02-02,WMT,5.5029624,5.6239046,5.4914646
2022-02-03,AAPL,60.240305,61.284129,60.287457
2022-02-03,AMGN,10.076685,10.15764,10.011397
2022-02-03,CRM,23.62006,24.029276,23.365814
2022-02-03,CSCO,40.401831,40.71276,39.710522
2022-02-03,IBM,21.111607,21.293771,21.019162
2022-02-03,INTC,29.391803,29.455586,28.859131
2022-02-03,MSFT,162.14162,166.00577,162.23855
2022-02-03,NKE,10.6591,10.673087,10.307564
2022-02-03,VZ,2.3135909,2.3021536,2.2548489
2022-02-03,WMT,5.5056493,5.5231568,5.4900997
2022-02-04,AAPL,59.667048,61.325441,58.343663
2022-02-04,AMGN,9.9218209,9.98843,9.6376892
2022-02-04,CRM,24.454607,24.869649,23.708784
2022-02-04,CSCO,38.98174,38.184297,38.332861
2022-02-04,IBM,20.960805,21.236869,20.98644
2022-02-04,INTC,28.696469,28.916295,28.583488
2022-02-04,MSFT,165.64017,170.37702,162.08907
2022-02-04,NKE,10.737189,11.055413,10.641608
2022-02-04,VZ,2.2979116,2.3199596,2.2850872
2022-02-04,WMT,5.4318406,5.5057472,5.4397715
2022-02-07,AAPL,62.003342,63.459036,60.52472
2022-02-07,AMGN,9.8890562,10.062873,9.7247481
2022-02-07,CRM,24.393463,24.979337,23.961711
2022-02-07,CSCO,38.504939,38.926245,37.970591
2022-02-07,IBM,20.805957,21.028741,20.576488
2022-02-07,INTC,28.147448,28.250558,27.961116
2022-02-07,MSFT,166.41137,169.5221,166.14164
2022-02-07,NKE,10.5815,10.810056,10.51871
2022-02-07,VZ,2.3237678,2.3560317,2.2787247
2022-02-07,WMT,5.4528326,5.4558735,5.4073787
2022-02-08,AAPL,62.102635,62.624969,60.602823
2022-02-08,AMGN,9.7661557,10.004009,9.552887
2022-02-08,CRM,23.195406,23.91791,23.35815
2022-02-08,CSCO,38.808849,39.814211,38.447113
2022-02-08,IBM,21.049082,21.428974,20.732169
2022-02-08,INTC,27.968457,27.929631,27.790869
2022-02-08,MSFT,169.11977,166.6351,169.06558
2022-02-08,NKE,10.509591,10.697007,10.426376
2022-02-08,VZ,2.3227127,2.3173879,2.3527757
2022-02-08,WMT,5.5430014,5.6296458,5.4546647
2022-02-09,AAPL,62.363617,62.315711,62.342374
2022-02-09,AMGN,9.8309205,9.9369327,9.7713955
2022-02-09,CRM,23.718654,23.87612,23.261626
2022-02-09,CSCO,37.782527,38.386494,37.347028
2022-02-09,IBM,21.099031,21.496146,21.053596
2022-02-09,INTC,28.428837,28.407168,27.84747
2022-02-09,MSFT,171.43819,172.65646,167.76035
2022-02-09,NKE,10.171007,9.9624583,10.085709
2022-02-09,VZ,2.3146364,2.338748,2.3028599
2022-02-09,WMT,5.4919298,5.6011922,5.5200134
2022-02-10,AAPL,63.761641,63.502782,63.57384
2022-02-10,AMGN,9.9646969,10.168322,9.9117446
2022-02-10,CRM,23.335141,23.159953,22.859055
2022-02-10,CSCO,38.208442,38.837437,38.350875
2022-02-10,IBM,21.120788,21.351727,21.042436
2022-02-10,INTC,27.929176,28.154008,27.277115
2022-02-10,MSFT,171.89885,175.36558,169.48669
2022-02-10,NKE,10.107799,10.242045,9.709674
2022-02-10,VZ,2.3186476,2.3414346,2.3072556
2022-02-10,WMT,5.3596225,5.4567097,5.3503895
2022-02-11,AAPL,65.262185,65.785808,64.046422
2022-02-11,AMGN,10.032427,10.21523,9.9239951
2022-02-11,CRM,22.527514,23.102023,21.984403
2022-02-11,CSCO,38.082251,38.569857,37.326951
2022-02-11,IBM,21.161859,21.57524,20.872204
2022-02-11,INTC,27.443011,28.010672,26.880452
2022-02-11,MSFT,174.4795,176.08849,173.21895
2022-02-11,NKE,9.8767668,9.8753798,9.9132569
2022-02-11,VZ,2.2730571,2.2979527,2.2343902
2022-02-11,WMT,5.3456696,5.3438945,5.3558771
2022-02-14,AAPL,63.8616,64.555752,64.096207
2022-02-14,AMGN,10.408305,10.842103,10.429567
2022-02-14,CRM,22.899135,23.785323,22.683227
2022-02-14,CSCO,38.805025,38.865865,37.835097
2022-02-14,IBM,21.138039,21.348346,21.102614
2022-02-14,INTC,27.583783,28.138289,27.604775
2022-02-14,MSFT,172.48638,174.95135,170.63929
2022-02-14,NKE,9.854311,10.045875,9.933101
2022-02-14,VZ,2.3231401,2.3427467,2.368142
2022-02-14,WMT,5.3353848,5.4191388,5.2055061
2022-02-15,AAPL,64.523803,63.92282,63.346525
2022-02-15,AMGN,10.404657,10.459945,10.263854
2022-02-15,CRM,23.076872,23.305941,22.517473
2022-02-15,CSCO,38.837841,39.762525,38.434421
2022-02-15,IBM,21.03591,21.509936,20.751403
2022-02-15,INTC,27.959038,28.593867,27.21533
2022-02-15,MSFT,172.75264,172.99303,171.27235
2022-02-15,NKE,10.024117,10.209686,9.9662187
2022-02-15,VZ,2.3442105,2.3711625,2.2843635
2022-02-15,WMT,5.2540037,5.2771239,5.267878
2022-02-16,AAPL,64.421751,64.065663,63.942651
2022-02-16,AMGN,10.523904,10.666307,10.394826
2022-02-16,CRM,22.559244,22.57787,21.715197
2022-02-16,CSCO,38.967222,38.964297,39.249453
2022-02-16,IBM,20.841941,21.302525,20.970378
2022-02-16,INTC,28.337957,28.77364,28.159304
2022-02-16,MSFT,180.94842,185.01675,179.21392
2022-02-16,NKE,9.6607429,9.8325691,9.5516598
2022-02-16,VZ,2.3226396,2.3143355,2.3152021
2022-02-16,WMT,5.2263291,5.246532,5.1701165
2022-02-17,AAPL,62.669175,62.173853,61.787492
2022-02-17,AMGN,10.514575,10.656527,10.535702
2022-02-17,CRM,23.094678,23.49141,22.555751
2022-02-17,CSCO,37.970508,38.037141,37.855851
2022-02-17,IBM,20.613831,20.704237,20.433854
2022-02-17,INTC,28.212485,29.024433,27.586832
2022-02-17,MSFT,181.03434,184.10411,182.45068
2022-02-17,NKE,9.716537,9.8042505,9.6751653
2022-02-17,VZ,2.3366908,2.3487358,2.3130513
2022-02-17,WMT,5.1335015,5.1148985,5.0964112
2022-02-18,AAPL,64.158688,65.337316,64.739142
2022-02-18,AMGN,10.324988,10.698474,10.232363
2022-02-18,CRM,22.906194,22.674845,22.738305
2022-02-18,CSCO,37.509456,37.80718,37.305908
2022-02-18,IBM,20.460832,20.671101,20.289685
2022-02-18,INTC,27.801265,28.117447,27.634657
2022-02-18,MSFT,180.71863,184.78209,179.14221
2022-02-18,NKE,9.6471533,9.6748104,9.6061783
2022-02-18,VZ,2.2850983,2.3248808,2.2418276
2022-02-18,WMT,5.2370683,5.2766855,5.197195
2022-02-22,AAPL,66.261094,66.585654,64.47982
2022-02-22,AMGN,10.208166,10.560963,10.053299
2022-02-22,CRM,23.005153,23.321846,22.559566
2022-02-22,CSCO,37.548048,37.756642,37.15759
2022-02-22,IBM,20.147762,20.337768,20.06917
2022-02-22,INTC,28.052477,28.659277,27.853163
2022-02-22,MSFT,181.24721,182.67446,179.65339
2022-02-22,NKE,9.5741458,9.9011874,9.5292905
2022-02-22,VZ,2.2969902,2.3249196,2.3261362
2022-02-22,WMT,5.3216097,5.3196583,5.2567682
2022-02-23,AAPL,66.115174,65.936712,65.460375
2022-02-23,AMGN,10.048619,10.181859,10.022864
2022-02-23,CRM,22.271635,22.581126,22.189857
2022-02-23,CSCO,37.498228,37.925055,37.553341
2022-02-23,IBM,19.981106,19.788118,20.018486
2022-02-23,INTC,28.428806,28.811693,27.709345
2022-02-23,MSFT,182.196,184.46787,177.26713
2022-02-23,NKE,9.5503703,9.7796388,9.4092456
2022-02-23,VZ,2.2637589,2.2761225,2.19049
2022-02-23,WMT,5.2849892,5.3522168,5.3779701
2022-02-24,AAPL,65.057555,65.55931,65.16178
2022-02-24,AMGN,9.6843695,9.6554114,9.5176829
2022-02-24,CRM,22.170272,22.863654,22.173338
2022-02-24,CSCO,37.299344,36.740672,36.534536
2022-02-24,IBM,19.947247,20.388713,19.596809
2022-02-24,INTC,27.906847,28.126905,28.006403
2022-02-24,MSFT,179.97556,181.38634,175.52131
2022-02-24,NKE,9.6519597,9.6399485,9.4967082
2022-02-24,VZ,2.3029609,2.3360414,2.2659208
2022-02-24,WMT,5.1666089,5.2286191,5.1836609
2022-02-25,AAPL,65.83369,66.184872,66.34818
2022-02-25,AMGN,9.712587,9.8458915,9.6277082
2022-02-25,CRM,22.150394,22.831076,22.121388
2022-02-25,CSCO,35.907068,35.516545,36.190935
2022-02-25,IBM,19.74703,19.602026,19.70443
2022-02-25,INTC,28.888183,29.261515,28.49668
2022-02-25,MSFT,178.03565,176.73004,173.6097
2022-02-25,NKE,9.561723,9.5974811,9.5846487
2022-02-25,VZ,2.3205073,2.3773927,2.3481224
2022-02-25,WMT,5.0679152,5.0689718,4.9708726
2022-02-28,AAPL,65.189787,66.261206,63.942963
2022-02-28,AMGN,9.5600589,9.5295751,9.6610272
2022-02-28,CRM,22.147595,22.446859,21.532274
2022-02-28,CSCO,36.052767,36.84832,34.977037
2022-02-28,IBM,20.00483,20.185242,19.740845
2022-02-28,INTC,28.7775,29.309074,28.570175
2022-02-28,MSFT,182.70855,185.28721,178.99055
2022-02-28,NKE,9.2409548,9.3388403,9.1141548
2022-02-28,VZ,2.2924995,2.3626723,2.2938061
2022-02-28,WMT,5.1438214,5.1478525,5.2090839
2022-03-01,AAPL,65.907216,66.915081,64.190795
2022-03-01,AMGN,9.3820539,9.4921396,9.4202627
2022-03-01,CRM,22.141818,22.049161,20.904414
2022-03-01,CSCO,36.322533,36.305817,35.688045
2022-03-01,IBM,20.020776,20.230193,19.959736
2022-03-01,INTC,28.506004,28.822878,28.030793
2022-03-01,MSFT,175.20658,177.94107,175.37596
2022-03-01,NKE,9.1810872,9.3411722,8.9286568
2022-03-01,VZ,2.2999418,2.2964516,2.3007048
2022-03-01,WMT,5.2514286,5.2444052,5.1403631
2022-03-02,AAPL,62.979151,63.880645,61.803272
2022-03-02,AMGN,9.3509906,9.4644662,9.151709
2022-03-02,CRM,22.014522,22.056183,21.536368
2022-03-02,CSCO,36.700756,37.639545,35.645257
2022-03-02,IBM,19.651308,19.89543,19.491236
2022-03-02,INTC,28.184561,27.937774,27.671997
2022-03-02,MSFT,175.91359,180.1095,177.12225
2022-03-02,NKE,8.8072123,9.0172325,8.8042847
2022-03-02,VZ,2.3182661,2.3409422,2.3117718
2022-03-02,WMT,5.168916,5.1366348,5.1977687
2022-03-03,AAPL,64.987995,65.420559,63.860026
2022-03-03,AMGN,9.3341648,9.3778246,9.2768587
2022-03-03,CRM,20.962639,21.823869,21.523186
2022-03-03,CSCO,36.686557,36.727606,36.796766
2022-03-03,IBM,19.672051,20.023913,19.434519
2022-03-03,INTC,28.85349,29.314184,28.654447
2022-03-03,MSFT,177.28003,180.14543,172.93339
2022-03-03,NKE,9.0242419,9.2007204,8.9442953
2022-03-03,VZ,2.3630971,2.4172686,2.3759769
2022-03-03,WMT,5.1225754,5.0496823,5.1333059
2022-03-04,AAPL,62.872576,62.027983,63.264219
2022-03-04,AMGN,9.3415033,9.3960059,9.2619019
2022-03-04,CRM,20.381346,21.079162,19.621944
2022-03-04,CSCO,36.505766,37.083702,35.465109
2022-03-04,IBM,19.570503,19.839821,19.329671
2022-03-04,INTC,29.018992,29.778821,28.381079
2022-03-04,MSFT,177.90049,182.25808,176.35867
2022-03-04,NKE,9.0053941,9.0930089,8.9449267
2022-03-04,VZ,2.3358184,2.3582522,2.3113803
2022-03-04,WMT,5.1164429,5.1840436,5.0381938
2022-03-07,AAPL,63.168126,63.581867,62.049831
2022-03-07,AMGN,9.3179028,9.3212085,9.1375482
2022-03-07,CRM,21.067732,21.939501,21.015104
2022-03-07,CSCO,36.189575,36.59481,35.781212
2022-03-07,IBM,19.148144,19.268539,19.02034
2022-03-07,INTC,28.353518,28.423822,28.095704
2022-03-07,MSFT,178.66778,179.84011,178.4061
2022-03-07,NKE,8.8231075,8.9746639,8.6599181
2022-03-07,VZ,2.3145945,2.327072,2.3104688
2022-03-07,WMT,5.0783355,5.1483876,5.0586369
2022-03-08,AAPL,62.483249,63.117764,60.682673
2022-03-08,AMGN,9.2711604,9.4129951,9.3418738
2022-03-08,CRM,22.230919,22.682605,21.741051
2022-03-08,CSCO,35.446884,36.124175,34.696563
2022-03-08,IBM,19.339652,19.40998,19.323954
2022-03-08,INTC,28.745237,29.221202,28.547398
2022-03-08,MSFT,178.11953,180.3001,175.81668
2022-03-08,NKE,8.4676656,8.5696013,8.6345951
2022-03-08,VZ,2.3082906,2.3180366,2.2844733
2022-03-08,WMT,4.9525227,4.958544,4.9609617
2022-03-09,AAPL,62.021461,63.152686,60.63233
2022-03-09,AMGN,9.3049722,9.4103433,9.3302119
2022-03-09,CRM,21.627849,21.532366,21.522583
2022-03-09,CSCO,36.706007,36.44723,36.822295
2022-03-09,IBM,19.548572,19.951374,19.21758
2022-03-09,INTC,28.000471,28.398294,27.438318
2022-03-09,MSFT,179.50896,178.43569,177.50831
2022-03-09,NKE,8.3523913,8.6197132,8.1630886
2022-03-09,VZ,2.2964887,2.3027264,2.2609082
2022-03-09,WMT,5.0116799,5.0787167,4.9730725
2022-03-10,AAPL,64.618025,66.335286,63.861796
2022-03-10,AMGN,9.2211961,9.3947515,9.184979
2022-03-10,CRM,21.814546,22.248241,21.481058
2022-03-10,CSCO,37.342121,37.886361,37.082038
2022-03-10,IBM,19.254721,19.51945,19.183259
2022-03-10,INTC,28.120695,28.432477,27.189073
2022-03-10,MSFT,183.91483,187.71662,181.39215
2022-03-10,NKE,8.1935991,8.222467,7.9880892
2022-03-10,VZ,2.2712614,2.2879678,2.2836493
2022-03-10,WMT,5.0666152,5.1563569,5.0294277
2022-03-11,AAPL,64.283774,64.413573,63.830371
2022-03-11,AMGN,9.1870339,9.4783528,9.0290181
2022-03-11,CRM,21.603566,21.386782,20.968526
2022-03-11,CSCO,37.297548,38.056752,36.894354
2022-03-11,IBM,19.054102,19.379123,18.709945
2022-03-11,INTC,28.021838,28.099116,27.90353
2022-03-11,MSFT,182.05238,182.23591,180.31453
2022-03-11,NKE,8.0596339,8.0187526,7.9882775
2022-03-11,VZ,2.2748323,2.2705332,2.2587718
2022-03-11,WMT,5.0063833,5.0576741,5.0291121
2022-03-14,AAPL,62.493407,63.717177,61.937887
2022-03-14,AMGN,9.2792538,9.249511,9.2210774
2022-03-14,CRM,21.345814,22.072626,21.26072
2022-03-14,CSCO,37.344841,37.761329,36.696219
2022-03-14,IBM,18.779601,18.96641,18.620037
2022-03-14,INTC,27.15497,27.162244,27.238734
2022-03-14,MSFT,181.31117,182.59636,179.5151
2022-03-14,NKE,8.1206889,8.22471,8.0977434
2022-03-14,VZ,2.2454362,2.2308616,2.2148381
2022-03-14,WMT,5.0182798,5.0216592,4.9246832
2022-03-15,AAPL,65.46823,66.76975,65.161419
2022-03-15,AMGN,9.0496736,9.0873994,8.956802
2022-03-15,CRM,21.402232,21.54771,20.57439
2022-03-15,CSCO,38.641041,39.771813,38.534973
2022-03-15,IBM,18.356263,18.631268,18.156725
2022-03-15,INTC,26.520021,27.08251,25.980264
2022-03-15,MSFT,182.90692,184.92405,177.73463
2022-03-15,NKE,7.7519879,7.8485665,7.7297233
2022-03-15,VZ,2.1962865,2.2336416,2.1935329
2022-03-15,WMT,5.1163737,5.0941452,5.082698
2022-03-16,AAPL,65.11477,66.686058,64.505597
2022-03-16,AMGN,8.9678491,8.8952413,8.9777335
2022-03-16,CRM,20.535052,20.64775,19.891003
2022-03-16,CSCO,39.516663,39.222763,39.164407
2022-03-16,IBM,18.087875,18.382407,17.952984
2022-03-16,INTC,26.632287,26.659409,26.04866
2022-03-16,MSFT,180.06671,180.76543,176.64829
2022-03-16,NKE,7.5220158,7.6582344,7.4642992
2022-03-16,VZ,2.2224522,2.2264538,2.1761111
2022-03-16,WMT,5.0795183,5.0776523,5.0674459
2022-03-17,AAPL,66.435839,66.652579,65.052136
2022-03-17,AMGN,8.9056416,8.9701338,8.7593419
2022-03-17,CRM,20.34472,20.571642,19.638927
2022-03-17,CSCO,38.490702,38.92287,38.471681
2022-03-17,IBM,18.059399,18.349201,17.940897
2022-03-17,INTC,26.660349,26.984744,26.527944
2022-03-17,MSFT,178.01438,178.34394,174.67277
2022-03-17,NKE,7.5692549,7.6732822,7.427611
2022-03-17,VZ,2.1737888,2.1833444,2.1397026
2022-03-17,WMT,5.0869362,5.1406792,4.9991741
2022-03-18,AAPL,66.536636,67.169211,64.460717
2022-03-18,AMGN,8.5208745,8.5579398,8.4771965
2022-03-18,CRM,20.449661,20.596684,20.102537
2022-03-18,CSCO,40.239484,41.425685,39.215725
2022-03-18,IBM,17.790942,17.979052,17.725144
2022-03-18,INTC,26.340322,26.341738,26.38816
2022-03-18,MSFT,176.22992,178.38621,173.78241
2022-03-18,NKE,7.5383826,7.7060069,7.4556767
2022-03-18,VZ,2.1238039,2.1453541,2.1460792
2022-03-18,WMT,5.0796658,5.1214246,5.0066902
2022-03-21,AAPL,66.55969,67.305671,66.628411
2022-03-21,AMGN,8.3359474,8.474687,8.0737916
2022-03-21,CRM,20.128588,20.519831,20.115702
2022-03-21,CSCO,41.426322,41.414497,40.522632
2022-03-21,IBM,17.596577,17.907756,17.466997
2022-03-21,INTC,26.021315,26.922627,25.593375
2022-03-21,MSFT,178.22041,176.82075,175.77439
2022-03-21,NKE,7.6419573,7.760083,7.6363962
2022-03-21,VZ,2.1888699,2.2372008,2.2125202
2022-03-21,WMT,4.9817058,5.0379092,4.9022825
2022-03-22,AAPL,65.759473,67.013892,66.307883
2022-03-22,AMGN,8.1780237,8.1296567,8.1444001
2022-03-22,CRM,19.869233,20.27404,19.181696
2022-03-22,CSCO,41.992616,41.814565,40.734768
2022-03-22,IBM,17.456431,17.527821,17.393965
2022-03-22,INTC,25.969533,26.221256,26.218755
2022-03-22,MSFT,177.75941,181.66833,175.84911
2022-03-22,NKE,7.5811807,7.5763194,7.5924468
2022-03-22,VZ,2.1601328,2.1655824,2.1507944
2022-03-22,WMT,4.9536363,4.9690447,4.9109444
2022-03-23,AAPL,67.342147,66.142399,67.597552
2022-03-23,AMGN,7.9262067,7.9360145,7.7593073
2022-03-23,CRM,18.742534,19.374177,18.649658
2022-03-23,CSCO,41.06882,41.274434,40.238087
2022-03-23,IBM,17.460396,17.798595,17.34677
2022-03-23,INTC,26.716581,26.846728,26.647984
2022-03-23,MSFT,174.52103,176.25558,171.38529
2022-03-23,NKE,7.5282707,7.6028094,7.4006247
2022-03-23,VZ,2.1686752,2.2141678,2.1398155
2022-03-23,WMT,4.9724282,5.0482587,4.9688325
2022-03-24,AAPL,64.957874,65.758305,62.984712
2022-03-24,AMGN,7.9994424,8.3111053,7.8095724
2022-03-24,CRM,19.605115,20.092403,19.387467
2022-03-24,CSCO,40.672208,41.178702,40.674307
2022-03-24,IBM,17.257376,17.28496,17.262529
2022-03-24,INTC,26.775497,26.828633,26.421293
2022-03-24,MSFT,177.58545,179.80212,178.60144
2022-03-24,NKE,7.4924282,7.5833267,7.3396314
2022-03-24,VZ,2.0978407,2.1223517,2.1177997
2022-03-24,WMT,4.9071239,4.9327961,4.8903933
2022-03-25,AAPL,65.141981,66.233022,65.501564
2022-03-25,AMGN,7.9902606,8.084186,8.0175358
2022-03-25,CRM,20.196664,20.144379,20.616281
2022-03-25,CSCO,40.55151,40.519684,40.697795
2022-03-25,IBM,17.340328,17.529292,17.097174
2022-03-25,INTC,27.009752,27.210481,26.948836
2022-03-25,MSFT,179.3043,180.30866,173.82309
2022-03-25,NKE,7.4818317,7.578498,7.3724067
2022-03-25,VZ,2.0924996,2.1216944,2.051165
2022-03-25,WMT,4.8586874,4.8707898,4.8067942
2022-03-28,AAPL,66.911079,66.900087,66.479143
2022-03-28,AMGN,7.7970973,7.933216,7.8087568
2022-03-28,CRM,20.152149,19.997529,19.930182
2022-03-28,CSCO,40.684623,40.528276,40.216808
2022-03-28,IBM,16.827687,17.133312,16.640454
2022-03-28,INTC,27.115633,27.692302,26.407107
2022-03-28,MSFT,175.54041,177.09873,176.45948
2022-03-28,NKE,7.4432627,7.5609,7.4201426
2022-03-28,VZ,2.1086168,2.123949,2.0699295
2022-03-28,WMT,4.8676895,4.8649436,4.7999373
2022-03-29,AAPL,66.51383,67.553267,66.734963
2022-03-29,AMGN,7.9280288,8.0689348,7.7973945
2022-03-29,CRM,19.737585,20.379937,19.61778
2022-03-29,CSCO,40.843369,41.007534,40.351381
2022-03-29,IBM,17.045456,17.331934,16.909851
2022-03-29,INTC,27.456001,28.427489,27.001065
2022-03-29,MSFT,173.4553,174.57124,171.83237
2022-03-29,NKE,7.4151347,7.492073,7.1944258
2022-03-29,VZ,2.0910513,2.1129131,2.0743311
2022-03-29,WMT,4.9334477,4.9621964,4.9427081
2022-03-30,AAPL,64.972842,65.542421,63.994536
2022-03-30,AMGN,7.9269124,8.0813805,7.8725771
2022-03-30,CRM,19.037459,19.73341,18.490978
2022-03-30,CSCO,40.768969,41.188396,39.507539
2022-03-30,IBM,16.982734,17.092982,16.844564
2022-03-30,INTC,27.656765,27.851278,26.663595
2022-03-30,MSFT,171.36396,170.24212,171.481
2022-03-30,NKE,7.3701778,7.5137435,7.2366117
2022-03-30,VZ,2.0592557,2.0737892,2.0323151
2022-03-30,WMT,4.9547763,4.9354672,4.8703029
2022-03-31,AAPL,63.499868,63.535226,63.059224
2022-03-31,AMGN,7.8433423,7.9269845,7.6130885
2022-03-31,CRM,18.654843,19.503212,18.123839
2022-03-31,CSCO,40.259138,40.822322,38.884449
2022-03-31,IBM,16.63579,16.610993,16.629566
2022-03-31,INTC,26.827047,27.393326,26.742558
2022-03-31,MSFT,170.47519,173.05258,169.93538
2022-03-31,NKE,7.3513711,7.3781042,7.3134132
2022-03-31,VZ,2.0390506,2.0714973,2.0076928
2022-03-31,WMT,4.9051247,4.9997982,4.9169165
2022-04-01,AAPL,62.272385,62.94339,63.130446
2022-04-01,AMGN,7.741273,7.8395029,7.7584331
2022-04-01,CRM,18.792868,19.287933,18.153845
2022-04-01,CSCO,39.139333,40.30076,38.266971
2022-04-01,IBM,16.4071,16.714938,16.201072
2022-04-01,INTC,26.789761,27.155849,26.378077
2022-04-01,MSFT,167.45016,167.90118,167.0032
2022-04-01,NKE,7.3815606,7.4594617,7.2801023
2022-04-01,VZ,2.0464427,2.0725451,2.0257424
2022-04-01,WMT,4.9043283,5.0280613,4.8306451
2022-04-04,AAPL,63.196845,62.714364,62.113506
2022-04-04,AMGN,7.7125934,8.0361136,7.7528315
2022-04-04,CRM,18.259024,18.022121,18.223756
2022-04-04,CSCO,38.291296,38.915169,37.515136
2022-04-04,IBM,16.573672,16.514667,16.537718
2022-04-04,INTC,26.598328,27.101915,26.43531
2022-04-04,MSFT,170.16439,173.23128,168.10574
2022-04-04,NKE,7.472284,7.579224,7.2881401
2022-04-04,VZ,2.0382053,2.0760459,2.0376486
2022-04-04,WMT,4.9086729,4.9693762,4.8494495
2022-04-05,AAPL,63.160428,64.654084,61.215769
2022-04-05,AMGN,7.42543,7.4941413,7.3344109
2022-04-05,CRM,17.708343,18.203364,17.294247
2022-04-05,CSCO,39.283836,40.393463,39.337611
2022-04-05,IBM,16.706535,16.929346,16.318766
2022-04-05,INTC,25.856775,25.62931,25.511882
2022-04-05,MSFT,171.83804,173.38495,168.81129
2022-04-05,NKE,7.3471563,7.4741335,7.2600045
2022-04-05,VZ,2.0403995,2.0702203,2.0373979
2022-04-05,WMT,4.8878614,4.8947428,4.8582453
2022-04-06,AAPL,62.344219,62.598156,61.354695
2022-04-06,AMGN,7.5200534,7.449091,7.386324
2022-04-06,CRM,17.490822,18.186665,17.521889
2022-04-06,CSCO,39.70447,39.823423,39.228926
2022-04-06,IBM,16.757067,16.843285,16.506087
2022-04-06,INTC,25.599483,25.790824,25.492446
2022-04-06,MSFT,170.78154,173.34696,169.02145
2022-04-06,NKE,7.3002175,7.3997006,7.3423343
2022-04-06,VZ,2.0138916,2.0213457,1.9693895
2022-04-06,WMT,4.8327289,4.9122056,4.8164853
2022-04-07,AAPL,62.255943,62.35755,60.960018
2022-04-07,AMGN,7.5632069,7.7556625,7.4826391
2022-04-07,CRM,17.073365,17.230494,16.443981
2022-04-07,CSCO,39.408807,40.513503,39.010134
2022-04-07,IBM,16.139883,16.133991,16.137706
2022-04-07,INTC,25.305051,25.563576,24.791249
2022-04-07,MSFT,174.20027,176.86313,174.4277
2022-04-07,NKE,7.4030683,7.450116,7.2947983
2022-04-07,VZ,2.0201258,2.0214941,1.99191
2022-04-07,WMT,4.8272291,4.8934445,4.7451327
2022-04-08,AAPL,63.027349,63.091378,61.854
2022-04-08,AMGN,7.7247056,7.9261043,7.7159584
2022-04-08,CRM,17.161395,17.357585,16.599834
2022-04-08,CSCO,39.685944,39.973447,38.603702
2022-04-08,IBM,16.389028,16.694467,16.130466
2022-04-08,INTC,25.08749,25.375804,25.164526
2022-04-08,MSFT,176.39501,178.33814,173.97041
2022-04-08,NKE,7.1606008,7.3145391,7.1614655
2022-04-08,VZ,2.0242656,2.0867838,2.0027242
2022-04-08,WMT,4.8078234,4.8447157,4.8334495
2022-04-11,AAPL,64.370584,65.698925,62.280767
2022-04-11,AMGN,7.6135958,7.5774288,7.4698229
2022-04-11,CRM,17.091722,17.200381,16.593498
2022-04-11,CSCO,39.405892,39.936189,38.706117
2022-04-11,IBM,16.001321,15.960335,15.978162
2022-04-11,INTC,24.466039,24.129339,24.060482
2022-04-11,MSFT,176.61119,176.42036,177.85616
2022-04-11,NKE,7.0339957,7.1334783,6.9288175
2022-04-11,VZ,1.9833057,1.9959764,1.9629589
2022-04-11,WMT,4.8105022,4.8173854,4.7336998
2022-04-12,AAPL,64.358281,64.652975,63.688115
2022-04-12,AMGN,7.7664984,7.9406283,7.7701962
2022-04-12,CRM,16.630213,16.866566,16.018032
2022-04-12,CSCO,40.135713,40.806048,40.135436
2022-04-12,IBM,16.095673,16.464257,15.870249
2022-04-12,INTC,24.002088,24.156114,23.491154
2022-04-12,MSFT,175.97517,179.66272,173.68705
2022-04-12,NKE,6.978831,7.0615351,6.8600813
2022-04-12,VZ,1.9272157,1.9631864,1.947516
2022-04-12,WMT,4.7356588,4.8029061,4.6907907
2022-04-13,AAPL,63.761064,64.186624,64.361149
2022-04-13,AMGN,7.6092333,7.8795356,7.4022419
2022-04-13,CRM,16.263116,16.830146,15.901175
2022-04-13,CSCO,40.442512,40.781307,40.435292
2022-04-13,IBM,15.975175,16.215208,15.735468
2022-04-13,INTC,24.376938,24.522669,24.22872
2022-04-13,MSFT,175.71781,175.03735,176.1124
2022-04-13,NKE,6.9918941,7.0685952,6.9352579
2022-04-13,VZ,1.9294281,1.9462389,1.9232164
2022-04-13,WMT,4.7146835,4.7041808,4.7019236
2022-04-14,AAPL,63.266931,64.679775,61.519482
2022-04-14,AMGN,7.7632163,7.9047283,7.7660305
2022-04-14,CRM,16.168349,16.908294,15.752828
2022-04-14,CSCO,41.948639,42.594431,42.015158
2022-04-14,IBM,16.264763,16.414646,16.232218
2022-04-14,INTC,24.444077,25.31369,24.423884
2022-04-14,MSFT,172.99389,171.84618,171.46829
2022-04-14,NKE,6.8009695,6.9231,6.7106589
2022-04-14,VZ,1.8909569,1.9475724,1.8959973
2022-04-14,WMT,4.7349434,4.8097019,4.6714231
2022-04-18,AAPL,63.032171,63.896148,63.068148
2022-04-18,AMGN,7.7409905,7.8256646,7.697619
2022-04-18,CRM,15.965206,16.012242,15.602967
2022-04-18,CSCO,43.494456,44.184053,43.091526
2022-04-18,IBM,16.416834,16.593668,16.219746
2022-04-18,INTC,24.594301,25.311246,24.603088
2022-04-18,MSFT,170.74649,172.94595,168.77762
2022-04-18,NKE,6.7918695,6.9619455,6.6270418
2022-04-18,VZ,1.8881209,1.8952483,1.884187
2022-04-18,WMT,4.680957,4.6268238,4.6574643
2022-04-19,AAPL,62.335378,64.556759,62.853858
2022-04-19,AMGN,7.7006629,7.7400612,7.5911897
2022-04-19,CRM,16.148024,16.377387,15.93415
2022-04-19,CSCO,44.106521,44.79273,44.422732
2022-04-19,IBM,16.463641,16.601075,16.492984
2022-04-19,INTC,24.56017,24.71867,24.106401
2022-04-19,MSFT,169.1656,172.14496,164.54768
2022-04-19,NKE,6.7495787,6.9918379,6.6593149
2022-04-19,VZ,1.8635626,1.8791264,1.8413532
2022-04-19,WMT,4.5479985,4.517729,4.5307024
2022-04-20,AAPL,63.835442,64.916601,62.424715
2022-04-20,AMGN,7.7355278,7.7328416,7.7403728
2022-04-20,CRM,15.117554,15.609832,14.601563
2022-04-20,CSCO,43.354809,43.706139,43.164644
2022-04-20,IBM,16.455353,16.556536,16.459686
2022-04-20,INTC,24.976678,24.998678,24.734626
2022-04-20,MSFT,168.24333,170.11716,165.92666
2022-04-20,NKE,6.7500511,6.8602513,6.780581
2022-04-20,VZ,1.8985814,1.8941368,1.9076516
2022-04-20,WMT,4.5634713,4.5562241,4.6066242
2022-04-21,AAPL,65.425895,66.166711,64.24271
2022-04-21,AMGN,7.7644989,7.7097312,7.7290036
2022-04-21,CRM,14.06559,14.427632,14.036513
2022-04-21,CSCO,42.899911,43.261833,42.362074
2022-04-21,IBM,16.475454,16.693567,16.572292
2022-04-21,INTC,24.390669,24.495081,23.853127
2022-04-21,MSFT,166.48919,167.63518,164.00339
2022-04-21,NKE,6.6999937,6.7322676,6.6572144
2022-04-21,VZ,1.9051151,1.9481922,1.919434
2022-04-21,WMT,4.6433072,4.6908157,4.5696834
2022-04-22,AAPL,66.230488,68.721294,65.73226
2022-04-22,AMGN,7.6215597,7.7866788,7.7042042
2022-04-22,CRM,13.451705,13.45084,13.168969
2022-04-22,CSCO,42.567178,43.113706,41.799372
2022-04-22,IBM,16.359705,16.383158,16.166325
2022-04-22,INTC,24.358105,24.711978,23.75118
2022-04-22,MSFT,167.51776,168.63427,164.38958
2022-04-22,NKE,6.6648216,6.7772351,6.7542507
2022-04-22,VZ,1.9250088,1.9286057,1.9068955
2022-04-22,WMT,4.6066046,4.67978,4.5165844
2022-04-25,AAPL,67.206187,67.44724,65.131899
2022-04-25,AMGN,7.5406933,7.6302789,7.5045999
2022-04-25,CRM,13.292839,13.7278,13.095039
2022-04-25,CSCO,43.288701,43.88525,42.513292
2022-04-25,IBM,16.260016,16.061889,16.008016
2022-04-25,INTC,23.755301,24.152352,23.693279
2022-04-25,MSFT,163.26537,165.6035,164.08767
2022-04-25,NKE,6.6183833,6.7336175,6.4604554
2022-04-25,VZ,1.9396523,1.9708979,1.9407724
2022-04-25,WMT,4.5215264,4.5865448,4.4260204
2022-04-26,AAPL,67.45488,67.936856,67.617988
2022-04-26,AMGN,7.6560244,7.7400821,7.7585992
2022-04-26,CRM,13.388503,13.432725,13.018109
2022-04-26,CSCO,43.534544,44.026463,42.643687
2022-04-26,IBM,16.491532,16.883292,16.488771
2022-04-26,INTC,23.329298,23.383932,22.930622
2022-04-26,MSFT,163.702,166.65533,164.70141
2022-04-26,NKE,6.5806171,6.6241983,6.5875534
2022-04-26,VZ,1.9702512,2.0000034,1.9243746
2022-04-26,WMT,4.4995364,4.5583931,4.4772477
2022-04-27,AAPL,66.327823,67.096484,65.008317
2022-04-27,AMGN,7.8443292,7.9517657,7.6979301
2022-04-27,CRM,13.425289,13.564715,13.274481
2022-04-27,CSCO,43.150629,43.933781,43.070998
2022-04-27,IBM,16.164292,16.286327,16.011001
2022-04-27,INTC,22.528714,22.793431,22.241093
2022-04-27,MSFT,166.23319,166.43932,161.39706
2022-04-27,NKE,6.4464902,6.5933808,6.3282823
2022-04-27,VZ,2.0125332,2.0693402,2.0272516
2022-04-27,WMT,4.5114862,4.5679945,4.5003841
2022-04-28,AAPL,66.53119,67.509726,63.944172
2022-04-28,AMGN,7.6908165,7.6487529,7.6436618
2022-04-28,CRM,13.242625,13.428487,13.048995
2022-04-28,CSCO,43.455096,43.401255,43.338722
2022-04-28,IBM,15.862925,16.079487,15.722153
2022-04-28,INTC,22.436219,22.338389,22.170078
2022-04-28,MSFT,164.77823,168.79334,162.00725
2022-04-28,NKE,6.4829641,6.4420397,6.4954113
2022-04-28,VZ,1.9942894,2.0419043,1.9551402
2022-04-28,WMT,4.5198417,4.567072,4.5247266
2022-04-29,AAPL,66.915711,66.365412,66.178001
2022-04-29,AMGN,7.6578494,7.826455,7.6220871
2022-04-29,CRM,12.761207,13.06491,12.400216
2022-04-29,CSCO,41.554382,42.615577,40.631075
2022-04-29,IBM,15.820731,15.616285,15.692986
2022-04-29,INTC,22.249074,22.358731,22.094044
2022-04-29,MSFT,163.22439,160.81231,160.24076
2022-04-29,NKE,6.2730196,6.4251824,6.2352489
2022-04-29,VZ,1.9978676,1.9964874,1.9888384
2022-04-29,WMT,4.463492,4.4903705,4.4036015
2022-05-02,AAPL,67.342257,67.615893,65.78687
2022-05-02,AMGN,7.4487258,7.4824815,7.4792822
2022-05-02,CRM,12.229105,12.219775,11.838485
2022-05-02,CSCO,42.066799,42.476043,41.797966
2022-05-02,IBM,16.220977,16.484007,16.376581
2022-05-02,INTC,22.025612,22.409913,21.885445
2022-05-02,MSFT,161.19006,165.78668,161.17269
2022-05-02,NKE,6.2250402,6.2225542,6.2087741
2022-05-02,VZ,2.032974,2.0546943,1.9867285
2022-05-02,WMT,4.4299807,4.5504249,4.3512832
2022-05-03,AAPL,67.41297,67.887551,66.556635
2022-05-03,AMGN,7.5363957,7.4580392,7.3489257
2022-05-03,CRM,12.03606,12.322727,12.019195
2022-05-03,CSCO,42.03796,42.359035,42.35474
2022-05-03,IBM,16.174274,16.32929,16.158801
2022-05-03,INTC,21.781775,22.112134,21.881892
2022-05-03,MSFT,159.1001,163.94158,158.61422
2022-05-03,NKE,6.2136614,6.3296962,6.1230599
2022-05-03,VZ,2.0529554,2.0732054,2.0524512
2022-05-03,WMT,4.5175211,4.5796492,4.5039227
2022-05-04,AAPL,64.937624,65.797877,64.457459
2022-05-04,AMGN,7.5034735,7.5220233,7.4627575
2022-05-04,CRM,11.727125,12.177717,11.776257
2022-05-04,CSCO,41.005759,41.519042,40.730474
2022-05-04,IBM,16.36015,16.454265,16.183954
2022-05-04,INTC,21.290059,21.631554,20.949971
2022-05-04,MSFT,156.68685,156.97555,154.16334
2022-05-04,NKE,6.206734,6.3060212,6.0863266
2022-05-04,VZ,2.0880472,2.1011021,2.1022184
2022-05-04,WMT,4.5032392,4.5887301,4.4667314
2022-05-05,AAPL,65.449901,66.672379,64.468275
2022-05-05,AMGN,7.5499326,7.6550993,7.4082071
2022-05-05,CRM,11.447996,11.604943,10.94117
2022-05-05,CSCO,41.294728,41.182,41.820331
2022-05-05,IBM,16.646835,16.910292,16.498908
2022-05-05,INTC,20.673949,20.805991,20.069447
2022-05-05,MSFT,150.55313,153.47273,148.7765
2022-05-05,NKE,6.0752005,6.052183,5.8938282
2022-05-05,VZ,2.0222898,2.0401639,2.0389168
2022-05-05,WMT,4.3555857,4.3505734,4.3319947
2022-05-06,AAPL,66.284881,66.031878,65.443785
2022-05-06,AMGN,7.4811999,7.5376713,7.4346357
2022-05-06,CRM,11.23378,11.627237,10.894163
2022-05-06,CSCO,41.474543,41.863178,42.128556
2022-05-06,IBM,16.322415,16.340133,16.246612
2022-05-06,INTC,20.335278,20.648743,20.36016
2022-05-06,MSFT,149.30796,151.55672,147.61837
2022-05-06,NKE,6.0365938,6.1639396,6.0156565
2022-05-06,VZ,2.0326912,2.0814897,2.0338053
2022-05-06,WMT,4.377878,4.4098126,4.2775106
2022-05-09,AAPL,65.819615,66.043407,65.55109
2022-05-09,AMGN,7.0972363,7.3660403,6.9989567
2022-05-09,CRM,11.356481,11.341914,11.144652
2022-05-09,CSCO,42.208858,42.490346,41.573255
2022-05-09,IBM,16.279694,16.658938,16.106307
2022-05-09,INTC,20.140185,20.325772,19.950328
2022-05-09,MSFT,151.57904,151.97456,144.63498
2022-05-09,NKE,5.9332206,6.0130417,5.8563518
2022-05-09,VZ,2.008738,2.0304814,2.0450983
2022-05-09,WMT,4.2838888,4.3438185,4.2308992
2022-05-10,AAPL,64.403013,67.211765,64.185262
2022-05-10,AMGN,7.1404281,7.2484835,7.0580454
2022-05-10,CRM,11.506473,11.708942,11.339233
2022-05-10,CSCO,43.141942,43.29283,42.893649
2022-05-10,IBM,16.40265,16.493152,16.328561
2022-05-10,INTC,20.238717,20.310729,20.043373
2022-05-10,MSFT,149.20965,151.43374,146.42266
2022-05-10,NKE,5.8920624,5.955179,5.8281176
2022-05-10,VZ,2.0272902,2.0330998,2.0381377
2022-05-10,WMT,4.3048727,4.3375285,4.2153532
2022-05-11,AAPL,62.957297,62.540944,62.243562
2022-05-11,AMGN,7.3031668,7.3878889,7.2248585
2022-05-11,CRM,11.748259,11.574863,11.361988
2022-05-11,CSCO,44.18965,44.371875,44.449796
2022-05-11,IBM,15.917155,15.828695,15.887782
2022-05-11,INTC,19.819989,20.498198,19.632477
2022-05-11,MSFT,146.65428,148.93143,144.8403
2022-05-11,NKE,5.7363966,5.8399075,5.6953137
2022-05-11,VZ,2.0284485,2.0369636,2.0180674
2022-05-11,WMT,4.2682904,4.2642887,4.2524058
2022-05-12,AAPL,63.547703,65.564113,63.83795
2022-05-12,AMGN,7.2355129,7.3260882,7.144426
2022-05-12,CRM,11.474283,11.99264,11.287532
2022-05-12,CSCO,44.799971,45.322472,43.818919
2022-05-12,IBM,15.971614,16.267797,15.8403
2022-05-12,INTC,19.660906,19.989612,19.495002
2022-05-12,MSFT,150.07397,149.75974,149.92383
2022-05-12,NKE,5.6353865,5.711804,5.6485408
2022-05-12,VZ,2.0144426,2.0111686,2.0154802
2022-05-12,WMT,4.2745123,4.3002854,4.2351142
2022-05-13,AAPL,61.306861,62.042585,62.017679
2022-05-13,AMGN,7.3483109,7.50631,7.3013628
2022-05-13,CRM,11.476478,11.524965,11.336977
2022-05-13,CSCO,43.63942,43.588708,42.554722
2022-05-13,IBM,15.961692,16.07858,15.984609
2022-05-13,INTC,19.545781,19.865091,18.991922
2022-05-13,MSFT,145.2835,146.21245,141.69268
2022-05-13,NKE,5.6558,5.7613862,5.514742
2022-05-13,VZ,2.0161282,2.0411167,1.9595732
2022-05-13,WMT,4.24978,4.2671122,4.2587875
2022-05-16,AAPL,61.783706,63.145198,62.198381
2022-05-16,AMGN,7.295038,7.3576744,7.1845607
2022-05-16,CRM,11.56092,11.898973,11.363566
2022-05-16,CSCO,42.155922,41.525046,41.817086
2022-05-16,IBM,15.953072,16.125783,15.960203
2022-05-16,INTC,19.974098,20.297339,19.916444
2022-05-16,MSFT,143.42324,143.71903,143.63903
2022-05-16,NKE,5.6529348,5.641033,5.4420426
2022-05-16,VZ,2.0516831,2.0769954,2.0267335
2022-05-16,WMT,4.1427714,4.2039391,4.0869167
2022-05-17,AAPL,62.175846,61.807855,61.143986
2022-05-17,AMGN,7.3799246,7.5324285,7.3470886
2022-05-17,CRM,11.678814,11.825742,11.549822
2022-05-17,CSCO,41.345628,41.392299,41.268091
2022-05-17,IBM,16.199678,16.303892,16.030705
2022-05-17,INTC,20.395762,21.084793,19.882357
2022-05-17,MSFT,143.15755,146.3964,141.06716
2022-05-17,NKE,5.4622512,5.5678054,5.4670664
2022-05-17,VZ,2.0465208,2.0584594,2.0327612
2022-05-17,WMT,4.0623555,4.0717257,4.0025125
2022-05-18,AAPL,61.810096,61.768354,62.308232
2022-05-18,AMGN,7.2205608,7.3787887,7.1435987
2022-05-18,CRM,12.161688,12.153963,12.049943
2022-05-18,CSCO,42.125837,42.51042,41.130289
2022-05-18,IBM,16.407194,16.412665,16.22578
2022-05-18,INTC,19.823008,20.271257,19.949126
2022-05-18,MSFT,145.26613,146.26006,144.52789
2022-05-18,NKE,5.544915,5.6113374,5.5339294
2022-05-18,VZ,2.0056844,2.0180205,1.9735437
2022-05-18,WMT,4.0043462,3.9853276,3.9292007
2022-05-19,AAPL,63.882237,64.618193,62.026622
2022-05-19,AMGN,7.4514251,7.6417709,7.3836677
2022-05-19,CRM,12.234199,12.327257,11.795968
2022-05-19,CSCO,41.773553,41.646697,42.041272
2022-05-19,IBM,16.140571,16.324745,15.692236
2022-05-19,INTC,19.776265,19.873303,19.745824
2022-05-19,MSFT,142.57242,146.12641,141.8334
2022-05-19,NKE,5.6660819,5.6812478,5.5671336
2022-05-19,VZ,1.9743386,1.9901792,1.9660611
2022-05-19,WMT,3.9488841,3.9928106,3.943874
2022-05-20,AAPL,61.607951,61.118909,60.152003
2022-05-20,AMGN,7.2195349,7.3066132,7.1051392
2022-05-20,CRM,11.897025,11.886838,11.462545
2022-05-20,CSCO,40.285932,40.174246,38.880491
2022-05-20,IBM,16.6668,16.94904,16.270077
2022-05-20,INTC,19.367108,19.945032,19.090185
2022-05-20,MSFT,139.11018,141.39803,136.96806
2022-05-20,NKE,5.8134814,5.8453991,5.7741341
2022-05-20,VZ,1.9568445,1.9767185,1.9456766
2022-05-20,WMT,3.9394779,3.9743455,3.9112689
2022-05-23,AAPL,59.741758,62.15475,58.702976
2022-05-23,AMGN,7.3868237,7.5442341,7.363193
2022-05-23,CRM,12.388342,12.911053,12.396997
2022-05-23,CSCO,41.851427,42.552492,41.772053
2022-05-23,IBM,17.114744,17.171148,16.863362
2022-05-23,INTC,19.142842,19.266204,18.844216
2022-05-23,MSFT,139.17093,141.27935,137.32876
2022-05-23,NKE,6.0352467,6.1764633,6.0284374
2022-05-23,VZ,2.0084095,2.0161818,2.0021156
2022-05-23,WMT,3.8903496,3.9138426,3.839119
2022-05-24,AAPL,60.857077,61.956821,60.297882
2022-05-24,AMGN,7.2265974,7.3766237,7.105611
2022-05-24,CRM,11.921097,12.386292,11.494397
2022-05-24,CSCO,41.166753,41.433861,40.290361
2022-05-24,IBM,17.064023,17.200721,17.028313
2022-05-24,INTC,18.97945,19.569881,18.606876
2022-05-24,MSFT,140.52255,143.38287,139.46771
2022-05-24,NKE,5.8299983,5.904267,5.7614076
2022-05-24,VZ,2.0078081,2.0686521,1.9991592
2022-05-24,WMT,3.8340231,3.8541955,3.868178
2022-05-25,AAPL,61.494169,61.628181,61.994495
2022-05-25,AMGN,7.0246195,7.1959239,6.9475791
2022-05-25,CRM,11.815361,11.751551,11.597526
2022-05-25,CSCO,40.127341,41.036292,39.673903
2022-05-25,IBM,17.078052,17.144515,16.891802
2022-05-25,INTC,19.153791,19.429735,18.866611
2022-05-25,MSFT,138.55215,140.26842,137.60188
2022-05-25,NKE,5.7938424,5.8102447,5.8152224
2022-05-25,VZ,1.9743199,1.9867493,1.9374009
2022-05-25,WMT,3.7562039,3.7909006,3.7012828
2022-05-26,AAPL,60.650357,61.879067,60.276269
2022-05-26,AMGN,6.816939,6.8252775,6.6533492
2022-05-26,CRM,11.92759,12.57099,11.863125
2022-05-26,CSCO,39.436105,39.676465,38.373342
2022-05-26,IBM,16.84121,16.981142,16.701739
2022-05-26,INTC,18.997804,19.144938,18.817703
2022-05-26,MSFT,136.14679,136.94366,135.36741
2022-05-26,NKE,5.6990352,5.6789626,5.7087041
2022-05-26,VZ,1.9451163,1.9724675,1.9534537
2022-05-26,WMT,3.7589697,3.7781616,3.7195888
2022-05-27,AAPL,59.859443,60.07396,59.385473
2022-05-27,AMGN,6.8889716,7.0171171,6.8632384
2022-05-27,CRM,11.660793,11.653008,11.349244
2022-05-27,CSCO,39.452153,40.136693,38.660576
2022-05-27,IBM,17.07543,17.422981,17.179247
2022-05-27,INTC,18.769814,18.81558,18.56208
2022-05-27,MSFT,135.14793,138.21557,134.8742
2022-05-27,NKE,5.7023443,5.83867,5.5936069
2022-05-27,VZ,1.92637,1.9204582,1.8824136
2022-05-27,WMT,3.6936911,3.730963,3.6136775
2022-05-31,AAPL,60.200332,60.800426,59.152583
2022-05-31,AMGN,6.8839866,7.0094765,6.7820313
2022-05-31,CRM,11.292037,11.737724,11.251374
2022-05-31,CSCO,38.873154,39.088192,38.918906
2022-05-31,IBM,16.990166,17.253973,16.868304
2022-05-31,INTC,18.829455,18.651946,18.264772
2022-05-31,MSFT,134.85995,138.4727,132.30057
2022-05-31,NKE,5.5927327,5.7434375,5.4407364
2022-05-31,VZ,1.8782152,1.882408,1.8614055
2022-05-31,WMT,3.7508516,3.8020496,3.7108284
2022-06-01,AAPL,60.225817,62.593206,60.969431
2022-06-01,AMGN,6.5693505,6.6918974,6.509691
2022-06-01,CRM,11.114299,11.295445,11.043501
2022-06-01,CSCO,39.059047,39.842942,38.310626
2022-06-01,IBM,17.253054,17.606105,17.310311
2022-06-01,INTC,19.415483,19.355294,18.93942
2022-06-01,MSFT,132.53407,134.49257,131.37734
2022-06-01,NKE,5.4816244,5.5806982,5.4563532
2022-06-01,VZ,1.8645517,1.8864077,1.8601776
2022-06-01,WMT,3.7298887,3.8116829,3.6849025
2022-06-02,AAPL,58.780939,59.475531,57.907441
2022-06-02,AMGN,6.453519,6.6635879,6.5090308
2022-06-02,CRM,10.914177,11.111839,10.527813
2022-06-02,CSCO,37.92745,38.209991,37.203402
2022-06-02,IBM,17.001097,17.231833,16.846351
2022-06-02,INTC,18.93813,19.196883,18.503165
2022-06-02,MSFT,133.23886,135.06171,133.82104
2022-06-02,NKE,5.5990802,5.6304442,5.5297185
2022-06-02,VZ,1.8874552,1.9009004,1.885657
2022-06-02,WMT,3.7058404,3.7266094,3.7156199
2022-06-03,AAPL,56.651865,57.761824,56.986126
2022-06-03,AMGN,6.2664469,6.4455364,6.148496
2022-06-03,CRM,10.495018,10.846233,10.320932
2022-06-03,CSCO,38.613511,38.439639,37.735555
2022-06-03,IBM,16.921317,17.150987,16.846483
2022-06-03,INTC,18.504984,18.461252,18.313398
2022-06-03,MSFT,133.02924,135.08473,130.31409
2022-06-03,NKE,5.4834967,5.6146034,5.2708677
2022-06-03,VZ,1.8798858,1.9099329,1.8683602
2022-06-03,WMT,3.6959766,3.7073444,3.7163792
2022-06-06,AAPL,57.204885,58.461542,56.724796
2022-06-06,AMGN,6.1324552,6.2984332,6.1161152
2022-06-06,CRM,10.708639,10.963995,10.583495
2022-06-06,CSCO,37.489254,38.138284,36.371559
2022-06-06,IBM,16.675292,16.721988,16.289441
2022-06-06,INTC,18.115548,18.541848,17.965726
2022-06-06,MSFT,129.46179,129.13784,129.30277
2022-06-06,NKE,5.6059905,5.8220768,5.486794
2022-06-06,VZ,1.8247549,1.8515328,1.8286587
2022-06-06,WMT,3.7244678,3.7533557,3.7176295
2022-06-07,AAPL,58.011714,59.326323,56.647072
2022-06-07,AMGN,6.1648302,6.248688,6.1329743
2022-06-07,CRM,10.296569,10.186724,10.266684
2022-06-07,CSCO,37.629332,37.945659,36.564007
2022-06-07,IBM,16.91507,17.208429,16.869655
2022-06-07,INTC,17.639815,17.666906,17.640932
2022-06-07,MSFT,129.90324,130.96294,128.31496
2022-06-07,NKE,5.5479705,5.6644317,5.6701248
2022-06-07,VZ,1.8347846,1.8600148,1.7946007
2022-06-07,WMT,3.7097801,3.761355,3.6154887
2022-06-08,AAPL,56.934326,58.064968,54.58438
2022-06-08,AMGN,6.2535546,6.2576771,6.2288549
2022-06-08,CRM,9.8915853,9.9651902,9.5784965
2022-06-08,CSCO,38.572398,38.616908,38.273276
2022-06-08,IBM,16.755893,17.101222,16.524067
2022-06-08,INTC,18.286841,18.190558,18.112851
2022-06-08,MSFT,126.73003,130.57749,127.14571
2022-06-08,NKE,5.5278002,5.5322219,5.5719694
2022-06-08,VZ,1.8462692,1.8752239,1.8328299
2022-06-08,WMT,3.6409754,3.6596937,3.6262728
2022-06-09,AAPL,57.175437,57.851991,55.315867
2022-06-09,AMGN,6.3747912,6.3727082,6.3868932
2022-06-09,CRM,9.8933845,10.041639,9.7861862
2022-06-09,CSCO,37.165051,37.836237,36.186528
2022-06-09,IBM,16.561279,16.615352,16.478215
2022-06-09,INTC,18.560264,18.571081,18.302151
2022-06-09,MSFT,128.57798,132.2771,129.09187
2022-06-09,NKE,5.2832442,5.4794167,5.1174358
2022-06-09,VZ,1.8499493,1.8236713,1.8423311
2022-06-09,WMT,3.6160661,3.6222985,3.5957968
2022-06-10,AAPL,58.319782,59.248486,57.76697
2022-06-10,AMGN,6.2923169,6.3610105,6.216261
2022-06-10,CRM,9.8406515,10.041982,9.6069875
2022-06-10,CSCO,36.854487,36.546762,36.694846
2022-06-10,IBM,16.571135,16.843582,16.339533
2022-06-10,INTC,18.683513,19.10618,18.648796
2022-06-10,MSFT,126.67541,127.19123,127.07087
2022-06-10,NKE,5.2494045,5.378871,5.1800899
2022-06-10,VZ,1.8218997,1.8432916,1.8098385
2022-06-10,WMT,3.6149725,3.7095786,3.5681291
2022-06-13,AAPL,59.222026,59.957306,59.257198
2022-06-13,AMGN,6.3160844,6.3236409,6.223474
2022-06-13,CRM,9.5449026,9.8744646,9.2581809
2022-06-13,CSCO,36.20493,36.642366,35.901002
2022-06-13,IBM,16.390216,16.497147,16.269829
2022-06-13,INTC,18.689973,18.998917,18.380352
2022-06-13,MSFT,127.39984,128.02109,127.34591
2022-06-13,NKE,5.3486753,5.5062145,5.3265827
2022-06-13,VZ,1.8037039,1.8037916,1.8095498
2022-06-13,WMT,3.5493613,3.5491688,3.5022898
2022-06-14,AAPL,59.529391,59.902906,58.8829
2022-06-14,AMGN,6.2881612,6.3740257,6.1979138
2022-06-14,CRM,9.4668558,9.7478863,9.2450813
2022-06-14,CSCO,36.245754,37.536901,35.511285
2022-06-14,IBM,16.045111,16.247191,15.762465
2022-06-14,INTC,18.129181,18.386481,18.132444
2022-06-14,MSFT,126.18861,129.78999,124.66801
2022-06-14,NKE,5.2131143,5.2549715,5.0920157
2022-06-14,VZ,1.7718632,1.7679164,1.7375413
2022-06-14,WMT,3.5413561,3.5725176,3.4800524
2022-06-15,AAPL,58.527934,59.640777,58.718268
2022-06-15,AMGN,6.4849782,6.5958673,6.296851
2022-06-15,CRM,8.9791445,9.0839279,8.778901
2022-06-15,CSCO,34.594823,35.535872,34.096315
2022-06-15,IBM,16.032418,16.275484,16.164854
2022-06-15,INTC,17.902486,18.199546,17.723549
2022-06-15,MSFT,128.77128,130.83595,127.2822
2022-06-15,NKE,5.1299545,5.1326942,4.938218
2022-06-15,VZ,1.7649063,1.7976914,1.7444042
2022-06-15,WMT,3.6109883,3.6324624,3.6251988
2022-06-16,AAPL,56.59956,56.909513,55.750858
2022-06-16,AMGN,6.6171644,6.6143152,6.466679
2022-06-16,CRM,8.7932678,8.9603341,8.662718
2022-06-16,CSCO,34.007023,34.068579,34.052797
2022-06-16,IBM,15.657435,15.588976,15.500253
2022-06-16,INTC,18.199065,18.642764,18.122844
2022-06-16,MSFT,132.51161,136.68368,131.83876
2022-06-16,NKE,5.0053735,5.053115,4.983561
2022-06-16,VZ,1.7737349,1.7903334,1.7727154
2022-06-16,WMT,3.5814826,3.6655611,3.5681323
2022-06-17,AAPL,56.834881,56.560592,57.659001
2022-06-17,AMGN,6.5702512,6.659128,6.4930826
2022-06-17,CRM,9.0480803,9.1799755,8.7508112
2022-06-17,CSCO,33.447553,33.764708,32.340638
2022-06-17,IBM,15.714164,15.919673,15.784702
2022-06-17,INTC,18.760262,18.90756,18.146268
2022-06-17,MSFT,133.01544,136.34964,132.38685
2022-06-17,NKE,4.9690247,5.032958,4.9958382
2022-06-17,VZ,1.7739379,1.7770379,1.7362023
2022-06-17,WMT,3.5548817,3.6096978,3.5409626
2022-06-21,AAPL,55.76482,57.464706,54.426319
2022-06-21,AMGN,6.5646753,6.6014302,6.4732159
2022-06-21,CRM,9.0769229,9.5048718,8.7185354
2022-06-21,CSCO,32.891729,32.68343,32.295925
2022-06-21,IBM,15.69199,15.68121,15.737302
2022-06-21,INTC,19.008497,19.204403,18.692192
2022-06-21,MSFT,131.55017,135.10846,129.25588
2022-06-21,NKE,4.8571384,4.9734308,4.8309257
2022-06-21,VZ,1.7838998,1.7943289,1.7546487
2022-06-21,WMT,3.5085154,3.5401387,3.4406529
2022-06-22,AAPL,54.878993,55.280965,55.759126
2022-06-22,AMGN,6.5314985,6.6760585,6.5387388
2022-06-22,CRM,9.0722643,9.3838039,9.1244606
2022-06-22,CSCO,32.849649,33.578535,32.315738
2022-06-22,IBM,15.929945,16.205968,15.508107
2022-06-22,INTC,19.077579,19.283112,18.802489
2022-06-22,MSFT,128.92525,130.0039,127.82441
2022-06-22,NKE,4.9566355,5.0675289,4.8823395
2022-06-22,VZ,1.7387344,1.7568314,1.7427356
2022-06-22,WMT,3.5175202,3.5471163,3.5451664
2022-06-23,AAPL,54.388709,54.931098,53.31768
2022-06-23,AMGN,6.5085905,6.690246,6.3911452
2022-06-23,CRM,9.0772099,9.4010128,8.7807693
2022-06-23,CSCO,33.221317,33.726698,32.735905
2022-06-23,IBM,15.746541,16.042614,15.519187
2022-06-23,INTC,18.882007,19.391746,19.064225
2022-06-23,MSFT,127.55241,128.34057,125.94167
2022-06-23,NKE,5.0871481,5.1851693,5.0363634
2022-06-23,VZ,1.7703657,1.8161726,1.7656154
2022-06-23,WMT,3.49527,3.5402232,3.4610143
2022-06-24,AAPL,55.524602,56.90237,54.472041
2022-06-24,AMGN,6.7586841,6.8350078,6.7434314
2022-06-24,CRM,9.2448031,9.4438726,9.216049
2022-06-24,CSCO,32.967419,33.138469,32.867278
2022-06-24,IBM,15.266314,15.287207,15.142598
2022-06-24,INTC,19.389798,19.560188,19.023039
2022-06-24,MSFT,124.89203,127.69922,123.21016
2022-06-24,NKE,5.0214589,5.0626866,4.8897329
2022-06-24,VZ,1.7670721,1.7806566,1.7536231
2022-06-24,WMT,3.479952,3.5092802,3.4828854
2022-06-27,AAPL,54.477701,55.387571,54.639362
2022-06-27,AMGN,6.8074238,7.0039483,6.7477633
2022-06-27,CRM,8.7767072,9.0061625,8.4522735
2022-06-27,CSCO,33.229111,33.21577,32.942263
2022-06-27,IBM,15.544049,15.698346,15.198647
2022-06-27,INTC,19.137063,19.663177,19.007884
2022-06-27,MSFT,126.58969,127.85045,124.73695
2022-06-27,NKE,5.0979976,5.1557628,5.0339655
2022-06-27,VZ,1.7566052,1.7700545,1.7646783
2022-06-27,WMT,3.4763133,3.543661,3.4117457
2022-06-28,AAPL,53.348236,55.280773,53.389528
2022-06-28,AMGN,6.7275244,6.8652626,6.6086087
2022-06-28,CRM,8.7362722,9.0110533,8.5131479
2022-06-28,CSCO,33.339392,33.614228,33.434729
2022-06-28,IBM,15.215991,15.304734,15.038359
2022-06-28,INTC,19.485708,19.908391,19.384917
2022-06-28,MSFT,127.57001,131.14171,126.26476
2022-06-28,NKE,5.0099286,5.1306766,4.857328
2022-06-28,VZ,1.7662378,1.7589121,1.7532862
2022-06-28,WMT,3.5927778,3.6166619,3.5891581
2022-06-29,AAPL,53.923767,54.676344,53.091046
2022-06-29,AMGN,6.9290468,7.0977793,6.8741487
2022-06-29,CRM,8.7526274,8.9910336,8.5990262
2022-06-29,CSCO,33.937303,34.04338,34.084472
2022-06-29,IBM,15.384844,15.477748,15.136428
2022-06-29,INTC,20.157077,20.674832,20.301592
2022-06-29,MSFT,126.59604,127.88651,127.56598
2022-06-29,NKE,4.9239509,5.0328963,4.874371
2022-06-29,VZ,1.8041609,1.82072,1.8047355
2022-06-29,WMT,3.6345017,3.6590809,3.5865928
2022-06-30,AAPL,53.254641,54.016994,50.912282
2022-06-30,AMGN,6.9868492,7.0024901,6.8383477
2022-06-30,CRM,8.5767564,8.6581867,8.4304319
2022-06-30,CSCO,34.200533,34.440298,34.127586
2022-06-30,IBM,15.411013,15.781589,14.936631
2022-06-30,INTC,20.473309,20.962598,20.214933
2022-06-30,MSFT,123.7793,124.71349,124.50753
2022-06-30,NKE,4.9150237,4.9445363,4.8198723
2022-06-30,VZ,1.7601658,1.7569129,1.7361483
2022-06-30,WMT,3.6677955,3.6956937,3.6592202
2022-07-01,AAPL,53.992134,54.798527,54.02736
2022-07-01,AMGN,7.0207736,7.1915867,6.9053556
2022-07-01,CRM,8.9214134,9.1544254,8.806607
2022-07-01,CSCO,32.623122,33.154057,32.631102
2022-07-01,IBM,15.048026,15.153762,14.850534
2022-07-01,INTC,20.385722,21.030897,20.610867
2022-07-01,MSFT,122.87121,124.30784,120.32884
2022-07-01,NKE,4.895068,4.9677004,4.7717695
2022-07-01,VZ,1.762709,1.7848633,1.7327516
2022-07-01,WMT,3.6338317,3.6994222,3.6335079
2022-07-05,AAPL,54.565126,54.762204,53.410082
2022-07-05,AMGN,6.8329545,6.8819327,6.7839829
2022-07-05,CRM,8.6554411,8.9490733,8.5077897
2022-07-05,CSCO,31.900249,32.763486,31.872509
2022-07-05,IBM,14.797963,14.76309,14.60775
2022-07-05,INTC,20.403155,20.507394,20.08779
2022-07-05,MSFT,125.10166,127.76765,124.27031
2022-07-05,NKE,4.7383345,4.8714236,4.7476834
2022-07-05,VZ,1.7950171,1.7939813,1.7880134
2022-07-05,WMT,3.6446768,3.7166405,3.6373436
2022-07-06,AAPL,53.292693,54.773281,52.139778
2022-07-06,AMGN,7.0140276,7.2539538,6.9062265
2022-07-06,CRM,8.0299573,8.4932258,7.8052851
2022-07-06,CSCO,31.621251,31.863079,31.138242
2022-07-06,IBM,14.703862,14.854512,14.35193
2022-07-06,INTC,20.832377,21.194332,20.520355
2022-07-06,MSFT,126.65365,128.20983,125.67604
2022-07-06,NKE,4.7236082,4.8258229,4.6482471
2022-07-06,VZ,1.7585558,1.7736763,1.7619312
2022-07-06,WMT,3.6307428,3.6554783,3.5858426
2022-07-07,AAPL,54.570449,55.347749,54.631489
2022-07-07,AMGN,7.0185424,7.130154,6.9091722
2022-07-07,CRM,8.1085116,8.4287842,8.0085361
2022-07-07,CSCO,31.88916,32.075623,31.743464
2022-07-07,IBM,14.476192,14.601486,14.300469
2022-07-07,INTC,20.671203,20.800798,20.262969
2022-07-07,MSFT,123.18398,123.67804,122.658
2022-07-07,NKE,4.7894031,4.8997489,4.7089123
2022-07-07,VZ,1.7622971,1.7711702,1.7687561
2022-07-07,WMT,3.6287423,3.6538527,3.6242424
2022-07-08,AAPL,54.826344,55.909576,55.043882
2022-07-08,AMGN,7.0821555,7.2429454,6.9450563
2022-07-08,CRM,8.1090029,8.3241215,7.8797918
2022-07-08,CSCO,31.269808,31.081538,30.374078
2022-07-08,IBM,14.187652,14.323633,14.226429
2022-07-08,INTC,20.551482,20.600644,20.329319
2022-07-08,MSFT,120.9031,123.34987,119.86414
2022-07-08,NKE,4.7513599,4.8188161,4.7061307
2022-07-08,VZ,1.7610447,1.7972808,1.7337766
2022-07-08,WMT,3.6346862,3.6768759,3.635694
2022-07-11,AAPL,54.403648,55.86373,53.755061
2022-07-11,AMGN,6.9531984,7.0313491,6.9088311
2022-07-11,CRM,7.9041714,8.0644887,7.5109753
2022-07-11,CSCO,31.09966,31.400965,30.647363
2022-07-11,IBM,14.105725,14.126163,14.092928
2022-07-11,INTC,20.117831,20.345176,20.100976
2022-07-11,MSFT,120.27301,120.81387,117.20761
2022-07-11,NKE,4.6481962,4.7043839,4.6000181
2022-07-11,VZ,1.7216087,1.729459,1.7240633
2022-07-11,WMT,3.6410845,3.6707094,3.5925081
2022-07-12,AAPL,55.05375,56.710894,53.852982
2022-07-12,AMGN,7.1182957,7.198896,7.0701514
2022-07-12,CRM,7.8776884,8.0168931,8.0316829
2022-07-12,CSCO,31.335479,31.343406,30.831716
2022-07-12,IBM,13.653342,13.870626,13.466397
2022-07-12,INTC,19.981446,20.059672,19.824067
2022-07-12,MSFT,120.1562,119.57243,119.07825
2022-07-12,NKE,4.6658593,4.7387945,4.6061384
2022-07-12,VZ,1.7107787,1.7549355,1.7017982
2022-07-12,WMT,3.6522943,3.712467,3.5924453
2022-07-13,AAPL,53.832442,54.584963,52.419979
2022-07-13,AMGN,6.9173407,6.9587799,6.9030032
2022-07-13,CRM,8.0622739,8.1171555,7.9295545
2022-07-13,CSCO,31.716858,31.447737,30.745339
2022-07-13,IBM,13.524592,13.568425,13.658669
2022-07-13,INTC,19.999663,20.343381,20.203532
2022-07-13,MSFT,119.37146,120.22985,117.36912
2022-07-13,NKE,4.6313334,4.7126486,4.4735441
2022-07-13,VZ,1.7095205,1.7291393,1.6924072
2022-07-13,WMT,3.6555751,3.7155796,3.6434247
2022-07-14,AAPL,53.938823,54.737553,53.280619
2022-07-14,AMGN,6.8595656,6.8585549,6.7545396
2022-07-14,CRM,7.8914391,7.8613944,7.5868072
2022-07-14,CSCO,32.129202,32.049529,31.691964
2022-07-14,IBM,13.288927,13.316008,13.287227
2022-07-14,INTC,19.935758,20.130101,19.132974
2022-07-14,MSFT,117.25398,117.27594,116.66282
2022-07-14,NKE,4.4577131,4.5283708,4.3571287
2022-07-14,VZ,1.7220975,1.7668891,1.7085481
2022-07-14,WMT,3.6431261,3.6516569,3.5844499
2022-07-15,AAPL,53.887715,55.070468,52.959039
2022-07-15,AMGN,6.9032938,6.9590445,6.9052614
2022-07-15,CRM,7.8057724,7.9000444,7.4558446
2022-07-15,CSCO,32.461818,32.413758,31.81717
2022-07-15,IBM,13.216046,13.513863,13.320426
2022-07-15,INTC,19.787748,19.748915,19.671104
2022-07-15,MSFT,119.1339,122.24943,116.91097
2022-07-15,NKE,4.4950422,4.5674748,4.4698371
2022-07-15,VZ,1.7541456,1.7834986,1.7397381
2022-07-15,WMT,3.7193206,3.7514712,3.6910517
2022-07-18,AAPL,54.417437,55.961365,53.216062
2022-07-18,AMGN,6.8937866,6.9819431,6.7636849
2022-07-18,CRM,7.6285679,8.0002045,7.4918247
2022-07-18,CSCO,32.038679,32.040054,31.618356
2022-07-18,IBM,13.050632,13.154494,12.771661
2022-07-18,INTC,20.539531,20.920912,20.320045
2022-07-18,MSFT,118.45315,118.97033,117.15557
2022-07-18,NKE,4.4521259,4.4816045,4.4686126
2022-07-18,VZ,1.7515929,1.7659414,1.739695
2022-07-18,WMT,3.6994872,3.7414214,3.6430856
2022-07-19,AAPL,54.186126,55.110014,52.821252
2022-07-19,AMGN,6.8932016,6.8216187,6.7656702
2022-07-19,CRM,7.1803869,7.2406951,7.1017046
2022-07-19,CSCO,31.550579,31.47904,31.667016
2022-07-19,IBM,13.244591,13.467723,13.027655
2022-07-19,INTC,19.463632,19.930415,18.753497
2022-07-19,MSFT,116.28528,117.06748,114.74762
2022-07-19,NKE,4.555958,4.6144865,4.4494805
2022-07-19,VZ,1.7126748,1.723741,1.7279207
2022-07-19,WMT,3.7312352,3.7607595,3.7028615
2022-07-20,AAPL,54.318068,55.146954,53.385316
2022-07-20,AMGN,6.8154201,6.7902387,6.8307699
2022-07-20,CRM,7.410605,7.6201241,7.3793256
2022-07-20,CSCO,31.522266,31.570166,30.670349
2022-07-20,IBM,13.192212,13.403136,13.094803
2022-07-20,INTC,18.90491,18.99033,18.536608
2022-07-20,MSFT,115.98001,119.3344,113.66207
2022-07-20,NKE,4.4854442,4.4805669,4.4664022
2022-07-20,VZ,1.7086828,1.7396273,1.6633028
2022-07-20,WMT,3.7145329,3.717079,3.6757213
2022-07-21,AAPL,56.334409,57.248138,56.881474
2022-07-21,AMGN,6.8649237,6.874316,6.7870172
2022-07-21,CRM,7.1960899,7.4179584,7.203168
2022-07-21,CSCO,31.029427,31.50149,29.683927
2022-07-21,IBM,13.160906,13.349099,12.840548
2022-07-21,INTC,18.427158,18.450535,18.386518
2022-07-21,MSFT,113.35548,114.24223,113.28246
2022-07-21,NKE,4.5332931,4.62263,4.4743973
2022-07-21,VZ,1.70757,1.7274161,1.6907853
2022-07-21,WMT,3.762707,3.8072825,3.7212969
2022-07-22,AAPL,54.783469,55.598736,54.239031
2022-07-22,AMGN,7.1124033,7.2287575,7.0904856
2022-07-22,CRM,7.0505439,7.1229858,6.8734833
2022-07-22,CSCO,30.324794,31.115614,30.630644
2022-07-22,IBM,13.447001,13.825088,13.281345
2022-07-22,INTC,18.581026,18.496892,18.44339
2022-07-22,MSFT,112.13745,111.84181,110.45658
2022-07-22,NKE,4.5523232,4.6111204,4.4675141
2022-07-22,VZ,1.6785748,1.7029512,1.6556417
2022-07-22,WMT,3.7422861,3.7430275,3.7501167
2022-07-25,AAPL,53.430413,53.87522,52.820109
2022-07-25,AMGN,7.1472175,7.1566562,7.0060706
2022-07-25,CRM,6.8425153,6.951291,6.8204598
2022-07-25,CSCO,29.924143,30.707572,29.641458
2022-07-25,IBM,13.350859,13.460157,13.332194
2022-07-25,INTC,18.369477,18.358635,18.395025
2022-07-25,MSFT,110.73487,111.4458,109.21982
2022-07-25,NKE,4.5349991,4.6012167,4.5757311
2022-07-25,VZ,1.6731077,1.6922666,1.6491018
2022-07-25,WMT,3.7684821,3.771342,3.7252748
2022-07-26,AAPL,52.95345,53.20806,52.241108
2022-07-26,AMGN,7.0657691,6.9708017,6.9708838
2022-07-26,CRM,6.9794993,6.8863899,7.043262
2022-07-26,CSCO,29.10555,29.377141,29.05917
2022-07-26,IBM,13.264535,13.291626,13.1139
2022-07-26,INTC,18.266702,18.450288,18.140202
2022-07-26,MSFT,108.4894,110.26656,105.90135
2022-07-26,NKE,4.4959324,4.5450877,4.4656372
2022-07-26,VZ,1.681813,1.695028,1.6876013
2022-07-26,WMT,3.7140453,3.7940699,3.6896215
2022-07-27,AAPL,53.573368,55.081942,52.857639
2022-07-27,AMGN,6.9681255,6.9247482,6.8746645
2022-07-27,CRM,6.8880853,7.1192095,6.8028736
2022-07-27,CSCO,28.819592,28.520508,27.953135
2022-07-27,IBM,13.378658,13.642602,13.439179
2022-07-27,INTC,18.606115,18.989258,18.537924
2022-07-27,MSFT,104.72969,106.58611,105.97158
2022-07-27,NKE,4.4276782,4.531009,4.4672473
2022-07-27,VZ,1.6593879,1.6623143,1.6372387
2022-07-27,WMT,3.6965747,3.7275033,3.6662434
2022-07-28,AAPL,54.243008,54.915436,53.371639
2022-07-28,AMGN,7.0162633,7.0841174,6.9458707
2022-07-28,CRM,6.7513508,7.0041677,6.6901448
2022-07-28,CSCO,29.110016,28.954186,28.770318
2022-07-28,IBM,13.327852,13.354169,13.2083
2022-07-28,INTC,18.453381,18.981114,18.370004
2022-07-28,MSFT,105.3187,107.57451,104.8179
2022-07-28,NKE,4.482219,4.5286345,4.4839417
2022-07-28,VZ,1.6290262,1.6632463,1.6092193
2022-07-28,WMT,3.7149627,3.7408859,3.7070041
2022-07-29,AAPL,52.423253,51.928455,52.155775
2022-07-29,AMGN,7.0295066,7.1299045,7.0869579
2022-07-29,CRM,6.6514463,6.9140079,6.5291405
2022-07-29,CSCO,29.216668,29.216106,29.184594
2022-07-29,IBM,13.42884,13.604507,13.373718
2022-07-29,INTC,18.785481,19.102686,18.3742
2022-07-29,MSFT,105.37835,103.8543,104.64179
2022-07-29,NKE,4.3763669,4.432654,4.2954426
2022-07-29,VZ,1.6253281,1.6246792,1.6297265
2022-07-29,WMT,3.6933882,3.733073,3.6657002
2022-08-01,AAPL,52.124021,52.922204,50.993516
2022-08-01,AMGN,6.9125853,6.9499442,6.891285
2022-08-01,CRM,6.6316243,6.7021739,6.4515632
2022-08-01,CSCO,29.080829,29.623559,28.195273
2022-08-01,IBM,13.63057,13.849663,13.682556
2022-08-01,INTC,18.426711,18.61321,18.045796
2022-08-01,MSFT,105.51402,104.56908,103.47453
2022-08-01,NKE,4.3829735,4.5054434,4.3000712
2022-08-01,VZ,1.5755033,1.5815939,1.5496237
2022-08-01,WMT,3.6978628,3.7908863,3.6118622
2022-08-02,AAPL,49.889547,50.434349,48.437975
2022-08-02,AMGN,6.8863297,6.9610518,6.8384934
2022-08-02,CRM,6.5882865,6.8676236,6.3723084
2022-08-02,CSCO,29.360015,29.481419,29.271864
2022-08-02,IBM,13.2496,13.245869,13.260862
2022-08-02,INTC,18.488731,18.578259,18.449076
2022-08-02,MSFT,102.78313,106.69739,102.40024
2022-08-02,NKE,4.3938145,4.4713784,4.3761279
2022-08-02,VZ,1.5484196,1.5667878,1.5264338
2022-08-02,WMT,3.7211857,3.8154294,3.6868504
2022-08-03,AAPL,48.749451,49.354917,48.350825
2022-08-03,AMGN,6.8449586,6.7986961,6.7000886
2022-08-03,CRM,6.562554,6.7564294,6.5133165
2022-08-03,CSCO,29.850181,30.368279,29.452942
2022-08-03,IBM,13.119385,13.404584,12.824096
2022-08-03,INTC,18.680579,19.269785,18.305206
2022-08-03,MSFT,101.04069,103.49337,99.168333
2022-08-03,NKE,4.3428875,4.3919397,4.3083801
2022-08-03,VZ,1.5685599,1.6005207,1.5589678
2022-08-03,WMT,3.7747154,3.837953,3.7547461
2022-08-04,AAPL,47.989223,48.527576,47.547214
2022-08-04,AMGN,6.7003378,6.8587085,6.6273915
2022-08-04,CRM,6.3866246,6.4685978,6.4252552
2022-08-04,CSCO,30.254561,30.475161,30.032031
2022-08-04,IBM,13.392928,13.448029,13.201789
2022-08-04,INTC,18.692091,18.778016,18.450291
2022-08-04,MSFT,100.04874,102.38117,99.351459
2022-08-04,NKE,4.2698567,4.3596347,4.3050468
2022-08-04,VZ,1.5544184,1.5567337,1.5426118
2022-08-04,WMT,3.791107,3.8916856,3.7291762
2022-08-05,AAPL,48.644856,49.312137,48.04051
2022-08-05,AMGN,6.8301264,6.9284029,6.8014677
2022-08-05,CRM,6.5105696,6.6617819,6.6085432
2022-08-05,CSCO,30.167227,29.784603,29.414892
2022-08-05,IBM,13.285544,13.258283,13.192565
2022-08-05,INTC,18.996174,19.480904,18.786173
2022-08-05,MSFT,97.799031,97.666065,96.504955
2022-08-05,NKE,4.2241409,4.2273113,4.1929828
2022-08-05,VZ,1.575177,1.6051205,1.5666668
2022-08-05,WMT,3.8418378,3.8971218,3.788939
2022-08-08,AAPL,49.202243,48.774239,49.182022
2022-08-08,AMGN,6.8596002,6.9920582,6.6829345
2022-08-08,CRM,6.5843515,6.7055488,6.3411096
2022-08-08,CSCO,29.585351,30.337335,29.383202
2022-08-08,IBM,13.413875,13.576566,13.143911
2022-08-08,INTC,18.567558,18.612179,18.471401
2022-08-08,MSFT,100.11981,101.75511,98.178611
2022-08-08,NKE,4.1677332,4.1784757,4.1028313
2022-08-08,VZ,1.5720175,1.5766526,1.5765823
2022-08-08,WMT,3.7467747,3.8041778,3.7095882
2022-08-09,AAPL,48.135489,47.738802,48.240389
2022-08-09,AMGN,6.649701,6.7167956,6.6048013
2022-08-09,CRM,6.7902599,6.8247883,6.753637
2022-08-09,CSCO,29.045225,28.772992,28.81419
2022-08-09,IBM,13.280155,13.484815,13.102268
2022-08-09,INTC,18.335141,18.477266,17.917034
2022-08-09,MSFT,98.96312,102.85395,96.696807
2022-08-09,NKE,4.2194575,4.2761922,4.1863052
2022-08-09,VZ,1.5713472,1.595852,1.5601679
2022-08-09,WMT,3.7196723,3.7404709,3.6471721
2022-08-10,AAPL,48.381844,48.08031,47.1628
2022-08-10,AMGN,6.5623954,6.567938,6.4207106
2022-08-10,CRM,6.5796893,6.7404886,6.4332124
2022-08-10,CSCO,29.733001,30.31332,29.265089
2022-08-10,IBM,13.22439,13.117982,13.38278
2022-08-10,INTC,17.884295,18.020198,17.907039
2022-08-10,MSFT,97.432107,97.500135,97.115777
2022-08-10,NKE,4.1612791,4.2401353,4.1706165
2022-08-10,VZ,1.5895987,1.5889238,1.5910654
2022-08-10,WMT,3.6714388,3.7417736,3.6064378
2022-08-11,AAPL,47.75715,48.7025,46.99265
2022-08-11,AMGN,6.8662152,6.9988362,6.757161
2022-08-11,CRM,6.5847845,6.7198319,6.4988443
2022-08-11,CSCO,30.520602,31.364132,30.138993
2022-08-11,IBM,13.480726,13.940129,13.413718
2022-08-11,INTC,17.197991,17.250487,16.933713
2022-08-11,MSFT,97.943816,100.39797,97.799602
2022-08-11,NKE,4.1343443,4.1922229,4.0570616
2022-08-11,VZ,1.6263827,1.6573876,1.6217851
2022-08-11,WMT,3.6866168,3.7210843,3.6704945
2022-08-12,AAPL,48.946939,49.397582,48.347721
2022-08-12,AMGN,6.9710544,6.9705425,6.9051172
2022-08-12,CRM,6.5463382,6.7459597,6.4311882
2022-08-12,CSCO,29.930266,30.459078,29.466836
2022-08-12,IBM,13.473098,13.609965,13.429158
2022-08-12,INTC,17.157461,17.482016,16.879303
2022-08-12,MSFT,101.20724,101.74178,100.04799
2022-08-12,NKE,4.0845419,4.1386752,4.0403716
2022-08-12,VZ,1.6323342,1.6620778,1.6258362
2022-08-12,WMT,3.6463933,3.6794919,3.590205
2022-08-15,AAPL,49.635826,49.474063,49.034032
2022-08-15,AMGN,6.858277,6.9333569,6.7819617
2022-08-15,CRM,6.9199594,6.9409644,6.8664821
2022-08-15,CSCO,28.743792,28.692581,28.356562
2022-08-15,IBM,13.435651,13.578768,13.274761
2022-08-15,INTC,17.491833,17.92672,17.537488
2022-08-15,MSFT,105.40366,106.47671,105.67011
2022-08-15,NKE,4.0805507,4.1445082,3.9975541
2022-08-15,VZ,1.6179302,1.6381961,1.6096548
2022-08-15,WMT,3.622633,3.6845886,3.5872089
2022-08-16,AAPL,49.05041,48.844031,48.550013
2022-08-16,AMGN,6.904132,6.9671749,6.7875348
2022-08-16,CRM,6.7334019,6.9633757,6.6926633
2022-08-16,CSCO,28.135532,28.457185,27.955311
2022-08-16,IBM,13.887551,14.118467,13.876974
2022-08-16,INTC,16.914884,16.977243,16.684758
2022-08-16,MSFT,103.74035,104.54139,101.114
2022-08-16,NKE,3.9855734,4.0201558,3.9328722
2022-08-16,VZ,1.6066306,1.6169607,1.5837694
2022-08-16,WMT,3.6938437,3.7422217,3.6421046
2022-08-17,AAPL,48.445334,50.803073,47.645628
2022-08-17,AMGN,6.8325277,6.8651273,6.7860816
2022-08-17,CRM,6.5564809,6.6959875,6.4599967
2022-08-17,CSCO,27.569873,27.77491,27.135824
2022-08-17,IBM,14.103373,14.121289,14.174214
2022-08-17,INTC,16.754206,16.60279,16.629769
2022-08-17,MSFT,107.3494,107.99845,105.30035
2022-08-17,NKE,4.0213696,4.0402905,4.0360033
2022-08-17,VZ,1.5764347,1.6068161,1.5848201
2022-08-17,WMT,3.6698535,3.7222751,3.6696844
2022-08-18,AAPL,47.36661,48.494281,46.82961
2022-08-18,AMGN,6.7757335,6.7856831,6.8209171
2022-08-18,CRM,6.5691023,6.6573685,6.4143669
2022-08-18,CSCO,26.792889,27.000056,26.862927
2022-08-18,IBM,13.97567,14.241832,14.100862
2022-08-18,INTC,17.273707,17.202506,16.916838
2022-08-18,MSFT,106.74893,107.90952,105.60282
2022-08-18,NKE,4.0066557,3.9921883,3.9177751
2022-08-18,VZ,1.5827335,1.5956482,1.5569775
2022-08-18,WMT,3.6098642,3.6168287,3.5993272
2022-08-19,AAPL,46.128253,47.462714,45.347162
2022-08-19,AMGN,6.7981639,6.7366724,6.6618972
2022-08-19,CRM,6.4580825,6.3495915,6.3523091
2022-08-19,CSCO,27.363604,27.732676,26.984219
2022-08-19,IBM,14.040153,13.966401,14.065688
2022-08-19,INTC,17.505071,17.965491,17.187715
2022-08-19,MSFT,106.56594,109.21026,104.46268
2022-08-19,NKE,4.0095714,4.0889889,4.0024686
2022-08-19,VZ,1.5959588,1.6237072,1.5736077
2022-08-19,WMT,3.6201868,3.6685949,3.6235845
2022-08-22,AAPL,45.534064,46.797749,44.745339
2022-08-22,AMGN,6.6168031,6.6309767,6.5496716
2022-08-22,CRM,6.3267917,6.4914015,6.3121716
2022-08-22,CSCO,27.69614,28.164071,27.080219
2022-08-22,IBM,14.000273,14.068472,13.811246
2022-08-22,INTC,17.18952,17.306239,17.152265
2022-08-22,MSFT,106.53136,106.3286,105.42415
2022-08-22,NKE,4.0506251,4.0821986,4.0304063
2022-08-22,VZ,1.5957998,1.5974141,1.5956571
2022-08-22,WMT,3.6487718,3.6558478,3.6392969
2022-08-23,AAPL,47.151923,46.939358,46.538601
2022-08-23,AMGN,6.528206,6.645597,6.31125
2022-08-23,CRM,6.3630302,6.6461804,6.2565948
2022-08-23,CSCO,27.539156,27.773176,27.277832
2022-08-23,IBM,13.982792,13.99367,13.803683
2022-08-23,INTC,17.323669,17.356206,16.948335
2022-08-23,MSFT,104.98929,106.44889,103.40636
2022-08-23,NKE,4.1012453,4.1904439,4.012808
2022-08-23,VZ,1.5815407,1.5893281,1.555381
2022-08-23,WMT,3.564758,3.5851115,3.6016056
2022-08-24,AAPL,46.901339,48.049819,46.610206
2022-08-24,AMGN,6.5043502,6.5684802,6.3437463
2022-08-24,CRM,6.1339491,6.1827531,6.0586732
2022-08-24,CSCO,27.492676,27.452958,26.903852
2022-08-24,IBM,13.734056,13.827263,13.484831
2022-08-24,INTC,17.107519,17.613582,16.764097
2022-08-24,MSFT,105.17637,106.00468,102.74396
2022-08-24,NKE,4.0006993,4.0307124,3.9374337
2022-08-24,VZ,1.606143,1.622948,1.5827344
2022-08-24,WMT,3.5793657,3.6256116,3.5816852
2022-08-25,AAPL,46.998097,47.373304,46.533383
2022-08-25,AMGN,6.53904,6.6952149,6.4779374
2022-08-25,CRM,6.252983,6.3174329,6.0649796
2022-08-25,CSCO,27.484772,27.928327,27.013165
2022-08-25,IBM,13.757089,13.722584,13.653758
2022-08-25,INTC,16.623189,16.725449,16.482605
2022-08-25,MSFT,103.61773,104.27439,101.13569
2022-08-25,NKE,4.0684932,4.0565459,3.9846211
2022-08-25,VZ,1.5773439,1.6099412,1.5791542
2022-08-25,WMT,3.4034482,3.4528819,3.3504436
2022-08-26,AAPL,47.280137,48.973419,45.591466
2022-08-26,AMGN,6.4352134,6.4668379,6.4263863
2022-08-26,CRM,6.0378157,6.0449515,5.8454787
2022-08-26,CSCO,26.731083,26.634744,26.401315
2022-08-26,IBM,13.512217,13.545124,13.405849
2022-08-26,INTC,16.359675,16.310541,16.08034
2022-08-26,MSFT,100.87105,102.17006,100.31778
2022-08-26,NKE,4.1530526,4.2368997,4.1108611
2022-08-26,VZ,1.5815559,1.604963,1.5480819
2022-08-26,WMT,3.3885482,3.4294211,3.3863751
2022-08-29,AAPL,47.10156,47.13941,45.38592
2022-08-29,AMGN,6.3813334,6.5014753,6.2690581
2022-08-29,CRM,6.0210312,6.1642413,5.8654607
2022-08-29,CSCO,26.739765,26.775547,26.8225
2022-08-29,IBM,13.715427,14.058994,13.790835
2022-08-29,INTC,16.176883,16.363818,16.300833
2022-08-29,MSFT,99.862793,99.520091,99.016825
2022-08-29,NKE,4.138571,4.1708123,4.0465695
2022-08-29,VZ,1.6022704,1.6061617,1.5786494
2022-08-29,WMT,3.3717562,3.3569948,3.3114133
2022-08-30,AAPL,47.073974,47.185528,46.167773
2022-08-30,AMGN,6.282639,6.5153142,6.265618
2022-08-30,CRM,5.8632329,5.7585719,5.5760238
2022-08-30,CSCO,26.784235,26.992606,26.318835
2022-08-30,IBM,13.67791,13.789693,13.348182
2022-08-30,INTC,16.089617,16.195247,16.031447
2022-08-30,MSFT,98.376171,99.628007,98.184493
2022-08-30,NKE,4.0921138,4.1391458,4.0533513
2022-08-30,VZ,1.6170355,1.620128,1.5959876
2022-08-30,WMT,3.3086637,3.3276248,3.2980217
2022-08-31,AAPL,47.146047,48.201693,45.655642
2022-08-31,AMGN,6.2021604,6.3338721,6.2328644
2022-08-31,CRM,6.1025532,6.1789889,6.11482
2022-08-31,CSCO,27.124276,27.662176,26.877139
2022-08-31,IBM,13.455265,13.778686,13.215805
2022-08-31,INTC,15.944385,15.99594,15.74241
2022-08-31,MSFT,99.116834,99.735655,98.397888
2022-08-31,NKE,4.0325503,4.1218387,3.9891237
2022-08-31,VZ,1.6310994,1.690083,1.6143802
2022-08-31,WMT,3.3207512,3.3508432,3.2852277
2022-09-01,AAPL,47.51448,47.577851,46.918157
2022-09-01,AMGN,6.1915686,6.3382785,6.1340933
2022-09-01,CRM,6.3819284,6.4492108,6.4523437
2022-09-01,CSCO,27.325327,27.822034,27.254685
2022-09-01,IBM,13.283736,13.513004,13.198127
2022-09-01,INTC,15.688221,16.20989,16.005604
2022-09-01,MSFT,99.014903,99.665677,98.818983
2022-09-01,NKE,4.0910776,4.183601,3.9687253
2022-09-01,VZ,1.6292664,1.6455681,1.6339652
2022-09-01,WMT,3.2829358,3.2979146,3.283686
2022-09-02,AAPL,47.555068,48.44437,46.48095
2022-09-02,AMGN,6.0814345,6.0795126,5.9985067
2022-09-02,CRM,6.3195274,6.4470358,6.243931
2022-09-02,CSCO,27.21633,27.487948,26.700396
2022-09-02,IBM,13.207343,13.214237,13.217101
2022-09-02,INTC,15.39062,15.594782,15.384605
2022-09-02,MSFT,98.648085,100.19211,98.554913
2022-09-02,NKE,4.0620539,4.0719201,4.0584289
2022-09-02,VZ,1.653056,1.6475923,1.644469
2022-09-02,WMT,3.2893114,3.2823081,3.2929174
2022-09-06,AAPL,49.367314,50.152543,48.956912
2022-09-06,AMGN,6.0692361,6.1149453,5.9715508
2022-09-06,CRM,6.53966,6.6523573,6.5973503
2022-09-06,CSCO,27.045246,27.446204,26.891362
2022-09-06,IBM,13.193977,13.085649,12.912132
2022-09-06,INTC,15.434769,15.818969,14.98137
2022-09-06,MSFT,98.155835,100.17328,97.295238
2022-09-06,NKE,3.9583821,4.0868999,3.9272593
2022-09-06,VZ,1.6499484,1.6453534,1.6380612
2022-09-06,WMT,3.2605141,3.2706557,3.1998655
2022-09-07,AAPL,50.195985,50.714932,49.203406
2022-09-07,AMGN,6.3199678,6.4708962,6.2110463
2022-09-07,CRM,6.5114016,6.5524729,6.3894028
2022-09-07,CSCO,26.832734,26.683255,26.535322
2022-09-07,IBM,13.456939,13.571593,13.36509
2022-09-07,INTC,15.316304,15.381096,15.034058
2022-09-07,MSFT,94.540001,94.736765,93.578063
2022-09-07,NKE,4.0158071,4.0500491,4.0110338
2022-09-07,VZ,1.6668418,1.6941464,1.6623374
2022-09-07,WMT,3.3046856,3.3029566,3.3176477
2022-09-08,AAPL,51.209858,53.756552,50.984067
2022-09-08,AMGN,6.1362153,6.0889022,6.154951
2022-09-08,CRM,6.5500558,6.5513941,6.5396606
2022-09-08,CSCO,25.894197,25.971225,25.946969
2022-09-08,IBM,13.56642,13.736338,13.412219
2022-09-08,INTC,15.175616,15.104722,14.794463
2022-09-08,MSFT,94.705053,96.41951,93.246799
2022-09-08,NKE,4.0646003,4.1345395,4.0348109
2022-09-08,VZ,1.6833206,1.7133983,1.6877953
2022-09-08,WMT,3.2369478,3.2619247,3.2088586
2022-09-09,AAPL,51.007789,52.239092,50.890135
2022-09-09,AMGN,6.1677414,6.2943393,6.068039
2022-09-09,CRM,6.920842,7.0999945,6.7874823
2022-09-09,CSCO,25.848326,26.033328,25.465783
2022-09-09,IBM,13.474441,13.6827,13.250102
2022-09-09,INTC,14.812871,15.030563,14.491667
2022-09-09,MSFT,92.809897,91.598659,92.426459
2022-09-09,NKE,3.9870912,3.9747489,3.9507658
2022-09-09,VZ,1.6712087,1.700574,1.6609202
2022-09-09,WMT,3.2188323,3.2367438,3.1754686
2022-09-12,AAPL,50.834804,51.570735,50.300375
2022-09-12,AMGN,6.3138443,6.4440146,6.1552129
2022-09-12,CRM,7.111154,7.0719586,7.0287222
2022-09-12,CSCO,25.054335,25.346378,25.025502
2022-09-12,IBM,13.479251,13.532512,13.566356
2022-09-12,INTC,14.5934,14.743259,14.375905
2022-09-12,MSFT,91.733292,92.733646,89.484688
2022-09-12,NKE,4.0471607,4.0457314,3.9575728
2022-09-12,VZ,1.6255543,1.6430555,1.6252625
2022-09-12,WMT,3.1920879,3.2426321,3.1848052
2022-09-13,AAPL,50.171692,50.709073,50.268727
2022-09-13,AMGN,6.4273569,6.4745709,6.3285511
2022-09-13,CRM,7.0463278,7.3045342,6.7717497
2022-09-13,CSCO,24.764692,24.664373,24.065782
2022-09-13,IBM,13.320353,13.442765,13.222239
2022-09-13,INTC,14.845522,14.877306,14.777105
2022-09-13,MSFT,92.05507,92.350913,91.108957
2022-09-13,NKE,4.0340777,4.0869232,4.021789
2022-09-13,VZ,1.638283,1.6504564,1.6523519
2022-09-13,WMT,3.225359,3.2845609,3.1858395
2022-09-14,AAPL,50.117303,50.376875,49.151238
2022-09-14,AMGN,6.4324022,6.5395414,6.3128501
2022-09-14,CRM,6.7893975,6.8240381,6.9012817
2022-09-14,CSCO,24.022057,24.618661,24.021869
2022-09-14,IBM,13.447582,13.700684,13.27903
2022-09-14,INTC,14.438824,14.908363,14.399268
2022-09-14,MSFT,92.794179,93.065605,91.649092
2022-09-14,NKE,3.8898677,3.962266,3.8835627
2022-09-14,VZ,1.6448939,1.6633923,1.6637174
2022-09-14,WMT,3.2432945,3.2536674,3.2692746
2022-09-15,AAPL,50.944391,51.618529,50.309211
2022-09-15,AMGN,6.4043709,6.5512752,6.3408514
2022-09-15,CRM,6.7047826,6.8216546,6.3959106
2022-09-15,CSCO,24.723966,25.168346,24.198552
2022-09-15,IBM,13.643083,13.959532,13.591955
2022-09-15,INTC,13.878022,14.099894,13.538532
2022-09-15,MSFT,90.404417,91.57544,89.50386
2022-09-15,NKE,3.9372052,3.9768283,3.9150713
2022-09-15,VZ,1.635527,1.6696118,1.6108085
2022-09-15,WMT,3.1953746,3.2701953,3.1881351
2022-09-16,AAPL,50.019488,51.164731,49.886909
2022-09-16,AMGN,6.4418917,6.4981843,6.3894807
2022-09-16,CRM,6.8657249,6.9088708,6.8184066
2022-09-16,CSCO,23.973502,23.984259,23.840267
2022-09-16,IBM,13.4544,13.683166,13.2424
2022-09-16,INTC,13.894929,13.725756,13.813039
2022-09-16,MSFT,92.135268,91.78084,91.580964
2022-09-16,NKE,3.9112037,3.9848561,3.8324016
2022-09-16,VZ,1.6473604,1.6610126,1.6456599
2022-09-16,WMT,3.2023721,3.2781966,3.1965424
2022-09-19,AAPL,49.938848,50.123409,49.528112
2022-09-19,AMGN,6.5731463,6.6041071,6.4403381
2022-09-19,CRM,6.7812959,6.9757032,6.703908
2022-09-19,CSCO,23.94524,24.537842,23.719403
2022-09-19,IBM,13.256269,13.557418,12.985464
2022-09-19,INTC,13.666155,13.966619,13.536279
2022-09-19,MSFT,93.21891,94.068888,91.22874
2022-09-19,NKE,3.7267757,3.7072064,3.7336019
2022-09-19,VZ,1.626536,1.6648786,1.6374146
2022-09-19,WMT,3.1816862,3.2288072,3.1561792
2022-09-20,AAPL,51.508235,51.99396,51.594377
2022-09-20,AMGN,6.5557649,6.5267233,6.4532061
2022-09-20,CRM,6.8319712,7.0299577,6.7148864
2022-09-20,CSCO,24.51709,24.527097,24.519718
2022-09-20,IBM,13.361883,13.487407,13.285742
2022-09-20,INTC,13.720804,14.172133,13.659282
2022-09-20,MSFT,94.020553,95.271043,93.34379
2022-09-20,NKE,3.7843721,3.8840858,3.7932404
2022-09-20,VZ,1.6042521,1.6074356,1.5931868
2022-09-20,WMT,3.1277643,3.1730554,3.1348091
2022-09-21,AAPL,51.012666,52.571163,49.984857
2022-09-21,AMGN,6.5248245,6.711313,6.3404179
2022-09-21,CRM,6.9075505,6.9182084,6.8449647
2022-09-21,CSCO,23.935611,24.195725,23.931302
2022-09-21,IBM,13.357827,13.55057,13.314719
2022-09-21,INTC,13.593407,13.624452,13.494517
2022-09-21,MSFT,94.925558,94.625299,93.906681
2022-09-21,NKE,3.8286606,3.8721073,3.8176195
2022-09-21,VZ,1.6011249,1.6066437,1.5788048
2022-09-21,WMT,3.1185047,3.1854343,3.0946171
2022-09-22,AAPL,49.495065,49.731707,49.748027
2022-09-22,AMGN,6.5596505,6.8338519,6.5376947
2022-09-22,CRM,6.983931,7.1392123,6.9132912
2022-09-22,CSCO,24.046411,24.252442,23.679905
2022-09-22,IBM,13.103501,13.13922,12.878692
2022-09-22,INTC,13.713477,14.109689,13.638524
2022-09-22,MSFT,95.514888,95.747828,93.702964
2022-09-22,NKE,3.8145962,3.8811876,3.6972088
2022-09-22,VZ,1.5302462,1.5415975,1.5080743
2022-09-22,WMT,3.1070483,3.1298313,3.0781685
2022-09-23,AAPL,50.498224,51.056523,49.441438
2022-09-23,AMGN,6.4128463,6.4861178,6.2697607
2022-09-23,CRM,7.1909507,7.2672311,7.1293734
2022-09-23,CSCO,24.347111,24.548834,23.656059
2022-09-23,IBM,13.027907,13.129961,13.053071
2022-09-23,INTC,13.815737,13.857924,13.84143
2022-09-23,MSFT,96.37345,97.45161,95.441161
2022-09-23,NKE,3.7387139,3.7896517,3.7858526
2022-09-23,VZ,1.5513599,1.5745209,1.5274431
2022-09-23,WMT,3.0460946,3.0740343,2.9998197
2022-09-26,AAPL,50.220732,52.262709,49.438814
2022-09-26,AMGN,6.4034834,6.446145,6.2795734
2022-09-26,CRM,7.06931,7.2415272,7.0430889
2022-09-26,CSCO,24.599705,25.031004,24.175063
2022-09-26,IBM,13.144641,13.191164,12.887833
2022-09-26,INTC,13.594417,13.543718,13.475725
2022-09-26,MSFT,99.094408,98.802173,97.374433
2022-09-26,NKE,3.7040916,3.7083412,3.7146644
2022-09-26,VZ,1.5345612,1.5632928,1.5281596
2022-09-26,WMT,3.0415668,3.0522518,3.0148368
2022-09-27,AAPL,48.5011,48.686111,48.886791
2022-09-27,AMGN,6.400361,6.5414486,6.2349669
2022-09-27,CRM,6.9210797,7.1189275,6.9417152
2022-09-27,CSCO,24.447833,24.50495,23.749972
2022-09-27,IBM,13.086398,13.275102,13.06493
2022-09-27,INTC,13.412699,13.509392,13.150645
2022-09-27,MSFT,99.795923,100.14434,98.353663
2022-09-27,NKE,3.74253,3.7997279,3.7133412
2022-09-27,VZ,1.5414859,1.551668,1.5457772
2022-09-27,WMT,3.0938483,3.1034608,3.0942068
2022-09-28,AAPL,48.263792,47.097271,47.539059
2022-09-28,AMGN,6.3195086,6.3082265,6.3538701
2022-09-28,CRM,6.8676713,6.9297345,6.7215936
2022-09-28,CSCO,24.287855,24.39094,24.047904
2022-09-28,IBM,13.035721,13.043118,12.972051
2022-09-28,INTC,13.195029,13.456974,13.11388
2022-09-28,MSFT,100.3072,102.27944,100.33188
2022-09-28,NKE,3.6785357,3.7530145,3.6721301
2022-09-28,VZ,1.5582011,1.5765248,1.5327717
2022-09-28,WMT,3.0249464,3.0294658,3.0221869
2022-09-29,AAPL,49.182891,48.94267,48.223006
2022-09-29,AMGN,6.1951693,6.2652639,6.2423358
2022-09-29,CRM,6.7958935,7.0132442,6.6604808
2022-09-29,CSCO,24.25202,24.276699,24.336613
2022-09-29,IBM,13.04395,13.148723,12.987209
2022-09-29,INTC,13.16934,13.450285,12.773472
2022-09-29,MSFT,100.59239,104.90608,97.570968
2022-09-29,NKE,3.720588,3.7574319,3.7574252
2022-09-29,VZ,1.5393131,1.543919,1.51745
2022-09-29,WMT,3.0346136,3.0533492,2.9893192
2022-09-30,AAPL,49.325539,49.3955,49.057293
2022-09-30,AMGN,6.3439708,6.4370921,6.2774584
2022-09-30,CRM,6.556896,6.6942932,6.4623094
2022-09-30,CSCO,24.256522,25.139663,23.80337
2022-09-30,IBM,12.924492,13.091668,13.024648
2022-09-30,INTC,12.607894,12.866233,12.130654
2022-09-30,MSFT,99.246647,99.796984,98.316532
2022-09-30,NKE,3.7631646,3.8711378,3.7176057
2022-09-30,VZ,1.5291857,1.5503359,1.527372
2022-09-30,WMT,3.0597979,3.0683434,3.0312624
2022-10-03,AAPL,48.074458,48.554669,47.926635
2022-10-03,AMGN,6.3987375,6.4291538,6.3695021
2022-10-03,CRM,6.4932836,6.4785571,6.4068238
2022-10-03,CSCO,23.582159,23.483862,23.211
2022-10-03,IBM,13.018067,13.3697,12.933784
2022-10-03,INTC,13.186906,13.338977,13.346395
2022-10-03,MSFT,94.19959,94.537564,95.383434
2022-10-03,NKE,3.8365913,3.8916777,3.8616609
2022-10-03,VZ,1.5290185,1.5601717,1.533305
2022-10-03,WMT,3.0463709,2.9983031,3.0073983
2022-10-04,AAPL,47.179159,47.654167,46.866001
2022-10-04,AMGN,6.4540945,6.6567629,6.4758967
2022-10-04,CRM,6.4386173,6.7245224,6.2703204
2022-10-04,CSCO,23.163065,22.947887,22.803069
2022-10-04,IBM,13.015222,13.191422,12.911551
2022-10-04,INTC,12.59778,12.846885,12.317743
2022-10-04,MSFT,93.072197,95.388937,93.531955
2022-10-04,NKE,3.9989275,3.9778968,3.9825078
2022-10-04,VZ,1.5503409,1.5524081,1.527649
2022-10-04,WMT,3.0464768,3.1187804,3.0228219
2022-10-05,AAPL,45.180414,46.0801,44.10865
2022-10-05,AMGN,6.4232733,6.5924961,6.1962882
2022-10-05,CRM,6.1941602,6.1961605,6.3329914
2022-10-05,CSCO,23.073709,23.427222,22.603405
2022-10-05,IBM,12.975501,13.075966,12.9724
2022-10-05,INTC,12.311447,12.344777,12.174828
2022-10-05,MSFT,90.603206,91.648891,88.566634
2022-10-05,NKE,3.9699336,4.0182797,3.8902414
2022-10-05,VZ,1.5326563,1.5409408,1.5290397
2022-10-05,WMT,3.0602015,3.07224,3.0338146
2022-10-06,AAPL,43.214958,41.896904,41.928066
2022-10-06,AMGN,6.4828566,6.5015116,6.3715838
2022-10-06,CRM,6.2400726,6.3461119,6.1509036
2022-10-06,CSCO,22.89827,22.787188,22.421141
2022-10-06,IBM,12.933779,12.995663,13.006792
2022-10-06,INTC,12.177587,12.125094,12.065996
2022-10-06,MSFT,89.528698,90.332893,89.048466
2022-10-06,NKE,3.9513032,4.0467936,4.0106268
2022-10-06,VZ,1.5232597,1.5317102,1.5163878
2022-10-06,WMT,3.0391838,3.0563966,3.0064388
2022-10-07,AAPL,43.475914,44.641412,42.039411
2022-10-07,AMGN,6.4233999,6.604151,6.3013642
2022-10-07,CRM,6.3933582,6.5009521,6.0706911
2022-10-07,CSCO,22.465294,22.421737,22.514364
2022-10-07,IBM,13.024127,13.074253,12.939146
2022-10-07,INTC,12.041882,12.097974,12.001383
2022-10-07,MSFT,89.622624,90.706191,87.780055
2022-10-07,NKE,3.8997674,3.8693923,3.9143979
2022-10-07,VZ,1.5073098,1.5321921,1.4881827
2022-10-07,WMT,3.0204356,3.0121437,2.9975923
2022-10-10,AAPL,42.052949,42.891706,41.297555
2022-10-10,AMGN,6.262459,6.3618396,6.2345723
2022-10-10,CRM,6.4386477,6.6091297,6.3004712
2022-10-10,CSCO,21.782818,21.863622,21.715912
2022-10-10,IBM,13.013044,12.941994,12.815249
2022-10-10,INTC,11.989078,11.963271,11.837425
2022-10-10,MSFT,87.900196,88.270203,86.140858
2022-10-10,NKE,3.9133296,3.9757055,3.9057165
2022-10-10,VZ,1.5065013,1.5201409,1.4807848
2022-10-10,WMT,3.0028243,3.0332033,3.0050036
2022-10-11,AAPL,43.259538,44.040613,43.523073
2022-10-11,AMGN,6.2448142,6.292011,6.0957238
2022-10-11,CRM,6.3719061,6.5230076,6.4001773
2022-10-11,CSCO,21.599284,21.971131,21.590102
2022-10-11,IBM,12.905192,13.04819,12.968532
2022-10-11,INTC,12.002839,12.230362,11.882695
2022-10-11,MSFT,86.474598,85.273252,84.317884
2022-10-11,NKE,3.8078693,3.8376872,3.8681216
2022-10-11,VZ,1.4830275,1.4890005,1.4670668
2022-10-11,WMT,3.0256942,3.0210977,3.0256522
2022-10-12,AAPL,42.647647,42.782358,41.97853
2022-10-12,AMGN,6.3349,6.3990034,6.269116
2022-10-12,CRM,6.6568893,6.819853,6.6640155
2022-10-12,CSCO,21.943952,22.092422,21.491211
2022-10-12,IBM,12.832082,12.976444,12.71779
2022-10-12,INTC,11.769652,11.886654,11.628075
2022-10-12,MSFT,87.684827,87.806154,87.399637
2022-10-12,NKE,3.7003612,3.7497063,3.6570163
2022-10-12,VZ,1.4980533,1.5370034,1.4766949
2022-10-12,WMT,2.9427788,2.9624948,2.9200848
2022-10-13,AAPL,43.711841,44.174351,43.154123
2022-10-13,AMGN,6.2615288,6.410522,6.1789454
2022-10-13,CRM,6.6046536,6.398442,6.6179698
2022-10-13,CSCO,22.045074,22.311722,21.530008
2022-10-13,IBM,12.971756,13.049831,12.802544
2022-10-13,INTC,10.9445,11.058224,10.799867
2022-10-13,MSFT,87.160475,87.774284,86.224321
2022-10-13,NKE,3.7509207,3.8236193,3.6631872
2022-10-13,VZ,1.4858722,1.5097923,1.4788644
2022-10-13,WMT,2.8882563,2.9352653,2.8711114
2022-10-14,AAPL,42.663331,43.143656,41.521176
2022-10-14,AMGN,6.3761225,6.4637315,6.4300739
2022-10-14,CRM,6.7718822,6.8072996,6.7604217
2022-10-14,CSCO,21.848164,22.309372,21.427815
2022-10-14,IBM,13.204285,13.436644,13.123726
2022-10-14,INTC,11.033729,11.165977,10.839697
2022-10-14,MSFT,87.59243,88.722706,87.65932
2022-10-14,NKE,3.7113169,3.7892122,3.7121084
2022-10-14,VZ,1.4615998,1.4465215,1.4343848
2022-10-14,WMT,2.8865303,2.9180121,2.8544216
2022-10-17,AAPL,42.725592,43.169752,42.017026
2022-10-17,AMGN,6.2745242,6.3385043,6.1841366
2022-10-17,CRM,6.5163717,6.7249924,6.5669422
2022-10-17,CSCO,21.792196,22.37344,21.243155
2022-10-17,IBM,13.415489,13.543737,13.447433
2022-10-17,INTC,11.065395,11.137934,10.954986
2022-10-17,MSFT,86.216419,87.087977,86.983616
2022-10-17,NKE,3.6165779,3.6804252,3.5959488
2022-10-17,VZ,1.4419801,1.462607,1.4340886
2022-10-17,WMT,2.8591294,2.8891512,2.8170077
2022-10-18,AAPL,43.504515,43.926128,43.587602
2022-10-18,AMGN,6.3599944,6.4583116,6.3282945
2022-10-18,CRM,6.5786131,6.7822475,6.3399494
2022-10-18,CSCO,21.252312,21.52618,21.194001
2022-10-18,IBM,13.228159,13.457912,12.967505
2022-10-18,INTC,10.79559,10.848707,10.608964
2022-10-18,MSFT,89.089288,91.107894,89.299262
2022-10-18,NKE,3.6472894,3.7233535,3.6071069
2022-10-18,VZ,1.4472626,1.4602592,1.4365456
2022-10-18,WMT,2.8312433,2.8782619,2.7805376
2022-10-19,AAPL,42.287376,42.850285,41.532232
2022-10-19,AMGN,6.1871075,6.2704482,6.1028674
2022-10-19,CRM,6.5471494,6.6433046,6.4660789
2022-10-19,CSCO,21.275743,21.450751,20.828109
2022-10-19,IBM,13.000441,13.086373,12.882493
2022-10-19,INTC,10.910947,11.039084,10.967487
2022-10-19,MSFT,86.290638,86.397753,86.027284
2022-10-19,NKE,3.7453664,3.8245903,3.6593042
2022-10-19,VZ,1.4786853,1.5071479,1.4851111
2022-10-19,WMT,2.7708021,2.7697312,2.7580301
2022-10-20,AAPL,41.997701,43.242941,41.995343
2022-10-20,AMGN,6.0737575,6.1247682,6.1707742
2022-10-20,CRM,6.6545248,6.7716599,6.5114288
2022-10-20,CSCO,20.631299,20.974541,20.699991
2022-10-20,IBM,12.655598,12.805672,12.414032
2022-10-20,INTC,10.740247,10.691154,10.499914
2022-10-20,MSFT,87.156592,87.076621,84.637883
2022-10-20,NKE,3.6041921,3.6403586,3.5501746
2022-10-20,VZ,1.4406884,1.4740849,1.426914
2022-10-20,WMT,2.8146869,2.8131968,2.7709526
2022-10-21,AAPL,41.802226,42.366197,41.003836
2022-10-21,AMGN,5.9284859,6.0742858,5.8684226
2022-10-21,CRM,6.6251563,6.5544382,6.4556825
2022-10-21,CSCO,20.317284,20.560977,20.669517
2022-10-21,IBM,12.627842,12.681067,12.59153
2022-10-21,INTC,10.49965,10.425331,10.297725
2022-10-21,MSFT,85.206809,85.245986,83.471156
2022-10-21,NKE,3.5699678,3.5992387,3.5620577
2022-10-21,VZ,1.4454782,1.4879202,1.4480067
2022-10-21,WMT,2.7721101,2.782903,2.7224512
2022-10-24,AAPL,40.925745,41.584632,40.273598
2022-10-24,AMGN,5.8283811,5.9599576,5.7606783
2022-10-24,CRM,6.6442618,6.7584116,6.6452582
2022-10-24,CSCO,19.942016,20.364807,19.819728
2022-10-24,IBM,12.770301,12.830857,12.597127
2022-10-24,INTC,10.424843,10.672015,10.5694
2022-10-24,MSFT,84.979934,86.820718,83.079689
2022-10-24,NKE,3.5207834,3.5723251,3.4435134
2022-10-24,VZ,1.4157874,1.424351,1.3845222
2022-10-24,WMT,2.7949444,2.8250461,2.7485273
2022-10-25,AAPL,39.440869,39.728557,39.770896
2022-10-25,AMGN,5.9252667,5.9007589,5.8135088
2022-10-25,CRM,6.6618987,6.7046237,6.6563376
2022-10-25,CSCO,19.948952,20.022623,19.789133
2022-10-25,IBM,12.853428,12.990627,12.961192
2022-10-25,INTC,10.596492,10.527852,10.482198
2022-10-25,MSFT,82.149074,82.559329,81.251317
2022-10-25,NKE,3.4805373,3.5058453,3.4216258
2022-10-25,VZ,1.4358106,1.4660911,1.4210883
2022-10-25,WMT,2.7465779,2.7352951,2.7664505
2022-10-26,AAPL,39.101024,39.725835,38.281121
2022-10-26,AMGN,5.9388574,5.9791003,5.8301228
2022-10-26,CRM,6.6345236,6.7218338,6.6461474
2022-10-26,CSCO,20.26734,20.349752,20.452642
2022-10-26,IBM,13.017105,13.104592,12.773771
2022-10-26,INTC,10.268363,10.278843,10.125069
2022-10-26,MSFT,79.519758,79.807812,78.480687
2022-10-26,NKE,3.4758828,3.4899137,3.4873281
2022-10-26,VZ,1.4120405,1.4210234,1.3965567
2022-10-26,WMT,2.7217753,2.7532594,2.6722201
2022-10-27,AAPL,38.884264,39.308887,37.668753
2022-10-27,AMGN,6.1198958,6.1444729,5.9445193
2022-10-27,CRM,6.3860933,6.5488264,6.3373153
2022-10-27,CSCO,20.154934,20.404861,19.889373
2022-10-27,IBM,13.247142,13.348919,13.091577
2022-10-27,INTC,10.330698,10.649842,10.214965
2022-10-27,MSFT,79.512454,81.210199,79.628425
2022-10-27,NKE,3.4719909,3.5057427,3.5290565
2022-10-27,VZ,1.376097,1.3872641,1.3701818
2022-10-27,WMT,2.6894114,2.7101634,2.6323034
2022-10-28,AAPL,38.140997,39.098599,38.144839
2022-10-28,AMGN,6.1202266,6.1314776,6.0899345
2022-10-28,CRM,6.5987502,6.7902236,6.5978208
2022-10-28,CSCO,19.701746,19.902855,19.652777
2022-10-28,IBM,13.134453,13.401596,12.998841
2022-10-28,INTC,10.282279,10.477512,10.078498
2022-10-28,MSFT,76.73376,78.371058,76.546527
2022-10-28,NKE,3.5001172,3.6018507,3.4329116
2022-10-28,VZ,1.3677603,1.3831276,1.3388645
2022-10-28,WMT,2.639795,2.6570682,2.6396057
2022-10-31,AAPL,37.051251,37.10121,37.096943
2022-10-31,AMGN,5.8733405,5.9877552,5.7349339
2022-10-31,CRM,6.4309326,6.4959555,6.259358
2022-10-31,CSCO,19.39725,19.409228,19.081001
2022-10-31,IBM,13.199334,13.310788,13.035916
2022-10-31,INTC,10.456575,10.572126,10.342641
2022-10-31,MSFT,75.342103,76.288822,75.852269
2022-10-31,NKE,3.4327707,3.4655069,3.3442009
2022-10-31,VZ,1.3357944,1.3462637,1.3194371
2022-10-31,WMT,2.6166474,2.6375338,2.5950731
2022-11-01,AAPL,36.767973,37.51702,36.673783
2022-11-01,AMGN,5.8572783,5.9712579,5.8391414
2022-11-01,CRM,6.1578305,6.1892671,5.8956029
2022-11-01,CSCO,19.546795,20.332082,19.538896
2022-11-01,IBM,13.190584,13.221999,12.990266
2022-11-01,INTC,10.367269,10.471705,10.046062
2022-11-01,MSFT,76.681657,78.22432,75.901774
2022-11-01,NKE,3.4671753,3.467751,3.4584447
2022-11-01,VZ,1.3627989,1.379027,1.3497404
2022-11-01,WMT,2.6156646,2.6069516,2.5946196
2022-11-02,AAPL,35.696843,35.381633,35.755397
2022-11-02,AMGN,5.8445206,5.8775229,5.7592043
2022-11-02,CRM,6.095626,6.1837897,6.0701266
2022-11-02,CSCO,19.483298,19.796565,19.147706
2022-11-02,IBM,12.755531,12.664789,12.813255
2022-11-02,INTC,10.257904,10.367743,10.187591
2022-11-02,MSFT,75.87678,76.514667,75.228021
2022-11-02,NKE,3.4787819,3.5189265,3.4312062
2022-11-02,VZ,1.3451354,1.3507995,1.3205404
2022-11-02,WMT,2.586965,2.6324048,2.5718005
2022-11-03,AAPL,34.749587,34.298569,33.962235
2022-11-03,AMGN,5.8734527,5.8515353,5.8661664
2022-11-03,CRM,5.8826469,6.1769515,5.8068057
2022-11-03,CSCO,19.530331,19.673727,19.104944
2022-11-03,IBM,12.689733,12.904696,12.614245
2022-11-03,INTC,10.352006,10.29354,10.237511
2022-11-03,MSFT,74.386803,75.736088,72.993743
2022-11-03,NKE,3.4712937,3.4941385,3.4366079
2022-11-03,VZ,1.3647793,1.3788349,1.3577943
2022-11-03,WMT,2.5500561,2.5466656,2.5127931
2022-11-04,AAPL,33.982186,34.463497,33.685783
2022-11-04,AMGN,6.0257898,6.1230876,5.9853902
2022-11-04,CRM,6.0349903,6.1271237,5.9976912
2022-11-04,CSCO,19.59881,19.680436,19.926017
2022-11-04,IBM,12.722176,13.067395,12.512361
2022-11-04,INTC,10.376424,10.673881,10.113085
2022-11-04,MSFT,73.069182,73.062292,72.261782
2022-11-04,NKE,3.4843493,3.5185365,3.486196
2022-11-04,VZ,1.3902809,1.4169832,1.3778793
2022-11-04,WMT,2.5302316,2.5169086,2.503716
2022-11-07,AAPL,34.672308,35.432708,34.120449
2022-11-07,AMGN,5.9581134,6.0098923,5.8721788
2022-11-07,CRM,6.1151246,6.1877959,5.845786
2022-11-07,CSCO,19.7077,19.682883,19.823478
2022-11-07,IBM,12.678257,12.888376,12.443227
2022-11-07,INTC,9.9774782,9.9311811,9.9268731
2022-11-07,MSFT,73.881989,75.239371,73.50113
2022-11-07,NKE,3.4676548,3.5270661,3.4310877
2022-11-07,VZ,1.3547645,1.3679503,1.3515383
2022-11-07,WMT,2.5441829,2.5458646,2.4993882
2022-11-08,AAPL,33.310341,33.934865,32.471061
2022-11-08,AMGN,5.9801159,6.0369813,5.9036418
2022-11-08,CRM,6.3540596,6.3516812,6.1264355
2022-11-08,CSCO,19.52072,19.481052,19.374237
2022-11-08,IBM,12.674821,12.778592,12.539203
2022-11-08,INTC,10.232685,10.298401,10.204686
2022-11-08,MSFT,73.273715,72.847976,73.178824
2022-11-08,NKE,3.4411745,3.5812687,3.4292613
2022-11-08,VZ,1.3407071,1.3500748,1.3129954
2022-11-08,WMT,2.5772422,2.6113906,2.5785986
2022-11-09,AAPL,35.15684,35.45123,34.386497
2022-11-09,AMGN,6.1059902,6.1998277,6.0517423
2022-11-09,CRM,6.1714597,6.0641442,6.1597618
2022-11-09,CSCO,19.371622,19.246903,18.840353
2022-11-09,IBM,12.762201,13.058625,12.719262
2022-11-09,INTC,10.16779,10.161887,10.030833
2022-11-09,MSFT,71.799883,72.310226,71.049073
2022-11-09,NKE,3.4146869,3.4970283,3.4604131
2022-11-09,VZ,1.3182974,1.3444248,1.3091679
2022-11-09,WMT,2.5734125,2.5847886,2.5595265
2022-11-10,AAPL,34.840017,34.746259,34.501041
2022-11-10,AMGN,5.8781493,5.8842372,5.8007011
2022-11-10,CRM,6.0305997,6.146203,6.1384367
2022-11-10,CSCO,19.181461,19.546342,19.185934
2022-11-10,IBM,12.589234,12.692747,12.411713
2022-11-10,INTC,10.22412,10.174437,10.185237
2022-11-10,MSFT,72.703697,74.180044,70.929623
2022-11-10,NKE,3.3920854,3.4264199,3.266498
2022-11-10,VZ,1.3012511,1.3163231,1.3292898
2022-11-10,WMT,2.5364003,2.5549545,2.5242632
2022-11-11,AAPL,34.897798,35.817302,34.682665
2022-11-11,AMGN,5.8946552,5.9442369,5.8214022
2022-11-11,CRM,5.9351054,6.0128293,5.8018993
2022-11-11,CSCO,19.160654,19.619019,19.100884
2022-11-11,IBM,12.898266,13.119462,12.949426
2022-11-11,INTC,10.176176,10.570716,10.056804
2022-11-11,MSFT,71.72307,73.594276,71.300719
2022-11-11,NKE,3.3907561,3.4227934,3.3661234
2022-11-11,VZ,1.2736246,1.2695556,1.27094
2022-11-11,WMT,2.4874808,2.5026703,2.4573326
2022-11-14,AAPL,34.781593,35.037274,34.778612
2022-11-14,AMGN,5.7828636,5.9380589,5.7747183
2022-11-14,CRM,5.8731034,6.1859978,5.6502011
2022-11-14,CSCO,19.809234,20.265583,19.700297
2022-11-14,IBM,12.96752,13.136173,13.033865
2022-11-14,INTC,10.020414,10.070898,9.7952558
2022-11-14,MSFT,72.459887,72.276841,71.939553
2022-11-14,NKE,3.375455,3.3748832,3.3323269
2022-11-14,VZ,1.2488808,1.2656614,1.2633164
2022-11-14,WMT,2.4692201,2.5047068,2.4480685
2022-11-15,AAPL,33.757673,33.833594,33.570082
2022-11-15,AMGN,5.6104528,5.7724218,5.5505016
2022-11-15,CRM,6.009303,6.0256906,5.961231
2022-11-15,CSCO,19.414846,19.659495,19.058099
2022-11-15,IBM,12.542093,12.603951,12.244607
2022-11-15,INTC,10.019028,10.072431,9.8351283
2022-11-15,MSFT,74.171008,74.706887,72.642778
2022-11-15,NKE,3.2851117,3.347325,3.2929934
2022-11-15,VZ,1.2425422,1.2614815,1.2343757
2022-11-15,WMT,2.3803999,2.4255967,2.3828957
2022-11-16,AAPL,33.392352,34.349395,33.357314
2022-11-16,AMGN,5.4744539,5.5130614,5.4591056
2022-11-16,CRM,5.9938651,6.0488785,5.9547199
2022-11-16,CSCO,19.272503,19.624134,19.412248
2022-11-16,IBM,12.589424,12.62478,12.317331
2022-11-16,INTC,9.8477586,10.123748,9.7132739
2022-11-16,MSFT,73.026329,73.486915,72.328437
2022-11-16,NKE,3.2942144,3.358392,3.3133245
2022-11-16,VZ,1.2641135,1.2862066,1.2659584
2022-11-16,WMT,2.3591223,2.3706685,2.3342546
2022-11-17,AAPL,32.949243,32.775094,31.677439
2022-11-17,AMGN,5.4692912,5.5548343,5.4693597
2022-11-17,CRM,5.9482147,5.9099483,5.7995545
2022-11-17,CSCO,19.512547,19.54921,19.584957
2022-11-17,IBM,12.624148,12.934861,12.469915
2022-11-17,INTC,9.8137741,10.011487,9.792193
2022-11-17,MSFT,73.63693,74.025462,71.480033
2022-11-17,NKE,3.3682318,3.4090266,3.3771336
2022-11-17,VZ,1.2587392,1.2770953,1.2346956
2022-11-17,WMT,2.3258507,2.3755975,2.3225703
2022-11-18,AAPL,32.357223,32.824942,31.164656
2022-11-18,AMGN,5.5235829,5.5370228,5.5119588
2022-11-18,CRM,6.0221336,6.0509628,6.0983323
2022-11-18,CSCO,18.993886,18.995305,18.782939
2022-11-18,IBM,12.678878,12.792003,12.509879
2022-11-18,INTC,9.5233357,9.4388705,9.5367081
2022-11-18,MSFT,74.987804,75.063037,73.749813
2022-11-18,NKE,3.3111677,3.3115474,3.2778958
2022-11-18,VZ,1.271009,1.2846678,1.2363474
2022-11-18,WMT,2.367258,2.4043737,2.3593394
2022-11-21,AAPL,31.397545,31.628163,30.71569
2022-11-21,AMGN,5.6168935,5.6500554,5.6118127
2022-11-21,CRM,5.8887927,5.9468649,5.8276651
2022-11-21,CSCO,19.456433,19.50061,19.043625
2022-11-21,IBM,12.575517,12.720471,12.432147
2022-11-21,INTC,9.2708893,9.5814991,9.3018884
2022-11-21,MSFT,72.741588,73.778748,70.744466
2022-11-21,NKE,3.2632825,3.3316773,3.2428443
2022-11-21,VZ,1.2519228,1.2567617,1.2653206
2022-11-21,WMT,2.3765111,2.3645808,2.3392352
2022-11-22,AAPL,32.000789,32.521317,31.726421
2022-11-22,AMGN,5.5321481,5.6525527,5.4526837
2022-11-22,CRM,5.6073472,5.7509539,5.4555397
2022-11-22,CSCO,19.553123,19.493597,19.782963
2022-11-22,IBM,12.852734,13.047727,13.041696
2022-11-22,INTC,9.31947,9.4600151,9.1771328
2022-11-22,MSFT,71.889104,71.523069,72.148548
2022-11-22,NKE,3.1965519,3.2448347,3.1044793
2022-11-22,VZ,1.27186,1.2661967,1.2693793
2022-11-22,WMT,2.417974,2.4116792,2.4159719
2022-11-23,AAPL,32.502048,33.203504,32.026413
2022-11-23,AMGN,5.4594187,5.504617,5.4105403
2022-11-23,CRM,5.3721894,5.3591676,5.3342433
2022-11-23,CSCO,19.713826,20.251591,19.08142
2022-11-23,IBM,12.886314,13.088459,12.520969
2022-11-23,INTC,9.1281824,9.2237689,8.9571943
2022-11-23,MSFT,71.658226,72.610875,71.845499
2022-11-23,NKE,3.1224712,3.1456881,3.087951
2022-11-23,VZ,1.2538121,1.2601181,1.241479
2022-11-23,WMT,2.363836,2.3921619,2.3429206
2022-11-25,AAPL,32.091659,32.412246,31.774763
2022-11-25,AMGN,5.4255615,5.4120785,5.274573
2022-11-25,CRM,5.3266593,5.5106983,5.2649656
2022-11-25,CSCO,20.156584,20.140345,19.951487
2022-11-25,IBM,12.834004,13.055951,12.644444
2022-11-25,INTC,8.9496037,9.2009021,8.8524945
2022-11-25,MSFT,72.045946,73.029515,70.750982
2022-11-25,NKE,3.0472469,3.0636111,2.9903539
2022-11-25,VZ,1.2503404,1.272543,1.2384132
2022-11-25,WMT,2.3930142,2.4137308,2.3784545
2022-11-28,AAPL,31.609929,31.797751,31.151064
2022-11-28,AMGN,5.6432996,5.6877774,5.595551
2022-11-28,CRM,5.2658973,5.2943862,5.1502889
2022-11-28,CSCO,20.224236,20.189307,20.206098
2022-11-28,IBM,13.110572,13.073691,13.024122
2022-11-28,INTC,8.9381638,9.0025378,8.8311038
2022-11-28,MSFT,69.948326,70.540451,69.985066
2022-11-28,NKE,2.9255408,2.9582631,2.890503
2022-11-28,VZ,1.2638915,1.2841753,1.2524671
2022-11-28,WMT,2.4198565,2.4485675,2.3762164
2022-11-29,AAPL,30.919627,31.259526,30.308417
2022-11-29,AMGN,5.6783279,5.7710719,5.5483396
2022-11-29,CRM,5.2151333,5.3366487,5.1082566
2022-11-29,CSCO,19.510031,19.636471,19.508748
2022-11-29,IBM,12.753118,12.703597,12.713447
2022-11-29,INTC,8.819608,8.9113114,8.7299401
2022-11-29,MSFT,71.957494,73.320538,71.319796
2022-11-29,NKE,2.895195,2.9265446,2.8901863
2022-11-29,VZ,1.2666025,1.2824254,1.2394268
2022-11-29,WMT,2.3908484,2.4262551,2.3784987
2022-11-30,AAPL,30.541494,31.450311,29.951117
2022-11-30,AMGN,5.6368556,5.7164829,5.5854261
2022-11-30,CRM,5.1088382,5.1221959,5.0470801
2022-11-30,CSCO,19.415765,19.742634,19.249479
2022-11-30,IBM,12.899544,13.000005,12.761626
2022-11-30,INTC,8.6089233,8.7660165,8.5803198
2022-11-30,MSFT,70.237949,71.832113,70.18548
2022-11-30,NKE,2.8448656,2.8597394,2.7972525
2022-11-30,VZ,1.2720038,1.2864383,1.2432624
2022-11-30,WMT,2.4145155,2.487115,2.4336852
2022-12-01,AAPL,30.283879,30.885278,29.553222
2022-12-01,AMGN,5.6916857,5.8409805,5.6897289
2022-12-01,CRM,5.1874586,5.2533558,5.1236577
2022-12-01,CSCO,18.964271,19.455253,18.77061
2022-12-01,IBM,12.669854,13.009986,12.414907
2022-12-01,INTC,8.4959269,8.4960069,8.3846837
2022-12-01,MSFT,70.776158,70.787726,68.865362
2022-12-01,NKE,2.8495073,2.8618162,2.798677
2022-12-01,VZ,1.2803625,1.2887267,1.3008344
2022-12-01,WMT,2.4032328,2.4390334,2.3828558
2022-12-02,AAPL,30.086544,30.450537,30.058645
2022-12-02,AMGN,5.6838568,5.8183595,5.6588497
2022-12-02,CRM,5.2844317,5.3542872,5.082657
2022-12-02,CSCO,18.867891,18.880118,18.807294
2022-12-02,IBM,12.597062,12.681925,12.480488
2022-12-02,INTC,8.5312394,8.5839019,8.3900972
2022-12-02,MSFT,71.550421,73.394502,70.338886
2022-12-02,NKE,2.7657105,2.7863081,2.665889
2022-12-02,VZ,1.2907883,1.2773418,1.2965361
2022-12-02,WMT,2.4006336,2.4366297,2.3979476
2022-12-05,AAPL,30.433923,30.946212,30.318784
2022-12-05,AMGN,5.7485549,5.7974826,5.7494246
2022-12-05,CRM,5.1862299,5.1671929,5.1060588
2022-12-05,CSCO,19.202826,19.515415,18.892285
2022-12-05,IBM,12.798407,13.047901,12.828693
2022-12-05,INTC,8.6187245,8.6052343,8.5511488
2022-12-05,MSFT,72.087387,72.595193,71.124753
2022-12-05,NKE,2.8972839,2.9307228,2.8632068
2022-12-05,VZ,1.2641615,1.2803072,1.251468
2022-12-05,WMT,2.4164009,2.4423336,2.435954
2022-12-06,AAPL,30.324686,30.341738,29.695677
2022-12-06,AMGN,5.8303338,5.9301735,5.6940169
2022-12-06,CRM,5.1568036,5.1419171,4.9851845
2022-12-06,CSCO,18.781275,18.823068,18.740612
2022-12-06,IBM,12.92719,12.950666,12.761736
2022-12-06,INTC,8.545638,8.8122033,8.368935
2022-12-06,MSFT,70.865371,71.868202,69.494426
2022-12-06,NKE,2.9166321,2.9646011,2.901012
2022-12-06,VZ,1.2738824,1.2859424,1.2732055
2022-12-06,WMT,2.4547976,2.4820802,2.4600358
2022-12-07,AAPL,30.294529,30.262642,29.816377
2022-12-07,AMGN,5.7737336,5.9262976,5.8046953
2022-12-07,CRM,5.0530118,5.0609672,4.8155757
2022-12-07,CSCO,18.608126,18.788065,18.295428
2022-12-07,IBM,13.057206,13.345303,12.988073
2022-12-07,INTC,8.4871279,8.5750313,8.3753038
2022-12-07,MSFT,70.725228,72.9354,70.296532
2022-12-07,NKE,2.9193572,2.9253876,2.8947141
2022-12-07,VZ,1.269385,1.2684275,1.2547469
2022-12-07,WMT,2.4704622,2.4911324,2.4781823
2022-12-08,AAPL,30.906122,32.154487,30.44023
2022-12-08,AMGN,5.7990755,5.8438893,5.6529174
2022-12-08,CRM,5.0790176,5.2749416,5.0314876
2022-12-08,CSCO,18.513288,18.368739,18.5585
2022-12-08,IBM,13.143354,13.104723,12.988408
2022-12-08,INTC,8.4008881,8.6430962,8.310191
2022-12-08,MSFT,70.109571,70.230783,69.95497
2022-12-08,NKE,2.9039711,2.9479993,2.889213
2022-12-08,VZ,1.2741532,1.2768914,1.2687954
2022-12-08,WMT,2.4730111,2.4628434,2.4425835
2022-12-09,AAPL,31.109933,31.064812,30.693087
2022-12-09,AMGN,5.9079387,5.8895429,5.9539994
2022-12-09,CRM,5.1543022,5.2364443,4.9535948
2022-12-09,CSCO,17.864567,18.056316,17.356085
2022-12-09,IBM,13.366273,13.51252,13.380932
2022-12-09,INTC,8.1618279,8.2045819,8.1686328
2022-12-09,MSFT,68.485067,68.905198,68.16006
2022-12-09,NKE,2.9244021,2.9249407,2.8476088
2022-12-09,VZ,1.2766038,1.3009386,1.2759203
2022-12-09,WMT,2.4687473,2.5144311,2.4456252
2022-12-12,AAPL,31.017882,31.329831,30.348725
2022-12-12,AMGN,5.8850152,5.9466828,5.7109562
2022-12-12,CRM,5.1112723,5.0956088,5.0556188
2022-12-12,CSCO,17.574674,17.796711,17.449266
2022-12-12,IBM,13.329061,13.392824,13.337369
2022-12-12,INTC,8.2711709,8.4328582,8.0837657
2022-12-12,MSFT,67.265082,67.899555,67.453463
2022-12-12,NKE,2.8434407,2.9416045,2.8185572
2022-12-12,VZ,1.2460399,1.2526086,1.2351309
2022-12-12,WMT,2.4332258,2.4782393,2.3954421
2022-12-13,AAPL,31.41567,31.466138,31.326901
2022-12-13,AMGN,5.9237794,5.9875486,5.8498876
2022-12-13,CRM,5.2297023,5.4037512,5.1884132
2022-12-13,CSCO,17.649523,18.021512,17.354611
2022-12-13,IBM,13.578669,13.683243,13.453566
2022-12-13,INTC,8.4103448,8.4539264,8.2794545
2022-12-13,MSFT,66.436952,66.294758,65.92065
2022-12-13,NKE,2.8509799,2.8699381,2.837002
2022-12-13,VZ,1.241925,1.2675099,1.2270467
2022-12-13,WMT,2.4382015,2.468857,2.4234235
2022-12-14,AAPL,31.804851,32.567525,31.712761
2022-12-14,AMGN,5.9715525,5.9801518,5.9533975
2022-12-14,CRM,5.1780723,5.1674629,5.1393501
2022-12-14,CSCO,17.208479,17.416956,16.976335
2022-12-14,IBM,13.65134,13.68791,13.567853
2022-12-14,INTC,8.2977087,8.4586655,8.2171394
2022-12-14,MSFT,66.439391,66.354482,65.462293
2022-12-14,NKE,2.8539783,2.8491788,2.8369584
2022-12-14,VZ,1.2596123,1.2748532,1.2580256
2022-12-14,WMT,2.4582853,2.4738108,2.4462179
2022-12-15,AAPL,31.870045,31.706698,31.984018
2022-12-15,AMGN,5.8737084,5.9787434,5.8110674
2022-12-15,CRM,5.3030322,5.440499,5.216721
2022-12-15,CSCO,17.623824,17.702517,17.631762
2022-12-15,IBM,13.524469,13.654805,13.444876
2022-12-15,INTC,8.1025822,8.1999935,8.0648917
2022-12-15,MSFT,64.211229,64.691546,61.799043
2022-12-15,NKE,2.7867707,2.8025373,2.7612888
2022-12-15,VZ,1.2147998,1.2207629,1.1929333
2022-12-15,WMT,2.4543846,2.4515553,2.4319228
2022-12-16,AAPL,32.232068,33.166269,32.013526
2022-12-16,AMGN,5.8499015,5.8909148,5.7448338
2022-12-16,CRM,5.0673068,5.1010024,4.8614569
2022-12-16,CSCO,17.236369,17.203679,17.078723
2022-12-16,IBM,13.531159,13.903779,13.287101
2022-12-16,INTC,8.3516962,8.3481693,8.25445
2022-12-16,MSFT,63.427544,64.2194,63.033018
2022-12-16,NKE,2.7030465,2.7507115,2.6405989
2022-12-16,VZ,1.207984,1.2077065,1.1947464
2022-12-16,WMT,2.4913367,2.5231456,2.4673542
2022-12-19,AAPL,31.55355,31.751693,30.787977
2022-12-19,AMGN,5.7860379,5.7701467,5.6977275
2022-12-19,CRM,4.7932289,4.9350966,4.700568
2022-12-19,CSCO,17.368535,17.568441,17.392733
2022-12-19,IBM,13.431729,13.412045,13.305252
2022-12-19,INTC,8.2861925,8.3142735,8.2774486
2022-12-19,MSFT,64.269792,64.177217,62.687876
2022-12-19,NKE,2.7153659,2.7512939,2.7164033
2022-12-19,VZ,1.2198138,1.2368735,1.2252438
2022-12-19,WMT,2.5100074,2.526019,2.5056627
2022-12-20,AAPL,29.936113,30.596715,29.367868
2022-12-20,AMGN,5.8435742,5.8717437,5.7601867
2022-12-20,CRM,4.7052615,4.7203321,4.6023585
2022-12-20,CSCO,17.025021,17.209716,17.085283
2022-12-20,IBM,13.661585,13.369137,13.585812
2022-12-20,INTC,8.2387046,8.2467296,8.1506463
2022-12-20,MSFT,63.40346,63.691763,62.757843
2022-12-20,NKE,2.6703212,2.6908262,2.6403252
2022-12-20,VZ,1.2356922,1.2471607,1.2281947
2022-12-20,WMT,2.5241269,2.5427421,2.4760867
2022-12-21,AAPL,29.94927,30.269348,29.648048
2022-12-21,AMGN,5.7240287,5.8446388,5.6836233
2022-12-21,CRM,4.4534362,4.507784,4.4482587
2022-12-21,CSCO,17.048055,16.848667,16.813865
2022-12-21,IBM,13.515664,13.577711,13.606714
2022-12-21,INTC,8.0524628,8.1118881,8.0432168
2022-12-21,MSFT,64.647081,65.99278,63.496245
2022-12-21,NKE,2.7052794,2.7073227,2.6725186
2022-12-21,VZ,1.2224622,1.2458378,1.2172058
2022-12-21,WMT,2.5237104,2.5562413,2.4675389
2022-12-22,AAPL,29.639429,30.028621,28.791419
2022-12-22,AMGN,5.6163257,5.6079313,5.4856482
2022-12-22,CRM,4.3155868,4.5346642,4.3094128
2022-12-22,CSCO,16.874153,16.566858,16.659711
2022-12-22,IBM,13.20699,13.294986,13.307139
2022-12-22,INTC,8.0557763,8.2208002,8.0274789
2022-12-22,MSFT,63.613631,63.384308,63.406371
2022-12-22,NKE,2.8090718,2.8694202,2.7588954
2022-12-22,VZ,1.2531053,1.260911,1.2501885
2022-12-22,WMT,2.5198272,2.5390339,2.5411114
2022-12-23,AAPL,29.87452,29.953948,28.876921
2022-12-23,AMGN,5.5054878,5.6118224,5.519559
2022-12-23,CRM,4.1177342,4.1136514,3.9794774
2022-12-23,CSCO,17.26948,17.502031,16.80913
2022-12-23,IBM,12.840729,12.982095,12.710682
2022-12-23,INTC,8.0010604,7.9607952,7.898976
2022-12-23,MSFT,64.060274,65.763659,63.282542
2022-12-23,NKE,2.7080531,2.7632297,2.648581
2022-12-23,VZ,1.2550683,1.2452061,1.232266
2022-12-23,WMT,2.469333,2.491379,2.4500675
2022-12-27,AAPL,29.317739,29.727193,28.59465
2022-12-27,AMGN,5.3118723,5.4323363,5.2763012
2022-12-27,CRM,4.1674101,4.2443889,4.0639856
2022-12-27,CSCO,17.424477,17.281704,17.117681
2022-12-27,IBM,12.526881,12.747927,12.435247
2022-12-27,INTC,7.9646426,8.1163577,7.8570218
2022-12-27,MSFT,65.175623,65.601386,64.702198
2022-12-27,NKE,2.6873459,2.7624949,2.6435343
2022-12-27,VZ,1.2362762,1.2344907,1.224598
2022-12-27,WMT,2.4141759,2.4145385,2.406536
2022-12-28,AAPL,29.270863,29.391169,29.700567
2022-12-28,AMGN,5.3508859,5.518739,5.3816985
2022-12-28,CRM,4.2632427,4.3282855,4.2238182
2022-12-28,CSCO,17.359574,17.450486,16.94697
2022-12-28,IBM,12.740478,12.853456,12.554315
2022-12-28,INTC,7.893297,8.0267977,7.8369033
2022-12-28,MSFT,68.287887,69.687817,67.851773
2022-12-28,NKE,2.607012,2.6803598,2.5930458
2022-12-28,VZ,1.250634,1.2425262,1.2458608
2022-12-28,WMT,2.4276104,2.4540185,2.3920431
2022-12-29,AAPL,28.994143,29.629119,28.469206
2022-12-29,AMGN,5.2878152,5.3039479,5.1940528
2022-12-29,CRM,4.2338456,4.3597969,4.2402388
2022-12-29,CSCO,16.771234,16.843894,16.648837
2022-12-29,IBM,12.751188,12.738212,12.563059
2022-12-29,INTC,7.9447018,8.0571764,7.8672617
2022-12-29,MSFT,69.164059,71.12326,68.72258
2022-12-29,NKE,2.6177019,2.6595884,2.555847
2022-12-29,VZ,1.2598263,1.2791113,1.2526071
2022-12-29,WMT,2.3892386,2.4264169,2.365234
2022-12-30,AAPL,30.035335,30.415493,29.802282
2022-12-30,AMGN,5.3132216,5.4696469,5.2805414
2022-12-30,CRM,4.2826684,4.3513107,4.2123931
2022-12-30,CSCO,16.186733,16.465851,16.08137
2022-12-30,IBM,12.81765,13.083496,12.810449
2022-12-30,INTC,7.9644333,8.0155243,7.747658
2022-12-30,MSFT,67.45304,68.205382,66.230578
2022-12-30,NKE,2.6548401,2.6619404,2.6593848
2022-12-30,VZ,1.2376664,1.2499114,1.2271252
2022-12-30,WMT,2.4073389,2.4555378,2.3851214
2023-01-03,AAPL,30.538257,30.630124,29.478481
2023-01-03,AMGN,5.2815931,5.2736682,5.1920282
2023-01-03,CRM,4.1094366,4.1597251,4.0500662
2023-01-03,CSCO,16.14037,16.12198,16.012877
2023-01-03,IBM,12.754266,12.774715,12.544501
2023-01-03,INTC,7.5435257,7.669778,7.4598331
2023-01-03,MSFT,67.544691,67.302073,66.2797
2023-01-03,NKE,2.5411299,2.548697,2.5184009
2023-01-03,VZ,1.2451232,1.2668955,1.2331601
2023-01-03,WMT,2.3806179,2.3856944,2.3429369
2023-01-04,AAPL,30.716344,31.055961,30.500668
2023-01-04,AMGN,5.1764942,5.2123061,5.0134066
2023-01-04,CRM,4.1211058,4.2871594,3.9143973
2023-01-04,CSCO,15.930774,16.069282,15.539506
2023-01-04,IBM,12.704794,12.971691,12.515012
2023-01-04,INTC,7.488864,7.5321308,7.3441554
2023-01-04,MSFT,68.666628,70.200317,66.678354
2023-01-04,NKE,2.5239201,2.5751133,2.5755008
2023-01-04,VZ,1.245488,1.2610905,1.2271181
2023-01-04,WMT,2.3766875,2.3905627,2.3430154
2023-01-05,AAPL,29.926199,29.653126,29.171589
2023-01-05,AMGN,5.1404632,5.2730687,5.1910307
2023-01-05,CRM,4.1209221,4.069749,3.8606709
2023-01-05,CSCO,15.629668,15.447562,15.305781
2023-01-05,IBM,12.636846,12.699912,12.654857
2023-01-05,INTC,7.5798609,7.5029731,7.4859612
2023-01-05,MSFT,67.932984,67.572353,68.571215
2023-01-05,NKE,2.5318025,2.5672566,2.4715005
2023-01-05,VZ,1.2364675,1.252949,1.223385
2023-01-05,WMT,2.3858592,2.4246147,2.3690364
2023-01-06,AAPL,31.237646,32.110457,31.598078
2023-01-06,AMGN,5.1250176,5.174452,4.9918431
2023-01-06,CRM,4.0634509,4.1909598,3.9749005
2023-01-06,CSCO,15.73074,15.727137,15.353248
2023-01-06,IBM,12.46411,12.708919,12.453447
2023-01-06,INTC,7.7691125,7.9430269,7.491266
2023-01-06,MSFT,67.758869,68.88748,66.569132
2023-01-06,NKE,2.5417118,2.6167953,2.5377709
2023-01-06,VZ,1.2516184,1.2636079,1.2436657
2023-01-06,WMT,2.3818215,2.4069921,2.369103
2023-01-09,AAPL,30.697806,31.202765,30.399884
2023-01-09,AMGN,5.0700801,5.1762636,4.8918886
2023-01-09,CRM,3.7516965,3.7466758,3.6949139
2023-01-09,CSCO,16.232148,16.34573,15.970228
2023-01-09,IBM,12.188004,12.257182,12.030441
2023-01-09,INTC,7.9317775,7.9916699,7.9784437
2023-01-09,MSFT,67.725283,70.12029,66.001889
2023-01-09,NKE,2.4958914,2.5063795,2.5494936
2023-01-09,VZ,1.2186287,1.2236146,1.2017384
2023-01-09,WMT,2.3441888,2.3440604,2.3485881
2023-01-10,AAPL,29.786387,30.137985,29.766528
2023-01-10,AMGN,5.0073939,5.0058664,4.9653648
2023-01-10,CRM,3.7624592,3.7109514,3.7583958
2023-01-10,CSCO,16.618128,16.84416,16.260061
2023-01-10,IBM,12.433056,12.481223,12.264184
2023-01-10,INTC,7.7594819,7.7549744,7.7211031
2023-01-10,MSFT,70.095835,71.166189,69.002451
2023-01-10,NKE,2.4924369,2.5356233,2.4747416
2023-01-10,VZ,1.2069431,1.2187092,1.1904809
2023-01-10,WMT,2.3103015,2.3305903,2.2725076
2023-01-11,AAPL,29.942453,30.462104,29.298311
2023-01-11,AMGN,5.0465503,5.1920125,5.0548475
2023-01-11,CRM,3.6706345,3.6881099,3.5882893
2023-01-11,CSCO,16.792751,17.041593,16.507616
2023-01-11,IBM,12.310059,12.31892,12.194819
2023-01-11,INTC,7.5385437,7.6042657,7.3420246
2023-01-11,MSFT,69.280824,69.725501,69.658314
2023-01-11,NKE,2.6063576,2.613094,2.6045021
2023-01-11,VZ,1.1699054,1.2063793,1.1745566
2023-01-11,WMT,2.2613497,2.2750128,2.2184741
2023-01-12,AAPL,30.056685,30.262452,29.820678
2023-01-12,AMGN,5.1618787,5.1915604,5.1649357
2023-01-12,CRM,3.649823,3.6618385,3.6182633
2023-01-12,CSCO,17.394541,17.932602,17.238295
2023-01-12,IBM,12.222332,12.414834,11.970392
2023-01-12,INTC,7.4007991,7.4785619,7.3087237
2023-01-12,MSFT,67.065191,68.298571,66.649761
2023-01-12,NKE,2.6289645,2.6151615,2.5763871
2023-01-12,VZ,1.1513612,1.1652959,1.1353347
2023-01-12,WMT,2.2410287,2.2812484,2.2252977
2023-01-13,AAPL,30.011528,30.019095,29.369132
2023-01-13,AMGN,5.1120598,5.1460804,5.1047457
2023-01-13,CRM,3.5014325,3.479413,3.2903834
2023-01-13,CSCO,17.71814,18.082757,17.444315
2023-01-13,IBM,12.093204,12.315804,12.008753
2023-01-13,INTC,7.19574,7.166239,7.1577386
2023-01-13,MSFT,65.908037,66.163007,65.689879
2023-01-13,NKE,2.6320067,2.6247987,2.6470512
2023-01-13,VZ,1.1325388,1.1502023,1.1144205
2023-01-13,WMT,2.2704119,2.2851861,2.2405299
2023-01-17,AAPL,29.690461,30.669,29.255282
2023-01-17,AMGN,5.2451758,5.4085135,5.1561324
2023-01-17,CRM,3.5479647,3.5758468,3.5484231
2023-01-17,CSCO,17.815222,17.559377,17.642437
2023-01-17,IBM,11.99759,12.174232,11.964293
2023-01-17,INTC,7.187752,7.2182026,6.966345
2023-01-17,MSFT,66.362765,67.349922,64.89821
2023-01-17,NKE,2.5405527,2.530792,2.4856473
2023-01-17,VZ,1.1318666,1.1443991,1.1469824
2023-01-17,WMT,2.2677914,2.288219,2.2386418
2023-01-18,AAPL,29.476645,29.916743,29.360562
2023-01-18,AMGN,5.2927392,5.2375855,5.2263068
2023-01-18,CRM,3.5050042,3.5082774,3.4720583
2023-01-18,CSCO,17.907026,17.990138,17.659629
2023-01-18,IBM,11.843139,11.935442,11.967094
2023-01-18,INTC,7.0492672,7.168165,7.0119579
2023-01-18,MSFT,66.051191,66.219039,65.054511
2023-01-18,NKE,2.5260475,2.5613816,2.4820441
2023-01-18,VZ,1.1431306,1.1462259,1.1570177
2023-01-18,WMT,2.2483591,2.2774254,2.2544856
2023-01-19,AAPL,29.597561,29.728553,28.872789
2023-01-19,AMGN,5.2104385,5.2919951,5.1691198
2023-01-19,CRM,3.451798,3.4889523,3.4925495
2023-01-19,CSCO,17.893017,18.260573,17.580565
2023-01-19,IBM,11.800093,11.961936,11.781034
2023-01-19,INTC,7.0929083,7.1286079,7.0301324
2023-01-19,MSFT,65.853366,65.959023,64.173497
2023-01-19,NKE,2.5101159,2.55924,2.4589535
2023-01-19,VZ,1.116482,1.1155798,1.0999184
2023-01-19,WMT,2.2251907,2.2464964,2.2171569
2023-01-20,AAPL,29.309242,29.674623,28.975938
2023-01-20,AMGN,5.3714166,5.4436604,5.2971459
2023-01-20,CRM,3.4924223,3.4438402,3.3825932
2023-01-20,CSCO,17.408894,17.429091,17.062959
2023-01-20,IBM,11.601749,11.630333,11.622027
2023-01-20,INTC,6.9830406,6.9958344,6.9346457
2023-01-20,MSFT,65.979167,66.488424,65.494836
2023-01-20,NKE,2.4328933,2.4567779,2.4227658
2023-01-20,VZ,1.105194,1.0960821,1.1276865
2023-01-20,WMT,2.2000525,2.2215547,2.2048194
2023-01-23,AAPL,28.555333,28.82677,27.999595
2023-01-23,AMGN,5.3497078,5.4485815,5.2488659
2023-01-23,CRM,3.6482024,3.6318598,3.5499358
2023-01-23,CSCO,17.437394,17.711921,17.233069
2023-01-23,IBM,11.401983,11.538679,11.381901
2023-01-23,INTC,6.8771511,7.0174248,6.5983552
2023-01-23,MSFT,67.724545,67.988699,66.580901
2023-01-23,NKE,2.4226945,2.4082482,2.405321
2023-01-23,VZ,1.0830364,1.0865649,1.07274
2023-01-23,WMT,2.1674265,2.2137619,2.1580115
2023-01-24,AAPL,29.047146,29.154143,28.767378
2023-01-24,AMGN,5.0851706,5.1346492,5.0062361
2023-01-24,CRM,3.6631526,3.7214889,3.5537038
2023-01-24,CSCO,17.602436,17.967364,17.661316
2023-01-24,IBM,11.431723,11.573327,11.373043
2023-01-24,INTC,6.7815215,6.7838934,6.7436995
2023-01-24,MSFT,67.760264,68.727272,67.310674
2023-01-24,NKE,2.4641305,2.5044634,2.4531907
2023-01-24,VZ,1.0938966,1.1108983,1.0897011
2023-01-24,WMT,2.1091264,2.1488293,2.0923246
2023-01-25,AAPL,28.309926,28.154148,28.236899
2023-01-25,AMGN,4.9661126,4.9620801,4.9934887
2023-01-25,CRM,3.7011737,3.7331251,3.730236
2023-01-25,CSCO,17.254279,17.069072,16.925947
2023-01-25,IBM,11.181328,11.329131,10.991427
2023-01-25,INTC,6.7438993,6.9209749,6.6422256
2023-01-25,MSFT,68.987945,70.291112,67.653148
2023-01-25,NKE,2.4239928,2.4408419,2.4068221
2023-01-25,VZ,1.0887228,1.0899508,1.0885897
2023-01-25,WMT,2.0871799,2.0993532,2.0412736
2023-01-26,AAPL,28.449063,28.934823,27.957013
2023-01-26,AMGN,5.0382117,5.0474712,5.0343838
2023-01-26,CRM,3.6298557,3.7095332,3.4963703
2023-01-26,CSCO,17.558745,17.981064,17.338541
2023-01-26,IBM,11.089854,11.18175,10.934926
2023-01-26,INTC,6.6748988,6.736217,6.537683
2023-01-26,MSFT,67.784276,68.126486,65.507842
2023-01-26,NKE,2.4013097,2.4495683,2.405956
2023-01-26,VZ,1.1272485,1.1463158,1.1305146
2023-01-26,WMT,2.0680688,2.0735598,2.0718092
2023-01-27,AAPL,27.959986,28.333736,27.43023
2023-01-27,AMGN,4.8979965,4.8718022,4.8572108
2023-01-27,CRM,3.5582122,3.6156586,3.5690667
2023-01-27,CSCO,17.646732,17.866988,17.275623
2023-01-27,IBM,10.977609,11.028371,11.033836
2023-01-27,INTC,6.7868339,6.8048621,6.7198589
2023-01-27,MSFT,67.051765,66.900338,66.488629
2023-01-27,NKE,2.3822935,2.3765729,2.3600255
2023-01-27,VZ,1.1463665,1.1524347,1.1473703
2023-01-27,WMT,2.0641729,2.0732715,2.0321197
2023-01-30,AAPL,28.11092,28.631209,28.367948
2023-01-30,AMGN,4.8266877,4.8163629,4.6590377
2023-01-30,CRM,3.5985539,3.6438032,3.5560151
2023-01-30,CSCO,17.291876,17.691051,16.85334
2023-01-30,IBM,11.013268,11.030576,10.918502
2023-01-30,INTC,6.8585854,6.9440916,6.821917
2023-01-30,MSFT,67.610619,67.766407,66.780362
2023-01-30,NKE,2.3551627,2.350831,2.3363421
2023-01-30,VZ,1.1402616,1.1614294,1.1393301
2023-01-30,WMT,2.0015942,2.0155678,1.9691626
2023-01-31,AAPL,27.658011,28.066688,26.624819
2023-01-31,AMGN,4.7776727,4.7941018,4.7225253
2023-01-31,CRM,3.4850529,3.5588955,3.4212688
2023-01-31,CSCO,17.010574,17.256899,16.644001
2023-01-31,IBM,11.219326,11.409632,11.070525
2023-01-31,INTC,6.9041531,7.10848,6.8301043
2023-01-31,MSFT,65.399437,65.782848,64.193693
2023-01-31,NKE,2.3181155,2.3622847,2.2878289
2023-01-31,VZ,1.1299129,1.1280596,1.1347804
2023-01-31,WMT,2.0046692,2.0083396,1.9876421
2023-02-01,AAPL,26.537305,26.247996,27.001048
2023-02-01,AMGN,4.8549457,4.9883243,4.7865511
2023-02-01,CRM,3.478649,3.5324874,3.4311768
2023-02-01,CSCO,17.117596,17.430179,16.87624
2023-02-01,IBM,11.273814,11.584522,11.033196
2023-02-01,INTC,7.0564032,7.1124398,6.8290341
2023-02-01,MSFT,65.839927,65.321404,64.866645
2023-02-01,NKE,2.2970445,2.3174603,2.2703572
2023-02-01,VZ,1.1367782,1.140672,1.136376
2023-02-01,WMT,2.0240611,2.0621123,1.9904767
2023-02-02,AAPL,27.180202,27.469231,27.853271
2023-02-02,AMGN,4.8578856,4.8944335,4.7831825
2023-02-02,CRM,3.6397967,3.5920903,3.5984463
2023-02-02,CSCO,17.526141,17.460684,17.49302
2023-02-02,IBM,11.285313,11.369278,11.227577
2023-02-02,INTC,6.9515175,7.0782799,7.0019173
2023-02-02,MSFT,64.670116,64.87038,63.459216
2023-02-02,NKE,2.2529054,2.2917529,2.2225679
2023-02-02,VZ,1.1538529,1.1739868,1.1446485
2023-02-02,WMT,2.0222605,2.0417151,1.9966732
2023-02-03,AAPL,27.002534,27.525762,27.103899
2023-02-03,AMGN,4.863122,4.9054277,4.8806153
2023-02-03,CRM,3.5910743,3.6701497,3.4881514
2023-02-03,CSCO,17.541581,17.918066,17.23623
2023-02-03,IBM,11.162165,11.245382,10.958023
2023-02-03,INTC,6.9273602,7.0206745,6.9389181
2023-02-03,MSFT,65.900022,67.668345,65.67869
2023-02-03,NKE,2.23964,2.2502522,2.237167
2023-02-03,VZ,1.1674697,1.1746217,1.1600674
2023-02-03,WMT,2.0285265,2.0248882,2.003828
2023-02-06,AAPL,27.458712,27.102917,27.720749
2023-02-06,AMGN,4.6909923,4.6615027,4.6216637
2023-02-06,CRM,3.6716446,3.6681293,3.6260225
2023-02-06,CSCO,17.904155,17.937564,17.838883
2023-02-06,IBM,11.260269,11.370732,11.210561
2023-02-06,INTC,7.2616205,7.3423097,7.1705954
2023-02-06,MSFT,64.295239,65.315427,64.307449
2023-02-06,NKE,2.2272431,2.2796016,2.2186975
2023-02-06,VZ,1.135226,1.139752,1.1327539
2023-02-06,WMT,2.0227484,2.053026,2.0117963
2023-02-07,AAPL,26.648985,26.6572,25.953091
2023-02-07,AMGN,4.639082,4.7531333,4.652042
2023-02-07,CRM,3.7494279,3.836228,3.5574359
2023-02-07,CSCO,18.135015,18.100759,17.669662
2023-02-07,IBM,11.327081,11.460756,11.130466
2023-02-07,INTC,7.3679238,7.5005122,7.526017
2023-02-07,MSFT,63.393891,63.820877,61.62866
2023-02-07,NKE,2.2358106,2.2440359,2.2089028
2023-02-07,VZ,1.0917179,1.107817,1.0936637
2023-02-07,WMT,2.0321563,2.0497636,2.0333622
2023-02-08,AAPL,25.910047,26.241769,25.294743
2023-02-08,AMGN,4.7482726,4.8068309,4.6934408
2023-02-08,CRM,3.848666,3.9261458,3.8119818
2023-02-08,CSCO,18.342164,18.281606,17.826389
2023-02-08,IBM,11.245374,11.431047,11.060308
2023-02-08,INTC,7.2552507,7.3513205,7.1350509
2023-02-08,MSFT,63.381398,64.421283,62.549204
2023-02-08,NKE,2.2424577,2.2741928,2.252981
2023-02-08,VZ,1.0911353,1.1231406,1.0960811
2023-02-08,WMT,2.0524392,2.0594729,2.0131282
2023-02-09,AAPL,26.167078,26.986995,25.686962
2023-02-09,AMGN,4.7731557,4.8365292,4.7280983
2023-02-09,CRM,3.769959,3.8217922,3.7542774
2023-02-09,CSCO,18.110012,18.275173,17.807891
2023-02-09,IBM,10.886967,11.007421,10.823025
2023-02-09,INTC,7.3466606,7.4391432,7.2631177
2023-02-09,MSFT,64.422018,64.73717,63.583583
2023-02-09,NKE,2.196809,2.2018748,2.1675703
2023-02-09,VZ,1.0760942,1.0900822,1.0774786
2023-02-09,WMT,1.9981812,1.99234,1.9529908
2023-02-10,AAPL,26.251159,26.233434,25.951722
2023-02-10,AMGN,4.6103578,4.6160087,4.5767691
2023-02-10,CRM,3.5170366,3.5053165,3.4060767
2023-02-10,CSCO,18.417864,18.544371,18.333628
2023-02-10,IBM,11.40878,11.476779,11.36923
2023-02-10,INTC,7.353998,7.3729024,7.2004142
2023-02-10,MSFT,64.026501,64.131579,63.748997
2023-02-10,NKE,2.1670137,2.1766501,2.1779519
2023-02-10,VZ,1.0764279,1.0931204,1.0732208
2023-02-10,WMT,1.9793086,2.0078364,1.9738669
2023-02-13,AAPL,26.505274,27.078164,25.901948
2023-02-13,AMGN,4.4992667,4.4809907,4.496829
2023-02-13,CRM,3.5159574,3.5684138,3.4849903
2023-02-13,CSCO,17.689516,17.888536,17.248064
2023-02-13,IBM,11.177394,11.301103,11.182196
2023-02-13,INTC,7.5947771,7.6059168,7.574936
2023-02-13,MSFT,64.508587,65.449469,64.198652
2023-02-13,NKE,2.1691513,2.1928662,2.1582553
2023-02-13,VZ,1.0748143,1.0812111,1.0680117
2023-02-13,WMT,1.9772121,2.0117156,1.9785301
2023-02-14,AAPL,26.886291,26.976742,27.017899
2023-02-14,AMGN,4.3469417,4.4083754,4.3009394
2023-02-14,CRM,3.4206475,3.4939557,3.3691704
2023-02-14,CSCO,17.623567,18.085671,17.41149
2023-02-14,IBM,11.366684,11.483297,11.433093
2023-02-14,INTC,7.7817002,7.7800146,7.4709292
2023-02-14,MSFT,64.841259,65.933424,63.583381
2023-02-14,NKE,2.1398471,2.1858515,2.1273484
2023-02-14,VZ,1.0846108,1.0991964,1.0975731
2023-02-14,WMT,1.995899,2.0236612,1.9770349
2023-02-15,AAPL,26.485698,26.655642,25.772262
2023-02-15,AMGN,4.2577339,4.2990306,4.1984106
2023-02-15,CRM,3.386727,3.4869079,3.3644435
2023-02-15,CSCO,17.196819,17.496636,17.120688
2023-02-15,IBM,11.185195,11.35383,11.075702
2023-02-15,INTC,7.5946387,7.6916987,7.5309155
2023-02-15,MSFT,66.147298,66.464337,65.392656
2023-02-15,NKE,2.1228358,2.1577221,2.1180949
2023-02-15,VZ,1.1016921,1.1081887,1.0956582
2023-02-15,WMT,2.0166712,2.0620649,2.0165558
2023-02-16,AAPL,26.887409,27.171835,25.927132
2023-02-16,AMGN,4.2069196,4.2651076,4.1497424
2023-02-16,CRM,3.5138634,3.4783149,3.4471172
2023-02-16,CSCO,16.783221,17.208399,16.624076
2023-02-16,IBM,11.412268,11.385436,11.511133
2023-02-16,INTC,7.5036072,7.7160652,7.5251736
2023-02-16,MSFT,65.621919,66.632007,64.044213
2023-02-16,NKE,2.1020409,2.1473197,2.0542099
2023-02-16,VZ,1.0965253,1.1203689,1.0914084
2023-02-16,WMT,1.9853856,1.9755864,1.9696874
2023-02-17,AAPL,26.947419,27.260404,27.14667
2023-02-17,AMGN,4.1776752,4.2101091,4.1673567
2023-02-17,CRM,3.6061695,3.7623005,3.5438874
2023-02-17,CSCO,16.742694,16.833521,16.401729
2023-02-17,IBM,11.012914,11.190101,10.880319
2023-02-17,INTC,7.6376386,7.7596143,7.45736
2023-02-17,MSFT,64.933345,65.514684,63.493947
2023-02-17,NKE,2.0913597,2.104324,2.0740681
2023-02-17,VZ,1.1186531,1.1286591,1.1200736
2023-02-17,WMT,1.9211896,1.9402418,1.9023664
2023-02-21,AAPL,28.497775,28.980864,28.666565
2023-02-21,AMGN,4.0967161,4.1066372,4.0262704
2023-02-21,CRM,3.7157662,3.7467322,3.6727953
2023-02-21,CSCO,16.383218,16.347805,16.376851
2023-02-21,IBM,10.83577,10.880324,10.842174
2023-02-21,INTC,7.6943732,7.6376327,7.6063625
2023-02-21,MSFT,66.916563,67.956949,67.309705
2023-02-21,NKE,2.1333984,2.1555993,2.1579355
2023-02-21,VZ,1.1301296,1.126578,1.1401108
2023-02-21,WMT,1.9522274,1.9667764,1.9477299
2023-02-22,AAPL,29.252471,29.026728,28.172517
2023-02-22,AMGN,3.993062,4.0473329,3.9929668
2023-02-22,CRM,3.6231366,3.649063,3.4911229
2023-02-22,CSCO,16.410673,16.637978,16.116336
2023-02-22,IBM,10.978191,11.131618,10.887313
2023-02-22,INTC,7.6400458,7.74326,7.6224121
2023-02-22,MSFT,67.578397,67.54231,66.989131
2023-02-22,NKE,2.094874,2.1373625,2.0801734
2023-02-22,VZ,1.1415464,1.1411377,1.1269877
2023-02-22,WMT,1.9649756,1.9979332,1.9608855
2023-02-23,AAPL,28.835185,29.470844,28.558896
2023-02-23,AMGN,4.1085446,4.2092099,4.0739292
2023-02-23,CRM,3.7382037,3.7456711,3.6778863
2023-02-23,CSCO,16.965488,17.330642,16.476093
2023-02-23,IBM,10.871753,10.997413,10.837553
2023-02-23,INTC,7.5691408,7.6103097,7.4333153
2023-02-23,MSFT,65.543405,66.703465,63.682319
2023-02-23,NKE,2.1083506,2.1208254,2.1462698
2023-02-23,VZ,1.1083431,1.1252763,1.1076047
2023-02-23,WMT,1.9946247,2.0071302,1.9609302
2023-02-24,AAPL,29.259024,29.795401,29.554426
2023-02-24,AMGN,4.0549914,4.1146647,4.0309344
2023-02-24,CRM,3.661965,3.6244756,3.6719692
2023-02-24,CSCO,16.70883,16.779493,16.393398
2023-02-24,IBM,10.709113,10.892323,10.45839
2023-02-24,INTC,7.5154656,7.5795001,7.4769409
2023-02-24,MSFT,67.420613,67.533423,66.603663
2023-02-24,NKE,2.0873348,2.1121862,2.0629031
2023-02-24,VZ,1.0959086,1.1081176,1.0905193
2023-02-24,WMT,1.9498097,1.977436,1.9336463
2023-02-27,AAPL,29.554944,29.812484,29.83522
2023-02-27,AMGN,4.0552254,4.0541319,3.9917999
2023-02-27,CRM,3.5100091,3.544997,3.5013956
2023-02-27,CSCO,16.811928,16.889307,16.873098
2023-02-27,IBM,10.561722,10.688157,10.389623
2023-02-27,INTC,7.5028724,7.6816994,7.4190821
2023-02-27,MSFT,68.333614,68.223301,68.096468
2023-02-27,NKE,2.1059034,2.1404713,2.0946355
2023-02-27,VZ,1.0821793,1.0881901,1.074429
2023-02-27,WMT,1.9685272,1.9855243,1.9313188
2023-02-28,AAPL,29.723049,29.662117,29.068833
2023-02-28,AMGN,3.9379751,3.9643592,3.8931888
2023-02-28,CRM,3.39232,3.5951343,3.393731
2023-02-28,CSCO,16.862621,16.996292,16.682039
2023-02-28,IBM,10.914836,11.193545,10.938581
2023-02-28,INTC,7.5806436,7.6207626,7.6351646
2023-02-28,MSFT,68.786214,69.446262,67.14371
2023-02-28,NKE,2.1079525,2.1132587,2.0841947
2023-02-28,VZ,1.1147978,1.1140895,1.1096105
2023-02-28,WMT,2.0054987,2.0229843,1.9966957
2023-03-01,AAPL,29.524803,30.080233,29.746294
2023-03-01,AMGN,3.9159197,3.9102344,3.8499288
2023-03-01,CRM,3.3726645,3.3792091,3.3380618
2023-03-01,CSCO,16.441426,16.055948,16.139611
2023-03-01,IBM,10.42631,10.394228,10.369704
2023-03-01,INTC,7.5528471,7.6306579,7.4240393
2023-03-01,MSFT,67.822874,66.845387,67.399586
2023-03-01,NKE,2.0598995,2.0830314,2.0164094
2023-03-01,VZ,1.0882538,1.0930012,1.0825128
2023-03-01,WMT,1.9854946,2.0085801,1.9740581
2023-03-02,AAPL,30.103767,30.77685,29.159134
2023-03-02,AMGN,3.8245181,3.8619576,3.8024897
2023-03-02,CRM,3.3414232,3.3819169,3.2598574
2023-03-02,CSCO,16.139663,16.302052,16.083905
2023-03-02,IBM,10.480322,10.441754,10.331455
2023-03-02,INTC,7.4643235,7.531817,7.3088325
2023-03-02,MSFT,67.32531,68.662288,66.762629
2023-03-02,NKE,2.1111083,2.1298469,2.0425412
2023-03-02,VZ,1.0830498,1.0922377,1.0966688
2023-03-02,WMT,2.0218107,2.0328882,1.9727746
2023-03-03,AAPL,29.785707,30.5504,29.943186
2023-03-03,AMGN,3.7843149,3.8144447,3.829898
2023-03-03,CRM,3.3547763,3.4774363,3.2419583
2023-03-03,CSCO,16.387767,16.482357,16.102011
2023-03-03,IBM,10.575058,10.625848,10.406221
2023-03-03,INTC,7.343565,7.4129868,7.2071652
2023-03-03,MSFT,66.517825,67.398956,66.22065
2023-03-03,NKE,2.1060847,2.1230776,2.0690188
2023-03-03,VZ,1.0743075,1.0945545,1.0671792
2023-03-03,WMT,2.0138007,2.0172482,2.0225421
2023-03-06,AAPL,29.873718,29.972898,29.879615
2023-03-06,AMGN,3.712123,3.7689469,3.6793664
2023-03-06,CRM,3.2319927,3.3073638,3.1508984
2023-03-06,CSCO,16.115037,16.032631,15.932138
2023-03-06,IBM,10.533187,10.638751,10.501086
2023-03-06,INTC,7.4056978,7.4812785,7.2738536
2023-03-06,MSFT,65.448959,66.61682,65.998276
2023-03-06,NKE,2.1049582,2.0846183,2.1308076
2023-03-06,VZ,1.0531805,1.0516562,1.0505443
2023-03-06,WMT,1.9907407,2.0403101,2.0079648
2023-03-07,AAPL,30.380707,31.126961,29.87027
2023-03-07,AMGN,3.5602657,3.6572933,3.5815778
2023-03-07,CRM,3.1706288,3.195365,3.0806325
2023-03-07,CSCO,16.078729,16.169818,15.614843
2023-03-07,IBM,10.527546,10.547249,10.521667
2023-03-07,INTC,7.1912803,7.24852,7.1108412
2023-03-07,MSFT,65.195433,66.530832,63.226045
2023-03-07,NKE,2.1324809,2.1441713,2.1427312
2023-03-07,VZ,1.0432279,1.0711854,1.035345
2023-03-07,WMT,1.947588,1.9608064,1.9378643
2023-03-08,AAPL,31.13268,30.739287,31.498566
2023-03-08,AMGN,3.6042242,3.6596255,3.5504527
2023-03-08,CRM,3.2118818,3.3166138,3.1805309
2023-03-08,CSCO,15.499802,15.521209,15.407642
2023-03-08,IBM,10.501362,10.561428,10.316315
2023-03-08,INTC,7.0903901,7.0910917,6.9593352
2023-03-08,MSFT,64.778729,65.46454,64.017093
2023-03-08,NKE,2.1596895,2.1868,2.1616794
2023-03-08,VZ,1.0376887,1.0459452,1.0373695
2023-03-08,WMT,1.9250648,1.9533923,1.9091868
2023-03-09,AAPL,31.233687,31.902393,30.504295
2023-03-09,AMGN,3.5111459,3.5602925,3.428263
2023-03-09,CRM,3.4013323,3.5336912,3.3342537
2023-03-09,CSCO,15.63618,15.561844,15.423993
2023-03-09,IBM,10.205932,10.380969,10.032096
2023-03-09,INTC,6.9881391,7.0262978,6.9380789
2023-03-09,MSFT,62.037357,61.900024,60.66715
2023-03-09,NKE,2.1510269,2.1291865,2.1158445
2023-03-09,VZ,1.0339581,1.0588895,1.035125
2023-03-09,WMT,1.9128009,1.9389479,1.896791
2023-03-10,AAPL,30.237482,30.523113,29.955063
2023-03-10,AMGN,3.5108479,3.6162113,3.4790694
2023-03-10,CRM,3.3902438,3.4365318,3.350863
2023-03-10,CSCO,15.470626,15.492729,15.350813
2023-03-10,IBM,10.063202,10.005915,10.028775
2023-03-10,INTC,7.0242343,6.9866011,7.069881
2023-03-10,MSFT,62.470423,62.400372,61.012096
2023-03-10,NKE,2.1323529,2.128669,2.129368
2023-03-10,VZ,1.0056251,1.0170008,0.99808798
2023-03-10,WMT,1.8913014,1.9045035,1.8614206
2023-03-13,AAPL,30.587032,30.635918,30.186626
2023-03-13,AMGN,3.4802026,3.4842024,3.4532386
2023-03-13,CRM,3.4584648,3.4906244,3.4278497
2023-03-13,CSCO,16.229696,16.394009,16.165446
2023-03-13,IBM,9.9303035,10.118953,9.7738344
2023-03-13,INTC,7.0908637,7.2573289,7.0656925
2023-03-13,MSFT,63.635374,64.689537,62.957157
2023-03-13,NKE,2.1373814,2.1196503,2.099998
2023-03-13,VZ,0.98243209,0.99982566,0.98211189
2023-03-13,WMT,1.8544038,1.8686848,1.8438577
2023-03-14,AAPL,30.511716,30.99722,30.208114
2023-03-14,AMGN,3.5025391,3.5618091,3.4206131
2023-03-14,CRM,3.479224,3.6121528,3.4364023
2023-03-14,CSCO,15.775836,15.499933,15.820034
2023-03-14,IBM,9.8779502,9.9619974,9.8613197
2023-03-14,INTC,7.1430025,7.0948917,6.992433
2023-03-14,MSFT,63.018592,64.750884,61.417102
2023-03-14,NKE,2.1247238,2.1439596,2.0824241
2023-03-14,VZ,0.96848084,0.9676325,0.96749672
2023-03-14,WMT,1.852133,1.8731819,1.8446728
2023-03-15,AAPL,29.70436,29.625033,29.232637
2023-03-15,AMGN,3.5207057,3.498697,3.5131643
2023-03-15,CRM,3.3398225,3.3265934,3.2803212
2023-03-15,CSCO,15.540454,15.50348,15.38875
2023-03-15,IBM,9.8523009,10.028812,9.8274458
2023-03-15,INTC,7.2108018,7.3447145,7.0901787
2023-03-15,MSFT,62.481743,62.092578,61.439927
2023-03-15,NKE,2.1304877,2.180552,2.1272984
2023-03-15,VZ,0.96136391,0.9630252,0.94245937
2023-03-15,WMT,1.856861,1.8797632,1.8427791
2023-03-16,AAPL,29.660304,30.021018,29.222185
2023-03-16,AMGN,3.4273874,3.4757388,3.3330065
2023-03-16,CRM,3.5052799,3.5656066,3.4876382
2023-03-16,CSCO,15.387078,15.407769,15.452096
2023-03-16,IBM,9.6982496,9.7775341,9.5985404
2023-03-16,INTC,7.1830965,7.2404543,6.9659738
2023-03-16,MSFT,61.81245,63.568634,60.31823
2023-03-16,NKE,2.0910028,2.1066633,2.0807342
2023-03-16,VZ,0.94685578,0.95640549,0.94778519
2023-03-16,WMT,1.7999505,1.8281732,1.7983941
2023-03-17,AAPL,29.381932,29.271756,28.981883
2023-03-17,AMGN,3.4438879,3.5078538,3.4492332
2023-03-17,CRM,3.4965476,3.5834743,3.4506051
2023-03-17,CSCO,15.330741,15.549406,15.288542
2023-03-17,IBM,9.782019,9.8320158,9.6750805
2023-03-17,INTC,7.1527031,7.1301837,7.0622102
2023-03-17,MSFT,62.100344,63.992446,61.066109
2023-03-17,NKE,2.0353029,2.0619348,2.0558689
2023-03-17,VZ,0.94492158,0.94272362,0.94221003
2023-03-17,WMT,1.8200184,1.8460996,1.7864871
2023-03-20,AAPL,28.181747,28.342054,27.680005
2023-03-20,AMGN,3.4007182,3.4575148,3.3263102
2023-03-20,CRM,3.621899,3.6824682,3.5443793
2023-03-20,CSCO,15.153818,15.657547,14.823885
2023-03-20,IBM,9.9647873,10.015765,9.9236101
2023-03-20,INTC,7.1842017,7.2693037,7.0821666
2023-03-20,MSFT,64.492998,64.708597,63.298388
2023-03-20,NKE,2.0421371,2.0279088,2.0595145
2023-03-20,VZ,0.91945912,0.93067137,0.9036811
2023-03-20,WMT,1.7735818,1.8000289,1.7503421
2023-03-21,AAPL,27.777389,28.103872,27.477802
2023-03-21,AMGN,3.3654548,3.3931524,3.3542189
2023-03-21,CRM,3.6735261,3.6802779,3.703693
2023-03-21,CSCO,15.354418,15.317093,15.295587
2023-03-21,IBM,10.071647,10.216288,9.9202737
2023-03-21,INTC,7.230538,7.2553914,7.2716124
2023-03-21,MSFT,64.200594,64.505211,63.833101
2023-03-21,NKE,2.0468136,2.0708731,2.0221998
2023-03-21,VZ,0.91882779,0.92647176,0.90335026
2023-03-21,WMT,1.7630235,1.7750382,1.7259937
2023-03-22,AAPL,27.940124,28.60075,27.781435
2023-03-22,AMGN,3.3264158,3.3486263,3.2666737
2023-03-22,CRM,3.7622153,3.7877286,3.7103256
2023-03-22,CSCO,15.229555,15.304303,14.797539
2023-03-22,IBM,10.348122,10.434042,10.309649
2023-03-22,INTC,7.1582743,7.2100708,7.0976741
2023-03-22,MSFT,64.437678,64.543646,63.51102
2023-03-22,NKE,2.0730211,2.0762248,2.0270768
2023-03-22,VZ,0.89987452,0.91524079,0.89178444
2023-03-22,WMT,1.7276415,1.7435123,1.7406401
2023-03-23,AAPL,28.9749,29.182393,28.197378
2023-03-23,AMGN,3.3504659,3.3641144,3.3135451
2023-03-23,CRM,3.6683782,3.8227831,3.7070193
2023-03-23,CSCO,15.011373,14.881699,14.667911
2023-03-23,IBM,10.094608,10.132365,10.203469
2023-03-23,INTC,7.2627352,7.2791964,7.1528406
2023-03-23,MSFT,64.094118,64.312433,63.393787
2023-03-23,NKE,2.077011,2.0954638,1.9889196
2023-03-23,VZ,0.87877371,0.88243919,0.87412491
2023-03-23,WMT,1.7277293,1.7338548,1.740813
2023-03-24,AAPL,29.34193,29.204048,28.826766
2023-03-24,AMGN,3.3463161,3.3153894,3.3267726
2023-03-24,CRM,3.7371183,3.7572637,3.6317051
2023-03-24,CSCO,14.826953,14.921574,14.715819
2023-03-24,IBM,10.004056,10.089515,9.977599
2023-03-24,INTC,7.2253569,7.3488027,7.1669635
2023-03-24,MSFT,63.831137,64.052506,62.967946
2023-03-24,NKE,2.0702444,2.0640195,2.0632717
2023-03-24,VZ,0.87614708,0.8949551,0.87487787
2023-03-24,WMT,1.7255784,1.7463795,1.7043098
2023-03-27,AAPL,28.862696,28.712951,28.120965
2023-03-27,AMGN,3.3123526,3.3929789,3.2956558
2023-03-27,CRM,3.7843928,3.9139258,3.7528035
2023-03-27,CSCO,15.146847,15.477908,15.002657
2023-03-27,IBM,9.7619514,9.858335,9.6168745
2023-03-27,INTC,7.1434698,7.3603182,7.0132881
2023-03-27,MSFT,64.320296,65.241984,63.035179
2023-03-27,NKE,2.0516052,2.065983,2.0735701
2023-03-27,VZ,0.88006908,0.8862949,0.88279628
2023-03-27,WMT,1.7052908,1.7351426,1.7170322
2023-03-28,AAPL,29.273826,29.398702,28.657241
2023-03-28,AMGN,3.2578118,3.3133564,3.255473
2023-03-28,CRM,3.5797712,3.617266,3.5697974
2023-03-28,CSCO,14.990601,14.955392,14.98698
2023-03-28,IBM,9.8544492,9.9486646,9.8039347
2023-03-28,INTC,6.9025396,7.0555537,6.7594256
2023-03-28,MSFT,63.318242,62.637281,61.899833
2023-03-28,NKE,1.9827023,2.0240562,1.9805601
2023-03-28,VZ,0.8777062,0.89353003,0.87585241
2023-03-28,WMT,1.7046303,1.7080535,1.6721637
2023-03-29,AAPL,29.139715,30.015938,28.220807
2023-03-29,AMGN,3.1647106,3.2313152,3.1491166
2023-03-29,CRM,3.494114,3.490465,3.4508273
2023-03-29,CSCO,15.314655,15.283175,14.980653
2023-03-29,IBM,9.8366275,9.9311487,9.7225054
2023-03-29,INTC,6.755115,6.8614947,6.6404273
2023-03-29,MSFT,61.746379,61.10535,60.666757
2023-03-29,NKE,2.0220745,2.0599037,2.0233849
2023-03-29,VZ,0.86943354,0.8853976,0.87085544
2023-03-29,WMT,1.6904155,1.7194005,1.6785806
2023-03-30,AAPL,29.236023,29.592399,29.289385
2023-03-30,AMGN,3.2416123,3.2502552,3.2515911
2023-03-30,CRM,3.4412232,3.5386908,3.2921012
2023-03-30,CSCO,15.120037,15.012643,14.751469
2023-03-30,IBM,9.8331962,9.8490233,9.7959323
2023-03-30,INTC,6.5671398,6.6556457,6.4521527
2023-03-30,MSFT,61.859843,62.989596,61.842359
2023-03-30,NKE,2.0411533,2.0458814,2.0554586
2023-03-30,VZ,0.86961997,0.89303062,0.8501104
2023-03-30,WMT,1.6606871,1.6741603,1.6757915
2023-03-31,AAPL,29.130761,29.511198,27.969833
2023-03-31,AMGN,3.2524985,3.3557726,3.2322023
2023-03-31,CRM,3.395722,3.404713,3.3283063
2023-03-31,CSCO,15.603842,15.914658,15.596571
2023-03-31,IBM,9.8519727,9.8404931,9.7120268
2023-03-31,INTC,6.5000202,6.7642856,6.3858535
2023-03-31,MSFT,61.209072,62.125886,60.765287
2023-03-31,NKE,2.0590991,2.1098122,2.0108495
2023-03-31,VZ,0.86573099,0.8802686,0.86309606
2023-03-31,WMT,1.66402,1.6762189,1.6657602
2023-04-03,AAPL,28.567549,28.642198,28.715945
2023-04-03,AMGN,3.2588913,3.2917125,3.2104633
2023-04-03,CRM,3.3935293,3.4315076,3.2505804
2023-04-03,CSCO,15.626875,15.911592,15.415618
2023-04-03,IBM,9.7904343,9.7732573,9.7572778
2023-04-03,INTC,6.3584383,6.444014,6.3380606
2023-04-03,MSFT,60.078751,59.999726,60.693676
2023-04-03,NKE,2.0442664,2.0642051,2.0313038
2023-04-03,VZ,0.84706612,0.87312909,0.84506393
2023-04-03,WMT,1.6488147,1.6626893,1.6285092
2023-04-04,AAPL,28.619021,29.301287,28.456258
2023-04-04,AMGN,3.2903093,3.3124565,3.2571074
2023-04-04,CRM,3.4617521,3.5198932,3.4057169
2023-04-04,CSCO,15.656964,16.088464,15.405196
2023-04-04,IBM,9.679953,9.839671,9.5415898
2023-04-04,INTC,6.184761,6.3331653,6.0896388
2023-04-04,MSFT,58.890659,59.294179,57.129904
2023-04-04,NKE,2.0124888,2.0338761,1.9737646
2023-04-04,VZ,0.84497496,0.84710779,0.84765122
2023-04-04,WMT,1.6722892,1.6522221,1.6788023
2023-04-05,AAPL,29.21042,29.031622,28.993461
2023-04-05,AMGN,3.254247,3.3505243,3.2086077
2023-04-05,CRM,3.5501909,3.5868693,3.4832134
2023-04-05,CSCO,15.300609,15.652412,14.953489
2023-04-05,IBM,9.8652954,9.9080443,9.8773698
2023-04-05,INTC,6.1350499,6.0948137,6.0728891
2023-04-05,MSFT,60.873259,61.664525,60.288833
2023-04-05,NKE,1.9858998,2.0155721,1.9507979
2023-04-05,VZ,0.85578431,0.85467365,0.84986409
2023-04-05,WMT,1.6699604,1.7026409,1.6278881
2023-04-06,AAPL,28.432674,29.499578,28.567624
2023-04-06,AMGN,3.2465009,3.2372964,3.2330232
2023-04-06,CRM,3.6383912,3.5958269,3.5413911
2023-04-06,CSCO,15.376316,15.249793,15.09292
2023-04-06,IBM,9.7505754,9.6701447,9.7232338
2023-04-06,INTC,6.1186283,6.143395,6.0476076
2023-04-06,MSFT,59.202885,60.378148,58.34573
2023-04-06,NKE,2.0136496,2.0294459,2.0042191
2023-04-06,VZ,0.84526074,0.85704708,0.84218298
2023-04-06,WMT,1.6680199,1.6855656,1.6744401
2023-04-10,AAPL,28.572866,29.445706,28.618829
2023-04-10,AMGN,3.2039016,3.1865953,3.1792437
2023-04-10,CRM,3.5762132,3.6943233,3.5420159
2023-04-10,CSCO,15.770469,16.032503,15.763706
2023-04-10,IBM,10.020896,10.068826,9.9020199
2023-04-10,INTC,6.2054416,6.2113862,6.1883672
2023-04-10,MSFT,58.526942,59.000817,56.907842
2023-04-10,NKE,1.9956166,1.9772963,2.0115906
2023-04-10,VZ,0.85715082,0.8716216,0.85908152
2023-04-10,WMT,1.6436522,1.6503827,1.6278603
2023-04-11,AAPL,28.527136,28.472725,28.516926
2023-04-11,AMGN,3.1903653,3.2243592,3.2111461
2023-04-11,CRM,3.5714084,3.6318718,3.620619
2023-04-11,CSCO,15.572588,15.628575,15.470071
2023-04-11,IBM,9.9292163,10.077025,9.8142609
2023-04-11,INTC,6.1560118,6.2650808,6.1685673
2023-04-11,MSFT,61.823885,61.942048,60.184189
2023-04-11,NKE,1.9872644,2.011044,1.9938666
2023-04-11,VZ,0.85266353,0.85274129,0.8459131
2023-04-11,WMT,1.6388527,1.665411,1.6384504
2023-04-12,AAPL,28.488583,28.688159,28.160161
2023-04-12,AMGN,3.2585076,3.2761989,3.2044439
2023-04-12,CRM,3.6548961,3.6332236,3.5907039
2023-04-12,CSCO,15.769728,16.026786,15.718479
2023-04-12,IBM,10.009502,10.192055,9.8882247
2023-04-12,INTC,6.2305068,6.3153338,6.1321733
2023-04-12,MSFT,62.096532,62.468211,60.885486
2023-04-12,NKE,1.9905031,2.0138702,1.9763969
2023-04-12,VZ,0.83554695,0.84830416,0.82913225
2023-04-12,WMT,1.6287253,1.6549752,1.6260862
2023-04-13,AAPL,28.747051,28.990512,28.841233
2023-04-13,AMGN,3.238212,3.2904146,3.2087921
2023-04-13,CRM,3.7925933,3.8738194,3.8227388
2023-04-13,CSCO,16.044908,16.234088,15.949101
2023-04-13,IBM,9.8611824,10.000097,9.8161344
2023-04-13,INTC,6.2837312,6.3881723,6.2488421
2023-04-13,MSFT,62.971616,63.63003,62.773748
2023-04-13,NKE,2.0102209,2.0551586,1.9815211
2023-04-13,VZ,0.84124062,0.84431161,0.82544178
2023-04-13,WMT,1.6294244,1.6627658,1.6004327
2023-04-14,AAPL,28.27613,28.428031,28.063454
2023-04-14,AMGN,3.1793956,3.2024309,3.1245123
2023-04-14,CRM,3.8437549,3.8508104,3.7909635
2023-04-14,CSCO,15.865758,16.023557,15.832416
2023-04-14,IBM,9.7730275,9.7823059,9.5850828
2023-04-14,INTC,6.1786776,6.1828516,5.9997093
2023-04-14,MSFT,62.549137,63.353679,61.882181
2023-04-14,NKE,1.9847932,1.9929618,1.9879656
2023-04-14,VZ,0.81788549,0.83221383,0.82133006
2023-04-14,WMT,1.6420265,1.6523682,1.6194282
2023-04-17,AAPL,29.446926,29.828796,28.425438
2023-04-17,AMGN,3.1835906,3.1837811,3.2309205
2023-04-17,CRM,3.9728886,4.0376314,3.919829
2023-04-17,CSCO,15.496916,15.482359,15.481344
2023-04-17,IBM,9.7145627,9.7875926,9.6507683
2023-04-17,INTC,6.28182,6.3677851,6.2886345
2023-04-17,MSFT,63.578437,64.183889,63.821114
2023-04-17,NKE,2.0187045,2.0228011,1.9729432
2023-04-17,VZ,0.8230291,0.82119203,0.81501368
2023-04-17,WMT,1.6222401,1.6622277,1.5803139
2023-04-18,AAPL,30.094641,29.787909,29.628342
2023-04-18,AMGN,3.1502942,3.2112653,3.1455815
2023-04-18,CRM,3.9631012,4.0907432,3.8442678
2023-04-18,CSCO,15.414712,15.396437,15.267715
2023-04-18,IBM,9.4999097,9.563846,9.4055047
2023-04-18,INTC,6.3234723,6.3801903,6.2978086
2023-04-18,MSFT,63.527263,63.660336,63.765874
2023-04-18,NKE,2.0455033,2.0736647,2.0174371
2023-04-18,VZ,0.82174818,0.82396962,0.81364057
2023-04-18,WMT,1.6012215,1.6272793,1.5943705
2023-04-19,AAPL,30.576739,30.538448,30.633747
2023-04-19,AMGN,3.1349661,3.1588044,3.1321589
2023-04-19,CRM,3.8931965,3.9298561,3.805262
2023-04-19,CSCO,14.516424,14.702704,14.190564
2023-04-19,IBM,9.4059743,9.5440441,9.3588082
2023-04-19,INTC,6.397244,6.3341448,6.4326658
2023-04-19,MSFT,61.764936,60.463339,60.437701
2023-04-19,NKE,2.0477274,2.0979448,2.0255436
2023-04-19,VZ,0.82740907,0.83595025,0.81573262
2023-04-19,WMT,1.5939719,1.6090314,1.5788546
2023-04-20,AAPL,30.164671,30.308152,29.83308
2023-04-20,AMGN,3.1422872,3.1758756,3.1618636
2023-04-20,CRM,3.9226874,4.0110462,3.8670045
2023-04-20,CSCO,14.718995,14.615324,14.694276
2023-04-20,IBM,9.5393856,9.6420766,9.573094
2023-04-20,INTC,6.5562993,6.5559379,6.4849567
2023-04-20,MSFT,61.158692,60.9477,60.863668
2023-04-20,NKE,2.0080338,2.0272643,1.9928705
2023-04-20,VZ,0.81260202,0.81881747,0.80901886
2023-04-20,WMT,1.594396,1.6149766,1.5851824
2023-04-21,AAPL,30.907967,31.456599,30.149404
2023-04-21,AMGN,3.0797826,3.1090046,3.0504888
2023-04-21,CRM,3.8439407,3.8520359,3.7960585
2023-04-21,CSCO,14.72162,14.786295,14.530635
2023-04-21,IBM,9.2339719,9.3115655,9.1547937
2023-04-21,INTC,6.6880293,6.7328832,6.6126704
2023-04-21,MSFT,61.921107,61.872809,60.373465
2023-04-21,NKE,1.9692424,1.9756835,1.9750802
2023-04-21,VZ,0.82280602,0.81881573,0.81492819
2023-04-21,WMT,1.5998203,1.6248442,1.5994902
2023-04-24,AAPL,31.302449,31.8336,31.041132
2023-04-24,AMGN,3.0766986,3.1075979,3.0082193
2023-04-24,CRM,3.9503383,4.0110084,3.7881302
2023-04-24,CSCO,14.602748,14.566041,14.425929
2023-04-24,IBM,9.1239865,9.1724843,9.0290731
2023-04-24,INTC,6.7057996,6.8337769,6.5454548
2023-04-24,MSFT,63.597123,64.843083,62.690308
2023-04-24,NKE,1.9570525,1.9859591,1.9617226
2023-04-24,VZ,0.81758054,0.82055034,0.81283091
2023-04-24,WMT,1.5954475,1.6098538,1.6075235
2023-04-25,AAPL,30.429164,31.013675,30.227398
2023-04-25,AMGN,3.1460116,3.150713,3.0783263
2023-04-25,CRM,3.9623585,3.9503006,3.9841608
2023-04-25,CSCO,14.663349,14.70607,14.577488
2023-04-25,IBM,9.1954972,9.1662761,9.2550652
2023-04-25,INTC,6.7914573,6.8274037,6.6831665
2023-04-25,MSFT,63.561688,64.791815,63.026738
2023-04-25,NKE,1.976363,2.0264426,1.9702344
2023-04-25,VZ,0.79623671,0.7969766,0.77893547
2023-04-25,WMT,1.5887964,1.5860012,1.5623368
2023-04-26,AAPL,30.674032,31.339301,30.130554
2023-04-26,AMGN,3.1738112,3.2308236,3.165811
2023-04-26,CRM,3.9773554,3.8885127,3.950973
2023-04-26,CSCO,14.594518,14.964345,14.284561
2023-04-26,IBM,8.9539379,8.9876622,8.8286228
2023-04-26,INTC,6.909722,6.9405516,6.7964987
2023-04-26,MSFT,63.099897,62.51089,61.818828
2023-04-26,NKE,2.0239557,2.0560893,2.0480409
2023-04-26,VZ,0.80669517,0.80611366,0.79318463
2023-04-26,WMT,1.5624002,1.5960913,1.5486136
2023-04-27,AAPL,30.380254,30.242796,30.210239
2023-04-27,AMGN,3.1888354,3.25034,3.1850412
2023-04-27,CRM,3.8404632,3.8665982,3.7711858
2023-04-27,CSCO,14.330617,14.42352,14.007917
2023-04-27,IBM,9.0772865,9.3071553,8.866869
2023-04-27,INTC,7.0373601,6.9592601,6.9495332
2023-04-27,MSFT,62.901929,62.326487,62.652226
2023-04-27,NKE,1.9701209,2.0154262,1.9767202
2023-04-27,VZ,0.80178872,0.80594638,0.79124154
2023-04-27,WMT,1.5564014,1.5850787,1.5305023
2023-04-28,AAPL,30.377824,30.781109,29.816722
2023-04-28,AMGN,3.1416775,3.1650841,3.154956
2023-04-28,CRM,3.8244245,3.8535611,3.7917039
2023-04-28,CSCO,14.429611,14.797968,14.059477
2023-04-28,IBM,9.2978494,9.3936775,9.1885727
2023-04-28,INTC,7.1371606,7.2780498,7.1128516
2023-04-28,MSFT,64.220048,64.661548,64.459677
2023-04-28,NKE,2.0168309,2.0359046,1.9950774
2023-04-28,VZ,0.7949295,0.79197029,0.80407034
2023-04-28,WMT,1.5803452,1.5860356,1.5693909
2023-05-01,AAPL,30.869188,30.617642,30.700929
2023-05-01,AMGN,3.1084198,3.1254281,3.079419
2023-05-01,CRM,3.8224401,3.8939001,3.8644766
2023-05-01,CSCO,14.435607,14.626094,14.291266
2023-05-01,IBM,9.442639,9.3482189,9.3943767
2023-05-01,INTC,7.3030069,7.409585,7.1861425
2023-05-01,MSFT,63.419902,64.671478,62.980244
2023-05-01,NKE,2.0024901,1.9785129,2.010643
2023-05-01,VZ,0.78567849,0.79745785,0.79058104
2023-05-01,WMT,1.5561673,1.5629366,1.533218
2023-05-02,AAPL,30.787876,31.22212,30.482239
2023-05-02,AMGN,3.1436707,3.1742642,3.1422427
2023-05-02,CRM,3.9243904,3.970647,3.9563568
2023-05-02,CSCO,14.057277,14.170031,13.778013
2023-05-02,IBM,9.3588891,9.484579,9.2677994
2023-05-02,INTC,7.2931703,7.3012863,7.1393028
2023-05-02,MSFT,63.894031,64.534807,62.659061
2023-05-02,NKE,1.9913174,2.0006917,1.9716127
2023-05-02,VZ,0.80231961,0.80814261,0.80194517
2023-05-02,WMT,1.5283834,1.5482866,1.494975
2023-05-03,AAPL,31.031795,31.308726,30.468162
2023-05-03,AMGN,3.0367564,3.0795101,2.979728
2023-05-03,CRM,3.9791746,4.0738629,3.856276
2023-05-03,CSCO,14.210808,14.443864,14.297509
2023-05-03,IBM,9.2207591,9.3042027,9.1310539
2023-05-03,INTC,7.2082521,7.2907346,7.0560872
2023-05-03,MSFT,64.02846,64.913642,63.591674
2023-05-03,NKE,2.0301436,2.0890798,2.0022881
2023-05-03,VZ,0.80438379,0.82539426,0.80062088
2023-05-03,WMT,1.5195843,1.5259336,1.5176122
2023-05-04,AAPL,31.96375,31.903765,32.356089
2023-05-04,AMGN,3.0887111,3.0993054,3.0327194
2023-05-04,CRM,3.9981962,4.1132723,3.8520855
2023-05-04,CSCO,13.876376,13.696452,13.902747
2023-05-04,IBM,9.0931175,9.1226712,9.0497283
2023-05-04,INTC,7.3456096,7.2735218,7.3525843
2023-05-04,MSFT,64.581957,66.071438,64.218944
2023-05-04,NKE,2.0135787,2.0406609,2.0122757
2023-05-04,VZ,0.8142656,0.8295013,0.80334486
2023-05-04,WMT,1.4955445,1.5237168,1.4656553
2023-05-05,AAPL,32.717085,32.620244,32.909645
2023-05-05,AMGN,3.1372794,3.1811244,3.1199224
2023-05-05,CRM,3.9709303,4.0400459,4.0304512
2023-05-05,CSCO,14.08322,13.999078,14.110184
2023-05-05,IBM,9.1282433,9.1988743,9.1227132
2023-05-05,INTC,7.2306528,7.2406981,7.1958572
2023-05-05,MSFT,63.90484,64.531798,63.939099
2023-05-05,NKE,2.0020961,1.9912231,1.9678888
2023-05-05,VZ,0.81301708,0.81393559,0.82132151
2023-05-05,WMT,1.4992678,1.5040371,1.4809195
2023-05-08,AAPL,32.628892,32.462039,31.791077
2023-05-08,AMGN,3.0727052,3.1525256,3.0594197
2023-05-08,CRM,3.9823288,4.0402065,3.8137857
2023-05-08,CSCO,13.875685,14.201425,13.74808
2023-05-08,IBM,9.4528122,9.5027176,9.4375697
2023-05-08,INTC,7.1962458,7.3446143,7.0784184
2023-05-08,MSFT,63.59938,63.96881,63.588318
2023-05-08,NKE,1.9997178,2.0245403,1.9481848
2023-05-08,VZ,0.79979529,0.8046615,0.80321162
2023-05-08,WMT,1.4798043,1.4892591,1.4676645
2023-05-09,AAPL,31.268322,31.152738,30.941707
2023-05-09,AMGN,3.0942863,3.1840108,3.0485582
2023-05-09,CRM,3.9596829,3.8771999,3.8593652
2023-05-09,CSCO,13.883252,14.297434,13.606689
2023-05-09,IBM,9.6041927,9.6827174,9.5315093
2023-05-09,INTC,7.1867671,7.1603374,7.1565867
2023-05-09,MSFT,63.7493,65.389122,63.529553
2023-05-09,NKE,2.0051197,2.0530885,1.9426903
2023-05-09,VZ,0.79570682,0.80305794,0.80671956
2023-05-09,WMT,1.487179,1.5156223,1.4739649
2023-05-10,AAPL,31.006822,31.463226,30.983877
2023-05-10,AMGN,3.0468878,3.0884809,3.0132655
2023-05-10,CRM,3.9984526,4.0053831,3.900677
2023-05-10,CSCO,13.633486,13.793794,13.526135
2023-05-10,IBM,9.4499867,9.4641572,9.3574262
2023-05-10,INTC,7.2378415,7.3872807,7.3303054
2023-05-10,MSFT,62.654893,63.505513,61.790799
2023-05-10,NKE,1.9668231,1.9733552,1.9672754
2023-05-10,VZ,0.78328036,0.78832061,0.77153186
2023-05-10,WMT,1.5079,1.520644,1.5134762
2023-05-11,AAPL,30.387134,30.83066,30.089263
2023-05-11,AMGN,2.9835575,3.0321623,2.9728265
2023-05-11,CRM,4.0785265,4.1619741,4.0140768
2023-05-11,CSCO,13.901392,13.996865,13.638276
2023-05-11,IBM,9.2963958,9.3408985,9.1134298
2023-05-11,INTC,7.2909314,7.3164539,7.3231176
2023-05-11,MSFT,62.489535,62.770285,61.802215
2023-05-11,NKE,1.9302438,1.9264647,1.9037146
2023-05-11,VZ,0.79752133,0.79953296,0.81432587
2023-05-11,WMT,1.4947198,1.5157744,1.4856249
2023-05-12,AAPL,29.367512,29.940077,28.597446
2023-05-12,AMGN,2.9113697,2.9235484,2.8897163
2023-05-12,CRM,4.2423484,4.2962124,4.1395489
2023-05-12,CSCO,14.060444,14.175786,13.906065
2023-05-12,IBM,9.3025407,9.3728813,9.1725502
2023-05-12,INTC,7.3511282,7.316892,7.1895816
2023-05-12,MSFT,62.221268,62.673578,61.455007
2023-05-12,NKE,1.8962452,1.9185798,1.8509114
2023-05-12,VZ,0.80822406,0.81171676,0.80485805
2023-05-12,WMT,1.4521096,1.4516169,1.434308
2023-05-15,AAPL,28.947707,29.182996,28.617386
2023-05-15,AMGN,2.9326975,2.9711127,2.8983893
2023-05-15,CRM,4.3366724,4.3379979,4.2598173
2023-05-15,CSCO,13.89384,13.684847,13.694885
2023-05-15,IBM,9.3052477,9.4954424,9.1235235
2023-05-15,INTC,7.5153893,7.638741,7.5208857
2023-05-15,MSFT,61.983397,63.115192,61.282828
2023-05-15,NKE,1.8862949,1.8900817,1.8940885
2023-05-15,VZ,0.80549205,0.8066156,0.80962666
2023-05-15,WMT,1.4519155,1.4508708,1.4266682
2023-05-16,AAPL,29.559463,29.528924,28.445787
2023-05-16,AMGN,2.882212,2.8992316,2.835918
2023-05-16,CRM,4.0829629,4.1323628,4.060455
2023-05-16,CSCO,14.003674,14.031225,13.840089
2023-05-16,IBM,9.1046859,9.0586562,9.0666558
2023-05-16,INTC,7.3337543,7.2821232,7.3293179
2023-05-16,MSFT,62.534476,63.538578,60.768475
2023-05-16,NKE,1.8927629,1.8915701,1.8688417
2023-05-16,VZ,0.79166513,0.80096624,0.78730615
2023-05-16,WMT,1.4520194,1.448117,1.4634221
2023-05-17,AAPL,29.115633,29.445816,28.942858
2023-05-17,AMGN,2.8062806,2.8632331,2.7327908
2023-05-17,CRM,3.9495351,4.0170895,3.8493766
2023-05-17,CSCO,14.096115,14.099762,13.891463
2023-05-17,IBM,9.2565853,9.2317599,9.2823568
2023-05-17,INTC,7.4340773,7.6367856,7.3881986
2023-05-17,MSFT,61.570132,61.800496,61.229862
2023-05-17,NKE,1.9309673,1.9071605,1.943096
2023-05-17,VZ,0.79999284,0.80268848,0.78559154
2023-05-17,WMT,1.4396089,1.4485662,1.420648
2023-05-18,AAPL,29.750599,30.595394,29.446247
2023-05-18,AMGN,2.7641964,2.7958578,2.7306344
2023-05-18,CRM,3.9777244,3.973439,3.9341314
2023-05-18,CSCO,13.745014,13.788407,13.639341
2023-05-18,IBM,9.151907,9.1488844,9.0904934
2023-05-18,INTC,7.7490993,7.8959031,7.610627
2023-05-18,MSFT,61.998946,62.113889,61.204699
2023-05-18,NKE,1.9329465,1.915887,1.9090823
2023-05-18,VZ,0.79538531,0.79862503,0.78839633
2023-05-18,WMT,1.4302321,1.4345247,1.4433904
2023-05-19,AAPL,29.032134,29.206784,28.828807
2023-05-19,AMGN,2.8328622,2.8652632,2.7584489
2023-05-19,CRM,4.0577128,4.1269811,3.9004209
2023-05-19,CSCO,13.244434,13.479402,13.10283
2023-05-19,IBM,9.2380191,9.2848831,9.3097176
2023-05-19,INTC,7.8728166,7.9650696,7.7250285
2023-05-19,MSFT,62.123726,63.117285,61.994503
2023-05-19,NKE,1.8763276,1.8845327,1.8897971
2023-05-19,VZ,0.79231177,0.79226115,0.77564855
2023-05-19,WMT,1.3854823,1.3920611,1.3566685
2023-05-22,AAPL,27.854173,28.630228,27.534571
2023-05-22,AMGN,2.854464,2.802704,2.8137246
2023-05-22,CRM,3.9601126,4.0386902,3.8914083
2023-05-22,CSCO,12.724369,12.576328,12.669283
2023-05-22,IBM,9.4049406,9.6123657,9.5027649
2023-05-22,INTC,7.7854259,7.7708121,7.6157079
2023-05-22,MSFT,62.292132,61.846294,62.127424
2023-05-22,NKE,1.8732625,1.8861781,1.8784216
2023-05-22,VZ,0.78497161,0.79617228,0.78030302
2023-05-22,WMT,1.3947192,1.4083992,1.3729298
2023-05-23,AAPL,27.805708,27.621837,27.439121
2023-05-23,AMGN,2.801183,2.8126851,2.7700289
2023-05-23,CRM,3.8591821,3.9182591,3.8279084
2023-05-23,CSCO,12.537108,12.689678,12.189862
2023-05-23,IBM,9.3184027,9.4220641,9.2395064
2023-05-23,INTC,7.6838584,7.9455074,7.6425382
2023-05-23,MSFT,61.473962,61.568233,60.602481
2023-05-23,NKE,1.8950986,1.9227264,1.8620608
2023-05-23,VZ,0.78342618,0.79492606,0.77102895
2023-05-23,WMT,1.4001687,1.3926823,1.3983313
2023-05-24,AAPL,26.744703,26.538882,26.289336
2023-05-24,AMGN,2.8764237,2.891577,2.8520486
2023-05-24,CRM,4.086721,4.1102155,3.8553686
2023-05-24,CSCO,12.425,12.442715,12.365953
2023-05-24,IBM,9.1692103,9.2973164,9.135906
2023-05-24,INTC,7.6585147,7.748923,7.8304399
2023-05-24,MSFT,61.890728,62.150772,60.282929
2023-05-24,NKE,1.9604615,1.9845145,1.9305531
2023-05-24,VZ,0.78814011,0.79740619,0.78583975
2023-05-24,WMT,1.3892496,1.3896282,1.3812793
2023-05-25,AAPL,27.846902,27.75419,26.704201
2023-05-25,AMGN,2.896846,2.9048729,2.8989588
2023-05-25,CRM,4.0142946,4.1143782,4.0660714
2023-05-25,CSCO,12.093237,12.028887,12.024268
2023-05-25,IBM,8.9980378,9.0709619,8.9758565
2023-05-25,INTC,7.5475496,7.6513775,7.4665196
2023-05-25,MSFT,61.455943,61.592202,60.404989
2023-05-25,NKE,1.9611034,1.9947397,1.9269306
2023-05-25,VZ,0.79627281,0.81045623,0.80184879
2023-05-25,WMT,1.3787463,1.3838303,1.3615383
2023-05-26,AAPL,28.514413,29.190137,28.390108
2023-05-26,AMGN,2.9194482,2.9490328,2.8601372
2023-05-26,CRM,3.9023949,3.8826733,3.7711301
2023-05-26,CSCO,12.525714,12.786201,12.360038
2023-05-26,IBM,8.9244879,9.0565986,8.8524519
2023-05-26,INTC,7.5945576,7.7886602,7.5057558
2023-05-26,MSFT,60.992663,61.212448,60.911836
2023-05-26,NKE,1.9772564,1.977808,1.958635
2023-05-26,VZ,0.79028672,0.79875153,0.79710287
2023-05-26,WMT,1.3927159,1.4037792,1.3769412
2023-05-30,AAPL,28.309602,28.743685,27.910731
2023-05-30,AMGN,2.9563402,2.9721003,2.8739918
2023-05-30,CRM,3.8749644,3.9115752,3.8464826
2023-05-30,CSCO,12.17543,12.273889,12.163473
2023-05-30,IBM,8.8954022,8.9273016,8.7993324
2023-05-30,INTC,7.6997273,7.7099864,7.6308286
2023-05-30,MSFT,61.444806,62.747381,60.324958
2023-05-30,NKE,1.9764897,2.0073537,1.9683746
2023-05-30,VZ,0.78153373,0.78680852,0.7851469
2023-05-30,WMT,1.3829699,1.3969976,1.3814704
2023-05-31,AAPL,28.031914,28.547052,27.967547
2023-05-31,AMGN,2.9215273,2.9772709,2.8770078
2023-05-31,CRM,3.7114456,3.8097316,3.591869
2023-05-31,CSCO,12.026941,12.2319,11.904797
2023-05-31,IBM,9.005032,8.9470757,9.0248668
2023-05-31,INTC,7.4904759,7.5435975,7.398952
2023-05-31,MSFT,60.864987,61.580889,60.043855
2023-05-31,NKE,1.9837813,1.9975467,1.9200801
2023-05-31,VZ,0.77621399,0.78329731,0.76343464
2023-05-31,WMT,1.376505,1.3656195,1.3716745
2023-06-01,AAPL,27.762474,27.835118,27.317955
2023-06-01,AMGN,2.8410762,2.9329649,2.8489049
2023-06-01,CRM,3.7174612,3.7527112,3.6095468
2023-06-01,CSCO,11.732318,12.037075,11.561821
2023-06-01,IBM,8.9833728,9.0999104,8.8930738
2023-06-01,INTC,7.3085719,7.2777401,7.2829419
2023-06-01,MSFT,60.798472,59.999593,60.508812
2023-06-01,NKE,2.0136726,2.0478846,1.9616563
2023-06-01,VZ,0.77191428,0.76636897,0.77108022
2023-06-01,WMT,1.377929,1.4061032,1.379624
2023-06-02,AAPL,27.239687,28.289621,27.314272
2023-06-02,AMGN,2.8787234,2.9390552,2.8355135
2023-06-02,CRM,3.5584438,3.5898125,3.4857746
2023-06-02,CSCO,11.398377,11.4907,11.185279
2023-06-02,IBM,8.8908129,8.9728562,8.7694692
2023-06-02,INTC,7.445905,7.6505203,7.4898751
2023-06-02,MSFT,59.678152,60.720786,60.939298
2023-06-02,NKE,1.9480391,1.9531898,1.9323648
2023-06-02,VZ,0.7691675,0.77234417,0.76381095
2023-06-02,WMT,1.3806348,1.3800707,1.3916941
2023-06-05,AAPL,27.766283,27.769421,27.887919
2023-06-05,AMGN,2.8801789,2.9370799,2.8577693
2023-06-05,CRM,3.461711,3.4796113,3.500135
2023-06-05,CSCO,11.333776,11.525442,11.420402
2023-06-05,IBM,9.0915627,9.2267774,9.0107221
2023-06-05,INTC,7.6865905,7.681341,7.6018082
2023-06-05,MSFT,59.955064,60.537018,59.89596
2023-06-05,NKE,1.971062,2.0052286,1.9777798
2023-06-05,VZ,0.7534063,0.75734766,0.75171292
2023-06-05,WMT,1.3876476,1.4032618,1.3673225
2023-06-06,AAPL,29.063224,29.353371,28.36997
2023-06-06,AMGN,2.8263978,2.8668335,2.7898314
2023-06-06,CRM,3.3815582,3.4500008,3.3140336
2023-06-06,CSCO,11.691037,11.643631,11.704872
2023-06-06,IBM,8.9824512,9.0255966,8.9161579
2023-06-06,INTC,7.4664208,7.650095,7.2810671
2023-06-06,MSFT,58.434851,58.784891,58.089349
2023-06-06,NKE,1.9133858,1.9273366,1.9136964
2023-06-06,VZ,0.74682923,0.75191786,0.73854344
2023-06-06,WMT,1.4020828,1.4013763,1.3866454
2023-06-07,AAPL,29.07677,28.909177,28.550922
2023-06-07,AMGN,2.806634,2.8316423,2.7697364
2023-06-07,CRM,3.4537916,3.5257977,3.4467197
2023-06-07,CSCO,11.908928,11.962738,11.760618
2023-06-07,IBM,9.0316557,9.0525041,8.8824262
2023-06-07,INTC,7.3848169,7.277343,7.1974047
2023-06-07,MSFT,57.8093,58.102977,56.657215
2023-06-07,NKE,1.8657888,1.859084,1.9034164
2023-06-07,VZ,0.73772019,0.73646524,0.73390183
2023-06-07,WMT,1.4098293,1.4079677,1.4249909
2023-06-08,AAPL,27.97746,27.954884,28.057228
2023-06-08,AMGN,2.8028559,2.7951229,2.7743078
2023-06-08,CRM,3.5297066,3.5718295,3.3857317
2023-06-08,CSCO,11.983414,11.92635,11.682662
2023-06-08,IBM,9.1092152,9.3219751,9.1227814
2023-06-08,INTC,7.1188491,7.1550221,7.0816531
2023-06-08,MSFT,57.561282,58.33033,55.775619
2023-06-08,NKE,1.8264118,1.8300214,1.804093
2023-06-08,VZ,0.74164473,0.75676636,0.73934826
2023-06-08,WMT,1.4043634,1.4165774,1.4177287
2023-06-09,AAPL,27.512362,27.449524,26.806741
2023-06-09,AMGN,2.6794564,2.7074472,2.6205585
2023-06-09,CRM,3.6938525,3.6941912,3.6572764
2023-06-09,CSCO,11.560969,11.703499,11.433213
2023-06-09,IBM,9.069954,8.9992902,9.089988
2023-06-09,INTC,7.0004632,7.1397805,6.9139973
2023-06-09,MSFT,57.691873,58.176414,57.843561
2023-06-09,NKE,1.7824573,1.7920313,1.7943374
2023-06-09,VZ,0.7240933,0.72623797,0.72835839
2023-06-09,WMT,1.4177228,1.4199498,1.4056548
2023-06-12,AAPL,28.226685,27.975043,26.896034
2023-06-12,AMGN,2.6459325,2.6475941,2.631484
2023-06-12,CRM,3.7460603,3.7344246,3.6148565
2023-06-12,CSCO,11.384333,11.301018,11.404538
2023-06-12,IBM,9.1417077,9.2800101,9.0912434
2023-06-12,INTC,7.1110971,7.1797938,7.1203592
2023-06-12,MSFT,57.753981,59.185064,57.949612
2023-06-12,NKE,1.7862364,1.8061876,1.7454294
2023-06-12,VZ,0.72495389,0.74167312,0.71812355
2023-06-12,WMT,1.4105936,1.4168442,1.4051862
2023-06-13,AAPL,27.72128,27.794838,27.073325
2023-06-13,AMGN,2.6121204,2.6528893,2.5781684
2023-06-13,CRM,3.5422537,3.5262203,3.5758819
2023-06-13,CSCO,11.084109,11.229691,10.939725
2023-06-13,IBM,9.1253425,9.1732351,9.0433232
2023-06-13,INTC,7.0968205,7.2687012,6.9759054
2023-06-13,MSFT,57.589484,57.01003,56.678818
2023-06-13,NKE,1.7758388,1.783758,1.7445868
2023-06-13,VZ,0.72289791,0.7248672,0.71764646
2023-06-13,WMT,1.469409,1.4988883,1.4670001
2023-06-14,AAPL,27.809231,27.514563,27.033536
2023-06-14,AMGN,2.6025321,2.6604916,2.606516
2023-06-14,CRM,3.4874242,3.5240191,3.4242749
2023-06-14,CSCO,11.488944,11.634552,11.318952
2023-06-14,IBM,9.2436341,9.3885695,9.0953412
2023-06-14,INTC,6.8106137,6.9383083,6.8142591
2023-06-14,MSFT,58.30578,58.592144,57.625501
2023-06-14,NKE,1.786598,1.7961197,1.8192228
2023-06-14,VZ,0.71617184,0.72285955,0.7040153
2023-06-14,WMT,1.4741609,1.4817231,1.4747259
2023-06-15,AAPL,27.912009,28.429885,27.751424
2023-06-15,AMGN,2.5364061,2.5680311,2.4870141
2023-06-15,CRM,3.5113098,3.5114166,3.4333224
2023-06-15,CSCO,11.007452,11.100271,10.949864
2023-06-15,IBM,9.3823605,9.468461,9.3754087
2023-06-15,INTC,6.7907642,6.8553924,6.6647649
2023-06-15,MSFT,58.159809,58.398616,57.465578
2023-06-15,NKE,1.7967536,1.8336917,1.7800566
2023-06-15,VZ,0.72061792,0.72422246,0.72245034
2023-06-15,WMT,1.4857423,1.5003884,1.4633576
2023-06-16,AAPL,27.994149,28.942444,27.507939
2023-06-16,AMGN,2.5361822,2.5707755,2.5139671
2023-06-16,CRM,3.4802436,3.4569109,3.4277492
2023-06-16,CSCO,11.131046,11.532727,10.998015
2023-06-16,IBM,9.4102766,9.5495281,9.4122151
2023-06-16,INTC,6.6692953,6.5854593,6.5495182
2023-06-16,MSFT,59.299263,59.325277,59.082312
2023-06-16,NKE,1.7621443,1.7670014,1.7515939
2023-06-16,VZ,0.71122463,0.71517085,0.70529204
2023-06-16,WMT,1.5124917,1.5272208,1.5085618
2023-06-20,AAPL,27.259506,27.193876,26.868619
2023-06-20,AMGN,2.5348174,2.583013,2.5123674
2023-06-20,CRM,3.4675194,3.5272884,3.4067827
2023-06-20,CSCO,11.06802,11.187099,11.177952
2023-06-20,IBM,9.3620667,9.4205263,9.4618188
2023-06-20,INTC,6.4329251,6.5096568,6.2558285
2023-06-20,MSFT,59.900309,60.245268,60.448099
2023-06-20,NKE,1.7609743,1.7908165,1.7609711
2023-06-20,VZ,0.7123151,0.7038422,0.70241725
2023-06-20,WMT,1.5184358,1.5137944,1.5023556
2023-06-21,AAPL,26.918487,27.18615,26.478816
2023-06-21,AMGN,2.4727757,2.516251,2.4222611
2023-06-21,CRM,3.5094981,3.6101194,3.531653
2023-06-21,CSCO,11.161373,11.098887,10.655384
2023-06-21,IBM,9.3931901,9.4153881,9.2840184
2023-06-21,INTC,6.4994007,6.6582673,6.4896876
2023-06-21,MSFT,60.30807,60.920287,59.803299
2023-06-21,NKE,1.7767566,1.7886362,1.7402762
2023-06-21,VZ,0.71521049,0.7298316,0.70758636
2023-06-21,WMT,1.481514,1.4977153,1.4672779
2023-06-22,AAPL,25.949354,25.710555,25.326927
2023-06-22,AMGN,2.4168302,2.4420397,2.4014018
2023-06-22,CRM,3.5176495,3.5363317,3.4291929
2023-06-22,CSCO,11.266867,11.322691,11.32155
2023-06-22,IBM,9.5084942,9.582123,9.473435
2023-06-22,INTC,6.486238,6.4828095,6.4617903
2023-06-22,MSFT,61.004303,61.961597,59.981729
2023-06-22,NKE,1.7590532,1.8068283,1.7616056
2023-06-22,VZ,0.72402874,0.72761306,0.72152097
2023-06-22,WMT,1.4679698,1.4774414,1.4384598
2023-06-23,AAPL,26.677255,26.947516,26.07724
2023-06-23,AMGN,2.3472434,2.4306624,2.3452639
2023-06-23,CRM,3.6563904,3.7230437,3.6696707
2023-06-23,CSCO,10.969254,11.063815,10.992158
2023-06-23,IBM,9.5731119,9.537184,9.5171056
2023-06-23,INTC,6.5178759,6.5380147,6.4470073
2023-06-23,MSFT,62.291541,62.80431,61.9103
2023-06-23,NKE,1.6926897,1.6975434,1.6969118
2023-06-23,VZ,0.72344001,0.73228227,0.70361627
2023-06-23,WMT,1.4657602,1.4722498,1.4509069
2023-06-26,AAPL,26.857102,27.492073,26.04378
2023-06-26,AMGN,2.2738928,2.28212,2.2621699
2023-06-26,CRM,3.6799306,3.7684448,3.6295478
2023-06-26,CSCO,11.143195,10.977257,11.315095
2023-06-26,IBM,9.6952368,9.6571486,9.5656041
2023-06-26,INTC,6.4671704,6.564474,6.5401537
2023-06-26,MSFT,61.935434,63.20871,61.476246
2023-06-26,NKE,1.7023832,1.7310133,1.6794315
2023-06-26,VZ,0.7205873,0.72166759,0.7279148
2023-06-26,WMT,1.4307501,1.449917,1.4087905
2023-06-27,AAPL,27.141842,27.418324,26.84021
2023-06-27,AMGN,2.2493964,2.2551246,2.2349552
2023-06-27,CRM,3.4711566,3.4071222,3.4853564
2023-06-27,CSCO,11.06203,11.085805,10.975027
2023-06-27,IBM,9.8046222,9.8545722,9.6997725
2023-06-27,INTC,6.3821909,6.4361655,6.3523152
2023-06-27,MSFT,63.086187,63.949475,62.100112
2023-06-27,NKE,1.6954902,1.7282497,1.6994484
2023-06-27,VZ,0.70686755,0.71812723,0.70603177
2023-06-27,WMT,1.4250137,1.4596143,1.4133719
2023-06-28,AAPL,26.523118,27.017915,26.444725
2023-06-28,AMGN,2.2746834,2.3201881,2.2763554
2023-06-28,CRM,3.4388036,3.3883838,3.3558754
2023-06-28,CSCO,11.078694,11.16426,10.965514
2023-06-28,IBM,9.7026293,9.8465932,9.5974094
2023-06-28,INTC,6.4536592,6.4101198,6.4000911
2023-06-28,MSFT,62.541656,63.225523,61.436457
2023-06-28,NKE,1.7188511,1.7516714,1.6865323
2023-06-28,VZ,0.70225685,0.71840842,0.7085099
2023-06-28,WMT,1.3846006,1.392657,1.3873915
2023-06-29,AAPL,26.343206,26.16904,25.675334
2023-06-29,AMGN,2.2219267,2.2415436,2.1747098
2023-06-29,CRM,3.5484179,3.533426,3.3917857
2023-06-29,CSCO,10.732012,10.748073,10.681961
2023-06-29,IBM,9.6357158,9.6309908,9.5046357
2023-06-29,INTC,6.4831939,6.5289695,6.5002192
2023-06-29,MSFT,61.723966,62.7513,60.852362
2023-06-29,NKE,1.7335009,1.7583241,1.710993
2023-06-29,VZ,0.69525791,0.70252204,0.69288026
2023-06-29,WMT,1.349363,1.3680628,1.3484566
2023-06-30,AAPL,25.534009,25.464062,25.210897
2023-06-30,AMGN,2.208159,2.2017051,2.194881
2023-06-30,CRM,3.5321059,3.6456329,3.4486971
2023-06-30,CSCO,10.988702,10.890497,10.790338
2023-06-30,IBM,9.4999979,9.5705202,9.4240838
2023-06-30,INTC,6.5712128,6.5856727,6.566812
2023-06-30,MSFT,62.278098,62.087758,61.986266
2023-06-30,NKE,1.6928249,1.717831,1.658639
2023-06-30,VZ,0.68600999,0.69134164,0.68262717
2023-06-30,WMT,1.3286174,1.3442852,1.3300495
2023-07-03,AAPL,26.198743,27.006423,25.985778
2023-07-03,AMGN,2.204292,2.205021,2.1563763
2023-07-03,CRM,3.5278341,3.7035019,3.471134
2023-07-03,CSCO,11.11186,11.086454,11.170454
2023-07-03,IBM,9.5799992,9.5595226,9.6688144
2023-07-03,INTC,6.6704077,6.6914997,6.6203979
2023-07-03,MSFT,62.95026,63.793926,61.380092
2023-07-03,NKE,1.6680915,1.6707162,1.6336498
2023-07-03,VZ,0.70654342,0.72160447,0.69108722
2023-07-03,WMT,1.3386096,1.3387656,1.3077549
2023-07-05,AAPL,25.753195,26.12721,24.769737
2023-07-05,AMGN,2.2238857,2.2630389,2.2049115
2023-07-05,CRM,3.4682594,3.5227941,3.4544496
2023-07-05,CSCO,11.096165,11.14286,10.907177
2023-07-05,IBM,9.4805643,9.5236973,9.4044026
2023-07-05,INTC,6.8084252,6.866032,6.7640097
2023-07-05,MSFT,62.991195,63.520709,62.534358
2023-07-05,NKE,1.6273684,1.6387576,1.6044735
2023-07-05,VZ,0.70151448,0.71283591,0.71620065
2023-07-05,WMT,1.3562131,1.3516448,1.3392333
2023-07-06,AAPL,25.859819,26.072718,25.731344
2023-07-06,AMGN,2.2151923,2.1825922,2.1554747
2023-07-06,CRM,3.427915,3.4902117,3.3567758
2023-07-06,CSCO,11.356919,11.657642,11.361189
2023-07-06,IBM,9.4295129,9.4678835,9.2415146
2023-07-06,INTC,6.8305553,6.875598,6.8394617
2023-07-06,MSFT,62.102423,62.737291,62.507304
2023-07-06,NKE,1.5901769,1.6059205,1.5915715
2023-07-06,VZ,0.71003527,0.72503668,0.70980915
2023-07-06,WMT,1.3618822,1.3685209,1.3592597
2023-07-07,AAPL,26.187837,26.732684,26.178526
2023-07-07,AMGN,2.254384,2.2507523,2.2417839
2023-07-07,CRM,3.1710425,3.2537796,3.1449668
2023-07-07,CSCO,11.179379,11.202914,11.245994
2023-07-07,IBM,9.3937488,9.5261085,9.3757964
2023-07-07,INTC,6.893411,6.9464769,6.836805
2023-07-07,MSFT,63.378444,65.206645,62.33738
2023-07-07,NKE,1.6172963,1.6194364,1.5832967
2023-07-07,VZ,0.71614655,0.71143662,0.71200698
2023-07-07,WMT,1.3533719,1.3549234,1.3354382
2023-07-10,AAPL,25.65869,26.41349,25.358579
2023-07-10,AMGN,2.2578718,2.3076184,2.2193743
2023-07-10,CRM,3.0796326,3.1205857,3.0343114
2023-07-10,CSCO,10.938129,10.971863,10.83701
2023-07-10,IBM,9.4326681,9.5553637,9.4306964
2023-07-10,INTC,6.6807446,6.7159514,6.6802302
2023-07-10,MSFT,64.782874,64.83511,64.328712
2023-07-10,NKE,1.6179179,1.625636,1.5984499
2023-07-10,VZ,0.71451746,0.71997058,0.70719218
2023-07-10,WMT,1.3327759,1.3417783,1.326656
2023-07-11,AAPL,26.924229,27.022681,26.559806
2023-07-11,AMGN,2.2468237,2.2765624,2.2404913
2023-07-11,CRM,3.2121784,3.1849448,3.1457815
2023-07-11,CSCO,11.002145,11.122796,10.85364
2023-07-11,IBM,9.2500812,9.4299121,9.2219514
2023-07-11,INTC,6.5984784,6.6245746,6.4224047
2023-07-11,MSFT,65.187223,65.528801,64.846172
2023-07-11,NKE,1.6101472,1.630488,1.583946
2023-07-11,VZ,0.71021643,0.71347305,0.71136144
2023-07-11,WMT,1.3095737,1.3325286,1.304449
2023-07-12,AAPL,26.924903,27.528359,26.467892
2023-07-12,AMGN,2.2101732,2.2216875,2.1835448
2023-07-12,CRM,3.3689877,3.4134954,3.3255328
2023-07-12,CSCO,10.886775,10.984887,10.710022
2023-07-12,IBM,9.2696955,9.3724769,9.3219238
2023-07-12,INTC,6.5702185,6.6330602,6.4787367
2023-07-12,MSFT,64.608399,66.465278,63.956304
2023-07-12,NKE,1.6123998,1.629796,1.5959942
2023-07-12,VZ,0.70737501,0.7171266,0.69523115
2023-07-12,WMT,1.3262654,1.3505543,1.3095157
2023-07-13,AAPL,25.881218,25.699945,25.343614
2023-07-13,AMGN,2.2311848,2.2179315,2.2441241
2023-07-13,CRM,3.4474809,3.502268,3.3657366
2023-07-13,CSCO,11.011193,11.149433,10.817838
2023-07-13,IBM,9.1699606,9.265249,9.130667
2023-07-13,INTC,6.624449,6.6930846,6.5880808
2023-07-13,MSFT,64.361328,63.462379,65.025249
2023-07-13,NKE,1.609873,1.6452786,1.5896044
2023-07-13,VZ,0.69627431,0.69919151,0.69074681
2023-07-13,WMT,1.3366703,1.3514774,1.3269249
2023-07-14,AAPL,26.229046,26.236509,26.328636
2023-07-14,AMGN,2.1508366,2.1749064,2.1052381
2023-07-14,CRM,3.3889994,3.4620592,3.3310991
2023-07-14,CSCO,10.85306,10.941472,10.884788
2023-07-14,IBM,8.9588092,9.1682046,8.9256577
2023-07-14,INTC,6.4277857,6.485932,6.39652
2023-07-14,MSFT,62.66672,63.116135,60.91981
2023-07-14,NKE,1.626761,1.665694,1.5822752
2023-07-14,VZ,0.68490236,0.69580603,0.66635439
2023-07-14,WMT,1.3918992,1.4120184,1.3894186
2023-07-17,AAPL,26.452435,26.940375,26.685141
2023-07-17,AMGN,2.132159,2.1284969,2.120563
2023-07-17,CRM,3.5592943,3.6030546,3.4984935
2023-07-17,CSCO,10.698248,10.743524,10.568894
2023-07-17,IBM,8.9490739,9.0532322,8.9062099
2023-07-17,INTC,6.4632308,6.5456872,6.3241265
2023-07-17,MSFT,60.121222,60.862305,59.235341
2023-07-17,NKE,1.6032122,1.622732,1.6029856
2023-07-17,VZ,0.68054458,0.68135188,0.66830236
2023-07-17,WMT,1.3824428,1.3839885,1.3816965
2023-07-18,AAPL,26.966325,27.407762,26.166558
2023-07-18,AMGN,2.1350668,2.172864,2.0982445
2023-07-18,CRM,3.4805468,3.5300269,3.4482908
2023-07-18,CSCO,10.521012,10.651054,10.735083
2023-07-18,IBM,8.7204427,8.8948296,8.6133183
2023-07-18,INTC,6.4868398,6.4281802,6.4222212
2023-07-18,MSFT,59.706393,59.553985,58.35367
2023-07-18,NKE,1.6040196,1.6153158,1.5930582
2023-07-18,VZ,0.68469042,0.69563063,0.68548639
2023-07-18,WMT,1.3873118,1.4009556,1.3878131
2023-07-19,AAPL,27.122039,26.893654,27.016916
2023-07-19,AMGN,2.1680997,2.2194891,2.1226957
2023-07-19,CRM,3.6214113,3.6574319,3.6503084
2023-07-19,CSCO,10.577644,10.64233,10.429174
2023-07-19,IBM,8.8942919,9.1008444,8.8041966
2023-07-19,INTC,6.3548943,6.4471957,6.3770992
2023-07-19,MSFT,60.632994,61.344751,59.239338
2023-07-19,NKE,1.5884044,1.6102083,1.5402442
2023-07-19,VZ,0.68116277,0.68498709,0.67328668
2023-07-19,WMT,1.3880319,1.3952962,1.3778699
2023-07-20,AAPL,26.876712,27.436045,26.456428
2023-07-20,AMGN,2.1671693,2.1853466,2.1552433
2023-07-20,CRM,3.6218612,3.6885521,3.6105018
2023-07-20,CSCO,10.706882,10.740679,10.521766
2023-07-20,IBM,8.8930616,8.8661978,8.9042927
2023-07-20,INTC,6.4476738,6.4987188,6.4535791
2023-07-20,MSFT,61.433575,61.18364,60.760172
2023-07-20,NKE,1.6081897,1.6040923,1.6090633
2023-07-20,VZ,0.68065755,0.68504904,0.67067582
2023-07-20,WMT,1.4120347,1.4464239,1.4104453
2023-07-21,AAPL,27.23618,27.584387,27.122714
2023-07-21,AMGN,2.1418753,2.1309289,2.1236267
2023-07-21,CRM,3.5587181,3.6344486,3.4870436
2023-07-21,CSCO,10.392565,10.391852,10.078175
2023-07-21,IBM,8.933029,9.0705332,8.8700199
2023-07-21,INTC,6.3835987,6.4194669,6.31327
2023-07-21,MSFT,60.803652,61.1333,59.674988
2023-07-21,NKE,1.5844669,1.5919001,1.5927842
2023-07-21,VZ,0.68084745,0.66768202,0.68051371
2023-07-21,WMT,1.4156037,1.4245346,1.422516
2023-07-24,AAPL,27.387283,27.716282,27.137653
2023-07-24,AMGN,2.1622211,2.1983269,2.1549915
2023-07-24,CRM,3.5155971,3.500856,3.4058152
2023-07-24,CSCO,10.509654,10.540578,10.339146
2023-07-24,IBM,8.9913985,9.172713,8.9712497
2023-07-24,INTC,6.4271347,6.4360974,6.3386665
2023-07-24,MSFT,59.441205,59.400443,57.193972
2023-07-24,NKE,1.6420532,1.6603267,1.5871915
2023-07-24,VZ,0.67308473,0.68486615,0.6646402
2023-07-24,WMT,1.3953981,1.4199464,1.3828632
2023-07-25,AAPL,28.196372,28.030319,27.695361
2023-07-25,AMGN,2.2095589,2.2676612,2.1963034
2023-07-25,CRM,3.5154208,3.5879578,3.3830428
2023-07-25,CSCO,10.558671,10.783618,10.597558
2023-07-25,IBM,8.9655786,9.0391652,8.8349966
2023-07-25,INTC,6.5185348,6.4873913,6.4489781
2023-07-25,MSFT,58.800576,59.941447,58.482783
2023-07-25,NKE,1.6432241,1.6648857,1.6573235
2023-07-25,VZ,0.66146473,0.67050488,0.64810577
2023-07-25,WMT,1.3635711,1.3795505,1.365135
2023-07-26,AAPL,28.169102,28.202098,27.974928
2023-07-26,AMGN,2.1686435,2.1738685,2.1296255
2023-07-26,CRM,3.5389944,3.6192011,3.5120273
2023-07-26,CSCO,10.164229,10.208534,9.8773012
2023-07-26,IBM,8.9597452,8.9434591,9.0805115
2023-07-26,INTC,6.2705929,6.2419654,6.2973591
2023-07-26,MSFT,58.092468,58.972954,57.000574
2023-07-26,NKE,1.5852853,1.5863695,1.5809028
2023-07-26,VZ,0.66787316,0.66462579,0.66448356
2023-07-26,WMT,1.3623268,1.3547372,1.3458672
2023-07-27,AAPL,28.615242,28.517923,28.765283
2023-07-27,AMGN,2.1546851,2.1902856,2.1078057
2023-07-27,CRM,3.5476332,3.5774696,3.483019
2023-07-27,CSCO,9.9927327,10.228451,9.8017731
2023-07-27,IBM,8.8449536,8.8356058,8.7846509
2023-07-27,INTC,6.1544128,6.2568726,6.1936242
2023-07-27,MSFT,58.019778,58.371253,57.161776
2023-07-27,NKE,1.5661544,1.5755241,1.5463907
2023-07-27,VZ,0.66802123,0.675188,0.6688984
2023-07-27,WMT,1.3659274,1.3815393,1.3631838
2023-07-28,AAPL,27.597982,28.489354,26.910349
2023-07-28,AMGN,2.1695021,2.1955899,2.1555193
2023-07-28,CRM,3.5801678,3.6630951,3.4793314
2023-07-28,CSCO,9.9436479,10.051266,9.832893
2023-07-28,IBM,8.8166016,8.8729605,8.6676047
2023-07-28,INTC,6.1860311,6.1642492,6.2133367
2023-07-28,MSFT,58.706112,60.09005,57.414889
2023-07-28,NKE,1.5761552,1.5902148,1.5754647
2023-07-28,VZ,0.68524435,0.69803743,0.67785106
2023-07-28,WMT,1.3514111,1.3681349,1.3334737
2023-07-31,AAPL,27.507544,28.096555,27.233372
2023-07-31,AMGN,2.1813399,2.2027767,2.1566016
2023-07-31,CRM,3.7185633,3.7334995,3.605274
2023-07-31,CSCO,9.8551233,9.69815,9.7798624
2023-07-31,IBM,8.7609428,8.8505208,8.5991889
2023-07-31,INTC,6.3353331,6.4598548,6.2963394
2023-07-31,MSFT,56.950165,57.870046,56.346682
2023-07-31,NKE,1.5468303,1.5858424,1.531627
2023-07-31,VZ,0.66981231,0.67316017,0.67389246
2023-07-31,WMT,1.3589134,1.3530151,1.331821
2023-08-01,AAPL,27.806597,27.89954,27.875422
2023-08-01,AMGN,2.2325066,2.2390969,2.1836943
2023-08-01,CRM,3.588854,3.6222243,3.616557
2023-08-01,CSCO,10.082873,10.000128,10.010657
2023-08-01,IBM,8.6764997,8.6935608,8.6587663
2023-08-01,INTC,6.2584265,6.3203094,6.2100287
2023-08-01,MSFT,54.885843,53.728381,53.00431
2023-08-01,NKE,1.5409312,1.5631889,1.5257863
2023-08-01,VZ,0.67824534,0.68534416,0.68671923
2023-08-01,WMT,1.3426476,1.357462,1.3223997
2023-08-02,AAPL,27.694311,28.091276,27.114213
2023-08-02,AMGN,2.2619699,2.2674931,2.2638854
2023-08-02,CRM,3.5582148,3.6609646,3.5981171
2023-08-02,CSCO,10.170193,10.209604,10.167571
2023-08-02,IBM,8.5747778,8.6846697,8.5701048
2023-08-02,INTC,6.3437765,6.4264015,6.1349281
2023-08-02,MSFT,55.51051,56.331143,54.834781
2023-08-02,NKE,1.5425434,1.5672885,1.5509172
2023-08-02,VZ,0.6822097,0.68674581,0.66287358
2023-08-02,WMT,1.3164636,1.3313359,1.3167216
2023-08-03,AAPL,27.396715,28.132489,26.728666
2023-08-03,AMGN,2.2197401,2.2919545,2.1509319
2023-08-03,CRM,3.5301634,3.5685489,3.4630882
2023-08-03,CSCO,9.7921153,9.8940601,9.7938219
2023-08-03,IBM,8.672026,8.7017164,8.7691781
2023-08-03,INTC,6.3128175,6.4482466,6.3701089
2023-08-03,MSFT,55.31464,55.42749,55.309664
2023-08-03,NKE,1.5730663,1.5902585,1.5578747
2023-08-03,VZ,0.69438309,0.70661984,0.69612017
2023-08-03,WMT,1.329616,1.3381176,1.3177927
2023-08-04,AAPL,27.790906,27.762264,27.582842
2023-08-04,AMGN,2.2224407,2.2565928,2.2098886
2023-08-04,CRM,3.6802341,3.7014228,3.6209242
2023-08-04,CSCO,9.7694462,9.8240769,9.6883376
2023-08-04,IBM,8.6327157,8.6564694,8.7144921
2023-08-04,INTC,6.3028074,6.4230901,6.3603701
2023-08-04,MSFT,56.034001,56.600225,56.601327
2023-08-04,NKE,1.575624,1.5964171,1.5635775
2023-08-04,VZ,0.69451694,0.69892549,0.69130573
2023-08-04,WMT,1.3418763,1.3562698,1.323069
2023-08-07,AAPL,28.329478,27.801127,27.654764
2023-08-07,AMGN,2.1762907,2.2067801,2.1875026
2023-08-07,CRM,3.6011015,3.6027448,3.5402628
2023-08-07,CSCO,9.9301707,9.9266271,9.8247721
2023-08-07,IBM,8.3946066,8.4866043,8.2453614
2023-08-07,INTC,6.3337869,6.2821383,6.264235
2023-08-07,MSFT,57.202808,56.73381,57.093446
2023-08-07,NKE,1.5860218,1.6292689,1.5768902
2023-08-07,VZ,0.68206132,0.68293726,0.6773988
2023-08-07,WMT,1.3061722,1.3234408,1.318654
2023-08-08,AAPL,28.532197,28.243164,28.364995
2023-08-08,AMGN,2.1804434,2.2071857,2.1640846
2023-08-08,CRM,3.5483783,3.6940107,3.4992422
2023-08-08,CSCO,9.675833,9.8662398,9.5280571
2023-08-08,IBM,8.2833836,8.2525449,8.2010495
2023-08-08,INTC,6.2832671,6.2325874,6.1414488
2023-08-08,MSFT,57.801712,59.357477,56.240424
2023-08-08,NKE,1.5952198,1.6086817,1.5653764
2023-08-08,VZ,0.67358817,0.67501908,0.67335719
2023-08-08,WMT,1.3140638,1.3257277,1.3049613
2023-08-09,AAPL,28.836619,29.013762,28.516148
2023-08-09,AMGN,2.2235908,2.2619076,2.1993712
2023-08-09,CRM,3.75272,3.8541529,3.6616504
2023-08-09,CSCO,9.8064804,9.7687981,9.8103522
2023-08-09,IBM,8.2166943,8.4310651,8.1945545
2023-08-09,INTC,6.1956868,6.2796061,6.1244781
2023-08-09,MSFT,55.746613,55.756853,55.537508
2023-08-09,NKE,1.5655862,1.5827491,1.5136682
2023-08-09,VZ,0.66280905,0.6667066,0.66006299
2023-08-09,WMT,1.3197217,1.330455,1.3076369
2023-08-10,AAPL,29.224748,29.182508,29.135708
2023-08-10,AMGN,2.1754471,2.2005615,2.154793
2023-08-10,CRM,3.779895,3.9059504,3.6514906
2023-08-10,CSCO,9.7872682,9.8015805,9.7214656
2023-08-10,IBM,8.1942493,8.193691,8.0730075
2023-08-10,INTC,6.2430221,6.3188655,6.1478121
2023-08-10,MSFT,54.432323,54.851801,54.516918
2023-08-10,NKE,1.5838837,1.6034878,1.5748072
2023-08-10,VZ,0.65784994,0.66108217,0.65291971
2023-08-10,WMT,1.3355763,1.3321167,1.3331677
2023-08-11,AAPL,27.780032,28.05601,27.736428
2023-08-11,AMGN,2.0847448,2.0770432,2.0537105
2023-08-11,CRM,3.7573548,3.664251,3.6865117
2023-08-11,CSCO,9.7423413,9.8566534,9.547173
2023-08-11,IBM,8.0485678,8.0923308,8.0994146
2023-08-11,INTC,6.0241957,6.0429664,5.911736
2023-08-11,MSFT,54.413185,54.880476,53.136108
2023-08-11,NKE,1.5990748,1.6158905,1.5766651
2023-08-11,VZ,0.65706558,0.66015242,0.65954373
2023-08-11,WMT,1.3239875,1.3324985,1.3172283
2023-08-14,AAPL,28.353754,28.851041,28.175297
2023-08-14,AMGN,2.1209782,2.1613738,2.1142547
2023-08-14,CRM,3.7637227,3.8002943,3.6616544
2023-08-14,CSCO,9.8589039,9.9685017,9.7006264
2023-08-14,IBM,7.8810203,7.8409115,7.900371
2023-08-14,INTC,5.8559142,5.8741676,5.9039672
2023-08-14,MSFT,56.059199,56.968973,55.186916
2023-08-14,NKE,1.5987752,1.6207034,1.6023463
2023-08-14,VZ,0.64174581,0.65172367,0.64212511
2023-08-14,WMT,1.3261262,1.344578,1.3251157
2023-08-15,AAPL,28.366623,28.990112,28.190984
2023-08-15,AMGN,2.1304009,2.1584182,2.1193009
2023-08-15,CRM,3.6743134,3.7077495,3.7132168
2023-08-15,CSCO,9.4668171,9.7554483,9.2965627
2023-08-15,IBM,7.7999131,7.7683303,7.8454725
2023-08-15,INTC,5.7370453,5.8036006,5.8195965
2023-08-15,MSFT,55.447114,56.475984,54.259575
2023-08-15,NKE,1.5978286,1.6287794,1.5838378
2023-08-15,VZ,0.64680096,0.64333202,0.64221404
2023-08-15,WMT,1.3283325,1.3371587,1.3183717
2023-08-16,AAPL,27.706128,27.857797,27.828789
2023-08-16,AMGN,2.071268,2.1042793,2.0058455
2023-08-16,CRM,3.8885927,3.9956176,3.9436673
2023-08-16,CSCO,10.011004,9.9997712,9.8748647
2023-08-16,IBM,7.6697192,7.7256625,7.4772212
2023-08-16,INTC,5.7866588,5.7179093,5.7908522
2023-08-16,MSFT,55.694216,55.916094,56.240217
2023-08-16,NKE,1.6358855,1.6776948,1.6181058
2023-08-16,VZ,0.64148725,0.64976564,0.63856586
2023-08-16,WMT,1.2857259,1.311688,1.2942806
2023-08-17,AAPL,27.397631,27.683113,27.020497
2023-08-17,AMGN,2.0409957,2.0428954,2.0470751
2023-08-17,CRM,3.8031112,3.8894838,3.7070799
2023-08-17,CSCO,9.9529285,9.9718802,9.934156
2023-08-17,IBM,7.5697118,7.6205402,7.5565691
2023-08-17,INTC,5.8292961,5.95494,5.8192985
2023-08-17,MSFT,55.138361,55.294851,53.789268
2023-08-17,NKE,1.6427015,1.6438456,1.6322872
2023-08-17,VZ,0.64602051,0.65471366,0.64575879
2023-08-17,WMT,1.2694539,1.2992295,1.2678338
2023-08-18,AAPL,26.841058,26.742267,26.549376
2023-08-18,AMGN,1.9704605,1.9688249,1.9656594
2023-08-18,CRM,3.7881935,3.8699453,3.7755474
2023-08-18,CSCO,9.579592,9.5686193,9.6093953
2023-08-18,IBM,7.8734608,7.8906642,7.7817385
2023-08-18,INTC,5.8467974,5.8503471,5.7481666
2023-08-18,MSFT,56.056698,56.147239,54.946531
2023-08-18,NKE,1.6156507,1.6611106,1.5818523
2023-08-18,VZ,0.65077816,0.65881432,0.64415902
2023-08-18,WMT,1.255474,1.2481383,1.2407246
2023-08-21,AAPL,26.420397,26.364478,26.18227
2023-08-21,AMGN,1.9562422,1.9631746,1.934935
2023-08-21,CRM,3.7076538,3.678597,3.6640463
2023-08-21,CSCO,9.2880191,9.367234,9.1495377
2023-08-21,IBM,8.0196592,8.0783109,7.948574
2023-08-21,INTC,5.9429532,6.0282413,5.8725689
2023-08-21,MSFT,55.991436,57.616692,56.537046
2023-08-21,NKE,1.6325479,1.668525,1.6186692
2023-08-21,VZ,0.6448857,0.64928057,0.63649899
2023-08-21,WMT,1.2672723,1.2826317,1.2596948
2023-08-22,AAPL,26.878043,27.21267,27.099133
2023-08-22,AMGN,1.9279156,1.9596219,1.8903529
2023-08-22,CRM,3.6854999,3.8135402,3.695415
2023-08-22,CSCO,9.3632075,9.4871773,9.5432152
2023-08-22,IBM,8.0760112,8.1029187,7.9587688
2023-08-22,INTC,6.0614273,6.092686,6.0998128
2023-08-22,MSFT,56.026973,56.104335,54.644824
2023-08-22,NKE,1.659418,1.6812189,1.6769749
2023-08-22,VZ,0.63231538,0.63014201,0.63523227
2023-08-22,WMT,1.2670523,1.263719,1.2646695
2023-08-23,AAPL,27.453161,27.549649,27.242115
2023-08-23,AMGN,1.8892225,1.9039816,1.8757776
2023-08-23,CRM,3.6437934,3.7094446,3.5280631
2023-08-23,CSCO,9.5011195,9.8177235,9.4210007
2023-08-23,IBM,8.079715,8.327238,7.9832625
2023-08-23,INTC,6.0038793,6.0046186,5.9456048
2023-08-23,MSFT,57.016876,57.064067,56.371057
2023-08-23,NKE,1.6720876,1.6853505,1.6382837
2023-08-23,VZ,0.63133358,0.63793697,0.62722186
2023-08-23,WMT,1.2573223,1.2618468,1.2470119
2023-08-24,AAPL,27.527764,28.060549,27.103884
2023-08-24,AMGN,1.81873,1.8666347,1.7879108
2023-08-24,CRM,3.7197185,3.7290175,3.6954398
2023-08-24,CSCO,9.6524212,9.8116769,9.6641924
2023-08-24,IBM,8.1411963,8.1231042,8.0722356
2023-08-24,INTC,5.8809031,5.8790575,5.770676
2023-08-24,MSFT,57.728538,58.744715,57.121114
2023-08-24,NKE,1.6920175,1.694156,1.6897465
2023-08-24,VZ,0.63024837,0.63248954,0.6357942
2023-08-24,WMT,1.2294377,1.2267668,1.2403259
2023-08-25,AAPL,27.849397,28.684497,27.937939
2023-08-25,AMGN,1.76526,1.777862,1.7495627
2023-08-25,CRM,3.7069532,3.6877518,3.5732602
2023-08-25,CSCO,9.6593954,9.6996941,9.7047618
2023-08-25,IBM,8.134359,8.2313581,7.991746
2023-08-25,INTC,5.9850717,6.0932083,5.8163435
2023-08-25,MSFT,58.824317,59.074029,58.659042
2023-08-25,NKE,1.7113034,1.7298677,1.6852389
2023-08-25,VZ,0.62320459,0.62844691,0.61879953
2023-08-25,WMT,1.2072964,1.2031523,1.1901653
2023-08-28,AAPL,27.364894,27.342139,26.930151
2023-08-28,AMGN,1.7549561,1.7769421,1.738684
2023-08-28,CRM,3.8080408,3.9503463,3.8026167
2023-08-28,CSCO,9.4081185,9.549589,9.4175406
2023-08-28,IBM,7.9243836,8.0622199,7.7033647
2023-08-28,INTC,5.9604891,6.0736748,5.9620921
2023-08-28,MSFT,61.439177,61.942857,60.813133
2023-08-28,NKE,1.6688052,1.6658044,1.690181
2023-08-28,VZ,0.63394567,0.63539461,0.62612568
2023-08-28,WMT,1.21624,1.2277405,1.2015702
2023-08-29,AAPL,27.193331,27.015184,26.506506
2023-08-29,AMGN,1.7512304,1.807807,1.7452937
2023-08-29,CRM,3.7643749,3.8330051,3.6821296
2023-08-29,CSCO,9.4477012,9.4734304,9.2338352
2023-08-29,IBM,8.0158368,8.0208057,7.9581394
2023-08-29,INTC,5.9214792,5.9143126,5.8561275
2023-08-29,MSFT,60.492216,59.600114,59.287662
2023-08-29,NKE,1.6454989,1.6589478,1.6277214
2023-08-29,VZ,0.64062465,0.64773982,0.64126569
2023-08-29,WMT,1.2098179,1.2188761,1.2007262
2023-08-30,AAPL,27.187879,27.357013,27.306019
2023-08-30,AMGN,1.7351249,1.734553,1.7261646
2023-08-30,CRM,3.7589212,3.8282545,3.6501847
2023-08-30,CSCO,9.3788754,9.4207709,9.2255226
2023-08-30,IBM,7.8805692,7.9024205,7.766096
2023-08-30,INTC,5.9503768,6.0759605,5.8612418
2023-08-30,MSFT,60.238014,61.210025,59.174626
2023-08-30,NKE,1.6506589,1.6737403,1.6531148
2023-08-30,VZ,0.64834678,0.65274251,0.64648952
2023-08-30,WMT,1.2199659,1.2263931,1.2189698
2023-08-31,AAPL,28.088533,28.469714,27.995119
2023-08-31,AMGN,1.7260674,1.787068,1.7120718
2023-08-31,CRM,3.7244476,3.6676426,3.6675924
2023-08-31,CSCO,9.2497574,9.2235793,9.0685573
2023-08-31,IBM,7.7063969,7.7217479,7.6552364
2023-08-31,INTC,5.7913887,5.8395522,5.8032889
2023-08-31,MSFT,61.763141,62.82593,61.91069
2023-08-31,NKE,1.6254024,1.6253649,1.6240633
2023-08-31,VZ,0.65696785,0.65820705,0.64368479
2023-08-31,WMT,1.2018282,1.2038546,1.1982855
2023-09-01,AAPL,26.911163,27.590592,26.751613
2023-09-01,AMGN,1.7248193,1.7605179,1.7060179
2023-09-01,CRM,3.870843,3.8558224,3.7235394
2023-09-01,CSCO,9.2100925,9.2365757,9.0963318
2023-09-01,IBM,7.7682743,7.9450286,7.8061757
2023-09-01,INTC,5.6736007,5.7162923,5.6374943
2023-09-01,MSFT,60.509533,60.727151,59.395584
2023-09-01,NKE,1.6551773,1.6853914,1.6402646
2023-09-01,VZ,0.66017562,0.65745928,0.64517188
2023-09-01,WMT,1.2019595,1.1875723,1.1956891
2023-09-05,AAPL,27.231289,27.400907,26.904284
2023-09-05,AMGN,1.7467336,1.7697943,1.7168899
2023-09-05,CRM,3.8385374,3.830819,3.7825822
2023-09-05,CSCO,9.4228585,9.4974631,9.2277067
2023-09-05,IBM,7.6601119,7.6327802,7.6338595
2023-09-05,INTC,5.698291,5.8273546,5.7246577
2023-09-05,MSFT,59.440974,60.103642,58.978143
2023-09-05,NKE,1.6236736,1.6517582,1.6349148
2023-09-05,VZ,0.65053305,0.65248924,0.64747496
2023-09-05,WMT,1.1917669,1.2010423,1.1925515
2023-09-06,AAPL,26.836371,27.235502,26.721235
2023-09-06,AMGN,1.730125,1.7594121,1.735955
2023-09-06,CRM,3.6610833,3.6900905,3.5954844
2023-09-06,CSCO,9.2342894,9.3368059,9.0278935
2023-09-06,IBM,7.6352924,7.6869607,7.6021348
2023-09-06,INTC,5.5084121,5.6343655,5.4850276
2023-09-06,MSFT,61.172291,61.079573,61.100703
2023-09-06,NKE,1.6903175,1.6991296,1.6858846
2023-09-06,VZ,0.65267046,0.65491317,0.64806024
2023-09-06,WMT,1.167642,1.1680654,1.162586
2023-09-07,AAPL,27.089226,27.37734,26.741191
2023-09-07,AMGN,1.7984405,1.7946489,1.7957853
2023-09-07,CRM,3.6072919,3.6532067,3.5483012
2023-09-07,CSCO,9.1844455,9.3128082,9.0989103
2023-09-07,IBM,7.7503522,7.8481217,7.7157715
2023-09-07,INTC,5.5047615,5.6116647,5.5324119
2023-09-07,MSFT,61.200564,61.430225,61.006313
2023-09-07,NKE,1.6177198,1.6322545,1.5961954
2023-09-07,VZ,0.65766583,0.66047247,0.64698463
2023-09-07,WMT,1.1736895,1.1750341,1.1620951
2023-09-08,AAPL,27.414252,27.969167,27.236254
2023-09-08,AMGN,1.7753206,1.8163879,1.7457668
2023-09-08,CRM,3.6130077,3.6431923,3.5135529
2023-09-08,CSCO,9.3977045,9.2311851,9.2928999
2023-09-08,IBM,7.8227621,7.9423779,7.7524528
2023-09-08,INTC,5.341025,5.433137,5.3553164
2023-09-08,MSFT,59.442182,60.700617,58.832625
2023-09-08,NKE,1.6186549,1.6284875,1.5812916
2023-09-08,VZ,0.66832047,0.66923938,0.66322481
2023-09-08,WMT,1.1809042,1.2030627,1.184178
2023-09-11,AAPL,27.11442,26.853907,27.072918
2023-09-11,AMGN,1.8352404,1.8669474,1.8221008
2023-09-11,CRM,3.684636,3.8734445,3.6030984
2023-09-11,CSCO,9.3069975,9.4023352,9.0655634
2023-09-11,IBM,7.7153934,7.8446637,7.7113065
2023-09-11,INTC,5.3990226,5.3589474,5.3999707
2023-09-11,MSFT,57.189644,57.793344,57.3449
2023-09-11,NKE,1.6471537,1.6337339,1.6429161
2023-09-11,VZ,0.65837681,0.65911833,0.64665101
2023-09-11,WMT,1.1757885,1.1719857,1.1773809
2023-09-12,AAPL,27.394858,27.666232,26.790861
2023-09-12,AMGN,1.8264763,1.8620754,1.7793024
2023-09-12,CRM,3.6030767,3.5821979,3.5681576
2023-09-12,CSCO,9.375771,9.4332924,9.1738204
2023-09-12,IBM,7.8355622,7.8769603,7.8195289
2023-09-12,INTC,5.5187333,5.5480223,5.5247424
2023-09-12,MSFT,57.911462,59.0791,57.49928
2023-09-12,NKE,1.5984612,1.6027559,1.5680382
2023-09-12,VZ,0.66423664,0.66501382,0.6571482
2023-09-12,WMT,1.1797204,1.2184065,1.1885765
2023-09-13,AAPL,27.512004,28.273787,27.2307
2023-09-13,AMGN,1.7980873,1.796778,1.7682534
2023-09-13,CRM,3.5781321,3.7238149,3.4956732
2023-09-13,CSCO,9.1306952,9.1276426,8.9226217
2023-09-13,IBM,7.698528,7.7544457,7.7352448
2023-09-13,INTC,5.504922,5.50219,5.5276028
2023-09-13,MSFT,57.298311,57.946879,55.595083
2023-09-13,NKE,1.6332261,1.6477328,1.637375
2023-09-13,VZ,0.66195031,0.6732425,0.65741129
2023-09-13,WMT,1.1826594,1.1925981,1.1674451
2023-09-14,AAPL,28.466542,28.888765,28.224142
2023-09-14,AMGN,1.7785343,1.8107881,1.775552
2023-09-14,CRM,3.6669545,3.6554174,3.5887058
2023-09-14,CSCO,8.9922308,9.2197227,8.9626255
2023-09-14,IBM,7.7214334,7.7357697,7.7253289
2023-09-14,INTC,5.2944253,5.4164022,5.2021895
2023-09-14,MSFT,56.089587,55.736194,55.513667
2023-09-14,NKE,1.6520881,1.6550267,1.6115762
2023-09-14,VZ,0.66783079,0.67501423,0.64828776
2023-09-14,WMT,1.2005989,1.2060926,1.1931561
2023-09-15,AAPL,29.27868,30.265235,29.398394
2023-09-15,AMGN,1.838462,1.8788313,1.8082796
2023-09-15,CRM,3.6341688,3.6606654,3.4994888
2023-09-15,CSCO,8.8529656,8.8036652,8.7010767
2023-09-15,IBM,7.6240479,7.7141674,7.6178694
2023-09-15,INTC,5.2702663,5.2617056,5.2763542
2023-09-15,MSFT,56.942106,57.676578,56.309153
2023-09-15,NKE,1.7130256,1.7187145,1.7185321
2023-09-15,VZ,0.66685514,0.66972826,0.66296873
2023-09-15,WMT,1.1821351,1.1865949,1.1659103
2023-09-18,AAPL,29.124903,29.324353,28.340893
2023-09-18,AMGN,1.8335855,1.8578057,1.8274393
2023-09-18,CRM,3.605292,3.6543811,3.6116201
2023-09-18,CSCO,8.9323759,9.0407972,8.864953
2023-09-18,IBM,7.6094522,7.6906646,7.5528041
2023-09-18,INTC,5.1759178,5.174959,5.0712522
2023-09-18,MSFT,57.195562,58.100902,55.371992
2023-09-18,NKE,1.6928947,1.6925976,1.6773013
2023-09-18,VZ,0.65147638,0.66016031,0.63563526
2023-09-18,WMT,1.1904226,1.1945923,1.1970251
2023-09-19,AAPL,28.606957,29.210255,28.14363
2023-09-19,AMGN,1.8248275,1.8599603,1.7993205
2023-09-19,CRM,3.4833028,3.5176134,3.3922512
2023-09-19,CSCO,8.9182893,8.9312586,9.1150027
2023-09-19,IBM,7.5636783,7.6160125,7.5359653
2023-09-19,INTC,5.3014857,5.2759285,5.2723458
2023-09-19,MSFT,57.359748,58.953136,56.851377
2023-09-19,NKE,1.6464868,1.6837267,1.6428558
2023-09-19,VZ,0.65379951,0.65373521,0.66339559
2023-09-19,WMT,1.2113931,1.2100902,1.1772994
2023-09-20,AAPL,29.561053,29.580431,29.246052
2023-09-20,AMGN,1.8012504,1.8267259,1.7742402
2023-09-20,CRM,3.6715237,3.6904197,3.6669126
2023-09-20,CSCO,8.6045239,8.7887908,8.5505454
2023-09-20,IBM,7.3456482,7.297627,7.3050084
2023-09-20,INTC,5.3688767,5.3493202,5.3496991
2023-09-20,MSFT,56.766557,57.086052,57.029919
2023-09-20,NKE,1.577323,1.5768032,1.5573519
2023-09-20,VZ,0.66232602,0.67145239,0.66195978
2023-09-20,WMT,1.1948788,1.2161637,1.1834511
2023-09-21,AAPL,30.568352,30.493316,30.801737
2023-09-21,AMGN,1.819659,1.83241,1.8274311
2023-09-21,CRM,3.6634983,3.7242365,3.6271462
2023-09-21,CSCO,8.3866058,8.3451752,8.295808
2023-09-21,IBM,7.255233,7.3276599,7.1316094
2023-09-21,INTC,5.2735169,5.2921747,5.2600455
2023-09-21,MSFT,58.261145,58.645058,56.899681
2023-09-21,NKE,1.5572035,1.5849594,1.5415539
2023-09-21,VZ,0.64046366,0.64165074,0.63541126
2023-09-21,WMT,1.2123107,1.2138266,1.1996854
2023-09-22,AAPL,30.240173,30.617679,30.185314
2023-09-22,AMGN,1.8781832,1.9043536,1.8388425
2023-09-22,CRM,3.7720087,3.7688665,3.748351
2023-09-22,CSCO,8.3204536,8.390113,8.3274721
2023-09-22,IBM,7.2886232,7.3369577,7.243428
2023-09-22,INTC,5.2763576,5.27279,5.1980331
2023-09-22,MSFT,57.295512,58.523895,56.777885
2023-09-22,NKE,1.5346294,1.5331444,1.5673695
2023-09-22,VZ,0.63233865,0.64425957,0.63106461
2023-09-22,WMT,1.2131029,1.2292084,1.2009862
2023-09-25,AAPL,28.769566,28.639965,27.958862
2023-09-25,AMGN,1.9168781,1.9033963,1.8766865
2023-09-25,CRM,3.8176969,3.8602201,3.72521
2023-09-25,CSCO,8.2907991,8.4228562,8.2183458
2023-09-25,IBM,7.2034342,7.3245063,7.2199481
2023-09-25,INTC,5.3340322,5.4065172,5.2926637
2023-09-25,MSFT,57.529131,58.415,56.366123
2023-09-25,NKE,1.5016638,1.5019939,1.501205
2023-09-25,VZ,0.63295104,0.63437953,0.63527079
2023-09-25,WMT,1.1894947,1.198991,1.191011
2023-09-26,AAPL,28.195001,28.333277,27.315872
2023-09-26,AMGN,1.8844612,1.9054331,1.8631138
2023-09-26,CRM,3.7181712,3.7056436,3.6674997
2023-09-26,CSCO,8.2166408,8.285527,8.1257603
2023-09-26,IBM,7.1252198,7.1586595,7.0707347
2023-09-26,INTC,5.5247876,5.6475557,5.4906303
2023-09-26,MSFT,57.899854,58.200755,56.424405
2023-09-26,NKE,1.44232,1.4589667,1.4078954
2023-09-26,VZ,0.62577797,0.6268084,0.62150374
2023-09-26,WMT,1.1582907,1.1702206,1.1447152
2023-09-27,AAPL,27.614315,27.913672,27.185621
2023-09-27,AMGN,1.8449561,1.8700156,1.8431912
2023-09-27,CRM,3.7251058,3.7685799,3.7121432
2023-09-27,CSCO,8.3332051,8.2195865,8.2259929
2023-09-27,IBM,7.0948648,7.1616564,6.9634104
2023-09-27,INTC,5.423724,5.429199,5.3391012
2023-09-27,MSFT,57.876157,59.746308,57.325642
2023-09-27,NKE,1.4607662,1.4626189,1.4455697
2023-09-27,VZ,0.6322045,0.63742169,0.63362052
2023-09-27,WMT,1.1401762,1.1351283,1.1218372
2023-09-28,AAPL,28.656387,29.093888,28.472105
2023-09-28,AMGN,1.8443308,1.8574937,1.840431
2023-09-28,CRM,3.6087025,3.6173554,3.6304138
2023-09-28,CSCO,8.3985906,8.4640804,8.3149822
2023-09-28,IBM,7.007466,6.9968758,6.9481474
2023-09-28,INTC,5.4429363,5.3863012,5.428782
2023-09-28,MSFT,58.092028,58.383928,57.20436
2023-09-28,NKE,1.4534173,1.4854357,1.4374762
2023-09-28,VZ,0.62404883,0.62575978,0.61454825
2023-09-28,WMT,1.1471982,1.1766578,1.1376834
2023-09-29,AAPL,28.682632,29.015788,28.883054
2023-09-29,AMGN,1.79753,1.8310345,1.7814119
2023-09-29,CRM,3.7170038,3.8292724,3.6648335
2023-09-29,CSCO,8.5072511,8.5377211,8.4296732
2023-09-29,IBM,7.0862037,6.9918246,7.0348215
2023-09-29,INTC,5.2989935,5.3752353,5.1997889
2023-09-29,MSFT,56.298661,57.36464,56.81807
2023-09-29,NKE,1.4613604,1.4954872,1.4326801
2023-09-29,VZ,0.62417297,0.63722861,0.61455182
2023-09-29,WMT,1.1767635,1.1874764,1.1725393
2023-10-02,AAPL,27.528568,27.511694,27.053572
2023-10-02,AMGN,1.7320713,1.7325681,1.7409767
2023-10-02,CRM,3.7820963,3.8138387,3.7607944
2023-10-02,CSCO,8.441529,8.4377901,8.3804425
2023-10-02,IBM,7.0910258,7.0254449,6.9418287
2023-10-02,INTC,5.2254228,5.2554649,5.1414546
2023-10-02,MSFT,56.134977,56.337658,55.301167
2023-10-02,NKE,1.4322296,1.4584768,1.3927968
2023-10-02,VZ,0.63131584,0.64095671,0.62868927
2023-10-02,WMT,1.1726467,1.1969459,1.1476551
2023-10-03,AAPL,27.726319,28.108794,27.891072
2023-10-03,AMGN,1.7132086,1.7230037,1.6809982
2023-10-03,CRM,3.9530472,3.982798,3.8869808
2023-10-03,CSCO,8.4355419,8.4479188,8.371121
2023-10-03,IBM,6.9751622,7.1546914,6.8641385
2023-10-03,INTC,5.3842873,5.3821859,5.1556662
2023-10-03,MSFT,57.034664,57.367104,57.088444
2023-10-03,NKE,1.3934768,1.4095564,1.3854287
2023-10-03,VZ,0.6371171,0.63783605,0.63722396
2023-10-03,WMT,1.1650712,1.1702435,1.1543684
2023-10-04,AAPL,27.737431,27.982295,27.348466
2023-10-04,AMGN,1.6924248,1.6805317,1.7017692
2023-10-04,CRM,3.9430138,3.9988095,3.8584558
2023-10-04,CSCO,8.6291791,8.6982322,8.514571
2023-10-04,IBM,7.0049534,7.1462097,6.9568488
2023-10-04,INTC,5.4484918,5.4758453,5.4816623
2023-10-04,MSFT,57.422904,57.458369,56.488993
2023-10-04,NKE,1.3937566,1.420685,1.3901917
2023-10-04,VZ,0.64292961,0.65885775,0.65001596
2023-10-04,WMT,1.1771973,1.1884119,1.1674738
2023-10-05,AAPL,28.007872,27.573296,27.236148
2023-10-05,AMGN,1.6615519,1.6686063,1.6277095
2023-10-05,CRM,3.955292,4.0286783,3.9164812
2023-10-05,CSCO,8.5586992,8.6373288,8.5102733
2023-10-05,IBM,6.8226549,6.8470147,6.7227917
2023-10-05,INTC,5.5199637,5.4398849,5.4140128
2023-10-05,MSFT,57.152664,57.896269,57.221695
2023-10-05,NKE,1.4052332,1.4277086,1.390704
2023-10-05,VZ,0.63536135,0.6396792,0.64416018
2023-10-05,WMT,1.1904574,1.2064712,1.1869233
2023-10-06,AAPL,28.199164,27.662404,27.886809
2023-10-06,AMGN,1.6743865,1.7126472,1.6602282
2023-10-06,CRM,4.0439255,4.1204176,4.0241665
2023-10-06,CSCO,8.3237906,8.4824193,8.3473829
2023-10-06,IBM,6.7143587,6.6919839,6.6044851
2023-10-06,INTC,5.6490248,5.6682704,5.6518114
2023-10-06,MSFT,55.614525,55.565484,55.803215
2023-10-06,NKE,1.4016978,1.4202596,1.3951497
2023-10-06,VZ,0.63990807,0.64122578,0.64349856
2023-10-06,WMT,1.1902133,1.185742,1.1831452
2023-10-09,AAPL,27.622212,27.671176,27.154647
2023-10-09,AMGN,1.6629501,1.6995857,1.6442812
2023-10-09,CRM,4.2085696,4.2349555,4.2269043
2023-10-09,CSCO,8.3708505,8.2851837,8.2182821
2023-10-09,IBM,6.7372952,6.7722546,6.7606467
2023-10-09,INTC,5.602357,5.6417897,5.5634288
2023-10-09,MSFT,55.670093,55.364919,55.980152
2023-10-09,NKE,1.3866114,1.3945079,1.3726756
2023-10-09,VZ,0.62240991,0.62589161,0.6196155
2023-10-09,WMT,1.1709755,1.182575,1.1736703
2023-10-10,AAPL,27.875278,27.995557,27.256851
2023-10-10,AMGN,1.636893,1.6701364,1.6351323
2023-10-10,CRM,4.1503713,4.1374755,4.0571545
2023-10-10,CSCO,8.3594804,8.4903962,8.225713
2023-10-10,IBM,6.7222572,6.7324048,6.5767046
2023-10-10,INTC,5.3723471,5.3810474,5.3021021
2023-10-10,MSFT,55.954322,56.852055,55.312709
2023-10-10,NKE,1.4335094,1.4501457,1.4029981
2023-10-10,VZ,0.61085475,0.61801634,0.60116858
2023-10-10,WMT,1.1764112,1.1916884,1.1665651
2023-10-11,AAPL,27.285684,27.307695,26.929135
2023-10-11,AMGN,1.6634767,1.6948986,1.6461531
2023-10-11,CRM,4.286453,4.2049123,4.2237357
2023-10-11,CSCO,8.1448669,8.2328723,8.1164129
2023-10-11,IBM,6.8158363,6.8874494,6.8257319
2023-10-11,INTC,5.2496695,5.2617989,5.2848331
2023-10-11,MSFT,54.682762,55.891002,54.191592
2023-10-11,NKE,1.4336995,1.4368326,1.4122989
2023-10-11,VZ,0.60523114,0.61654362,0.60974739
2023-10-11,WMT,1.1657147,1.1718907,1.1611421
2023-10-12,AAPL,27.264116,27.487995,27.096186
2023-10-12,AMGN,1.6555769,1.6871328,1.6647652
2023-10-12,CRM,4.4407427,4.4579178,4.3989308
2023-10-12,CSCO,7.8525907,7.9213268,7.7431515
2023-10-12,IBM,6.752764,6.7965387,6.6580156
2023-10-12,INTC,5.1772725,5.1483135,5.1525199
2023-10-12,MSFT,54.934036,55.587939,54.462357
2023-10-12,NKE,1.4256252,1.4317,1.3913336
2023-10-12,VZ,0.60982622,0.61799132,0.59814345
2023-10-12,WMT,1.1459737,1.1447464,1.1390115
2023-10-13,AAPL,27.030466,27.85944,26.562232
2023-10-13,AMGN,1.6050221,1.5985818,1.5839065
2023-10-13,CRM,4.6270777,4.6970188,4.5452873
2023-10-13,CSCO,7.7703728,7.8585215,7.7975014
2023-10-13,IBM,6.7597503,6.7714404,6.6622455
2023-10-13,INTC,5.093779,5.2180824,4.9662012
2023-10-13,MSFT,54.202774,54.047029,54.695519
2023-10-13,NKE,1.4195122,1.4290134,1.3863163
2023-10-13,VZ,0.60197222,0.6087884,0.60186805
2023-10-13,WMT,1.1515804,1.1434301,1.1538462
2023-10-16,AAPL,26.467245,26.41545,25.750695
2023-10-16,AMGN,1.555152,1.5762227,1.5372495
2023-10-16,CRM,4.5622723,4.6192237,4.6447615
2023-10-16,CSCO,7.7892807,7.9035654,7.7785754
2023-10-16,IBM,6.7347016,6.7078069,6.6461011
2023-10-16,INTC,4.9332215,4.9854183,4.8542287
2023-10-16,MSFT,53.859395,54.660043,52.970828
2023-10-16,NKE,1.401365,1.4298037,1.3848128
2023-10-16,VZ,0.60680108,0.61520895,0.6092174
2023-10-16,WMT,1.1351833,1.1429996,1.1267777
2023-10-17,AAPL,25.074839,25.601928,25.310785
2023-10-17,AMGN,1.52125,1.5521862,1.5331504
2023-10-17,CRM,4.544198,4.6031627,4.4161122
2023-10-17,CSCO,7.7642953,7.7802966,7.6484048
2023-10-17,IBM,6.8148547,6.9868759,6.8004729
2023-10-17,INTC,4.9168283,4.9703169,4.897199
2023-10-17,MSFT,54.305011,54.717222,53.924444
2023-10-17,NKE,1.3943501,1.4252077,1.4109787
2023-10-17,VZ,0.60355727,0.6131514,0.59243476
2023-10-17,WMT,1.1251776,1.1373274,1.1235683
2023-10-18,AAPL,24.648332,24.682933,24.408816
2023-10-18,AMGN,1.4634184,1.4681176,1.464188
2023-10-18,CRM,4.6174779,4.7543062,4.674235
2023-10-18,CSCO,7.6688681,7.5935321,7.6579
2023-10-18,IBM,6.590781,6.687918,6.5876296
2023-10-18,INTC,4.8734095,4.9373988,4.8326729
2023-10-18,MSFT,54.094782,54.171037,52.897055
2023-10-18,NKE,1.4019125,1.3985837,1.4151279
2023-10-18,VZ,0.59932433,0.60148897,0.59211774
2023-10-18,WMT,1.1102659,1.1372194,1.11755
2023-10-19,AAPL,24.063636,24.062206,23.048988
2023-10-19,AMGN,1.4593586,1.4748282,1.438971
2023-10-19,CRM,4.452731,4.4391474,4.380226
2023-10-19,CSCO,7.544082,7.7118501,7.4697191
2023-10-19,IBM,6.6661958,6.7151079,6.5513243
2023-10-19,INTC,4.8151814,4.8092073,4.8154431
2023-10-19,MSFT,52.879159,53.377132,52.257745
2023-10-19,NKE,1.4443365,1.4645759,1.472892
2023-10-19,VZ,0.58917066,0.58961609,0.59489591
2023-10-19,WMT,1.1029255,1.1171372,1.0949077
2023-10-20,AAPL,23.795233,24.410007,23.515399
2023-10-20,AMGN,1.4600289,1.4730016,1.458603
2023-10-20,CRM,4.4300803,4.5451099,4.3402631
2023-10-20,CSCO,7.4385193,7.4653689,7.4146332
2023-10-20,IBM,6.6483647,6.7014622,6.6995109
2023-10-20,INTC,4.7829405,4.8777052,4.6808251
2023-10-20,MSFT,53.729626,53.398801,53.474762
2023-10-20,NKE,1.4117695,1.4284424,1.3653664
2023-10-20,VZ,0.59956182,0.60855539,0.58778273
2023-10-20,WMT,1.1103624,1.1154141,1.0943018
2023-10-23,AAPL,24.188833,24.340455,23.723377
2023-10-23,AMGN,1.4675589,1.4878695,1.4696859
2023-10-23,CRM,4.2823599,4.3493749,4.0993058
2023-10-23,CSCO,7.4142607,7.4758402,7.446066
2023-10-23,IBM,6.5084673,6.5735326,6.4579598
2023-10-23,INTC,4.8212939,4.8755525,4.7346336
2023-10-23,MSFT,54.078287,54.26415,55.171378
2023-10-23,NKE,1.3893917,1.4002465,1.3837727
2023-10-23,VZ,0.59766195,0.60500572,0.59105958
2023-10-23,WMT,1.1133696,1.1302643,1.0976104
2023-10-24,AAPL,23.622683,23.838837,23.358149
2023-10-24,AMGN,1.4451269,1.4725689,1.4321304
2023-10-24,CRM,4.4255852,4.4810978,4.437492
2023-10-24,CSCO,7.5929593,7.7181671,7.5804067
2023-10-24,IBM,6.5797555,6.6543567,6.5681864
2023-10-24,INTC,4.8914846,4.9496907,4.7888301
2023-10-24,MSFT,55.427966,56.217824,54.757454
2023-10-24,NKE,1.3791836,1.3827916,1.3714057
2023-10-24,VZ,0.59924252,0.60872513,0.59469756
2023-10-24,WMT,1.1256408,1.1362405,1.1221038
2023-10-25,AAPL,24.119093,23.872423,23.421597
2023-10-25,AMGN,1.4591173,1.4731496,1.4470776
2023-10-25,CRM,4.1990672,4.1299926,4.1956323
2023-10-25,CSCO,7.542244,7.5834446,7.4086944
2023-10-25,IBM,6.5730417,6.665668,6.612865
2023-10-25,INTC,4.8212829,4.8762466,4.8043179
2023-10-25,MSFT,53.638975,54.464167,53.020621
2023-10-25,NKE,1.415201,1.4284937,1.3829406
2023-10-25,VZ,0.60327501,0.61142719,0.60731827
2023-10-25,WMT,1.0972753,1.1032989,1.0967403
2023-10-26,AAPL,23.891867,24.447694,23.904948
2023-10-26,AMGN,1.4273484,1.4325352,1.4033518
2023-10-26,CRM,4.1816045,4.1609799,4.0563043
2023-10-26,CSCO,7.4563401,7.4749031,7.2314186
2023-10-26,IBM,6.7644365,6.7271122,6.7552493
2023-10-26,INTC,4.6567484,4.6076479,4.497482
2023-10-26,MSFT,54.379141,54.805287,53.726817
2023-10-26,NKE,1.4097708,1.4213737,1.4129106
2023-10-26,VZ,0.60491841,0.61657219,0.6009233
2023-10-26,WMT,1.0706846,1.0861796,1.0578541
2023-10-27,AAPL,23.209834,23.537593,22.980922
2023-10-27,AMGN,1.3873601,1.4074261,1.3741047
2023-10-27,CRM,4.1595661,4.2408656,3.9454587
2023-10-27,CSCO,7.4445099,7.5372303,7.298335
2023-10-27,IBM,6.7034503,6.764859,6.7619302
2023-10-27,INTC,4.6654105,4.6159242,4.6371089
2023-10-27,MSFT,54.433043,54.975069,53.254135
2023-10-27,NKE,1.4007089,1.4180585,1.39304
2023-10-27,VZ,0.60317662,0.60176582,0.5941499
2023-10-27,WMT,1.070529,1.0828737,1.0666732
2023-10-30,AAPL,22.944076,23.498406,22.626371
2023-10-30,AMGN,1.4102726,1.4076144,1.3913946
2023-10-30,CRM,4.0612619,3.9888798,4.0137157
2023-10-30,CSCO,7.5095945,7.6147301,7.440992
2023-10-30,IBM,6.7617677,6.8102437,6.8429619
2023-10-30,INTC,4.792739,4.8354323,4.7368717
2023-10-30,MSFT,55.123892,55.444925,54.964255
2023-10-30,NKE,1.388601,1.3868976,1.3970427
2023-10-30,VZ,0.58065846,0.58953937,0.57829086
2023-10-30,WMT,1.0938053,1.1125194,1.0813851
2023-10-31,AAPL,23.177628,23.45249,22.443011
2023-10-31,AMGN,1.3518225,1.3566022,1.3630055
2023-10-31,CRM,4.0365073,4.0692224,4.0479038
2023-10-31,CSCO,7.7854766,7.8842757,7.7958017
2023-10-31,IBM,6.7537377,6.8194877,6.7365849
2023-10-31,INTC,4.7218556,4.7739577,4.5960845
2023-10-31,MSFT,54.614164,54.255522,53.117719
2023-10-31,NKE,1.3443804,1.3575943,1.3554805
2023-10-31,VZ,0.56779772,0.58026007,0.560303
2023-10-31,WMT,1.0671002,1.0849142,1.0596377
2023-11-01,AAPL,22.366193,22.756541,22.682272
2023-11-01,AMGN,1.3413934,1.3657591,1.338765
2023-11-01,CRM,4.0138494,4.0254073,4.085559
2023-11-01,CSCO,7.6008878,7.6264796,7.5457365
2023-11-01,IBM,6.7978079,6.8277686,6.7452174
2023-11-01,INTC,4.8072292,4.8407123,4.6608188
2023-11-01,MSFT,54.76679,55.401276,54.925529
2023-11-01,NKE,1.3163431,1.3191897,1.3115234
2023-11-01,VZ,0.54886451,0.54538502,0.54125568
2023-11-01,WMT,1.0475276,1.0522787,1.0372597
2023-11-02,AAPL,22.281943,22.374805,22.377474
2023-11-02,AMGN,1.3291624,1.3722084,1.3333226
2023-11-02,CRM,4.1948466,4.3284364,4.0182235
2023-11-02,CSCO,7.5903768,7.6624141,7.4726458
2023-11-02,IBM,6.7839098,6.7942135,6.7294027
2023-11-02,INTC,4.8799684,4.8863611,4.8548115
2023-11-02,MSFT,54.140355,54.838016,53.186139
2023-11-02,NKE,1.3334408,1.3698353,1.3155852
2023-11-02,VZ,0.5467503,0.546816,0.53532572
2023-11-02,WMT,1.0317126,1.0399037,1.0407449
2023-11-03,AAPL,22.626456,22.504348,22.578264
2023-11-03,AMGN,1.3388399,1.3789142,1.3147708
2023-11-03,CRM,4.1738981,4.2454592,4.1133638
2023-11-03,CSCO,7.6711586,7.619804,7.6734265
2023-11-03,IBM,6.8553533,6.959174,6.7708023
2023-11-03,INTC,4.975008,5.0648529,4.9063317
2023-11-03,MSFT,54.550652,55.730124,53.627735
2023-11-03,NKE,1.3306784,1.3457033,1.3620545
2023-11-03,VZ,0.54938086,0.55898366,0.54023697
2023-11-03,WMT,1.0484044,1.0609235,1.0409875
2023-11-06,AAPL,22.949659,23.32615,23.112524
2023-11-06,AMGN,1.3506737,1.3552474,1.3218405
2023-11-06,CRM,4.2181298,4.1938582,4.1355697
2023-11-06,CSCO,7.4933949,7.7030661,7.3319667
2023-11-06,IBM,6.8076769,6.854544,6.7883221
2023-11-06,INTC,5.0720619,5.1698885,5.0098006
2023-11-06,MSFT,52.451264,53.139634,50.443048
2023-11-06,NKE,1.3072974,1.3249457,1.3349416
2023-11-06,VZ,0.55300235,0.56251326,0.55153625
2023-11-06,WMT,1.057233,1.0818429,1.0503952
2023-11-07,AAPL,23.313156,24.005485,23.052868
2023-11-07,AMGN,1.344471,1.3716673,1.3208102
2023-11-07,CRM,4.3096867,4.213592,4.2055258
2023-11-07,CSCO,7.5462544,7.6419665,7.3290863
2023-11-07,IBM,6.7692846,6.7162268,6.8180307
2023-11-07,INTC,4.9725579,4.965909,5.0188916
2023-11-07,MSFT,52.563236,53.485012,52.515389
2023-11-07,NKE,1.293317,1.3057914,1.2645471
2023-11-07,VZ,0.54421967,0.54793104,0.54971688
2023-11-07,WMT,1.0322863,1.047587,1.0253157
2023-11-08,AAPL,23.377379,23.239866,23.000337
2023-11-08,AMGN,1.3042777,1.3285497,1.2846893
2023-11-08,CRM,4.2928003,4.3302609,4.2228074
2023-11-08,CSCO,7.4863971,7.462446,7.5655332
2023-11-08,IBM,6.6375112,6.6480333,6.4647661
2023-11-08,INTC,5.0858241,5.033101,5.0072736
2023-11-08,MSFT,52.524061,52.240372,52.540115
2023-11-08,NKE,1.3086103,1.3361458,1.2841234
2023-11-08,VZ,0.53034006,0.54341142,0.53181394
2023-11-08,WMT,1.0576947,1.0653241,1.0597792
2023-11-09,AAPL,22.528776,23.054941,21.773378
2023-11-09,AMGN,1.2970531,1.300898,1.2899316
2023-11-09,CRM,4.2376097,4.2244355,4.211543
2023-11-09,CSCO,7.5321701,7.5318604,7.4052908
2023-11-09,IBM,6.5796593,6.642247,6.5339039
2023-11-09,INTC,4.9148569,4.9307511,4.8396653
2023-11-09,MSFT,52.523941,52.654227,50.683943
2023-11-09,NKE,1.2930851,1.3014606,1.2647419
2023-11-09,VZ,0.52326264,0.52347098,0.52321096
2023-11-09,WMT,1.0555278,1.0611129,1.0477767
2023-11-10,AAPL,23.053884,22.98802,22.909001
2023-11-10,AMGN,1.271722,1.2788063,1.2655149
2023-11-10,CRM,4.3142667,4.3726579,4.1806262
2023-11-10,CSCO,7.4586223,7.6227321,7.5177997
2023-11-10,IBM,6.6014602,6.6586955,6.5784138
2023-11-10,INTC,4.9449356,5.0094975,4.7727213
2023-11-10,MSFT,51.506463,51.838093,51.373531
2023-11-10,NKE,1.2847365,1.2991399,1.2834851
2023-11-10,VZ,0.52124505,0.5207303,0.51535804
2023-11-10,WMT,1.0628134,1.0891165,1.0663052
2023-11-13,AAPL,23.121474,23.781309,23.40924
2023-11-13,AMGN,1.2530025,1.2796156,1.2550729
2023-11-13,CRM,4.2363182,4.208651,4.1254791
2023-11-13,CSCO,7.3594063,7.3833779,7.1934939
2023-11-13,IBM,6.486957,6.4324436,6.4345575
2023-11-13,INTC,4.9003552,5.0455531,4.763608
2023-11-13,MSFT,52.418429,53.137443,52.25807
2023-11-13,NKE,1.2817774,1.2943265,1.2555575
2023-11-13,VZ,0.5241607,0.51959618,0.51972171
2023-11-13,WMT,1.0363359,1.0330784,1.0341021
2023-11-14,AAPL,23.32041,23.674508,23.036332
2023-11-14,AMGN,1.2862758,1.3228096,1.2652648
2023-11-14,CRM,4.128814,4.2585837,4.1176944
2023-11-14,CSCO,7.374443,7.5269101,7.2874827
2023-11-14,IBM,6.4917668,6.5296861,6.4248425
2023-11-14,INTC,4.7448207,4.7708175,4.6325413
2023-11-14,MSFT,52.738342,52.660299,53.352308
2023-11-14,NKE,1.2724314,1.2860032,1.2208656
2023-11-14,VZ,0.51599617,0.5258243,0.50165716
2023-11-14,WMT,1.0204665,1.0308504,1.0263931
2023-11-15,AAPL,23.403771,23.15623,23.353495
2023-11-15,AMGN,1.2868912,1.3041845,1.2827357
2023-11-15,CRM,4.0639578,4.1952982,3.9154795
2023-11-15,CSCO,7.3236995,7.4489643,7.2199926
2023-11-15,IBM,6.6050838,6.7764988,6.6482516
2023-11-15,INTC,4.6883013,4.7142623,4.6905335
2023-11-15,MSFT,52.687594,52.878111,52.283751
2023-11-15,NKE,1.2719135,1.271143,1.2469168
2023-11-15,VZ,0.51591866,0.52119943,0.506212
2023-11-15,WMT,1.0462603,1.0548674,1.0504154
2023-11-16,AAPL,23.464995,23.514655,24.04816
2023-11-16,AMGN,1.28189,1.293173,1.2578038
2023-11-16,CRM,3.8085744,3.8232161,3.760511
2023-11-16,CSCO,7.0424396,7.0529446,6.9853604
2023-11-16,IBM,6.5472153,6.5842854,6.5093721
2023-11-16,INTC,4.8878907,4.9980764,4.9154224
2023-11-16,MSFT,52.427879,52.69253,52.142315
2023-11-16,NKE,1.2706507,1.2751987,1.2506113
2023-11-16,VZ,0.52062779,0.52365848,0.51634393
2023-11-16,WMT,1.0378285,1.0351388,1.0384262
2023-11-17,AAPL,23.207452,23.666881,22.905992
2023-11-17,AMGN,1.262196,1.2654201,1.2657363
2023-11-17,CRM,3.7222762,3.7843163,3.6298656
2023-11-17,CSCO,6.9879519,7.0845932,6.9415509
2023-11-17,IBM,6.6111232,6.666338,6.6033717
2023-11-17,INTC,4.8359509,4.9504776,4.796402
2023-11-17,MSFT,52.131592,52.091949,51.519802
2023-11-17,NKE,1.2725013,1.2836672,1.2663585
2023-11-17,VZ,0.51400166,0.51332964,0.51113518
2023-11-17,WMT,1.0307884,1.0466763,1.0303159
2023-11-20,AAPL,22.408783,22.511071,22.596289
2023-11-20,AMGN,1.2569359,1.2577072,1.2589917
2023-11-20,CRM,3.7460865,3.7862789,3.7198209
2023-11-20,CSCO,6.7740142,6.9460712,6.7402451
2023-11-20,IBM,6.4982167,6.5037516,6.4531551
2023-11-20,INTC,4.729357,4.6783233,4.6315073
2023-11-20,MSFT,52.062549,51.710364,50.623054
2023-11-20,NKE,1.2875612,1.32759,1.2398103
2023-11-20,VZ,0.5139021,0.52029215,0.51070503
2023-11-20,WMT,1.030057,1.0393198,1.0198456
2023-11-21,AAPL,22.184402,22.744333,21.588788
2023-11-21,AMGN,1.2327585,1.2504068,1.2276783
2023-11-21,CRM,3.7053254,3.6941332,3.6539549
2023-11-21,CSCO,6.8203037,6.8455739,6.699468
2023-11-21,IBM,6.5091396,6.6534135,6.453982
2023-11-21,INTC,4.6922878,4.7387324,4.6164601
2023-11-21,MSFT,50.732031,52.016653,50.842221
2023-11-21,NKE,1.2871144,1.3054183,1.2808434
2023-11-21,VZ,0.52018009,0.52516405,0.51067063
2023-11-21,WMT,1.0184414,1.0284678,1.0016905
2023-11-22,AAPL,21.889321,22.346732,21.823582
2023-11-22,AMGN,1.2079139,1.2087589,1.195408
2023-11-22,CRM,3.800103,3.7529487,3.6395892
2023-11-22,CSCO,6.9128417,7.0335686,6.8336864
2023-11-22,IBM,6.4606796,6.4752135,6.4132357
2023-11-22,INTC,4.5319573,4.6065487,4.431947
2023-11-22,MSFT,51.267761,51.88763,51.43308
2023-11-22,NKE,1.2675964,1.2568209,1.2731105
2023-11-22,VZ,0.51549617,0.52747795,0.50716215
2023-11-22,WMT,0.99608512,1.0099457,0.98370235
2023-11-24,AAPL,22.50469,22.197678,22.144665
2023-11-24,AMGN,1.2136568,1.2330041,1.2119323
2023-11-24,CRM,3.8810955,3.9050823,3.842652
2023-11-24,CSCO,6.6951222,6.8255542,6.6664545
2023-11-24,IBM,6.4445949,6.4696631,6.5474966
2023-11-24,INTC,4.4342505,4.5498995,4.3859548
2023-11-24,MSFT,51.19891,51.210408,50.014487
2023-11-24,NKE,1.2737949,1.2677816,1.2514912
2023-11-24,VZ,0.50963599,0.5166301,0.49702007
2023-11-24,WMT,0.99479487,0.99855378,1.0010074
2023-11-27,AAPL,22.419381,22.28282,22.253667
2023-11-27,AMGN,1.171168,1.1887274,1.1523609
2023-11-27,CRM,3.7835033,3.9059085,3.6576455
2023-11-27,CSCO,6.5471375,6.5679833,6.375873
2023-11-27,IBM,6.3463513,6.3933221,6.3201208
2023-11-27,INTC,4.4939166,4.5492915,4.3853518
2023-11-27,MSFT,51.502491,52.994083,51.989286
2023-11-27,NKE,1.2842912,1.2760443,1.2703731
2023-11-27,VZ,0.51581806,0.53024018,0.51475207
2023-11-27,WMT,0.96989201,0.98108589,0.96565673
2023-11-28,AAPL,22.288337,22.449129,22.117876
2023-11-28,AMGN,1.1654979,1.2084103,1.1561846
2023-11-28,CRM,3.8207948,3.7668878,3.78311
2023-11-28,CSCO,6.5624152,6.6027256,6.5631185
2023-11-28,IBM,6.4292114,6.4334627,6.4602361
2023-11-28,INTC,4.5317838,4.6019366,4.5225716
2023-11-28,MSFT,51.167385,50.826699,51.146125
2023-11-28,NKE,1.2819075,1.277027,1.2705776
2023-11-28,VZ,0.51696822,0.51183056,0.50451181
2023-11-28,WMT,0.96712732,0.95988454,0.95579905
2023-11-29,AAPL,21.913527,22.117702,21.986157
2023-11-29,AMGN,1.172063,1.2003077,1.1533286
2023-11-29,CRM,3.7764106,3.8389343,3.7766478
2023-11-29,CSCO,6.501851,6.5147995,6.4850341
2023-11-29,IBM,6.4402253,6.4093992,6.3901613
2023-11-29,INTC,4.5267349,4.6415269,4.4755366
2023-11-29,MSFT,51.478772,52.279937,50.594249
2023-11-29,NKE,1.2377309,1.26125,1.2694927
2023-11-29,VZ,0.50664603,0.50317877,0.50442424
2023-11-29,WMT,0.96214197,0.96509884,0.95447561
2023-11-30,AAPL,20.873565,21.172853,20.311882
2023-11-30,AMGN,1.1752765,1.191992,1.1782181
2023-11-30,CRM,3.8318157,3.9289009,3.7769773
2023-11-30,CSCO,6.2679067,6.2789337,6.221509
2023-11-30,IBM,6.5069826,6.5471883,6.4145336
2023-11-30,INTC,4.5909571,4.6199583,4.5064506
2023-11-30,MSFT,50.750392,50.847899,49.683214
2023-11-30,NKE,1.2115318,1.2133062,1.208854
2023-11-30,VZ,0.50520317,0.50886623,0.49973493
2023-11-30,WMT,0.97298953,0.99685655,0.97463368
2023-12-01,AAPL,20.334102,20.314739,20.036563
2023-12-01,AMGN,1.1774675,1.1978849,1.1691103
2023-12-01,CRM,3.768049,3.8112805,3.7286169
2023-12-01,CSCO,6.1178742,6.1998469,6.0313824
2023-12-01,IBM,6.4924774,6.6307746,6.4594895
2023-12-01,INTC,4.6616057,4.7078916,4.5032093
2023-12-01,MSFT,50.543531,50.349786,51.045706
2023-12-01,NKE,1.1953524,1.2224157,1.1817082
2023-12-01,VZ,0.50055698,0.50529755,0.48897913
2023-12-01,WMT,0.98810768,0.99962334,0.97958769
2023-12-04,AAPL,20.27122,20.022756,19.994335
2023-12-04,AMGN,1.1526984,1.1750591,1.1382529
2023-12-04,CRM,3.9074835,3.9383195,3.8187279
2023-12-04,CSCO,5.9242247,6.0479641,5.9282847
2023-12-04,IBM,6.5740161,6.6076251,6.5535784
2023-12-04,INTC,4.6934938,4.7217803,4.7068621
2023-12-04,MSFT,50.380674,50.499025,49.874994
2023-12-04,NKE,1.1982903,1.2118164,1.1689235
2023-12-04,VZ,0.50557551,0.51225196,0.5007587
2023-12-04,WMT,0.97509707,0.98443491,0.97662505
2023-12-05,AAPL,19.882277,19.624638,19.599329
2023-12-05,AMGN,1.1324696,1.1475386,1.1041102
2023-12-05,CRM,3.9308727,4.011863,4.0035975
2023-12-05,CSCO,5.7750166,5.7884129,5.6495937
2023-12-05,IBM,6.5863926,6.7028105,6.5652172
2023-12-05,INTC,4.5560285,4.6162905,4.4555767
2023-12-05,MSFT,51.38944,51.08886,50.178856
2023-12-05,NKE,1.2036947,1.2111141,1.1974871
2023-12-05,VZ,0.49691679,0.50402056,0.50319088
2023-12-05,WMT,0.97017304,0.97905744,0.973513
2023-12-06,AAPL,19.872754,20.361712,19.763797
2023-12-06,AMGN,1.1009321,1.1092751,1.1049164
2023-12-06,CRM,3.9513603,4.0877378,3.8481601
2023-12-06,CSCO,5.6476369,5.7821308,5.4763343
2023-12-06,IBM,6.5119919,6.5401619,6.4668192
2023-12-06,INTC,4.7062274,4.7208724,4.6583996
2023-12-06,MSFT,51.517258,51.894324,50.705285
2023-12-06,NKE,1.1989699,1.2085721,1.2031219
2023-12-06,VZ,0.49443738,0.49963833,0.49326899
2023-12-06,WMT,0.98042727,0.97551012,0.97251599
2023-12-07,AAPL,20.531497,20.734663,19.822694
2023-12-07,AMGN,1.0760242,1.1058672,1.0704066
2023-12-07,CRM,4.1930593,4.1224807,4.1740169
2023-12-07,CSCO,5.5745815,5.7273304,5.5614634
2023-12-07,IBM,6.5698865,6.5961876,6.5376864
2023-12-07,INTC,4.6884744,4.7190059,4.6876656
2023-12-07,MSFT,51.488612,51.8689,50.132242
2023-12-07,NKE,1.2026419,1.2322354,1.2160937
2023-12-07,VZ,0.48953619,0.48947526,0.48624516
2023-12-07,WMT,0.96878803,0.97042554,0.96414002
2023-12-08,AAPL,20.838903,20.740344,20.862175
2023-12-08,AMGN,1.076547,1.0704463,1.0838351
2023-12-08,CRM,4.0651477,4.3120473,4.0504092
2023-12-08,CSCO,5.6676382,5.6655252,5.5886876
2023-12-08,IBM,6.498847,6.5255928,6.5475244
2023-12-08,INTC,4.6523213,4.6592655,4.7117911
2023-12-08,MSFT,50.500198,50.269526,49.674789
2023-12-08,NKE,1.1671601,1.1660844,1.1766827
2023-12-08,VZ,0.49488249,0.50641752,0.49201267
2023-12-08,WMT,0.95660564,0.96689525,0.94339545
2023-12-11,AAPL,21.105213,21.758874,20.856011
2023-12-11,AMGN,1.0832273,1.0878224,1.0898983
2023-12-11,CRM,4.2655917,4.3014139,4.1261948
2023-12-11,CSCO,5.7383826,5.704999,5.67308
2023-12-11,IBM,6.4852143,6.5124227,6.4218071
2023-12-11,INTC,4.5961583,4.7016365,4.6057
2023-12-11,MSFT,49.953259,51.051669,49.898143
2023-12-11,NKE,1.1590936,1.1561017,1.1216555
2023-12-11,VZ,0.48847785,0.48498934,0.48371728
2023-12-11,WMT,0.94976413,0.9555077,0.94620107
2023-12-12,AAPL,21.690783,21.868689,21.113893
2023-12-12,AMGN,1.0621551,1.0910894,1.0575118
2023-12-12,CRM,4.3496905,4.5421177,4.2778682
2023-12-12,CSCO,5.7858738,5.8182531,5.6868192
2023-12-12,IBM,6.6094664,6.701581,6.4966011
2023-12-12,INTC,4.5802079,4.6169425,4.5482146
2023-12-12,MSFT,50.066465,50.862284,49.513593
2023-12-12,NKE,1.1777252,1.1791466,1.1742248
2023-12-12,VZ,0.48548947,0.49674619,0.47747167
2023-12-12,WMT,0.94408144,0.94741047,0.94435537
2023-12-13,AAPL,22.401183,22.899584,21.999311
2023-12-13,AMGN,1.0450195,1.061344,1.0453634
2023-12-13,CRM,4.4440219,4.4703165,4.5230952
2023-12-13,CSCO,5.7562328,5.7153698,5.7387258
2023-12-13,IBM,6.6073666,6.6487699,6.6237578
2023-12-13,INTC,4.5186872,4.6110615,4.4981749
2023-12-13,MSFT,49.623861,49.678303,48.574172
2023-12-13,NKE,1.1758682,1.1801053,1.17377
2023-12-13,VZ,0.47878069,0.47851209,0.47018312
2023-12-13,WMT,0.92240929,0.93413155,0.90693201
2023-12-14,AAPL,21.844406,21.604926,21.297427
2023-12-14,AMGN,1.0043411,1.0026579,0.99831457
2023-12-14,CRM,4.3879593,4.4800506,4.3365293
2023-12-14,CSCO,5.5956094,5.4950064,5.4922622
2023-12-14,IBM,6.5999307,6.6248352,6.5450682
2023-12-14,INTC,4.5429083,4.5459605,4.4973652
2023-12-14,MSFT,50.370691,50.663412,49.57424
2023-12-14,NKE,1.1301563,1.1281497,1.1191479
2023-12-14,VZ,0.48097415,0.4849575,0.4711231
2023-12-14,WMT,0.90541296,0.91098622,0.90604987
2023-12-15,AAPL,22.08374,22.101494,22.208511
2023-12-15,AMGN,0.97977599,0.97607406,0.96889219
2023-12-15,CRM,4.4343322,4.4639958,4.3945418
2023-12-15,CSCO,5.5763801,5.5977686,5.5335452
2023-12-15,IBM,6.5707886,6.5909186,6.4931574
2023-12-15,INTC,4.4436662,4.4637026,4.3921655
2023-12-15,MSFT,50.279658,50.964252,49.157198
2023-12-15,NKE,1.1428002,1.1434513,1.1352869
2023-12-15,VZ,0.48461825,0.49578099,0.4839241
2023-12-15,WMT,0.90236474,0.91506503,0.9091066
2023-12-18,AAPL,21.870013,22.613555,21.454263
2023-12-18,AMGN,0.95762442,0.96593511,0.93946895
2023-12-18,CRM,4.3971669,4.5498384,4.2712605
2023-12-18,CSCO,5.6998559,5.700373,5.5730613
2023-12-18,IBM,6.7493435,6.8180977,6.6332074
2023-12-18,INTC,4.3817813,4.4956915,4.3638446
2023-12-18,MSFT,50.930745,51.914709,51.235062
2023-12-18,NKE,1.1307643,1.1341869,1.1324706
2023-12-18,VZ,0.48745867,0.49561534,0.47789374
2023-12-18,WMT,0.88702135,0.89381522,0.89352687
2023-12-19,AAPL,21.546122,21.56772,21.315593
2023-12-19,AMGN,0.93517933,0.94845171,0.92423714
2023-12-19,CRM,4.3888997,4.4825532,4.3995442
2023-12-19,CSCO,5.9774238,6.0050735,6.0133499
2023-12-19,IBM,6.63952,6.7255434,6.6463403
2023-12-19,INTC,4.2446803,4.2276828,4.2150969
2023-12-19,MSFT,51.110519,51.942151,50.005545
2023-12-19,NKE,1.1420571,1.1668222,1.1571963
2023-12-19,VZ,0.49290583,0.49016517,0.48636532
2023-12-19,WMT,0.86428925,0.86680084,0.85518952
2023-12-20,AAPL,21.558733,22.148911,21.27379
2023-12-20,AMGN,0.94123454,0.94518299,0.94300354
2023-12-20,CRM,4.3698704,4.3542504,4.2259356
2023-12-20,CSCO,5.8897794,5.8681111,5.8546813
2023-12-20,IBM,6.7169725,6.8186927,6.6929772
2023-12-20,INTC,4.3378066,4.3088706,4.3088352
2023-12-20,MSFT,50.788279,51.980512,50.086924
2023-12-20,NKE,1.127157,1.1383265,1.1192569
2023-12-20,VZ,0.49712246,0.4973905,0.49850148
2023-12-20,WMT,0.85301228,0.85098454,0.85037981
2023-12-21,AAPL,21.982764,22.126847,21.847677
2023-12-21,AMGN,0.93895912,0.95004694,0.93371239
2023-12-21,CRM,4.2744911,4.3341151,4.227244
2023-12-21,CSCO,5.8440646,5.7589713,5.7746421
2023-12-21,IBM,6.5435505,6.5015802,6.5896937
2023-12-21,INTC,4.3619916,4.3653902,4.3402687
2023-12-21,MSFT,50.513081,50.92024,49.867304
2023-12-21,NKE,1.1341831,1.1440922,1.1317498
2023-12-21,VZ,0.51016607,0.52656336,0.5054589
2023-12-21,WMT,0.83524561,0.8376516,0.82878811
2023-12-22,AAPL,22.526782,22.459028,22.278369
2023-12-22,AMGN,0.94473643,0.97739764,0.93402625
2023-12-22,CRM,4.1270663,4.2353571,4.0774652
2023-12-22,CSCO,5.8496732,5.8175906,5.7987685
2023-12-22,IBM,6.5448126,6.5791774,6.5494946
2023-12-22,INTC,4.3911766,4.460877,4.3563141
2023-12-22,MSFT,51.105566,51.255978,50.7411
2023-12-22,NKE,1.1405399,1.1403302,1.1493548
2023-12-22,VZ,0.51742028,0.52179565,0.5223398
2023-12-22,WMT,0.83382642,0.83201521,0.81629179
2023-12-26,AAPL,22.040727,21.855499,21.936452
2023-12-26,AMGN,0.9546154,0.96861439,0.9382445
2023-12-26,CRM,4.0342078,4.099075,3.9581941
2023-12-26,CSCO,5.9235472,5.9899725,5.8832837
2023-12-26,IBM,6.4150928,6.3652923,6.4439709
2023-12-26,INTC,4.5264509,4.5220867,4.4534534
2023-12-26,MSFT,52.355588,52.643904,52.323015
2023-12-26,NKE,1.1308119,1.1307589,1.1056131
2023-12-26,VZ,0.52980268,0.53736521,0.53046021
2023-12-26,WMT,0.81528772,0.82637689,0.80941327
2023-12-27,AAPL,21.790129,22.156918,21.06737
2023-12-27,AMGN,0.95350409,0.96817651,0.95329648
2023-12-27,CRM,4.1639826,4.2148264,4.0954918
2023-12-27,CSCO,5.8388138,5.9150657,5.7610531
2023-12-27,IBM,6.4802671,6.5956953,6.4010078
2023-12-27,INTC,4.6171583,4.7127268,4.6367655
2023-12-27,MSFT,50.934725,50.632184,50.156136
2023-12-27,NKE,1.1566848,1.1683162,1.148739
2023-12-27,VZ,0.51882828,0.52787007,0.51899762
2023-12-27,WMT,0.81120637,0.81302584,0.79606084
2023-12-28,AAPL,22.041611,22.219949,21.603793
2023-12-28,AMGN,0.97698884,0.98607367,0.97052613
2023-12-28,CRM,4.1561225,4.193895,4.204126
2023-12-28,CSCO,5.8341535,5.8100883,5.7864689
2023-12-28,IBM,6.5205099,6.5021251,6.5235406
2023-12-28,INTC,4.6429492,4.6568704,4.549042
2023-12-28,MSFT,50.49137,51.343408,49.921126
2023-12-28,NKE,1.1080932,1.110682,1.0825382
2023-12-28,VZ,0.50868961,0.51587466,0.50933179
2023-12-28,WMT,0.80181852,0.81212336,0.79421623
2023-12-29,AAPL,21.480534,21.704542,21.980171
2023-12-29,AMGN,0.99228287,0.99513495,0.98109661
2023-12-29,CRM,4.1127686,4.195446,4.111362
2023-12-29,CSCO,5.7684349,5.7943215,5.7343718
2023-12-29,IBM,6.4904426,6.5204212,6.4430993
2023-12-29,INTC,4.605246,4.7357569,4.5267945
2023-12-29,MSFT,49.67636,50.230002,48.938884
2023-12-29,NKE,1.1151345,1.1301396,1.1180307
2023-12-29,VZ,0.51389089,0.51910239,0.51721213
2023-12-29,WMT,0.80805144,0.82349029,0.80044963
2024-01-02,AAPL,21.374462,21.621081,20.933566
2024-01-02,AMGN,0.9902745,1.0085851,0.9905322
2024-01-02,CRM,4.0707586,4.1270206,4.0877762
2024-01-02,CSCO,5.7877059,5.901793,5.6591713
2024-01-02,IBM,6.4988022,6.5192896,6.4017402
2024-01-02,INTC,4.7545645,4.7921216,4.7295621
2024-01-02,MSFT,49.19686,49.776869,48.852219
2024-01-02,NKE,1.1134193,1.13377,1.1219573
2024-01-02,VZ,0.51919231,0.51556311,0.51958811
2024-01-02,WMT,0.79053385,0.79503433,0.79231497
2024-01-03,AAPL,20.696694,21.278236,20.773839
2024-01-03,AMGN,0.98851247,0.99691999,0.99601073
2024-01-03,CRM,4.0134025,4.0021138,4.0835726
2024-01-03,CSCO,5.6316282,5.7484076,5.5747669
2024-01-03,IBM,6.3705571,6.3799809,6.3775484
2024-01-03,INTC,4.6471674,4.6846539,4.5018861
2024-01-03,MSFT,49.142349,50.356682,48.998925
2024-01-03,NKE,1.0879745,1.1111442,1.0911666
2024-01-03,VZ,0.51047536,0.5048127,0.50421798
2024-01-03,WMT,0.78684976,0.80206231,0.77368468
2024-01-04,AAPL,20.535647,20.416003,20.290526
2024-01-04,AMGN,0.9935157,0.98333876,0.99054176
2024-01-04,CRM,4.0519572,4.1031184,4.0766714
2024-01-04,CSCO,5.5000782,5.5026123,5.4016272
2024-01-04,IBM,6.3813889,6.4484342,6.3858459
2024-01-04,INTC,4.6479478,4.7098766,4.4974586
2024-01-04,MSFT,49.453243,50.065545,48.703657
2024-01-04,NKE,1.0922654,1.0997382,1.0932279
2024-01-04,VZ,0.5175353,0.51975139,0.51309813
2024-01-04,WMT,0.78057942,0.78431287,0.77204373
2024-01-05,AAPL,19.788469,19.540716,19.62693
2024-01-05,AMGN,0.987217,1.0023379,0.98075224
2024-01-05,CRM,4.1786139,4.2935403,4.1305436
2024-01-05,CSCO,5.4502836,5.4547024,5.3173487
2024-01-05,IBM,6.2739392,6.3074157,6.2593945
2024-01-05,INTC,4.650252,4.6636063,4.5887526
2024-01-05,MSFT,49.980901,49.921974,49.0073
2024-01-05,NKE,1.0845677,1.0787393,1.0878681
2024-01-05,VZ,0.52018574,0.52686742,0.51944579
2024-01-05,WMT,0.77015884,0.77033484,0.76230848
2024-01-08,AAPL,20.056404,20.123335,19.691838
2024-01-08,AMGN,0.97814771,1.0039815,0.97627178
2024-01-08,CRM,4.2748794,4.3348355,4.2100635
2024-01-08,CSCO,5.549254,5.5789829,5.6045527
2024-01-08,IBM,6.1981991,6.2779777,6.1286661
2024-01-08,INTC,4.7104778,4.7423527,4.6743471
2024-01-08,MSFT,49.541211,49.498701,49.085932
2024-01-08,NKE,1.0854608,1.0913126,1.0835872
2024-01-08,VZ,0.51838661,0.5199754,0.51292612
2024-01-08,WMT,0.76926517,0.76948499,0.76262272
2024-01-09,AAPL,19.706132,19.729285,19.729146
2024-01-09,AMGN,1.0147926,1.0293332,1.0054218
2024-01-09,CRM,4.3129711,4.4202631,4.1445545
2024-01-09,CSCO,5.6394651,5.6901614,5.7020204
2024-01-09,IBM,6.1530323,6.2327335,6.0515029
2024-01-09,INTC,4.7166529,4.8023668,4.6812184
2024-01-09,MSFT,50.288067,50.403306,50.686278
2024-01-09,NKE,1.0484543,1.0702771,1.0297045
2024-01-09,VZ,0.51029377,0.50900976,0.51154398
2024-01-09,WMT,0.77575008,0.77270312,0.75526508
2024-01-10,AAPL,19.782762,19.839816,19.568727
2024-01-10,AMGN,0.99032555,1.0150231,0.97522672
2024-01-10,CRM,4.3502197,4.3764555,4.2188928
2024-01-10,CSCO,5.6481375,5.6807176,5.7393522
2024-01-10,IBM,6.1269825,6.2065545,6.0835413
2024-01-10,INTC,5.0003918,5.0088677,4.9403953
2024-01-10,MSFT,49.406769,49.874568,49.086764
2024-01-10,NKE,1.0665456,1.0946805,1.0602621
2024-01-10,VZ,0.51009385,0.51701817,0.51015703
2024-01-10,WMT,0.77759314,0.79111392,0.77215182
2024-01-11,AAPL,20.280964,20.320147,19.900286
2024-01-11,AMGN,0.97657719,0.98252087,0.96894087
2024-01-11,CRM,4.2208448,4.250868,4.1240177
2024-01-11,CSCO,5.6521537,5.7650478,5.4712144
2024-01-11,IBM,6.0089714,6.000311,5.9808739
2024-01-11,INTC,5.0498437,5.0678118,4.9219438
2024-01-11,MSFT,48.232208,48.475451,47.829201
2024-01-11,NKE,1.0662288,1.0679481,1.0579026
2024-01-11,VZ,0.5220843,0.5312671,0.51967599
2024-01-11,WMT,0.77807233,0.78657559,0.77916589
2024-01-12,AAPL,19.740143,20.190855,19.355283
2024-01-12,AMGN,1.0093351,1.0298358,0.99645532
2024-01-12,CRM,4.1844073,4.2049587,4.0823649
2024-01-12,CSCO,5.5733305,5.6040619,5.5521463
2024-01-12,IBM,6.1252087,6.2728434,6.1461043
2024-01-12,INTC,4.9465432,4.9929287,4.9149316
2024-01-12,MSFT,48.481661,48.237256,48.241062
2024-01-12,NKE,1.0936842,1.0879841,1.0776061
2024-01-12,VZ,0.51225878,0.51859963,0.52555059
2024-01-12,WMT,0.77834046,0.77361596,0.77268096
2024-01-16,AAPL,19.517965,19.616278,19.75858
2024-01-16,AMGN,0.97726287,0.98871109,0.95999903
2024-01-16,CRM,3.9758945,3.973842,3.9688912
2024-01-16,CSCO,5.510457,5.5638681,5.3934301
2024-01-16,IBM,6.0585612,6.1294892,6.0161843
2024-01-16,INTC,5.0628971,5.0111664,4.9133095
2024-01-16,MSFT,49.24209,50.060096,48.221943
2024-01-16,NKE,1.0964972,1.1171189,1.0868676
2024-01-16,VZ,0.50927892,0.51637388,0.51297438
2024-01-16,WMT,0.76866645,0.77057432,0.7648994
2024-01-17,AAPL,19.734569,19.819658,19.701968
2024-01-17,AMGN,0.96449667,0.97305993,0.95195642
2024-01-17,CRM,3.917826,4.1042656,3.8320772
2024-01-17,CSCO,5.523275,5.502207,5.444307
2024-01-17,IBM,6.1079241,6.0956101,6.1014311
2024-01-17,INTC,4.9390929,5.0257616,4.9340971
2024-01-17,MSFT,49.124716,49.601375,47.745453
2024-01-17,NKE,1.1050649,1.1074428,1.1007833
2024-01-17,VZ,0.51127827,0.5204054,0.5104461
2024-01-17,WMT,0.75210871,0.74864086,0.75692498
2024-01-18,AAPL,20.028424,20.530462,19.827875
2024-01-18,AMGN,0.9484729,0.95378975,0.9330974
2024-01-18,CRM,3.7679989,3.9782927,3.737295
2024-01-18,CSCO,5.5708343,5.6534843,5.5363392
2024-01-18,IBM,6.0118071,5.9748169,5.8802023
2024-01-18,INTC,4.9355332,4.9671135,4.9197657
2024-01-18,MSFT,49.045828,49.095876,47.747392
2024-01-18,NKE,1.0903027,1.1047443,1.0902051
2024-01-18,VZ,0.51169681,0.51715561,0.50663551
2024-01-18,WMT,0.74502264,0.7597705,0.7374249
2024-01-19,AAPL,20.401014,20.331918,20.249562
2024-01-19,AMGN,0.93600915,0.94381257,0.93540444
2024-01-19,CRM,3.7619875,3.8379882,3.8100682
2024-01-19,CSCO,5.4365743,5.4763956,5.3345869
2024-01-19,IBM,6.102317,6.2061354,6.0700843
2024-01-19,INTC,4.9234687,4.9435843,4.9068755
2024-01-19,MSFT,49.368118,50.166555,47.925282
2024-01-19,NKE,1.0611314,1.0669385,1.0500726
2024-01-19,VZ,0.50499657,0.50315441,0.49837812
2024-01-19,WMT,0.72113043,0.71942591,0.71874842
2024-01-22,AAPL,20.921034,21.139377,20.287002
2024-01-22,AMGN,0.92670041,0.9366847,0.90908035
2024-01-22,CRM,3.6964576,3.7221692,3.6241138
2024-01-22,CSCO,5.2930202,5.2892248,5.1954049
2024-01-22,IBM,6.0237325,6.1125805,6.0337893
2024-01-22,INTC,4.9138944,4.9013355,4.8311501
2024-01-22,MSFT,48.059777,48.436035,47.073898
2024-01-22,NKE,1.0342773,1.0145705,1.0214341
2024-01-22,VZ,0.50517618,0.50787773,0.51166465
2024-01-22,WMT,0.71165634,0.71697208,0.70570237
2024-01-23,AAPL,21.121297,21.127705,20.896254
2024-01-23,AMGN,0.92966666,0.95098716,0.93164455
2024-01-23,CRM,3.7713226,3.6958227,3.8059458
2024-01-23,CSCO,5.2954252,5.1503239,5.3011811
2024-01-23,IBM,6.0129951,6.1561546,5.9261789
2024-01-23,INTC,4.8263656,4.8482035,4.8048197
2024-01-23,MSFT,48.46633,48.944123,48.408435
2024-01-23,NKE,1.0355416,1.0439532,1.0398081
2024-01-23,VZ,0.50937143,0.51630435,0.5029491
2024-01-23,WMT,0.69310669,0.68860463,0.67748417
2024-01-24,AAPL,20.409804,20.898711,20.247809
2024-01-24,AMGN,0.92337937,0.92089898,0.91394948
2024-01-24,CRM,3.7857835,3.8217305,3.8391602
2024-01-24,CSCO,5.3353692,5.3568148,5.2718354
2024-01-24,IBM,6.1126002,6.0865984,6.1092614
2024-01-24,INTC,4.8083322,4.8513879,4.7938371
2024-01-24,MSFT,48.802178,48.676984,48.184207
2024-01-24,NKE,1.0198327,1.0418622,1.0023217
2024-01-24,VZ,0.52075804,0.52699519,0.5175202
2024-01-24,WMT,0.68789758,0.70258052,0.68582801
2024-01-25,AAPL,19.606624,19.567021,19.409736
2024-01-25,AMGN,0.91864548,0.93069684,0.90257478
2024-01-25,CRM,3.7265342,3.8180045,3.7040507
2024-01-25,CSCO,5.4215928,5.4881195,5.344121
2024-01-25,IBM,6.0682343,6.0701368,6.0347902
2024-01-25,INTC,4.843658,4.8591199,4.7553953
2024-01-25,MSFT,48.504252,48.387085,47.308773
2024-01-25,NKE,1.0212122,1.0155872,1.0222398
2024-01-25,VZ,0.51856886,0.52205862,0.5252728
2024-01-25,WMT,0.69204012,0.7083127,0.68423391
2024-01-26,AAPL,19.944255,20.139846,19.956523
2024-01-26,AMGN,0.91786128,0.93218929,0.92002501
2024-01-26,CRM,3.7107943,3.7867039,3.6816199
2024-01-26,CSCO,5.4831359,5.4200896,5.3969877
2024-01-26,IBM,6.0862627,6.2424901,5.9851207
2024-01-26,INTC,4.8271322,4.8383165,4.838534
2024-01-26,MSFT,49.45398,49.603552,48.863049
2024-01-26,NKE,0.99864152,1.0104326,0.98332334
2024-01-26,VZ,0.51870286,0.51842207,0.51586362
2024-01-26,WMT,0.68086642,0.69199195,0.66829728
2024-01-29,AAPL,19.447605,19.942644,19.427928
2024-01-29,AMGN,0.92877383,0.94688958,0.91382019
2024-01-29,CRM,3.7092429,3.6733231,3.6615334
2024-01-29,CSCO,5.5531598,5.5721622,5.4286577
2024-01-29,IBM,6.0135763,6.0806685,6.0014034
2024-01-29,INTC,4.884161,4.8851351,4.8822632
2024-01-29,MSFT,49.373156,48.954353,49.192446
2024-01-29,NKE,0.9944475,1.000871,0.9881473
2024-01-29,VZ,0.53319521,0.5312847,0.52924138
2024-01-29,WMT,0.67060753,0.67402156,0.6846959
2024-01-30,AAPL,19.953396,20.042455,19.96857
2024-01-30,AMGN,0.92943881,0.93816745,0.91926575
2024-01-30,CRM,3.7400988,3.6504551,3.6903838
2024-01-30,CSCO,5.3612807,5.3533819,5.3976796
2024-01-30,IBM,5.8860637,5.9464596,5.8821357
2024-01-30,INTC,4.9112244,4.904325,4.8360869
2024-01-30,MSFT,49.558159,50.2164,47.827805
2024-01-30,NKE,1.007114,1.0175321,1.0056478
2024-01-30,VZ,0.53827316,0.54386238,0.54109588
2024-01-30,WMT,0.66755466,0.67616698,0.64948185
2024-01-31,AAPL,19.365213,19.628428,19.221768
2024-01-31,AMGN,0.91553067,0.91739827,0.90679528
2024-01-31,CRM,3.720577,3.7483312,3.6133146
2024-01-31,CSCO,5.3010039,5.3581916,5.2624553
2024-01-31,IBM,5.8696563,5.8796685,5.8482593
2024-01-31,INTC,4.9459264,4.9773256,4.8485914
2024-01-31,MSFT,48.779454,49.213082,48.111187
2024-01-31,NKE,0.99420713,1.0007244,0.99569596
2024-01-31,VZ,0.54017949,0.54063431,0.53096633
2024-01-31,WMT,0.66821478,0.66889656,0.67697821
2024-02-01,AAPL,19.156112,19.216264,18.396561
2024-02-01,AMGN,0.93143707,0.95005013,0.92331595
2024-02-01,CRM,3.745403,3.7113292,3.7376411
2024-02-01,CSCO,5.2243395,5.2863843,5.2165474
2024-02-01,IBM,5.902628,6.0096571,5.8725372
2024-02-01,INTC,5.1339933,5.1392487,5.1454674
2024-02-01,MSFT,48.673977,49.32699,47.631128
2024-02-01,NKE,1.0078878,1.0112142,0.99867253
2024-02-01,VZ,0.54238371,0.54480887,0.54492991
2024-02-01,WMT,0.66455851,0.67569049,0.6566299
2024-02-02,AAPL,19.311094,20.098461,19.247
2024-02-02,AMGN,0.91084608,0.91159757,0.90047114
2024-02-02,CRM,3.7475337,3.7781587,3.6161227
2024-02-02,CSCO,5.3331187,5.4335194,5.2235046
2024-02-02,IBM,5.9161581,5.9118398,5.8540924
2024-02-02,INTC,5.1696122,5.2606938,5.171453
2024-02-02,MSFT,47.326377,47.785051,46.367287
2024-02-02,NKE,1.0097014,0.99909198,0.99209362
2024-02-02,VZ,0.52817772,0.53453359,0.52814838
2024-02-02,WMT,0.6647483,0.67294286,0.65019459
2024-02-05,AAPL,19.221165,19.486674,18.971431
2024-02-05,AMGN,0.87616031,0.86915608,0.86814138
2024-02-05,CRM,3.5377809,3.529149,3.4544205
2024-02-05,CSCO,5.2876107,5.307625,5.2931677
2024-02-05,IBM,5.9038937,5.9927258,5.8993433
2024-02-05,INTC,5.2143306,5.2392809,5.1760835
2024-02-05,MSFT,47.73779,48.108556,47.943074
2024-02-05,NKE,1.0208383,1.0031552,1.0091082
2024-02-05,VZ,0.52485018,0.52642762,0.52386772
2024-02-05,WMT,0.65443726,0.66037218,0.64427952
2024-02-06,AAPL,19.320265,19.675248,18.939776
2024-02-06,AMGN,0.89565388,0.90282478,0.89326633
2024-02-06,CRM,3.3672489,3.3366354,3.3128783
2024-02-06,CSCO,5.4694025,5.5208234,5.3759609
2024-02-06,IBM,5.8817993,5.7696038,5.8059546
2024-02-06,INTC,5.2774625,5.3611005,5.2985444
2024-02-06,MSFT,46.925196,48.296277,46.12554
2024-02-06,NKE,1.0123528,1.0186855,1.0151107
2024-02-06,VZ,0.52647969,0.5317726,0.52842103
2024-02-06,WMT,0.64270414,0.64286136,0.63168825
2024-02-07,AAPL,18.934189,19.438098,18.77361
2024-02-07,AMGN,0.90779447,0.9307341,0.89819822
2024-02-07,CRM,3.3568296,3.4136098,3.4000362
2024-02-07,CSCO,5.5531598,5.5541422,5.4196977
2024-02-07,IBM,5.9570616,6.0008039,5.888081
2024-02-07,INTC,5.1953268,5.257533,5.1036924
2024-02-07,MSFT,45.740915,46.221307,45.462992
2024-02-07,NKE,1.0205283,1.0327416,1.0036031
2024-02-07,VZ,0.516083,0.51862417,0.50758259
2024-02-07,WMT,0.63480045,0.64081632,0.631903
2024-02-08,AAPL,18.686975,18.862526,18.713139
2024-02-08,AMGN,0.92111453,0.93035992,0.91019735
2024-02-08,CRM,3.329545,3.4530189,3.372294
2024-02-08,CSCO,5.5445303,5.4949947,5.4995927
2024-02-08,IBM,5.8276021,5.8304135,5.7967912
2024-02-08,INTC,5.0482172,5.0494082,5.0177027
2024-02-08,MSFT,44.974543,45.475355,44.441573
2024-02-08,NKE,1.0365602,1.0355977,1.0425218
2024-02-08,VZ,0.5124909,0.51540336,0.50889221
2024-02-08,WMT,0.62932808,0.63396735,0.61741425
2024-02-09,AAPL,18.929489,18.705321,18.505884
2024-02-09,AMGN,0.92447412,0.93397541,0.90906513
2024-02-09,CRM,3.2563303,3.3995274,3.1416918
2024-02-09,CSCO,5.4778363,5.527128,5.4548586
2024-02-09,IBM,5.8786224,5.9345494,5.7329727
2024-02-09,INTC,5.1810131,5.2125565,5.2347045
2024-02-09,MSFT,44.533889,43.768986,44.614886
2024-02-09,NKE,1.0333874,1.0495866,1.01265
2024-02-09,VZ,0.51045831,0.51421052,0.50127082
2024-02-09,WMT,0.63092415,0.63581391,0.62568195
2024-02-12,AAPL,19.070576,19.256628,18.427748
2024-02-12,AMGN,0.92368284,0.91709877,0.91886501
2024-02-12,CRM,3.2508629,3.3123059,3.2359894
2024-02-12,CSCO,5.4842418,5.5460546,5.4591526
2024-02-12,IBM,5.950496,5.8761869,5.9761739
2024-02-12,INTC,5.1298479,5.0812729,5.1436549
2024-02-12,MSFT,44.254648,44.015773,44.130066
2024-02-12,NKE,1.0507125,1.059256,1.0277929
2024-02-12,VZ,0.50806837,0.50900636,0.50600087
2024-02-12,WMT,0.63246727,0.63732609,0.62180149
2024-02-13,AAPL,19.520148,19.777657,19.270017
2024-02-13,AMGN,0.92393691,0.92815292,0.9160611
2024-02-13,CRM,3.1980147,3.1707081,3.1047519
2024-02-13,CSCO,5.603257,5.6745605,5.5380224
2024-02-13,IBM,5.8134362,5.895553,5.7476233
2024-02-13,INTC,5.027642,5.0349684,4.9638969
2024-02-13,MSFT,43.909315,44.623533,42.848774
2024-02-13,NKE,1.0510592,1.0779543,1.0412782
2024-02-13,VZ,0.50964306,0.50605787,0.50374186
2024-02-13,WMT,0.61999595,0.62466709,0.61305154
2024-02-14,AAPL,19.428872,19.487648,19.297466
2024-02-14,AMGN,0.92689175,0.94202999,0.91832956
2024-02-14,CRM,3.208395,3.2264097,3.0467586
2024-02-14,CSCO,5.5267577,5.516913,5.4818752
2024-02-14,IBM,5.7976002,5.8696482,5.7147982
2024-02-14,INTC,5.0724832,5.1047892,5.0270107
2024-02-14,MSFT,44.03381,44.950469,43.451342
2024-02-14,NKE,1.0783671,1.0973799,1.0537227
2024-02-14,VZ,0.51964062,0.52290889,0.51660084
2024-02-14,WMT,0.61677626,0.62853621,0.61687316
2024-02-15,AAPL,19.343515,19.943462,19.140087
2024-02-15,AMGN,0.94006159,0.95411073,0.93227409
2024-02-15,CRM,3.2584699,3.2907598,3.2039942
2024-02-15,CSCO,5.5715189,5.5075201,5.4603742
2024-02-15,IBM,5.7553251,5.8106053,5.8046892
2024-02-15,INTC,5.1736231,5.1937006,5.2072276
2024-02-15,MSFT,43.446261,43.510323,42.904476
2024-02-15,NKE,1.0898454,1.1076629,1.0853836
2024-02-15,VZ,0.5177426,0.52020219,0.52012375
2024-02-15,WMT,0.62256261,0.6276399,0.6128458
2024-02-16,AAPL,19.493815,19.698262,19.444882
2024-02-16,AMGN,0.91671584,0.92884932,0.91487806
2024-02-16,CRM,3.2502325,3.2572637,3.2217042
2024-02-16,CSCO,5.8490674,5.8556036,5.6897592
2024-02-16,IBM,5.595898,5.6400116,5.5376393
2024-02-16,INTC,5.2291269,5.2229135,5.0533143
2024-02-16,MSFT,43.545207,43.764677,43.879341
2024-02-16,NKE,1.0816596,1.0981677,1.0795123
2024-02-16,VZ,0.51843803,0.52868961,0.52122972
2024-02-16,WMT,0.61692099,0.62389446,0.61989006
2024-02-20,AAPL,18.901359,19.022889,18.805174
2024-02-20,AMGN,0.89919156,0.91440349,0.88961813
2024-02-20,CRM,3.2797464,3.2995544,3.1959926
2024-02-20,CSCO,5.7529581,5.7537735,5.5630916
2024-02-20,IBM,5.6409408,5.6496303,5.6005533
2024-02-20,INTC,5.3264545,5.3352348,5.2934085
2024-02-20,MSFT,44.079729,44.987371,43.571039
2024-02-20,NKE,1.128147,1.1397552,1.1206154
2024-02-20,VZ,0.52057532,0.52098949,0.52074822
2024-02-20,WMT,0.62335666,0.62667222,0.62109226
2024-02-21,AAPL,18.967014,18.827881,19.045405
2024-02-21,AMGN,0.88678825,0.88922632,0.86831293
2024-02-21,CRM,3.3220755,3.3544214,3.3828725
2024-02-21,CSCO,5.8374447,5.9050387,5.8177061
2024-02-21,IBM,5.6498759,5.6559759,5.5019017
2024-02-21,INTC,5.2480363,5.3779959,5.2720168
2024-02-21,MSFT,43.761945,43.57845,43.019634
2024-02-21,NKE,1.1288643,1.1538204,1.1001735
2024-02-21,VZ,0.51019236,0.5075291,0.50819912
2024-02-21,WMT,0.6202449,0.62648586,0.62121468
2024-02-22,AAPL,18.564714,19.044497,18.307057
2024-02-22,AMGN,0.88999127,0.89149167,0.87423104
2024-02-22,CRM,3.2877691,3.2685648,3.2012962
2024-02-22,CSCO,5.7702277,5.7404473,5.7131985
2024-02-22,IBM,5.5251304,5.5114401,5.5257423
2024-02-22,INTC,5.2167414,5.3210823,5.2234391
2024-02-22,MSFT,45.483435,45.661679,45.268575
2024-02-22,NKE,1.144231,1.1406171,1.1255867
2024-02-22,VZ,0.51307016,0.5202503,0.50423114
2024-02-22,WMT,0.61531101,0.63115492,0.6126874
2024-02-23,AAPL,18.689275,19.301034,18.419672
2024-02-23,AMGN,0.9110755,0.90580249,0.9114817
2024-02-23,CRM,3.4201263,3.449062,3.4137504
2024-02-23,CSCO,5.8814801,5.950952,5.8681521
2024-02-23,IBM,5.4171877,5.384953,5.4517885
2024-02-23,INTC,5.2336397,5.2724599,5.1415732
2024-02-23,MSFT,44.630005,45.183301,43.769016
2024-02-23,NKE,1.1316636,1.1572738,1.1182925
2024-02-23,VZ,0.52178688,0.52448271,0.51660276
2024-02-23,WMT,0.62269033,0.625999,0.62189053
2024-02-26,AAPL,18.770521,19.035912,18.789205
2024-02-26,AMGN,0.92934792,0.95265771,0.91270302
2024-02-26,CRM,3.4653426,3.5701418,3.3868794
2024-02-26,CSCO,5.8938809,5.9753508,5.8552077
2024-02-26,IBM,5.5011393,5.5389447,5.3990418
2024-02-26,INTC,5.2594188,5.3558997,5.3254828
2024-02-26,MSFT,44.286506,44.584373,43.382146
2024-02-26,NKE,1.1153206,1.1169811,1.1250082
2024-02-26,VZ,0.52495031,0.53117785,0.52578405
2024-02-26,WMT,0.63185591,0.6328211,0.62821746
2024-02-27,AAPL,18.770475,18.758533,18.40505
2024-02-27,AMGN,0.93860809,0.9456863,0.93738501
2024-02-27,CRM,3.3530756,3.4600501,3.3220375
2024-02-27,CSCO,5.8938697,5.9880587,5.957383
2024-02-27,IBM,5.5481493,5.6481906,5.4975003
2024-02-27,INTC,5.2837587,5.3426676,5.2511678
2024-02-27,MSFT,44.71676,45.081302,44.024479
2024-02-27,NKE,1.1229034,1.1153124,1.0911018
2024-02-27,VZ,0.52623876,0.52775626,0.53069986
2024-02-27,WMT,0.63318757,0.63559785,0.63742927
2024-02-28,AAPL,18.587096,19.101798,18.423401
2024-02-28,AMGN,0.93502341,0.94241221,0.91128988
2024-02-28,CRM,3.4785662,3.4578951,3.4228348
2024-02-28,CSCO,5.7604282,5.8292524,5.6845781
2024-02-28,IBM,5.586972,5.691583,5.5432985
2024-02-28,INTC,5.2916062,5.3240695,5.1135532
2024-02-28,MSFT,44.309119,44.913767,43.946231
2024-02-28,NKE,1.0910173,1.1111969,1.0814659
2024-02-28,VZ,0.52515935,0.53425575,0.51899578
2024-02-28,WMT,0.63027254,0.6285195,0.62422264
2024-02-29,AAPL,18.563838,18.475443,18.443285
2024-02-29,AMGN,0.95750852,0.96244228,0.93957799
2024-02-29,CRM,3.5017398,3.4344222,3.5377569
2024-02-29,CSCO,5.7527553,5.8210023,5.6793702
2024-02-29,IBM,5.6007725,5.6425903,5.5425182
2024-02-29,INTC,5.2547373,5.2294208,5.1628571
2024-02-29,MSFT,44.631897,44.897078,44.805288
2024-02-29,NKE,1.083211,1.1185528,1.0834045
2024-02-29,VZ,0.52000105,0.51990187,0.51488384
2024-02-29,WMT,0.6140685,0.61781919,0.6142578
2024-03-01,AAPL,18.216955,18.120107,18.213002
2024-03-01,AMGN,0.9547475,0.97333994,0.94937493
2024-03-01,CRM,3.4885528,3.4958621,3.4212172
2024-03-01,CSCO,5.7711808,5.9224961,5.778516
2024-03-01,IBM,5.5641675,5.6243215,5.5304386
2024-03-01,INTC,5.1600245,5.236365,5.0979402
2024-03-01,MSFT,44.442464,44.084685,43.363406
2024-03-01,NKE,1.0888074,1.1084523,1.0963864
2024-03-01,VZ,0.51272991,0.51364154,0.5126205
2024-03-01,WMT,0.60689821,0.61096257,0.60104812
2024-03-04,AAPL,18.294593,18.403011,17.927799
2024-03-04,AMGN,0.99219346,0.99218228,0.98957264
2024-03-04,CRM,3.3584674,3.4416587,3.2575017
2024-03-04,CSCO,5.9990141,5.9828065,5.8912159
2024-03-04,IBM,5.4904329,5.4269575,5.4985305
2024-03-04,INTC,5.3073256,5.3554937,5.3052277
2024-03-04,MSFT,44.551561,44.861594,43.832914
2024-03-04,NKE,1.0898354,1.08582,1.0790844
2024-03-04,VZ,0.51385463,0.51950362,0.51049356
2024-03-04,WMT,0.59781793,0.60508587,0.59333099
2024-03-05,AAPL,18.207012,18.364456,17.511555
2024-03-05,AMGN,0.97195056,0.99117277,0.96160551
2024-03-05,CRM,3.403653,3.4413112,3.3734816
2024-03-05,CSCO,6.0973405,6.2222753,5.968244
2024-03-05,IBM,5.4263898,5.4282858,5.4153538
2024-03-05,INTC,5.2426527,5.2995502,5.1288339
2024-03-05,MSFT,45.290977,44.702771,44.213404
2024-03-05,NKE,1.0877837,1.0897673,1.0688564
2024-03-05,VZ,0.51801964,0.52516055,0.52284834
2024-03-05,WMT,0.60169025,0.61581948,0.5987394
2024-03-06,AAPL,17.782103,17.962584,17.683871
2024-03-06,AMGN,0.97635228,0.98711815,0.96942072
2024-03-06,CRM,3.4853197,3.5145481,3.4809233
2024-03-06,CSCO,6.2640961,6.3235387,6.2647651
2024-03-06,IBM,5.4447236,5.4666003,5.4742423
2024-03-06,INTC,5.0751264,5.1072151,5.0289974
2024-03-06,MSFT,46.602916,46.920118,45.538385
2024-03-06,NKE,1.1019109,1.1313155,1.1018646
2024-03-06,VZ,0.52011858,0.51874779,0.5222797
2024-03-06,WMT,0.6010539,0.59498609,0.60134359
2024-03-07,AAPL,18.096711,18.10621,17.951199
2024-03-07,AMGN,0.97647702,0.995638,0.99017872
2024-03-07,CRM,3.4446594,3.4983364,3.3528308
2024-03-07,CSCO,6.4854358,6.442234,6.2969191
2024-03-07,IBM,5.4260461,5.4869107,5.3470705
2024-03-07,INTC,5.0262563,5.1983272,5.0332031
2024-03-07,MSFT,45.750636,45.744953,45.002933
2024-03-07,NKE,1.1179423,1.1115059,1.116965
2024-03-07,VZ,0.5199078,0.52329644,0.52636459
2024-03-07,WMT,0.6047746,0.6061369,0.59683289
2024-03-08,AAPL,17.677945,18.076311,17.709219
2024-03-08,AMGN,0.94079934,0.96049828,0.92289522
2024-03-08,CRM,3.3751558,3.4911669,3.2176257
2024-03-08,CSCO,6.5309244,6.6033402,6.3769851
2024-03-08,IBM,5.2539881,5.2290782,5.276093
2024-03-08,INTC,4.9795177,5.0074076,4.9530361
2024-03-08,MSFT,46.145282,46.181544,45.328928
2024-03-08,NKE,1.1185544,1.1186876,1.0950306
2024-03-08,VZ,0.52528233,0.53804304,0.52015734
2024-03-08,WMT,0.60791311,0.61746176,0.60316419
2024-03-11,AAPL,17.037224,17.360754,17.115767
2024-03-11,AMGN,0.932028,0.94249233,0.92467887
2024-03-11,CRM,3.1776876,3.2460181,3.2371623
2024-03-11,CSCO,6.938182,6.9126003,6.8653186
2024-03-11,IBM,5.2475317,5.2518042,5.2752206
2024-03-11,INTC,5.1041089,5.0985388,5.130208
2024-03-11,MSFT,45.624679,45.421324,45.347834
2024-03-11,NKE,1.1548263,1.1667906,1.1536904
2024-03-11,VZ,0.51256888,0.51757609,0.51380897
2024-03-11,WMT,0.61392134,0.61510518,0.61711836
2024-03-12,AAPL,17.036629,17.539179,16.614267
2024-03-12,AMGN,0.93897963,0.9672513,0.92760842
2024-03-12,CRM,3.1129671,3.1372226,3.0936867
2024-03-12,CSCO,6.7614395,6.7967419,6.751768
2024-03-12,IBM,5.282965,5.3114858,5.2215827
2024-03-12,INTC,4.9083739,4.8641724,4.8886154
2024-03-12,MSFT,45.19534,45.072878,44.238476
2024-03-12,NKE,1.1658351,1.1857719,1.1464317
2024-03-12,VZ,0.51543918,0.51221212,0.51449828
2024-03-12,WMT,0.6079766,0.61588711,0.60023003
2024-03-13,AAPL,16.755077,17.085007,16.307088
2024-03-13,AMGN,0.92881145,0.94391362,0.89627091
2024-03-13,CRM,3.0806526,3.1907353,2.9888271
2024-03-13,CSCO,6.7194589,6.8149231,6.5908256
2024-03-13,IBM,5.2467727,5.2689391,5.2452972
2024-03-13,INTC,4.9715277,4.9314911,4.9210104
2024-03-13,MSFT,43.93327,44.229106,43.452992
2024-03-13,NKE,1.1569109,1.1860476,1.114494
2024-03-13,VZ,0.5158077,0.51719225,0.50571793
2024-03-13,WMT,0.60255069,0.60465631,0.59847055
2024-03-14,AAPL,16.481988,16.98712,16.362687
2024-03-14,AMGN,0.90171194,0.91179161,0.89022562
2024-03-14,CRM,3.1749277,3.3492363,3.1667656
2024-03-14,CSCO,6.9091204,6.8973593,6.8631498
2024-03-14,IBM,5.1829617,5.1636505,5.1314824
2024-03-14,INTC,4.8672305,5.0019997,4.8275261
2024-03-14,MSFT,44.56229,44.910917,44.398147
2024-03-14,NKE,1.1665708,1.1583629,1.1616637
2024-03-14,VZ,0.51259355,0.50923795,0.50713132
2024-03-14,WMT,0.59928419,0.60414056,0.59068654
2024-03-15,AAPL,16.373036,16.299133,15.958892
2024-03-15,AMGN,0.88581419,0.89188835,0.87063495
2024-03-15,CRM,3.2554757,3.3364767,3.3212293
2024-03-15,CSCO,6.7994732,6.9299824,6.8478532
2024-03-15,IBM,5.1644034,5.2076137,5.1622976
2024-03-15,INTC,5.0212967,4.9670223,5.0921913
2024-03-15,MSFT,44.61645,45.753513,44.320191
2024-03-15,NKE,1.2003611,1.222734,1.1788859
2024-03-15,VZ,0.51718175,0.52521598,0.51377848
2024-03-15,WMT,0.60477838,0.60795057,0.60810723
2024-03-18,AAPL,16.834309,16.863358,16.954428
2024-03-18,AMGN,0.89926358,0.9129532,0.88324749
2024-03-18,CRM,3.2780299,3.3178077,3.214541
2024-03-18,CSCO,6.7601444,6.6764655,6.7095288
2024-03-18,IBM,5.1837496,5.2676741,5.0441906
2024-03-18,INTC,4.9161915,4.9254072,4.877392
2024-03-18,MSFT,45.007507,45.632458,44.043612
2024-03-18,NKE,1.2111945,1.2317294,1.2364277
2024-03-18,VZ,0.50472354,0.50804962,0.50204235
2024-03-18,WMT,0.61286949,0.62139987,0.60895152
2024-03-19,AAPL,16.044659,16.249422,15.994788
2024-03-19,AMGN,0.89436549,0.90679401,0.87775317
2024-03-19,CRM,3.3701074,3.3667096,3.2571167
2024-03-19,CSCO,6.6890769,6.7788363,6.6504716
2024-03-19,IBM,5.1959154,5.3198786,5.1235228
2024-03-19,INTC,4.9176386,4.8495968,4.8206808
2024-03-19,MSFT,44.878675,45.25582,44.142495
2024-03-19,NKE,1.1753117,1.1713175,1.1773844
2024-03-19,VZ,0.50946959,0.51390053,0.50447062
2024-03-19,WMT,0.6121288,0.62018718,0.60679126
2024-03-20,AAPL,16.129002,16.295621,15.985359
2024-03-20,AMGN,0.89237009,0.91171465,0.87115443
2024-03-20,CRM,3.3536563,3.3959718,3.3056045
2024-03-20,CSCO,6.6239101,6.5457448,6.6914686
2024-03-20,IBM,5.0726611,5.0908779,4.9882568
2024-03-20,INTC,4.9228161,5.0235129,4.9657081
2024-03-20,MSFT,44.587422,44.864139,43.800358
2024-03-20,NKE,1.1838539,1.1964049,1.1475485
2024-03-20,VZ,0.50694353,0.52115269,0.49984901
2024-03-20,WMT,0.61016957,0.61140997,0.61195165
2024-03-21,AAPL,16.251531,16.55049,15.902354
2024-03-21,AMGN,0.87937677,0.88846321,0.87340377
2024-03-21,CRM,3.2213449,3.2592241,3.1951143
2024-03-21,CSCO,6.4747925,6.4633656,6.402915
2024-03-21,IBM,5.2245052,5.3747107,5.2180983
2024-03-21,INTC,5.0374405,5.0848562,5.0076096
2024-03-21,MSFT,44.231778,44.972828,43.705556
2024-03-21,NKE,1.185318,1.1956292,1.1604127
2024-03-21,VZ,0.51735441,0.51944261,0.50641384
2024-03-21,WMT,0.61817336,0.61818898,0.60765533
2024-03-22,AAPL,15.912194,16.091754,15.905916
2024-03-22,AMGN,0.8933481,0.88942939,0.87721192
2024-03-22,CRM,3.2430272,3.3092493,3.2291485
2024-03-22,CSCO,6.5847141,6.7381147,6.5041781
2024-03-22,IBM,5.3388747,5.3096667,5.2107589
2024-03-22,INTC,4.9917993,5.089274,4.8934585
2024-03-22,MSFT,43.995173,44.400384,43.369021
2024-03-22,NKE,1.1223724,1.1230513,1.1257489
2024-03-22,VZ,0.52307529,0.53387151,0.52651407
2024-03-22,WMT,0.62431362,0.62636675,0.62545528
2024-03-25,AAPL,15.826595,15.995534,15.673227
2024-03-25,AMGN,0.85940394,0.87623753,0.83267332
2024-03-25,CRM,3.17526,3.2286587,3.1458736
2024-03-25,CSCO,6.5219594,6.5249604,6.4637364
2024-03-25,IBM,5.4115683,5.4187684,5.2822962
2024-03-25,INTC,4.9558052,4.9072899,4.9177644
2024-03-25,MSFT,44.062407,44.466326,43.747755
2024-03-25,NKE,1.1218405,1.1218189,1.1174254
2024-03-25,VZ,0.50878329,0.51387621,0.50939271
2024-03-25,WMT,0.62385706,0.6325693,0.62710961
2024-03-26,AAPL,15.71948,15.787353,15.513288
2024-03-26,AMGN,0.85525574,0.86719684,0.83184435
2024-03-26,CRM,3.162934,3.2232765,3.1764991
2024-03-26,CSCO,6.7273269,6.7684265,6.6278558
2024-03-26,IBM,5.4459254,5.460463,5.4318701
2024-03-26,INTC,5.0338462,5.0539903,4.9598273
2024-03-26,MSFT,44.43883,44.965229,43.737777
2024-03-26,NKE,1.1222482,1.1214831,1.1048363
2024-03-26,VZ,0.49965127,0.50010008,0.49676705
2024-03-26,WMT,0.62428356,0.6375525,0.62498401
2024-03-27,AAPL,15.755277,16.126684,15.273878
2024-03-27,AMGN,0.85251872,0.84931235,0.8359729
2024-03-27,CRM,3.1577882,3.1989204,3.0802702
2024-03-27,CSCO,6.6135295,6.7180414,6.4489254
2024-03-27,IBM,5.3771647,5.3882368,5.3662922
2024-03-27,INTC,5.1267963,5.123394,5.1358819
2024-03-27,MSFT,43.089586,44.084212,42.645942
2024-03-27,NKE,1.1296272,1.1381973,1.1281002
2024-03-27,VZ,0.49664272,0.49921693,0.49472837
2024-03-27,WMT,0.62547359,0.63197549,0.6177854
2024-03-28,AAPL,15.840458,16.087134,16.217712
2024-03-28,AMGN,0.84195048,0.84336146,0.83997714
2024-03-28,CRM,3.2822231,3.3344167,3.251114
2024-03-28,CSCO,6.7592031,6.7977023,6.672403
2024-03-28,IBM,5.4332124,5.475978,5.3136774
2024-03-28,INTC,4.9958983,5.0739193,4.9616758
2024-03-28,MSFT,43.480043,43.296694,42.521165
2024-03-28,NKE,1.0764268,1.0777109,1.0726458
2024-03-28,VZ,0.50046489,0.50130801,0.49207639
2024-03-28,WMT,0.63121247,0.6369625,0.62854137
2024-04-01,AAPL,15.718405,16.057998,15.248043
2024-04-01,AMGN,0.82455259,0.83043226,0.8162193
2024-04-01,CRM,3.1360371,3.1276652,3.1315874
2024-04-01,CSCO,6.9842999,7.0763407,6.8318667
2024-04-01,IBM,5.3752766,5.4383425,5.3618093
2024-04-01,INTC,4.9954145,4.9868756,4.9521872
2024-04-01,MSFT,43.929134,43.383885,43.457534
2024-04-01,NKE,1.0491696,1.0497289,1.0529176
2024-04-01,VZ,0.49050662,0.49799074,0.48268633
2024-04-01,WMT,0.63700511,0.63983498,0.63344454
2024-04-02,AAPL,15.570687,15.681844,15.791438
2024-04-02,AMGN,0.82365709,0.83822901,0.81146656
2024-04-02,CRM,3.0414648,3.1217564,2.9795804
2024-04-02,CSCO,6.8354163,6.9872325,6.8192779
2024-04-02,IBM,5.3423635,5.4158462,5.2568167
2024-04-02,INTC,4.9038111,5.0047482,4.9304604
2024-04-02,MSFT,44.097211,43.836072,43.809903
2024-04-02,NKE,1.0671942,1.0685075,1.0539997
2024-04-02,VZ,0.4936402,0.49881892,0.4926361
2024-04-02,WMT,0.64956335,0.65605875,0.64498874
2024-04-03,AAPL,15.538115,15.436148,15.405168
2024-04-03,AMGN,0.80862273,0.82084046,0.81140788
2024-04-03,CRM,3.0864853,3.1401049,3.092351
2024-04-03,CSCO,6.8631458,6.7907714,6.8674026
2024-04-03,IBM,5.2272997,5.3155379,5.0553351
2024-04-03,INTC,4.8255785,4.8232887,4.7787627
2024-04-03,MSFT,45.301803,46.12923,44.346492
2024-04-03,NKE,1.0570947,1.0693985,1.0563987
2024-04-03,VZ,0.49929926,0.51347285,0.49544292
2024-04-03,WMT,0.64833483,0.65266231,0.64326666
2024-04-04,AAPL,15.66253,15.920529,15.353699
2024-04-04,AMGN,0.78689146,0.80629873,0.77613243
2024-04-04,CRM,3.1779988,3.2712281,3.1359761
2024-04-04,CSCO,7.1792387,7.2202356,7.1194229
2024-04-04,IBM,5.1703528,5.2302501,5.1293205
2024-04-04,INTC,4.8722731,4.9324682,4.8725409
2024-04-04,MSFT,46.704301,47.630747,45.922586
2024-04-04,NKE,1.0599739,1.080134,1.0790454
2024-04-04,VZ,0.49729149,0.50171278,0.49128749
2024-04-04,WMT,0.65782378,0.66770242,0.66045473
2024-04-05,AAPL,15.672918,15.790272,15.757065
2024-04-05,AMGN,0.76159262,0.77927267,0.74981049
2024-04-05,CRM,3.0820197,3.144734,3.1347674
2024-04-05,CSCO,7.0768467,7.147033,6.9231777
2024-04-05,IBM,5.1470455,5.1827979,5.0779581
2024-04-05,INTC,4.8013397,4.9365849,4.7955331
2024-04-05,MSFT,46.866434,47.477201,46.865213
2024-04-05,NKE,1.0838119,1.0858107,1.0723694
2024-04-05,VZ,0.49475908,0.49500892,0.48541363
2024-04-05,WMT,0.66005079,0.66536111,0.64932988
2024-04-08,AAPL,15.505204,15.494224,15.151721
2024-04-08,AMGN,0.75250663,0.75628764,0.7534175
2024-04-08,CRM,3.0685206,3.0438512,2.9658889
2024-04-08,CSCO,7.0121505,6.9534351,7.1046443
2024-04-08,IBM,5.1206939,5.1509208,5.0625784
2024-04-08,INTC,4.7368989,4.7582591,4.7486284
2024-04-08,MSFT,47.683448,48.081151,47.897644
2024-04-08,NKE,1.0672939,1.0805318,1.0407996
2024-04-08,VZ,0.49582895,0.4994978,0.48260626
2024-04-08,WMT,0.64273453,0.63803007,0.64351315
2024-04-09,AAPL,15.54372,15.429016,15.430757
2024-04-09,AMGN,0.76018561,0.76997433,0.74649756
2024-04-09,CRM,3.0440323,3.0741181,3.0009
2024-04-09,CSCO,6.7501076,6.7743935,6.7701481
2024-04-09,IBM,5.0840556,5.0328866,4.9201709
2024-04-09,INTC,4.7252151,4.7687929,4.673264
2024-04-09,MSFT,47.615392,47.48506,47.743844
2024-04-09,NKE,1.0600057,1.0720625,1.0435371
2024-04-09,VZ,0.48605025,0.48833599,0.48507164
2024-04-09,WMT,0.62876987,0.63288387,0.6157427
2024-04-10,AAPL,15.484954,15.552997,15.501083
2024-04-10,AMGN,0.76119758,0.76914266,0.75900698
2024-04-10,CRM,3.1206143,3.2196535,3.1255828
2024-04-10,CSCO,6.5305454,6.47893,6.3706143
2024-04-10,IBM,4.975981,5.0250716,4.8555586
2024-04-10,INTC,4.727144,4.7443517,4.6261103
2024-04-10,MSFT,48.074189,48.689796,47.472984
2024-04-10,NKE,1.0674247,1.0975719,1.0540759
2024-04-10,VZ,0.4864437,0.48144764,0.4783215
2024-04-10,WMT,0.63697533,0.64504408,0.63292269
2024-04-11,AAPL,15.603662,15.540335,15.054353
2024-04-11,AMGN,0.75400291,0.76629412,0.76675442
2024-04-11,CRM,3.1369626,3.1829254,3.0777609
2024-04-11,CSCO,6.6156854,6.6823856,6.5314464
2024-04-11,IBM,4.861854,4.9480274,4.8321051
2024-04-11,INTC,4.5996279,4.5718487,4.5675729
2024-04-11,MSFT,46.984549,46.865441,46.194137
2024-04-11,NKE,1.0356936,1.0178656,1.0232342
2024-04-11,VZ,0.48352639,0.4916368,0.4742082
2024-04-11,WMT,0.63213896,0.63773187,0.6356004
2024-04-12,AAPL,15.706072,15.708289,15.501273
2024-04-12,AMGN,0.72767375,0.74174022,0.71356499
2024-04-12,CRM,2.9290587,3.0000976,2.9065384
2024-04-12,CSCO,6.3568943,6.3638509,6.2585132
2024-04-12,IBM,4.9313744,4.8916259,4.903922
2024-04-12,INTC,4.6064233,4.5622947,4.5158618
2024-04-12,MSFT,45.715979,46.222895,45.996473
2024-04-12,NKE,1.0091892,1.021497,1.008972
2024-04-12,VZ,0.47780999,0.47557952,0.47194884
2024-04-12,WMT,0.62106941,0.63833385,0.61811025
2024-04-15,AAPL,15.663976,15.813809,15.5228
2024-04-15,AMGN,0.72259895,0.73206381,0.7167181
2024-04-15,CRM,2.7428262,2.7099766,2.6516152
2024-04-15,CSCO,6.2054451,6.2870007,6.1300746
2024-04-15,IBM,4.7460927,4.7691838,4.699063
2024-04-15,INTC,4.5200009,4.5911432,4.4885343
2024-04-15,MSFT,45.070236,44.333079,45.656284
2024-04-15,NKE,0.98557822,0.97339726,0.98105544
2024-04-15,VZ,0.47655625,0.47991969,0.46831413
2024-04-15,WMT,0.61399036,0.61105732,0.60281125
2024-04-16,AAPL,15.149539,15.284069,15.347086
2024-04-16,AMGN,0.70766937,0.71410425,0.70194672
2024-04-16,CRM,2.7454381,2.770051,2.6237662
2024-04-16,CSCO,6.2751171,6.218129,6.2430403
2024-04-16,IBM,4.7307182,4.8241871,4.6227774
2024-04-16,INTC,4.393904,4.4800692,4.4587136
2024-04-16,MSFT,45.171648,45.339715,45.004272
2024-04-16,NKE,1.0026624,0.99465576,0.99610759
2024-04-16,VZ,0.4755232,0.47959682,0.47331479
2024-04-16,WMT,0.60273318,0.62110774,0.5941302
2024-04-17,AAPL,14.927947,15.336094,14.7646
2024-04-17,AMGN,0.69806931,0.70751603,0.68398216
2024-04-17,CRM,2.7366586,2.7215533,2.677123
2024-04-17,CSCO,6.3141033,6.3107139,6.2351271
2024-04-17,IBM,4.7984351,4.8273426,4.7761536
2024-04-17,INTC,4.2889652,4.3979348,4.2540125
2024-04-17,MSFT,45.098576,44.587445,44.649249
2024-04-17,NKE,0.98603368,0.98855054,0.98428127
2024-04-17,VZ,0.46678579,0.47248982,0.46228148
2024-04-17,WMT,0.60296605,0.6090006,0.59557368
2024-04-18,AAPL,14.831603,14.947252,15.030035
2024-04-18,AMGN,0.6973777,0.70927782,0.68962513
2024-04-18,CRM,2.7707983,2.8091606,2.7459774
2024-04-18,CSCO,6.4497907,6.5265351,6.3648061
2024-04-18,IBM,4.8206065,4.8107591,4.8254578
2024-04-18,INTC,4.2497461,4.3085573,4.1707482
2024-04-18,MSFT,44.805266,44.965496,44.439559
2024-04-18,NKE,0.98514966,0.98706956,0.97320066
2024-04-18,VZ,0.46755101,0.47132024,0.4624854
2024-04-18,WMT,0.60909456,0.62258465,0.60955404
2024-04-19,AAPL,15.01937,15.142504,14.676581
2024-04-19,AMGN,0.69105568,0.70820255,0.6948871
2024-04-19,CRM,2.8821651,2.9790769,2.8633241
2024-04-19,CSCO,6.3106283,6.3464325,6.2824849
2024-04-19,IBM,4.6925706,4.7330783,4.6738862
2024-04-19,INTC,4.1344483,4.1162158,4.1708123
2024-04-19,MSFT,44.488774,43.46986,43.436236
2024-04-19,NKE,0.97395277,0.9771706,0.95588951
2024-04-19,VZ,0.46232626,0.46976268,0.44858664
2024-04-19,WMT,0.59797368,0.59961428,0.60052279
2024-04-22,AAPL,15.100445,15.447343,14.780097
2024-04-22,AMGN,0.68602356,0.69124966,0.68398694
2024-04-22,CRM,2.9581146,3.04974,2.8788395
2024-04-22,CSCO,6.2339961,6.2292608,6.1707206
2024-04-22,IBM,4.725418,4.7225,4.6864046
2024-04-22,INTC,4.2089005,4.1944539,4.2190452
2024-04-22,MSFT,45.065825,45.599785,44.113766
2024-04-22,NKE,0.97898624,1.00685,0.96531031
2024-04-22,VZ,0.46224229,0.46238699,0.46070082
2024-04-22,WMT,0.58751534,0.5938035,0.58666915
2024-04-23,AAPL,15.075154,15.235318,14.331258
2024-04-23,AMGN,0.68528269,0.70100719,0.68160295
2024-04-23,CRM,3.0005861,3.0943462,2.9632629
2024-04-23,CSCO,6.210012,6.263102,6.1601941
2024-04-23,IBM,4.6945216,4.8141493,4.6932624
2024-04-23,INTC,4.2821746,4.3138976,4.2485718
2024-04-23,MSFT,44.833698,45.585292,44.294915
2024-04-23,NKE,0.99860107,1.0207441,0.98333619
2024-04-23,VZ,0.45670868,0.46038615,0.4543117
2024-04-23,WMT,0.57595093,0.57669032,0.57425366
2024-04-24,AAPL,14.979547,14.831709,14.776027
2024-04-24,AMGN,0.67661943,0.69262563,0.66711885
2024-04-24,CRM,3.0642513,3.0543195,2.9797873
2024-04-24,CSCO,6.3353352,6.3698243,6.2212628
2024-04-24,IBM,4.6267468,4.625673,4.6694209
2024-04-24,INTC,4.1155802,4.1518406,4.0711316
2024-04-24,MSFT,45.23886,46.798727,44.905215
2024-04-24,NKE,1.006116,1.010665,0.97681772
2024-04-24,VZ,0.45519417,0.46364553,0.45745707
2024-04-24,WMT,0.57801633,0.58117472,0.57949792
2024-04-25,AAPL,14.940381,14.758803,14.960782
2024-04-25,AMGN,0.67850073,0.68862857,0.66541437
2024-04-25,CRM,3.0060029,2.9962203,2.9112915
2024-04-25,CSCO,6.471606,6.4848291,6.4953805
2024-04-25,IBM,4.5365355,4.6049825,4.5171655
2024-04-25,INTC,4.0303792,4.1374619,3.9851603
2024-04-25,MSFT,46.024279,46.193335,45.313006
2024-04-25,NKE,1.0249823,1.048714,1.0188473
2024-04-25,VZ,0.45107822,0.45438169,0.44538958
2024-04-25,WMT,0.57885259,0.58354877,0.5732845
2024-04-26,AAPL,15.310773,15.544132,15.268646
2024-04-26,AMGN,0.67155691,0.67164321,0.66448698
2024-04-26,CRM,2.995633,3.0314555,2.8980056
2024-04-26,CSCO,6.7298647,6.7557971,6.6765965
2024-04-26,IBM,4.5243812,4.538709,4.4826629
2024-04-26,INTC,3.9604142,3.9923965,4.0075151
2024-04-26,MSFT,46.775627,47.06744,46.411344
2024-04-26,NKE,0.99802641,0.98704957,1.0082456
2024-04-26,VZ,0.44483557,0.44595648,0.43719662
2024-04-26,WMT,0.58378546,0.58968504,0.57514247
2024-04-29,AAPL,15.373793,15.557308,15.205566
2024-04-29,AMGN,0.6675374,0.66678337,0.66488034
2024-04-29,CRM,2.90437,2.8503375,2.8207109
2024-04-29,CSCO,6.9215059,6.987993,6.7476532
2024-04-29,IBM,4.4715252,4.4887986,4.3909362
2024-04-29,INTC,3.918741,3.9765607,3.8891288
2024-04-29,MSFT,46.154918,46.391761,45.074656
2024-04-29,NKE,0.97932421,0.98739173,0.98128681
2024-04-29,VZ,0.44471239,0.44490849,0.44431285
2024-04-29,WMT,0.58669225,0.59428904,0.58958494
2024-04-30,AAPL,15.471036,15.747746,15.202673
2024-04-30,AMGN,0.66445001,0.68266878,0.66360089
2024-04-30,CRM,2.7786126,2.8069681,2.770727
2024-04-30,CSCO,7.1482051,7.2530583,6.9529922
2024-04-30,IBM,4.4850099,4.4798836,4.4222232
2024-04-30,INTC,3.8439116,3.9164293,3.7792073
2024-04-30,MSFT,47.401666,47.173482,47.681869
2024-04-30,NKE,1.0172231,1.0331259,1.013847
2024-04-30,VZ,0.43844824,0.44738994,0.43212241
2024-04-30,WMT,0.58711788,0.58710007,0.5844514
2024-05-01,AAPL,15.762318,15.969748,15.778819
2024-05-01,AMGN,0.64255858,0.65403609,0.63378471
2024-05-01,CRM,2.7087085,2.7073169,2.6905625
2024-05-01,CSCO,7.0411716,7.122156,7.0101442
2024-05-01,IBM,4.4780424,4.5207104,4.4238771
2024-05-01,INTC,3.7426875,3.7636046,3.6967138
2024-05-01,MSFT,47.323205,48.235984,46.951862
2024-05-01,NKE,1.0035554,1.0201376,0.99658723
2024-05-01,VZ,0.44989554,0.45371664,0.45580404
2024-05-01,WMT,0.59144514,0.59096281,0.58566116
2024-05-02,AAPL,15.46096,15.991208,15.130474
2024-05-02,AMGN,0.64934836,0.66057854,0.63759379
2024-05-02,CRM,2.6546018,2.6246651,2.5584722
2024-05-02,CSCO,6.9744935,6.9754837,6.9169951
2024-05-02,IBM,4.5813513,4.5925313,4.5281458
2024-05-02,INTC,3.6522367,3.6700768,3.5862565
2024-05-02,MSFT,46.993821,48.116734,46.259179
2024-05-02,NKE,0.98834029,0.99484698,0.97798285
2024-05-02,VZ,0.43958623,0.44501426,0.43654558
2024-05-02,WMT,0.60260763,0.60651941,0.59885712
2024-05-03,AAPL,15.832592,15.665219,15.434841
2024-05-03,AMGN,0.64528672,0.65310514,0.64935424
2024-05-03,CRM,2.5692329,2.6219373,2.5469239
2024-05-03,CSCO,6.864576,6.7712133,6.7480679
2024-05-03,IBM,4.5073269,4.5232454,4.5110532
2024-05-03,INTC,3.7400754,3.7461002,3.6833673
2024-05-03,MSFT,49.110735,50.341593,48.470278
2024-05-03,NKE,1.0015968,1.0018956,0.97936109
2024-05-03,VZ,0.43636632,0.4393239,0.43483849
2024-05-03,WMT,0.597007,0.60042139,0.59707333
2024-05-06,AAPL,15.721103,15.893867,15.708568
2024-05-06,AMGN,0.64321423,0.660767,0.64079679
2024-05-06,CRM,2.5648789,2.5742412,2.5437132
2024-05-06,CSCO,6.6651691,6.7192033,6.6802982
2024-05-06,IBM,4.5468497,4.5988588,4.5113507
2024-05-06,INTC,3.7953621,3.8450262,3.7735021
2024-05-06,MSFT,49.295614,49.815937,48.655881
2024-05-06,NKE,1.0186623,1.0275136,1.0095839
2024-05-06,VZ,0.43499308,0.4363228,0.43034188
2024-05-06,WMT,0.59850257,0.60651099,0.59045402
2024-05-07,AAPL,15.702507,15.972425,15.654898
2024-05-07,AMGN,0.63098004,0.64508144,0.63446477
2024-05-07,CRM,2.5220408,2.529282,2.495837
2024-05-07,CSCO,6.6809298,6.7779388,6.6333185
2024-05-07,IBM,4.5344374,4.5387234,4.5075584
2024-05-07,INTC,3.7006462,3.7219167,3.6792691
2024-05-07,MSFT,49.359241,49.93045,48.989045
2024-05-07,NKE,1.0209245,1.0274273,1.0029017
2024-05-07,VZ,0.42752117,0.43016709,0.42238203
2024-05-07,WMT,0.58855024,0.5892489,0.57993763
2024-05-08,AAPL,15.204085,15.28874,14.990731
2024-05-08,AMGN,0.63750246,0.64870909,0.62786181
2024-05-08,CRM,2.51312,2.5207696,2.5413207
2024-05-08,CSCO,6.6636855,6.7902688,6.6497803
2024-05-08,IBM,4.481829,4.4710492,4.4385527
2024-05-08,INTC,3.6473018,3.7055109,3.5744952
2024-05-08,MSFT,48.333176,49.400151,48.597047
2024-05-08,NKE,1.0257133,1.0457634,1.0122205
2024-05-08,VZ,0.42894582,0.42568534,0.4236581
2024-05-08,WMT,0.58840888,0.59435055,0.57412904
2024-05-09,AAPL,15.082108,15.17256,15.242868
2024-05-09,AMGN,0.63484602,0.64819575,0.62527226
2024-05-09,CRM,2.4418036,2.3349615,2.3649341
2024-05-09,CSCO,6.5728804,6.5440701,6.4911743
2024-05-09,IBM,4.4790074,4.474172,4.397457
2024-05-09,INTC,3.5158673,3.5618598,3.4676931
2024-05-09,MSFT,46.645205,46.708851,45.152263
2024-05-09,NKE,1.0080667,1.0036182,0.9965545
2024-05-09,VZ,0.41495552,0.4247409,0.40912807
2024-05-09,WMT,0.58714138,0.60063682,0.58308013
2024-05-10,AAPL,15.086266,15.311003,15.110921
2024-05-10,AMGN,0.64390561,0.64862026,0.63238427
2024-05-10,CRM,2.4616064,2.4797613,2.431071
2024-05-10,CSCO,6.3782454,6.4779055,6.2189856
2024-05-10,IBM,4.4152657,4.4462167,4.4156626
2024-05-10,INTC,3.5517831,3.5627299,3.5306626
2024-05-10,MSFT,46.470228,46.285901,45.888257
2024-05-10,NKE,0.97788233,0.98109368,0.97117987
2024-05-10,VZ,0.413311,0.41906787,0.4130497
2024-05-10,WMT,0.59441953,0.60294006,0.58518533
2024-05-13,AAPL,15.159912,15.758766,14.801841
2024-05-13,AMGN,0.64422683,0.65072524,0.64440662
2024-05-13,CRM,2.4262336,2.4208026,2.4399509
2024-05-13,CSCO,6.5140802,6.5288958,6.4907301
2024-05-13,IBM,4.4442723,4.506672,4.4860554
2024-05-13,INTC,3.5579633,3.5885774,3.5016883
2024-05-13,MSFT,46.982706,47.463431,47.078468
2024-05-13,NKE,0.98690295,1.0106969,0.97454738
2024-05-13,VZ,0.41646562,0.41375223,0.4114669
2024-05-13,WMT,0.58615451,0.59361884,0.58060294
2024-05-14,AAPL,15.007709,15.294135,14.794909
2024-05-14,AMGN,0.66634993,0.65767669,0.65865684
2024-05-14,CRM,2.494757,2.4904093,2.455191
2024-05-14,CSCO,6.628018,6.6798729,6.6141419
2024-05-14,IBM,4.416835,4.4977223,4.3934096
2024-05-14,INTC,3.619429,3.692623,3.5672815
2024-05-14,MSFT,48.121858,48.146468,47.205917
2024-05-14,NKE,0.95238661,0.96996861,0.95509393
2024-05-14,VZ,0.41268945,0.41562672,0.41269098
2024-05-14,WMT,0.58367254,0.59286854,0.57548978
2024-05-15,AAPL,15.016842,15.049269,14.665789
2024-05-15,AMGN,0.65480459,0.66799489,0.64390864
2024-05-15,CRM,2.5218401,2.5079924,2.4990358
2024-05-15,CSCO,6.4149611,6.5288727,6.353672
2024-05-15,IBM,4.4718292,4.4900783,4.4678479
2024-05-15,INTC,3.6260548,3.6172602,3.6265238
2024-05-15,MSFT,48.025818,49.457408,47.811026
2024-05-15,NKE,0.94260563,0.95993313,0.92957726
2024-05-15,VZ,0.4086674,0.41498512,0.39899685
2024-05-15,WMT,0.58119246,0.58355835,0.57826703
2024-05-16,AAPL,14.843102,15.455855,14.859704
2024-05-16,AMGN,0.66025728,0.66679727,0.65611153
2024-05-16,CRM,2.480093,2.4397042,2.4613255
2024-05-16,CSCO,6.449907,6.5219219,6.3058849
2024-05-16,IBM,4.5368185,4.6443919,4.5473609
2024-05-16,INTC,3.6310561,3.6246836,3.5999245
2024-05-16,MSFT,47.236206,47.844781,46.637487
2024-05-16,NKE,0.91627517,0.91988408,0.88618523
2024-05-16,VZ,0.40872922,0.41111676,0.40970371
2024-05-16,WMT,0.56373292,0.56699088,0.55968146
2024-05-17,AAPL,14.657086,14.871882,14.164913
2024-05-17,AMGN,0.6593804,0.6768895,0.64985777
2024-05-17,CRM,2.5526315,2.5385608,2.5475196
2024-05-17,CSCO,6.7826567,6.8012276,6.7914651
2024-05-17,IBM,4.553129,4.5547536,4.5106995
2024-05-17,INTC,3.5884896,3.5509681,3.4945493
2024-05-17,MSFT,46.493707,47.351706,45.782845
2024-05-17,NKE,0.9366998,0.94570813,0.92595338
2024-05-17,VZ,0.39737119,0.39668041,0.38867987
2024-05-17,WMT,0.56371357,0.56836098,0.56118947
2024-05-20,AAPL,14.850418,14.809896,14.56655
2024-05-20,AMGN,0.65733385,0.66772976,0.64758367
2024-05-20,CRM,2.5094867,2.5389677,2.4689739
2024-05-20,CSCO,6.8783653,7.0564658,6.7968386
2024-05-20,IBM,4.5082857,4.5135912,4.5196642
2024-05-20,INTC,3.5606392,3.6249603,3.6085464
2024-05-20,MSFT,45.820349,46.340783,44.760915
2024-05-20,NKE,0.90983427,0.91695233,0.92498059
2024-05-20,VZ,0.40036273,0.40061325,0.39595214
2024-05-20,WMT,0.57311607,0.57629552,0.56815636
2024-05-21,AAPL,14.646963,14.709606,14.539185
2024-05-21,AMGN,0.67101276,0.6699024,0.66369955
2024-05-21,CRM,2.4768572,2.5873398,2.5140443
2024-05-21,CSCO,6.8176401,6.9324401,6.7205112
2024-05-21,IBM,4.5025868,4.52113,4.4945122
2024-05-21,INTC,3.5861791,3.5985345,3.5963786
2024-05-21,MSFT,46.423572,47.442569,45.217955
2024-05-21,NKE,0.89581317,0.92232243,0.87825029
2024-05-21,VZ,0.39895784,0.4015337,0.39775553
2024-05-21,WMT,0.56070591,0.55849998,0.55111825
2024-05-22,AAPL,15.002199,15.347128,14.842033
2024-05-22,AMGN,0.65895234,0.66055074,0.64853955
2024-05-22,CRM,2.5163456,2.5368247,2.4243945
2024-05-22,CSCO,6.8432819,6.8630075,6.8207426
2024-05-22,IBM,4.424461,4.5389765,4.3950609
2024-05-22,INTC,3.5121124,3.5502199,3.5382914
2024-05-22,MSFT,45.762831,45.622552,44.788054
2024-05-22,NKE,0.88107114,0.88225516,0.88224854
2024-05-22,VZ,0.3915005,0.39512549,0.38818983
2024-05-22,WMT,0.55929655,0.56667616,0.55487734
2024-05-23,AAPL,15.031437,15.103976,14.935841
2024-05-23,AMGN,0.65302545,0.65373572,0.66187148
2024-05-23,CRM,2.4041625,2.4142663,2.342214
2024-05-23,CSCO,7.0409965,6.9791921,7.0225383
2024-05-23,IBM,4.3682825,4.445264,4.3403885
2024-05-23,INTC,3.5736701,3.662939,3.508986
2024-05-23,MSFT,46.231691,45.995429,45.541363
2024-05-23,NKE,0.85871805,0.87130338,0.84772853
2024-05-23,VZ,0.37892441,0.37961161,0.37854807
2024-05-23,WMT,0.55618867,0.5648207,0.54656666
2024-05-24,AAPL,15.324538,15.369054,15.053525
2024-05-24,AMGN,0.65492229,0.66536078,0.6467905
2024-05-24,CRM,2.4155282,2.5004316,2.3675108
2024-05-24,CSCO,7.1523406,7.1667483,7.1338092
2024-05-24,IBM,4.3500571,4.3807096,4.3109688
2024-05-24,INTC,3.5673008,3.637988,3.5031102
2024-05-24,MSFT,44.90737,45.591334,45.457794
2024-05-24,NKE,0.86240099,0.87467091,0.85292319
2024-05-24,VZ,0.38492006,0.38402577,0.38669475
2024-05-24,WMT,0.55254841,0.56353495,0.54832658
2024-05-28,AAPL,15.091558,15.429739,14.931512
2024-05-28,AMGN,0.64249116,0.6541031,0.63660063
2024-05-28,CRM,2.4275599,2.4500205,2.357164
2024-05-28,CSCO,6.757965,6.735256,6.6748178
2024-05-28,IBM,4.4047325,4.4475196,4.3256702
2024-05-28,INTC,3.6323793,3.7259383,3.640067
2024-05-28,MSFT,43.468008,44.30894,42.997476
2024-05-28,NKE,0.87310849,0.88525816,0.86903043
2024-05-28,VZ,0.3925194,0.3988191,0.38677115
2024-05-28,WMT,0.55012162,0.55213045,0.54830457
2024-05-29,AAPL,15.234284,15.408911,14.972676
2024-05-29,AMGN,0.63783545,0.64429775,0.62339627
2024-05-29,CRM,2.5535469,2.5277761,2.4611616
2024-05-29,CSCO,6.6735519,6.7273692,6.6696545
2024-05-29,IBM,4.3673236,4.457724,4.3552331
2024-05-29,INTC,3.7613216,3.7870881,3.744027
2024-05-29,MSFT,42.681821,42.607324,42.589564
2024-05-29,NKE,0.87931502,0.87852466,0.86373797
2024-05-29,VZ,0.38486207,0.38657671,0.38063692
2024-05-29,WMT,0.5499267,0.55837829,0.54335232
2024-05-30,AAPL,15.190353,15.361421,15.116491
2024-05-30,AMGN,0.64522422,0.65319848,0.63769688
2024-05-30,CRM,2.6462631,2.735197,2.6296166
2024-05-30,CSCO,6.7618244,6.9317598,6.7390242
2024-05-30,IBM,4.3261701,4.3158913,4.3076965
2024-05-30,INTC,3.7615868,3.719089,3.7134448
2024-05-30,MSFT,42.772832,43.856715,43.049041
2024-05-30,NKE,0.84882173,0.85916653,0.83562886
2024-05-30,VZ,0.37289842,0.37476322,0.36158321
2024-05-30,WMT,0.55593516,0.55814416,0.54916568
2024-05-31,AAPL,15.311093,15.663186,15.24643
2024-05-31,AMGN,0.64639564,0.65784745,0.63220132
2024-05-31,CRM,2.6516778,2.6661434,2.6347752
2024-05-31,CSCO,6.827848,6.8195868,6.766552
2024-05-31,IBM,4.2408668,4.2469632,4.2046984
2024-05-31,INTC,3.6970161,3.7943801,3.6166265
2024-05-31,MSFT,43.527033,43.799254,43.491103
2024-05-31,NKE,0.85950378,0.85872738,0.8758927
2024-05-31,VZ,0.37644165,0.38191227,0.37235434
2024-05-31,WMT,0.54258456,0.54847856,0.54012901
2024-06-03,AAPL,15.483342,15.570923,15.123002
2024-06-03,AMGN,0.63745904,0.64840258,0.6337096
2024-06-03,CRM,2.7826593,2.8010083,2.735771
2024-06-03,CSCO,6.6737669,6.7280721,6.6871334
2024-06-03,IBM,4.2406019,4.3177724,4.1871832
2024-06-03,INTC,3.7234536,3.6935305,3.783804
2024-06-03,MSFT,43.968095,43.898964,43.675122
2024-06-03,NKE,0.85738792,0.86316127,0.84576287
2024-06-03,VZ,0.36850093,0.37320878,0.35982446
2024-06-03,WMT,0.54501112,0.55284011,0.54529289
2024-06-04,AAPL,15.473058,15.948772,15.48082
2024-06-04,AMGN,0.62556599,0.62858807,0.62050142
2024-06-04,CRM,2.8742216,2.9152228,2.8749486
2024-06-04,CSCO,6.4742848,6.6709189,6.4305827
2024-06-04,IBM,4.2655779,4.3708,4.2634811
2024-06-04,INTC,3.8311749,3.8977383,3.8561223
2024-06-04,MSFT,44.090409,43.564624,42.84426
2024-06-04,NKE,0.86257247,0.88473449,0.84903883
2024-06-04,VZ,0.36888561,0.37105958,0.36970006
2024-06-04,WMT,0.53244329,0.53240508,0.5224957
2024-06-05,AAPL,15.636722,16.026116,15.730595
2024-06-05,AMGN,0.61185323,0.62485701,0.60420569
2024-06-05,CRM,2.6903793,2.7827923,2.6359884
2024-06-05,CSCO,6.5724638,6.6749485,6.593934
2024-06-05,IBM,4.2922786,4.3616045,4.2565101
2024-06-05,INTC,3.882765,3.9465899,3.7881544
2024-06-05,MSFT,42.924037,43.110176,42.552283
2024-06-05,NKE,0.86499888,0.90459838,0.86695952
2024-06-05,VZ,0.363756,0.36825583,0.35994482
2024-06-05,WMT,0.54141739,0.54787288,0.53976357
2024-06-06,AAPL,15.951369,16.14961,15.808481
2024-06-06,AMGN,0.59457451,0.60335022,0.59161918
2024-06-06,CRM,2.6177186,2.640372,2.5725514
2024-06-06,CSCO,6.4737354,6.5954719,6.4734345
2024-06-06,IBM,4.209,4.2726868,4.188103
2024-06-06,INTC,3.9247068,3.9406791,3.9093785
2024-06-06,MSFT,42.658622,42.580262,42.463524
2024-06-06,NKE,0.8410375,0.8409417,0.82847238
2024-06-06,VZ,0.35939919,0.35724295,0.35346418
2024-06-06,WMT,0.54918854,0.5546524,0.54863386
2024-06-07,AAPL,15.703177,15.668033,15.920783
2024-06-07,AMGN,0.59193964,0.59557203,0.58652977
2024-06-07,CRM,2.5775993,2.6283016,2.5402336
2024-06-07,CSCO,6.2526701,6.212636,6.2081156
2024-06-07,IBM,4.163063,4.157662,4.0965258
2024-06-07,INTC,4.0232212,3.9685495,3.9827492
2024-06-07,MSFT,41.82991,41.131673,41.425132
2024-06-07,NKE,0.82453635,0.8209818,0.82304323
2024-06-07,VZ,0.35299957,0.35448907,0.34902296
2024-06-07,WMT,0.54147193,0.54399823,0.53925708
2024-06-10,AAPL,16.07475,16.210246,16.06881
2024-06-10,AMGN,0.59117867,0.59616196,0.58055638
2024-06-10,CRM,2.4365603,2.4589237,2.3607441
2024-06-10,CSCO,6.1636525,6.2557634,6.0611723
2024-06-10,IBM,4.1956256,4.2368331,4.1634412
2024-06-10,INTC,4.0075832,4.0709512,3.9329803
2024-06-10,MSFT,42.897146,42.314525,42.286274
2024-06-10,NKE,0.85562195,0.87339736,0.8558696
2024-06-10,VZ,0.35721717,0.35999149,0.3552701
2024-06-10,WMT,0.55098604,0.55656592,0.54637322
2024-06-11,AAPL,15.890768,16.140328,15.822557
2024-06-11,AMGN,0.5820799,0.59656805,0.57141684
2024-06-11,CRM,2.5327463,2.6345956,2.4967505
2024-06-11,CSCO,6.3207115,6.3358363,6.2053948
2024-06-11,IBM,4.1333549,4.171088,4.0867812
2024-06-11,INTC,4.0198365,4.0658408,4.0231425
2024-06-11,MSFT,43.421414,44.319165,42.946468
2024-06-11,NKE,0.85856201,0.86121785,0.84688613
2024-06-11,VZ,0.35696228,0.35964296,0.35267574
2024-06-11,WMT,0.53885367,0.53808864,0.53423135
2024-06-12,AAPL,15.825072,16.004002,15.535049
2024-06-12,AMGN,0.56613114,0.57309929,0.55938017
2024-06-12,CRM,2.4382036,2.431992,2.3675324
2024-06-12,CSCO,6.2999698,6.2133789,6.2730692
2024-06-12,IBM,4.0036283,3.9937223,3.9959039
2024-06-12,INTC,4.0709231,4.1011165,3.9829127
2024-06-12,MSFT,42.232877,42.159438,41.83693
2024-06-12,NKE,0.87140404,0.8732423,0.88000558
2024-06-12,VZ,0.36367362,0.37040703,0.36424046
2024-06-12,WMT,0.52089036,0.52994225,0.5166538
2024-06-13,AAPL,15.994707,15.845005,15.627567
2024-06-13,AMGN,0.5439707,0.54374685,0.54303432
2024-06-13,CRM,2.3994348,2.3979274,2.3988976
2024-06-13,CSCO,6.1559931,6.2931948,6.0780152
2024-06-13,IBM,3.8493616,3.9003629,3.9015156
2024-06-13,INTC,4.0194416,4.0127753,4.047533
2024-06-13,MSFT,41.804991,41.363746,41.815342
2024-06-13,NKE,0.89315924,0.89378552,0.89134074
2024-06-13,VZ,0.37101076,0.37165264,0.36170197
2024-06-13,WMT,0.51205794,0.51544688,0.50435358
2024-06-14,AAPL,16.014442,15.998703,15.89077
2024-06-14,AMGN,0.54811633,0.54840552,0.54401274
2024-06-14,CRM,2.4368902,2.4540207,2.3502661
2024-06-14,CSCO,6.2875279,6.3748011,6.1639942
2024-06-14,IBM,3.809855,3.8137654,3.8480766
2024-06-14,INTC,4.0122667,4.0927209,3.9781689
2024-06-14,MSFT,40.927113,41.201956,40.57064
2024-06-14,NKE,0.88034583,0.89164498,0.86785753
2024-06-14,VZ,0.36750843,0.36753034,0.36748217
2024-06-14,WMT,0.50837622,0.51067514,0.50584343
2024-06-17,AAPL,15.657255,15.967668,15.629867
2024-06-17,AMGN,0.54901298,0.55752043,0.54149634
2024-06-17,CRM,2.5685417,2.5757762,2.5470233
2024-06-17,CSCO,6.434198,6.4600219,6.3523927
2024-06-17,IBM,3.7107892,3.7814585,3.6844272
2024-06-17,INTC,3.9595296,3.9967945,3.9739666
2024-06-17,MSFT,41.167472,41.091174,40.245735
2024-06-17,NKE,0.87864661,0.88735943,0.87207221
2024-06-17,VZ,0.37304974,0.37432961,0.36674466
2024-06-17,WMT,0.51376386,0.51745213,0.50605708
2024-06-18,AAPL,15.957642,16.324238,15.891797
2024-06-18,AMGN,0.55528997,0.55643344,0.55253358
2024-06-18,CRM,2.5981687,2.5453851,2.5694601
2024-06-18,CSCO,6.4818109,6.5052095,6.3563948
2024-06-18,IBM,3.626889,3.6655094,3.5794004
2024-06-18,INTC,4.0891438,4.0930932,4.0318985
2024-06-18,MSFT,40.734504,40.727633,40.583897
2024-06-18,NKE,0.87530533,0.88730787,0.87310241
2024-06-18,VZ,0.37213405,0.37579337,0.3710235
2024-06-18,WMT,0.50864955,0.51084092,0.50715739
2024-06-20,AAPL,16.080469,16.179301,15.739733
2024-06-20,AMGN,0.56787468,0.579699,0.55279717
2024-06-20,CRM,2.5755633,2.5573415,2.5951184
2024-06-20,CSCO,6.360236,6.3934133,6.3840283
2024-06-20,IBM,3.5686807,3.6130341,3.5551106
2024-06-20,INTC,4.1781204,4.1727819,4.2018799
2024-06-20,MSFT,41.41613,42.658104,40.604765
2024-06-20,NKE,0.86920421,0.86766782,0.8754603
2024-06-20,VZ,0.36740957,0.36335093,0.36420489
2024-06-20,WMT,0.51019007,0.51186923,0.50797037
2024-06-21,AAPL,15.908445,16.090363,15.438914
2024-06-21,AMGN,0.55514615,0.56480783,0.54629592
2024-06-21,CRM,2.4804137,2.4388995,2.3741165
2024-06-21,CSCO,6.3497132,6.3933011,6.2819632
2024-06-21,IBM,3.5437246,3.585395,3.5460582
2024-06-21,INTC,4.2282418,4.333917,4.1905535
2024-06-21,MSFT,41.355888,40.883532,41.54171
2024-06-21,NKE,0.86386447,0.86432788,0.83686536
2024-06-21,VZ,0.37836487,0.387096,0.3754739
2024-06-21,WMT,0.5107068,0.51188899,0.51097797
2024-06-24,AAPL,16.206503,16.693013,16.493475
2024-06-24,AMGN,0.5291085,0.53453053,0.52487541
2024-06-24,CRM,2.4602321,2.418931,2.4051061
2024-06-24,CSCO,6.2065469,6.2605824,6.1681524
2024-06-24,IBM,3.5159252,3.5250639,3.5058899
2024-06-24,INTC,4.3767709,4.3871809,4.3041512
2024-06-24,MSFT,41.49926,41.95562,41.635468
2024-06-24,NKE,0.85289081,0.85405668,0.8558203
2024-06-24,VZ,0.37866484,0.38021713,0.37991641
2024-06-24,WMT,0.51648985,0.52673406,0.50714618
2024-06-25,AAPL,16.194222,16.423732,15.488016
2024-06-25,AMGN,0.52186738,0.52903912,0.51835533
2024-06-25,CRM,2.4581577,2.4891022,2.3673413
2024-06-25,CSCO,6.3264641,6.4644583,6.2117902
2024-06-25,IBM,3.5137252,3.5826877,3.4984853
2024-06-25,INTC,4.2327518,4.1988267,4.2238242
2024-06-25,MSFT,41.07631,41.506262,40.734779
2024-06-25,NKE,0.84482224,0.87547585,0.82661466
2024-06-25,VZ,0.36727314,0.36660568,0.36603508
2024-06-25,WMT,0.50853331,0.51450257,0.51118619
2024-06-26,AAPL,15.618983,15.941119,15.351555
2024-06-26,AMGN,0.52247492,0.53000535,0.5158624
2024-06-26,CRM,2.5231703,2.5149398,2.4677252
2024-06-26,CSCO,6.3641059,6.4521447,6.3730725
2024-06-26,IBM,3.4794914,3.548318,3.4176903
2024-06-26,INTC,4.2212816,4.3154223,4.1635859
2024-06-26,MSFT,40.636216,40.028833,39.972454
2024-06-26,NKE,0.87042114,0.85647715,0.87205996
2024-06-26,VZ,0.36120481,0.36500511,0.36020337
2024-06-26,WMT,0.50704325,0.51133672,0.5105747
2024-06-27,AAPL,15.382178,15.591548,15.190234
2024-06-27,AMGN,0.52271234,0.52479861,0.5196911
2024-06-27,CRM,2.5823579,2.6240239,2.582716
2024-06-27,CSCO,6.5360771,6.7251016,6.4418738
2024-06-27,IBM,3.565069,3.6300996,3.5697061
2024-06-27,INTC,4.2715336,4.3471742,4.2105245
2024-06-27,MSFT,41.396293,42.381555,40.768337
2024-06-27,NKE,0.83495214,0.83751962,0.83327912
2024-06-27,VZ,0.35883374,0.36165633,0.35319496
2024-06-27,WMT,0.49755422,0.50469866,0.49457555
2024-06-28,AAPL,15.415176,15.664041,15.55135
2024-06-28,AMGN,0.53605025,0.54222499,0.52936202
2024-06-28,CRM,2.4828253,2.5536085,2.3961503
2024-06-28,CSCO,6.4869929,6.5664087,6.4206917
2024-06-28,IBM,3.4565087,3.505961,3.4409407
2024-06-28,INTC,4.2042268,4.2043235,4.104402
2024-06-28,MSFT,40.413663,39.909003,40.245745
2024-06-28,NKE,0.84609445,0.84941625,0.83348273
2024-06-28,VZ,0.36821376,0.37064538,0.36238597
2024-06-28,WMT,0.49742232,0.49497275,0.49162657
2024-07-01,AAPL,14.832479,14.906261,15.00882
2024-07-01,AMGN,0.53532786,0.54442586,0.52447875
2024-07-01,CRM,2.4624938,2.4598887,2.4601618
2024-07-01,CSCO,6.7371604,6.7852712,6.6850765
2024-07-01,IBM,3.4305153,3.4183734,3.4476584
2024-07-01,INTC,4.310368,4.3208133,4.2868449
2024-07-01,MSFT,39.524216,40.180253,38.685801
2024-07-01,NKE,0.83112541,0.85148958,0.82530429
2024-07-01,VZ,0.38154106,0.38173004,0.37766784
2024-07-01,WMT,0.48740302,0.49154937,0.48331501
2024-07-02,AAPL,14.8016,14.903884,14.5296
2024-07-02,AMGN,0.56071815,0.56185822,0.54234225
2024-07-02,CRM,2.3726773,2.3889166,2.3896064
2024-07-02,CSCO,6.6073232,6.6852758,6.4366673
2024-07-02,IBM,3.3603508,3.3583419,3.3787529
2024-07-02,INTC,4.2383349,4.2867337,4.3325598
2024-07-02,MSFT,38.457954,38.814067,37.584767
2024-07-02,NKE,0.80343182,0.80677404,0.79553116
2024-07-02,VZ,0.37946849,0.38019154,0.37929399
2024-07-02,WMT,0.4906576,0.4942125,0.4890193
2024-07-03,AAPL,15.027076,15.227994,14.440142
2024-07-03,AMGN,0.55148121,0.55873764,0.55009711
2024-07-03,CRM,2.413983,2.4351545,2.37785
2024-07-03,CSCO,6.5029716,6.4784996,6.4458925
2024-07-03,IBM,3.4014737,3.4777511,3.3826459
2024-07-03,INTC,4.3423863,4.4044348,4.2721812
2024-07-03,MSFT,38.056399,38.155947,37.771079
2024-07-03,NKE,0.82216623,0.8267231,0.80963312
2024-07-03,VZ,0.38187231,0.38830781,0.38237224
2024-07-03,WMT,0.48715674,0.48986437,0.4790044
2024-07-05,AAPL,14.938837,15.242385,14.578483
2024-07-05,AMGN,0.53140002,0.54526622,0.52629678
2024-07-05,CRM,2.5232546,2.5894368,2.5350569
2024-07-05,CSCO,6.4546819,6.4650988,6.3629171
2024-07-05,IBM,3.4223902,3.4320181,3.4216221
2024-07-05,INTC,4.3812475,4.3977099,4.2973249
2024-07-05,MSFT,37.25869,37.917528,37.573776
2024-07-05,NKE,0.83113329,0.84389157,0.81774279
2024-07-05,VZ,0.38266343,0.38379071,0.37573851
2024-07-05,WMT,0.4837786,0.49461733,0.48075766
2024-07-08,AAPL,15.28842,15.35266,15.067294
2024-07-08,AMGN,0.52108231,0.52855403,0.51682522
2024-07-08,CRM,2.5766937,2.6843744,2.6371015
2024-07-08,CSCO,6.1895999,6.2654251,6.0691335
2024-07-08,IBM,3.4354328,3.42571,3.3870453
2024-07-08,INTC,4.3137873,4.321231,4.3333085
2024-07-08,MSFT,36.895844,37.188188,36.315916
2024-07-08,NKE,0.82536132,0.83940964,0.81879054
2024-07-08,VZ,0.38574195,0.39006123,0.37987699
2024-07-08,WMT,0.4821877,0.48670613,0.47894438
2024-07-09,AAPL,15.042855,14.756864,15.104327
2024-07-09,AMGN,0.52357602,0.53965322,0.51966012
2024-07-09,CRM,2.4794122,2.5327719,2.4645748
2024-07-09,CSCO,6.3521341,6.3838342,6.1797674
2024-07-09,IBM,3.4043994,3.441093,3.3548238
2024-07-09,INTC,4.316949,4.3422498,4.3321993
2024-07-09,MSFT,37.754644,37.902604,37.483505
2024-07-09,NKE,0.80093779,0.8009124,0.77719736
2024-07-09,VZ,0.38876253,0.39067733,0.38246173
2024-07-09,WMT,0.48091994,0.47680495,0.47049571
2024-07-10,AAPL,15.221737,15.549351,14.918795
2024-07-10,AMGN,0.52476947,0.53199178,0.51776726
2024-07-10,CRM,2.5004485,2.5679116,2.4675904
2024-07-10,CSCO,6.22875,6.1501983,6.2821717
2024-07-10,IBM,3.4367133,3.4482153,3.4298963
2024-07-10,INTC,4.4431223,4.5290238,4.3576182
2024-07-10,MSFT,38.073459,38.623664,37.838081
2024-07-10,NKE,0.80190159,0.8143727,0.79473179
2024-07-10,VZ,0.38572796,0.38814001,0.38897261
2024-07-10,WMT,0.48174157,0.48551069,0.47791279
2024-07-11,AAPL,15.310345,15.094756,14.972434
2024-07-11,AMGN,0.53046054,0.53995079,0.52975082
2024-07-11,CRM,2.4885654,2.5150844,2.4795134
2024-07-11,CSCO,6.2081381,6.38444,6.1418484
2024-07-11,IBM,3.3858892,3.395806,3.3777092
2024-07-11,INTC,4.4589943,4.4474763,4.4119444
2024-07-11,MSFT,38.30348,38.481604,37.697568
2024-07-11,NKE,0.78679133,0.79606416,0.79027151
2024-07-11,VZ,0.39132467,0.39450262,0.3918422
2024-07-11,WMT,0.47706886,0.48694076,0.47563241
2024-07-12,AAPL,15.077327,15.437239,14.738864
2024-07-12,AMGN,0.52631266,0.53445969,0.5207736
2024-07-12,CRM,2.5004663,2.5365345,2.3777835
2024-07-12,CSCO,6.2850106,6.3462438,6.2667589
2024-07-12,IBM,3.3830697,3.4574588,3.3815977
2024-07-12,INTC,4.4651776,4.4648223,4.4733275
2024-07-12,MSFT,37.704224,37.385425,36.67044
2024-07-12,NKE,0.77334172,0.77826538,0.77574206
2024-07-12,VZ,0.38811983,0.3906769,0.38515267
2024-07-12,WMT,0.47669186,0.48567498,0.47805551
2024-07-15,AAPL,14.891397,14.80386,14.893755
2024-07-15,AMGN,0.51154586,0.51139697,0.50847388
2024-07-15,CRM,2.4631786,2.4677578,2.4873675
2024-07-15,CSCO,6.4524014,6.5691608,6.3594714
2024-07-15,IBM,3.3694449,3.3677962,3.3710419
2024-07-15,INTC,4.503474,4.5901875,4.3743931
2024-07-15,MSFT,38.020036,37.929575,38.032763
2024-07-15,NKE,0.75441252,0.75920766,0.75863074
2024-07-15,VZ,0.38312225,0.37816292,0.37746713
2024-07-15,WMT,0.4698052,0.46924125,0.4698481
2024-07-16,AAPL,14.723116,15.06765,14.469678
2024-07-16,AMGN,0.49723301,0.50584019,0.48532352
2024-07-16,CRM,2.5044207,2.5472313,2.4146233
2024-07-16,CSCO,6.4484292,6.4693643,6.3830094
2024-07-16,IBM,3.3673964,3.3821114,3.377837
2024-07-16,INTC,4.462237,4.4709082,4.3654901
2024-07-16,MSFT,37.431172,37.934038,36.449144
2024-07-16,NKE,0.76186024,0.77676493,0.75832667
2024-07-16,VZ,0.38143432,0.38423135,0.37223798
2024-07-16,WMT,0.47016622,0.47710801,0.47205409
2024-07-17,AAPL,14.535824,14.841894,14.519531
2024-07-17,AMGN,0.49637854,0.49693689,0.49473291
2024-07-17,CRM,2.5972956,2.6079416,2.6274726
2024-07-17,CSCO,6.5350799,6.6320559,6.4638069
2024-07-17,IBM,3.2987051,3.3183071,3.2532886
2024-07-17,INTC,4.5682193,4.6707615,4.4718411
2024-07-17,MSFT,36.953612,36.530698,36.479696
2024-07-17,NKE,0.76281341,0.77712904,0.73909821
2024-07-17,VZ,0.37748136,0.38170486,0.37815032
2024-07-17,WMT,0.46949681,0.47082769,0.46724705
2024-07-18,AAPL,14.213505,14.452275,14.08996
2024-07-18,AMGN,0.50017033,0.51324465,0.49881029
2024-07-18,CRM,2.6060872,2.6138499,2.600258
2024-07-18,CSCO,6.6485664,6.5911788,6.567922
2024-07-18,IBM,3.3406787,3.3882329,3.3534291
2024-07-18,INTC,4.5298309,4.5892793,4.4578967
2024-07-18,MSFT,37.114579,37.176003,36.699627
2024-07-18,NKE,0.78326058,0.80074672,0.78092759
2024-07-18,VZ,0.37577865,0.37585897,0.37363587
2024-07-18,WMT,0.47734489,0.48782967,0.47500264
2024-07-19,AAPL,13.966697,14.08122,13.715071
2024-07-19,AMGN,0.49572547,0.49925126,0.48839951
2024-07-19,CRM,2.6536512,2.66485,2.5991138
2024-07-19,CSCO,6.735712,6.659758,6.6685231
2024-07-19,IBM,3.3405786,3.3421898,3.3424944
2024-07-19,INTC,4.4398406,4.4714232,4.4437509
2024-07-19,MSFT,37.521135,37.781653,37.311318
2024-07-19,NKE,0.76947171,0.78325662,0.77282163
2024-07-19,VZ,0.37385338,0.38056964,0.36621713
2024-07-19,WMT,0.47571637,0.48035069,0.47848426
2024-07-22,AAPL,13.849435,14.003379,14.016425
2024-07-22,AMGN,0.50725098,0.51516317,0.50018451
2024-07-22,CRM,2.6911235,2.7432017,2.6369134
2024-07-22,CSCO,6.60431,6.6539702,6.6476309
2024-07-22,IBM,3.3797982,3.3852241,3.3498606
2024-07-22,INTC,4.4852281,4.5318475,4.4305971
2024-07-22,MSFT,37.719818,37.668557,37.480307
2024-07-22,NKE,0.74988525,0.76118456,0.74781696
2024-07-22,VZ,0.37395788,0.38247903,0.37038884
2024-07-22,WMT,0.4811624,0.48126846,0.47838814
2024-07-23,AAPL,13.573514,13.705879,13.559146
2024-07-23,AMGN,0.51210013,0.52141909,0.51055744
2024-07-23,CRM,2.6766697,2.6563902,2.5824714
2024-07-23,CSCO,6.5411933,6.5180217,6.5850695
2024-07-23,IBM,3.3867364,3.4332352,3.363143
2024-07-23,INTC,4.4975755,4.51951,4.4323133
2024-07-23,MSFT,37.357549,37.079546,36.846178
2024-07-23,NKE,0.7422413,0.75865719,0.74133904
2024-07-23,VZ,0.37632822,0.38106415,0.36915647
2024-07-23,WMT,0.48928265,0.4916449,0.48434393
2024-07-24,AAPL,13.885954,13.841602,13.620673
2024-07-24,AMGN,0.51212994,0.51753469,0.50714762
2024-07-24,CRM,2.6444653,2.7899918,2.6019897
2024-07-24,CSCO,6.4897118,6.3970335,6.4740209
2024-07-24,IBM,3.4122173,3.4794023,3.3562631
2024-07-24,INTC,4.5631846,4.6547729,4.4995603
2024-07-24,MSFT,38.890104,39.098899,38.943169
2024-07-24,NKE,0.73704124,0.73474478,0.72144285
2024-07-24,VZ,0.38236755,0.38195673,0.38348276
2024-07-24,WMT,0.48254623,0.4904877,0.47730804
2024-07-25,AAPL,13.700865,13.728017,13.311673
2024-07-25,AMGN,0.50466464,0.51028516,0.49675258
2024-07-25,CRM,2.6154667,2.6297625,2.5824437
2024-07-25,CSCO,6.5295118,6.5861365,6.4243599
2024-07-25,IBM,3.3844196,3.4229136,3.3709822
2024-07-25,INTC,4.6627472,4.6844712,4.5458095
2024-07-25,MSFT,39.251573,39.777982,38.633941
2024-07-25,NKE,0.73115597,0.73894264,0.72325443
2024-07-25,VZ,0.37937497,0.38517951,0.37721504
2024-07-25,WMT,0.47311819,0.4739889,0.46955833
2024-07-26,AAPL,13.626722,13.736296,13.59684
2024-07-26,AMGN,0.51503244,0.51940904,0.50903616
2024-07-26,CRM,2.5592064,2.6330567,2.5295087
2024-07-26,CSCO,6.4387467,6.5583338,6.2993496
2024-07-26,IBM,3.336248,3.3762817,3.3107195
2024-07-26,INTC,4.728223,4.6591022,4.6757854
2024-07-26,MSFT,38.473152,38.510127,38.168136
2024-07-26,NKE,0.70321327,0.71034189,0.701097
2024-07-26,VZ,0.37921866,0.3799987,0.37784118
2024-07-26,WMT,0.49074418,0.49331584,0.49092589
2024-07-29,AAPL,13.58292,13.602982,13.309558
2024-07-29,AMGN,0.51474097,0.52634807,0.51185116
2024-07-29,CRM,2.5502798,2.6051373,2.5591723
2024-07-29,CSCO,6.5339306,6.5340061,6.4752977
2024-07-29,IBM,3.3706542,3.3854727,3.3882858
2024-07-29,INTC,4.6361495,4.7694142,4.5358227
2024-07-29,MSFT,39.611354,40.107102,39.627517
2024-07-29,NKE,0.71545614,0.72035736,0.71052405
2024-07-29,VZ,0.382283,0.38051724,0.37804771
2024-07-29,WMT,0.48906616,0.4943156,0.48836476
2024-07-30,AAPL,13.484296,13.843287,13.112753
2024-07-30,AMGN,0.5140586,0.52485489,0.50613224
2024-07-30,CRM,2.5954371,2.5578212,2.5982539
2024-07-30,CSCO,6.5766028,6.596016,6.5590049
2024-07-30,IBM,3.3311213,3.3009601,3.3112996
2024-07-30,INTC,4.6050717,4.6747203,4.4803016
2024-07-30,MSFT,39.861904,39.913058,39.285324
2024-07-30,NKE,0.70152258,0.70479018,0.6874377
2024-07-30,VZ,0.37779358,0.38430131,0.37429242
2024-07-30,WMT,0.49163231,0.49838104,0.48558901
2024-07-31,AAPL,13.748145,13.929587,13.451847
2024-07-31,AMGN,0.52557128,0.53715244,0.52023732
2024-07-31,CRM,2.5321302,2.5523945,2.5932474
2024-07-31,CSCO,6.5074203,6.5171637,6.3517834
2024-07-31,IBM,3.3094111,3.2931432,3.2485191
2024-07-31,INTC,4.5810674,4.5949893,4.4314827
2024-07-31,MSFT,39.311002,39.833367,38.53707
2024-07-31,NKE,0.69801497,0.69767493,0.69570719
2024-07-31,VZ,0.37072854,0.37468644,0.37069968
2024-07-31,WMT,0.49375377,0.49537153,0.49112811
2024-08-01,AAPL,13.640391,13.867125,13.455311
2024-08-01,AMGN,0.54113089,0.54925171,0.53816866
2024-08-01,CRM,2.5484854,2.5672571,2.4860433
2024-08-01,CSCO,6.345134,6.3587099,6.2890902
2024-08-01,IBM,3.3038463,3.3015306,3.2845839
2024-08-01,INTC,4.7530211,4.7771709,4.6580684
2024-08-01,MSFT,37.671416,38.144542,37.637519
2024-08-01,NKE,0.70204565,0.70733321,0.69040801
2024-08-01,VZ,0.36865596,0.37380557,0.36831548
2024-08-01,WMT,0.50192565,0.50438538,0.50103008
2024-08-02,AAPL,14.083889,14.248669,13.817125
2024-08-02,AMGN,0.54105555,0.5480787,0.53853187
2024-08-02,CRM,2.5554203,2.6284099,2.4982595
2024-08-02,CSCO,6.31393,6.4537575,6.3180569
2024-08-02,IBM,3.3289444,3.2888014,3.2579174
2024-08-02,INTC,4.7616773,4.8450903,4.8176179
2024-08-02,MSFT,38.692333,39.411876,37.866326
2024-08-02,NKE,0.70140218,0.70324896,0.69101916
2024-08-02,VZ,0.36470026,0.37069068,0.36105913
2024-08-02,WMT,0.49582831,0.50660311,0.48278796
2024-08-05,AAPL,14.162776,14.24131,14.228671
2024-08-05,AMGN,0.53288415,0.54052307,0.5282344
2024-08-05,CRM,2.4952279,2.4953719,2.4864927
2024-08-05,CSCO,6.1483185,6.1227221,6.0572797
2024-08-05,IBM,3.3256588,3.3949256,3.3238922
2024-08-05,INTC,4.6765456,4.6332313,4.5907014
2024-08-05,MSFT,38.509359,39.220363,38.116469
2024-08-05,NKE,0.69137004,0.70246989,0.69530268
2024-08-05,VZ,0.37320364,0.37384055,0.3761217
2024-08-05,WMT,0.50583029,0.50788271,0.50652428
2024-08-06,AAPL,13.465717,13.71128,13.351962
2024-08-06,AMGN,0.55257021,0.56034067,0.54794965
2024-08-06,CRM,2.5632515,2.5581961,2.5648447
2024-08-06,CSCO,6.1398623,6.2251656,6.0333883
2024-08-06,IBM,3.3939109,3.4403618,3.35383
2024-08-06,INTC,4.6160605,4.5417934,4.6399805
2024-08-06,MSFT,38.716345,38.722469,38.234821
2024-08-06,NKE,0.68269493,0.69632554,0.67802193
2024-08-06,VZ,0.36958317,0.369301,0.36477482
2024-08-06,WMT,0.51452972,0.52116555,0.51040004
2024-08-07,AAPL,13.276022,13.679365,13.104524
2024-08-07,AMGN,0.54432959,0.56443445,0.53230294
2024-08-07,CRM,2.5207615,2.5822486,2.4500122
2024-08-07,CSCO,6.0064349,6.0511162,6.0129543
2024-08-07,IBM,3.3546841,3.3964978,3.3532786
2024-08-07,INTC,4.5360484,4.5427406,4.4440917
2024-08-07,MSFT,40.265488,41.065628,39.517333
2024-08-07,NKE,0.67427944,0.68195994,0.66192377
2024-08-07,VZ,0.36563709,0.36798597,0.36059741
2024-08-07,WMT,0.52137964,0.52070661,0.51870813
2024-08-08,AAPL,13.344896,13.605605,13.218194
2024-08-08,AMGN,0.55563134,0.56950231,0.55886255
2024-08-08,CRM,2.5856464,2.6462302,2.55594
2024-08-08,CSCO,6.2621194,6.3171217,6.3177674
2024-08-08,IBM,3.3906769,3.3703032,3.3240971
2024-08-08,INTC,4.492604,4.5215703,4.3758305
2024-08-08,MSFT,39.054996,39.521718,38.157197
2024-08-08,NKE,0.69796304,0.68727698,0.67672102
2024-08-08,VZ,0.36606255,0.36885294,0.36335494
2024-08-08,WMT,0.51770078,0.51852924,0.51688066
2024-08-09,AAPL,13.379529,13.751511,13.379695
2024-08-09,AMGN,0.54815712,0.55346925,0.55163703
2024-08-09,CRM,2.6360579,2.7132623,2.6010648
2024-08-09,CSCO,6.2060909,6.2663969,6.177176
2024-08-09,IBM,3.3422642,3.3528417,3.2740104
2024-08-09,INTC,4.5155719,4.5645049,4.3759751
2024-08-09,MSFT,38.304839,38.618155,37.201897
2024-08-09,NKE,0.67796897,0.67536693,0.67681539
2024-08-09,VZ,0.3707665,0.37420623,0.37131704
2024-08-09,WMT,0.50752027,0.50616029,0.50266027
2024-08-12,AAPL,13.52323,13.602778,13.2387
2024-08-12,AMGN,0.55293466,0.56013712,0.54305698
2024-08-12,CRM,2.5486322,2.5867121,2.5121281
2024-08-12,CSCO,6.1348565,6.2031556,6.1149603
2024-08-12,IBM,3.2863983,3.2562971,3.2668943
2024-08-12,INTC,4.5269367,4.5774498,4.4313226
2024-08-12,MSFT,38.698961,38.435105,37.624222
2024-08-12,NKE,0.68241639,0.67431848,0.69010066
2024-08-12,VZ,0.37531878,0.37894007,0.37703448
2024-08-12,WMT,0.521503,0.52806968,0.5160849
2024-08-13,AAPL,13.534381,13.702087,13.344017
2024-08-13,AMGN,0.54247686,0.55426847,0.52956761
2024-08-13,CRM,2.5246724,2.4889303,2.4345445
2024-08-13,CSCO,6.1420693,6.0984274,6.15372
2024-08-13,IBM,3.1594023,3.2125304,3.1150268
2024-08-13,INTC,4.5556981,4.553717,4.4513988
2024-08-13,MSFT,38.153644,38.172492,37.076252
2024-08-13,NKE,0.70295812,0.71182817,0.70243404
2024-08-13,VZ,0.37269007,0.37937593,0.37194308
2024-08-13,WMT,0.52915197,0.52822245,0.52189886
2024-08-14,AAPL,13.123769,13.109967,12.881906
2024-08-14,AMGN,0.54133142,0.54954793,0.53466326
2024-08-14,CRM,2.5134088,2.5602046,2.494315
2024-08-14,CSCO,5.9186501,5.9347418,5.8945507
2024-08-14,IBM,3.0829549,3.1112757,3.0523223
2024-08-14,INTC,4.6366208,4.6599956,4.613879
2024-08-14,MSFT,38.697019,39.187271,37.685194
2024-08-14,NKE,0.73417479,0.73711136,0.73981636
2024-08-14,VZ,0.37541312,0.3762162,0.3698636
2024-08-14,WMT,0.52283036,0.53016928,0.51875488
2024-08-15,AAPL,12.98463,13.231885,13.130227
2024-08-15,AMGN,0.56897026,0.5723333,0.56025252
2024-08-15,CRM,2.5577987,2.6122736,2.5014594
2024-08-15,CSCO,6.0348196,6.0791408,5.9698331
2024-08-15,IBM,3.022015,3.0418627,3.0328081
2024-08-15,INTC,4.6811048,4.7771492,4.6655156
2024-08-15,MSFT,39.602166,41.282398,40.011487
2024-08-15,NKE,0.7658701,0.77496483,0.7555022
2024-08-15,VZ,0.37644958,0.37511199,0.37419346
2024-08-15,WMT,0.51691464,0.52078111,0.51481453
2024-08-16,AAPL,13.393698,13.511774,13.193406
2024-08-16,AMGN,0.57443964,0.59227652,0.57014635
2024-08-16,CRM,2.5632259,2.6014582,2.5145037
2024-08-16,CSCO,6.1087717,6.3044152,6.0402667
2024-08-16,IBM,2.9988484,3.0261382,2.9705918
2024-08-16,INTC,4.5901704,4.7477576,4.5521765
2024-08-16,MSFT,39.57464,39.784543,39.507321
2024-08-16,NKE,0.76197284,0.76856414,0.75513193
2024-08-16,VZ,0.37838223,0.38111931,0.37638671
2024-08-16,WMT,0.52545633,0.52917854,0.52921293
2024-08-19,AAPL,13.71127,13.505421,13.466505
2024-08-19,AMGN,0.57445965,0.58772228,0.5654114
2024-08-19,CRM,2.6281796,2.6254108,2.6500319
2024-08-19,CSCO,6.152645,6.2422824,6.1045507
2024-08-19,IBM,3.0300463,3.077592,2.9699769
2024-08-19,INTC,4.6198153,4.6457181,4.6247013
2024-08-19,MSFT,40.033779,40.64038,39.163389
2024-08-19,NKE,0.74141958,0.74201635,0.73907731
2024-08-19,VZ,0.3708942,0.37983175,0.37428488
2024-08-19,WMT,0.52007108,0.523056,0.51462471
2024-08-20,AAPL,13.708427,13.83276,13.583716
2024-08-20,AMGN,0.57134291,0.58274319,0.5713724
2024-08-20,CRM,2.6220999,2.5475096,2.5380919
2024-08-20,CSCO,6.1267987,6.0797818,5.9613422
2024-08-20,IBM,3.0659623,3.1122474,3.0557022
2024-08-20,INTC,4.6369004,4.6473758,4.6206412
2024-08-20,MSFT,40.373551,40.84291,39.945147
2024-08-20,NKE,0.7185043,0.72717892,0.70734436
2024-08-20,VZ,0.3695423,0.3722786,0.35828063
2024-08-20,WMT,0.51761656,0.52583415,0.50821746
2024-08-21,AAPL,14.207361,14.187763,14.040435
2024-08-21,AMGN,0.56750277,0.57122158,0.56895891
2024-08-21,CRM,2.6056936,2.5476942,2.5232987
2024-08-21,CSCO,6.2450419,6.2263051,6.1500632
2024-08-21,IBM,2.9820465,2.9877144,2.9642247
2024-08-21,INTC,4.7373591,4.8354624,4.7080114
2024-08-21,MSFT,39.680481,39.956866,39.307205
2024-08-21,NKE,0.71701105,0.71615891,0.72852283
2024-08-21,VZ,0.36515603,0.37237043,0.36304831
2024-08-21,WMT,0.51858726,0.52542126,0.51349449
2024-08-22,AAPL,14.493048,14.805815,14.039556
2024-08-22,AMGN,0.56626935,0.57356599,0.55759326
2024-08-22,CRM,2.5239103,2.5614684,2.4440793
2024-08-22,CSCO,6.1312639,6.3125083,6.0477118
2024-08-22,IBM,2.9259397,2.9410385,2.9113812
2024-08-22,INTC,4.7666279,4.7981281,4.6901404
2024-08-22,MSFT,39.424684,39.670835,38.854395
2024-08-22,NKE,0.71024966,0.71758922,0.70338564
2024-08-22,VZ,0.36389081,0.36482503,0.36306507
2024-08-22,WMT,0.52193038,0.52720375,0.51406009
2024-08-23,AAPL,14.436947,14.500227,14.524065
2024-08-23,AMGN,0.56230379,0.56655475,0.55027858
2024-08-23,CRM,2.5555534,2.6305044,2.4942396
2024-08-23,CSCO,6.2016316,6.1190213,6.1783343
2024-08-23,IBM,2.9619419,2.992467,2.9434154
2024-08-23,INTC,4.7481472,4.7939458,4.773925
2024-08-23,MSFT,38.76385,39.098448,37.95149
2024-08-23,NKE,0.72886933,0.74511043,0.71390109
2024-08-23,VZ,0.36693845,0.36491438,0.36279523
2024-08-23,WMT,0.51740044,0.52011123,0.51816551
2024-08-26,AAPL,14.528425,14.660661,14.294985
2024-08-26,AMGN,0.56787822,0.57273632,0.56648761
2024-08-26,CRM,2.5251661,2.5883539,2.4623292
2024-08-26,CSCO,6.262848,6.3801746,6.203088
2024-08-26,IBM,2.943726,2.9893697,2.945728
2024-08-26,INTC,4.7762344,4.8795178,4.6872579
2024-08-26,MSFT,37.969835,38.887708,37.63048
2024-08-26,NKE,0.72886898,0.72887229,0.72376215
2024-08-26,VZ,0.36818407,0.36925751,0.36168904
2024-08-26,WMT,0.50863111,0.50781519,0.50628371
2024-08-27,AAPL,14.233163,14.502926,13.87352
2024-08-27,AMGN,0.5715187,0.57615374,0.57040027
2024-08-27,CRM,2.4789405,2.4479828,2.4249374
2024-08-27,CSCO,6.1784989,6.2150804,6.147813
2024-08-27,IBM,2.9227793,2.9364691,2.8602514
2024-08-27,INTC,4.7676545,4.8674321,4.8079334
2024-08-27,MSFT,37.78564,38.286358,37.709189
2024-08-27,NKE,0.70484312,0.6986104,0.69741764
2024-08-27,VZ,0.36641672,0.37479674,0.36127071
2024-08-27,WMT,0.51305582,0.52004922,0.50879737
2024-08-28,AAPL,14.19334,14.172055,14.182177
2024-08-28,AMGN,0.56796111,0.58068439,0.57035256
2024-08-28,CRM,2.4152033,2.4831734,2.3772896
2024-08-28,CSCO,6.3243364,6.3490228,6.2058048
2024-08-28,IBM,2.8907198,2.9084884,2.8958402
2024-08-28,INTC,4.7631578,4.8402299,4.6944693
2024-08-28,MSFT,38.135513,38.248643,37.132128
2024-08-28,NKE,0.68481975,0.69556667,0.68650571
2024-08-28,VZ,0.36448109,0.36429271,0.36437435
2024-08-28,WMT,0.50906788,0.51699797,0.50378747
2024-08-29,AAPL,13.849904,14.094014,13.595074
2024-08-29,AMGN,0.56324892,0.57835321,0.55636604
2024-08-29,CRM,2.3418912,2.428242,2.3311988
2024-08-29,CSCO,6.3998633,6.4588838,6.3966319
2024-08-29,IBM,2.8648339,2.9076438,2.819979
2024-08-29,INTC,4.6840355,4.7043377,4.6358825
2024-08-29,MSFT,38.501807,39.370972,38.545607
2024-08-29,NKE,0.6908692,0.69407243,0.68769125
2024-08-29,VZ,0.36075727,0.36198499,0.35415872
2024-08-29,WMT,0.50425553,0.49929449,0.50565415
2024-08-30,AAPL,14.024537,14.102628,14.181137
2024-08-30,AMGN,0.54424988,0.55848954,0.54082738
2024-08-30,CRM,2.2795032,2.2828978,2.3119974
2024-08-30,CSCO,6.5150403,6.5489048,6.5627921
2024-08-30,IBM,2.7826121,2.8191991,2.7636688
2024-08-30,INTC,4.8572983,4.940589,4.9118532
2024-08-30,MSFT,38.303702,38.364555,38.090649
2024-08-30,NKE,0.68567325,0.69545647,0.6792233
2024-08-30,VZ,0.35815949,0.35844585,0.3509692
2024-08-30,WMT,0.50629718,0.50996763,0.50648869
2024-09-03,AAPL,14.239993,14.538619,13.974488
2024-09-03,AMGN,0.54259851,0.54957895,0.53979241
2024-09-03,CRM,2.2356811,2.2477214,2.2295333
2024-09-03,CSCO,6.2462518,6.3226556,6.298178
2024-09-03,IBM,2.7542359,2.786957,2.7145409
2024-09-03,INTC,4.811604,4.857086,4.7148463
2024-09-03,MSFT,38.611086,38.762049,39.085902
2024-09-03,NKE,0.67922091,0.68361772,0.65525493
2024-09-03,VZ,0.3517463,0.35815074,0.35171668
2024-09-03,WMT,0.50452828,0.5120823,0.49512301
2024-09-04,AAPL,13.656489,13.644467,13.671015
2024-09-04,AMGN,0.53836412,0.5448339,0.53658209
2024-09-04,CRM,2.198533,2.2556325,2.1509134
2024-09-04,CSCO,6.3563666,6.5666798,6.2786526
2024-09-04,IBM,2.6969734,2.6930837,2.6804816
2024-09-04,INTC,4.8470565,4.8997809,4.8625211
2024-09-04,MSFT,38.702768,39.180552,38.144818
2024-09-04,NKE,0.67162662,0.69404826,0.65425034
2024-09-04,VZ,0.35653055,0.36283216,0.35004124
2024-09-04,WMT,0.5026857,0.51209629,0.49748815
2024-09-05,AAPL,13.784346,13.860634,13.665633
2024-09-05,AMGN,0.53503129,0.54397093,0.54692499
2024-09-05,CRM,2.1614497,2.1870811,2.1664955
2024-09-05,CSCO,6.3713922,6.460409,6.321907
2024-09-05,IBM,2.7274635,2.7555314,2.7233625
2024-09-05,INTC,4.7690516,4.7749363,4.829565
2024-09-05,MSFT,39.957882,40.771619,39.882371
2024-09-05,NKE,0.67674711,0.68719681,0.66243541
2024-09-05,VZ,0.35591735,0.35794043,0.35472803
2024-09-05,WMT,0.50069223,0.50424033,0.49552105
2024-09-06,AAPL,14.180037,14.41736,14.306777
2024-09-06,AMGN,0.53739079,0.55478528,0.5383965
2024-09-06,CRM,2.0861347,2.0483314,2.0559735
2024-09-06,CSCO,6.4765518,6.6723182,6.4614255
2024-09-06,IBM,2.7676887,2.8119319,2.7945744
2024-09-06,INTC,4.7683959,4.8863813,4.6963519
2024-09-06,MSFT,40.595232,40.252468,39.722058
2024-09-06,NKE,0.67517618,0.6878984,0.66393327
2024-09-06,VZ,0.35804973,0.35794921,0.35653844
2024-09-06,WMT,0.49807522,0.50318095,0.49548515
2024-09-09,AAPL,14.659337,14.972695,14.343717
2024-09-09,AMGN,0.53243999,0.55069683,0.5358238
2024-09-09,CRM,2.0829579,2.0729053,2.1190383
2024-09-09,CSCO,6.2710715,6.3363628,6.1987265
2024-09-09,IBM,2.79613,2.8147478,2.7765002
2024-09-09,INTC,4.7080828,4.7236793,4.6884461
2024-09-09,MSFT,40.54344,40.745457,39.378462
2024-09-09,NKE,0.65612975,0.66646891,0.64316075
2024-09-09,VZ,0.36464118,0.36447244,0.36580001
2024-09-09,WMT,0.49216357,0.49350513,0.48261569
2024-09-10,AAPL,14.983608,15.043202,14.633517
2024-09-10,AMGN,0.52417201,0.53733616,0.52101721
2024-09-10,CRM,2.0703662,2.0772457,1.9940988
2024-09-10,CSCO,6.0478309,6.069699,6.0313592
2024-09-10,IBM,2.8097378,2.8203828,2.7906352
2024-09-10,INTC,4.69523,4.7596034,4.6296342
2024-09-10,MSFT,40.625962,40.651073,40.294619
2024-09-10,NKE,0.6515613,0.65928323,0.6566002
2024-09-10,VZ,0.36081093,0.36119094,0.35871287
2024-09-10,WMT,0.49625296,0.50177547,0.49124678
2024-09-11,AAPL,15.189681,15.460377,14.744677
2024-09-11,AMGN,0.50501323,0.50253961,0.50369739
2024-09-11,CRM,2.1243821,2.1387202,2.1526538
2024-09-11,CSCO,5.99572,6.0366392,5.9005448
2024-09-11,IBM,2.8671888,2.9012453,2.8359044
2024-09-11,INTC,4.735283,4.8310024,4.6242583
2024-09-11,MSFT,40.713042,41.127724,40.153137
2024-09-11,NKE,0.64713664,0.65302193,0.64233462
2024-09-11,VZ,0.35472876,0.35611011,0.35365712
2024-09-11,WMT,0.49084927,0.49710656,0.48775714
2024-09-12,AAPL,14.746487,14.808399,14.489072
2024-09-12,AMGN,0.52229232,0.53606837,0.51473059
2024-09-12,CRM,2.1127728,2.163041,2.1125803
2024-09-12,CSCO,5.9724204,6.0735334,5.946069
2024-09-12,IBM,2.8752459,2.8949859,2.8144933
2024-09-12,INTC,4.6993982,4.7152225,4.6529446
2024-09-12,MSFT,40.184873,40.805887,40.46777
2024-09-12,NKE,0.65107807,0.66112877,0.63975512
2024-09-12,VZ,0.35243045,0.35806771,0.3458514
2024-09-12,WMT,0.48173702,0.48587277,0.48037446
2024-09-13,AAPL,14.274592,14.535828,13.818154
2024-09-13,AMGN,0.51248073,0.51610816,0.50601284
2024-09-13,CRM,2.0630333,2.0374347,2.0495234
2024-09-13,CSCO,5.9850603,6.0270604,5.8760456
2024-09-13,IBM,2.842621,2.8521222,2.8437945
2024-09-13,INTC,4.616031,4.7721068,4.5481586
2024-09-13,MSFT,40.301727,40.545336,39.920699
2024-09-13,NKE,0.66962675,0.67569382,0.66462431
2024-09-13,VZ,0.35145975,0.35534182,0.35383545
2024-09-13,WMT,0.46926877,0.4710538,0.46593068
2024-09-16,AAPL,14.566125,14.748822,14.333228
2024-09-16,AMGN,0.49991925,0.50528429,0.50299775
2024-09-16,CRM,2.0439209,2.0776349,2.0118041
2024-09-16,CSCO,6.0817637,6.0487199,6.0138074
2024-09-16,IBM,2.8289745,2.857135,2.7696867
2024-09-16,INTC,4.6413534,4.652925,4.6154535
2024-09-16,MSFT,41.198477,42.314164,41.019337
2024-09-16,NKE,0.65070407,0.65167982,0.64103671
2024-09-16,VZ,0.34225382,0.34334909,0.33681624
2024-09-16,WMT,0.47382806,0.47229207,0.46877002
2024-09-17,AAPL,13.652032,14.228975,13.498674
2024-09-17,AMGN,0.49144195,0.49447194,0.48377225
2024-09-17,CRM,1.9529286,1.9792691,1.9672316
2024-09-17,CSCO,6.0981931,6.0594155,6.0666422
2024-09-17,IBM,2.8504319,2.8752235,2.8162193
2024-09-17,INTC,4.5757683,4.5421117,4.535002
2024-09-17,MSFT,41.555441,42.87803,41.199092
2024-09-17,NKE,0.63419516,0.64208815,0.630698
2024-09-17,VZ,0.34031431,0.34077112,0.3375254
2024-09-17,WMT,0.47899289,0.47379593,0.47643842
2024-09-18,AAPL,13.668969,14.02417,13.539789
2024-09-18,AMGN,0.4893316,0.49445171,0.48773827
2024-09-18,CRM,1.9914135,2.0672512,1.9759528
2024-09-18,CSCO,6.145602,6.1657965,6.0917806
2024-09-18,IBM,2.8758549,2.8970318,2.8789846
2024-09-18,INTC,4.4947426,4.5434686,4.4376443
2024-09-18,MSFT,41.097261,40.877572,41.334347
2024-09-18,NKE,0.6276195,0.64236091,0.62051612
2024-09-18,VZ,0.33951976,0.33659839,0.33503262
2024-09-18,WMT,0.48614633,0.48411302,0.48670089
2024-09-19,AAPL,12.869311,13.028391,12.597448
2024-09-19,AMGN,0.48848582,0.48628971,0.48362347
2024-09-19,CRM,1.960718,2.0217584,1.9390083
2024-09-19,CSCO,6.1916265,6.2465913,6.2793312
2024-09-19,IBM,2.9409385,2.9980383,2.96754
2024-09-19,INTC,4.4626178,4.5237652,4.4253123
2024-09-19,MSFT,40.42883,40.885385,39.882543
2024-09-19,NKE,0.62690846,0.62613598,0.63039342
2024-09-19,VZ,0.34401795,0.3428337,0.34354213
2024-09-19,WMT,0.49200496,0.4912517,0.4919305
2024-09-20,AAPL,13.006032,13.035105,13.108354
2024-09-20,AMGN,0.48897593,0.50152698,0.48321794
2024-09-20,CRM,1.9923264,1.9847808,1.9841773
2024-09-20,CSCO,6.2110291,6.4113943,6.1788116
2024-09-20,IBM,2.8970906,2.8963185,2.8970742
2024-09-20,INTC,4.4281663,4.4389308,4.4102184
2024-09-20,MSFT,40.880573,41.392698,40.91916
2024-09-20,NKE,0.64070444,0.6572977,0.62533808
2024-09-20,VZ,0.33635084,0.33749771,0.3247425
2024-09-20,WMT,0.48718876,0.49853203,0.48692558
2024-09-23,AAPL,12.90117,13.183897,12.80105
2024-09-23,AMGN,0.47977054,0.47709027,0.47753229
2024-09-23,CRM,2.0528662,2.0749694,2.0322804
2024-09-23,CSCO,6.0482446,6.0667607,6.0578722
2024-09-23,IBM,2.8519937,2.8982431,2.8503562
2024-09-23,INTC,4.2729799,4.259531,4.1672863
2024-09-23,MSFT,40.698003,41.100219,39.761129
2024-09-23,NKE,0.64835422,0.66560516,0.63294467
2024-09-23,VZ,0.34333767,0.34262524,0.34089458
2024-09-23,WMT,0.49595275,0.50688834,0.48967806
2024-09-24,AAPL,12.82865,13.06372,12.448813
2024-09-24,AMGN,0.45695036,0.4681901,0.45275553
2024-09-24,CRM,1.9906797,2.040599,1.9721355
2024-09-24,CSCO,6.0031326,6.0644978,5.9687742
2024-09-24,IBM,2.8755564,2.8882003,2.8714633
2024-09-24,INTC,4.1539029,4.1503423,4.0577622
2024-09-24,MSFT,39.485272,39.588742,39.513392
2024-09-24,NKE,0.64462843,0.65717964,0.65199986
2024-09-24,VZ,0.33916605,0.33739281,0.33728817
2024-09-24,WMT,0.49010274,0.49553911,0.48401435
2024-09-25,AAPL,12.740119,12.743606,12.768821
2024-09-25,AMGN,0.45792231,0.46775814,0.45493776
2024-09-25,CRM,1.8056824,1.8413373,1.7252877
2024-09-25,CSCO,5.8294697,5.9270625,5.8329173
2024-09-25,IBM,2.8658423,2.8847474,2.8573585
2024-09-25,INTC,4.1589431,4.1474253,4.1592337
2024-09-25,MSFT,40.350356,40.278973,40.229429
2024-09-25,NKE,0.64610313,0.65092499,0.64120607
2024-09-25,VZ,0.33874387,0.337195,0.33524444
2024-09-25,WMT,0.48732002,0.48956043,0.48178395
2024-09-26,AAPL,12.390538,12.239305,12.222474
2024-09-26,AMGN,0.45544696,0.462503,0.44985625
2024-09-26,CRM,1.8398982,1.8636131,1.8331341
2024-09-26,CSCO,5.845228,5.9874021,5.8435839
2024-09-26,IBM,2.8688674,2.8937554,2.8728044
2024-09-26,INTC,4.1514477,4.2393304,4.165075
2024-09-26,MSFT,40.516718,40.482607,40.51497
2024-09-26,NKE,0.64236394,0.65149468,0.63688942
2024-09-26,VZ,0.33682296,0.33843444,0.33390854
2024-09-26,WMT,0.49191817,0.49453187,0.48609756
2024-09-27,AAPL,12.444597,12.489582,12.402901
2024-09-27,AMGN,0.45021191,0.46207452,0.43524222
2024-09-27,CRM,1.77239,1.8126372,1.7454905
2024-09-27,CSCO,5.761755,5.7377031,5.6782153
2024-09-27,IBM,2.8305579,2.8358069,2.8123357
2024-09-27,INTC,4.1425125,4.2062131,4.123298
2024-09-27,MSFT,40.590332,41.173212,39.906059
2024-09-27,NKE,0.6497218,0.64328892,0.63372507
2024-09-27,VZ,0.33369986,0.33861776,0.33185096
2024-09-27,WMT,0.48626041,0.49480372,0.48966172
2024-09-30,AAPL,12.123929,11.985265,12.071794
2024-09-30,AMGN,0.44777354,0.45026131,0.44819897
2024-09-30,CRM,1.8064851,1.8207884,1.7594515
2024-09-30,CSCO,5.7331453,5.7913905,5.5954832
2024-09-30,IBM,2.8413322,2.865244,2.8157195
2024-09-30,INTC,4.2264285,4.2564018,4.1768378
2024-09-30,MSFT,41.222134,41.629559,41.30044
2024-09-30,NKE,0.64170791,0.6463878,0.64098864
2024-09-30,VZ,0.33641559,0.34001768,0.34107362
2024-09-30,WMT,0.49374367,0.498715,0.4915774
2024-10-01,AAPL,11.794904,11.900222,11.782359
2024-10-01,AMGN,0.44982846,0.46043888,0.44334557
2024-10-01,CRM,1.8350729,1.9026253,1.807783
2024-10-01,CSCO,5.776022,5.698982,5.7561224
2024-10-01,IBM,2.9426121,2.9610291,2.9033311
2024-10-01,INTC,4.1619176,4.1544968,4.2015576
2024-10-01,MSFT,41.540509,41.505655,41.467212
2024-10-01,NKE,0.6365049,0.63652751,0.61569175
2024-10-01,VZ,0.32945884,0.3341082,0.32397568
2024-10-01,WMT,0.48944599,0.48870642,0.48734526
2024-10-02,AAPL,12.133405,12.298157,11.664222
2024-10-02,AMGN,0.44535692,0.45445836,0.44028296
2024-10-02,CRM,1.7856357,1.8309622,1.7857832
2024-10-02,CSCO,5.8133312,5.863303,5.8455254
2024-10-02,IBM,2.9866935,3.0011851,2.9457633
2024-10-02,INTC,4.0346788,4.1918861,4.0125765
2024-10-02,MSFT,42.252714,42.603595,41.878357
2024-10-02,NKE,0.65215687,0.65378015,0.65391457
2024-10-02,VZ,0.32911383,0.32972041,0.32886481
2024-10-02,WMT,0.49826409,0.50011183,0.49968945
2024-10-03,AAPL,11.842997,12.018468,11.722738
2024-10-03,AMGN,0.45500196,0.46800281,0.44773841
2024-10-03,CRM,1.7125108,1.7159362,1.6525546
2024-10-03,CSCO,5.7272898,5.7037436,5.6891076
2024-10-03,IBM,2.9714327,2.9966161,2.9591702
2024-10-03,INTC,3.9548343,3.9778964,3.9319158
2024-10-03,MSFT,41.555832,42.36096,41.199574
2024-10-03,NKE,0.65042483,0.65285685,0.65010255
2024-10-03,VZ,0.32024206,0.32833617,0.31855982
2024-10-03,WMT,0.49822107,0.50012792,0.49693896
2024-10-04,AAPL,11.825524,11.730479,11.803347
2024-10-04,AMGN,0.44696956,0.44947423,0.43465572
2024-10-04,CRM,1.7639607,1.7731819,1.7712454
2024-10-04,CSCO,5.8514067,6.0007323,5.773088
2024-10-04,IBM,2.9609592,2.9744944,2.9094911
2024-10-04,INTC,3.7931177,3.8690252,3.7322043
2024-10-04,MSFT,40.732278,41.465537,40.38917
2024-10-04,NKE,0.64735486,0.655622,0.63509108
2024-10-04,VZ,0.32298764,0.32814167,0.31921202
2024-10-04,WMT,0.50025985,0.50863597,0.49285737
2024-10-07,AAPL,11.908172,12.074626,11.750699
2024-10-07,AMGN,0.433382,0.44085575,0.42213738
2024-10-07,CRM,1.7608622,1.7480867,1.7755572
2024-10-07,CSCO,5.8607231,5.8490891,5.8233295
2024-10-07,IBM,2.9604876,2.9832197,2.9242585
2024-10-07,INTC,3.753884,3.7991242,3.7098511
2024-10-07,MSFT,40.871674,41.142729,41.826583
2024-10-07,NKE,0.65344772,0.67216591,0.64844641
2024-10-07,VZ,0.31949774,0.31839847,0.31422151
2024-10-07,WMT,0.5028099,0.50602009,0.49947903
2024-10-08,AAPL,11.805176,11.930531,11.663249
2024-10-08,AMGN,0.42180686,0.42291546,0.42462625
2024-10-08,CRM,1.754224,1.7977398,1.7080918
2024-10-08,CSCO,5.8383889,6.0075104,5.7332801
2024-10-08,IBM,2.9200954,2.9498929,2.9138403
2024-10-08,INTC,3.7399908,3.7387879,3.6770752
2024-10-08,MSFT,40.460821,40.67267,39.597626
2024-10-08,NKE,0.65303193,0.64838089,0.66021624
2024-10-08,VZ,0.31048695,0.31502999,0.30671753
2024-10-08,WMT,0.49291187,0.50046801,0.48834098
2024-10-09,AAPL,11.882466,12.000492,11.677718
2024-10-09,AMGN,0.42376805,0.43504806,0.41933818
2024-10-09,CRM,1.7625289,1.7482518,1.7192316
2024-10-09,CSCO,5.8086904,5.8638648,5.7340792
2024-10-09,IBM,2.9450321,2.9783415,2.9334295
2024-10-09,INTC,3.4667198,3.4486572,3.4637858
2024-10-09,MSFT,40.518135,40.093371,39.927489
2024-10-09,NKE,0.65059296,0.65869617,0.63334233
2024-10-09,VZ,0.31248166,0.31295258,0.31274386
2024-10-09,WMT,0.49861492,0.50470646,0.49621921
2024-10-10,AAPL,11.89148,11.762804,11.904217
2024-10-10,AMGN,0.42782711,0.43672933,0.42871443
2024-10-10,CRM,1.7574674,1.7488345,1.7837307
2024-10-10,CSCO,6.0041791,6.1208076,5.9511732
2024-10-10,IBM,3.0092252,3.0118116,2.9792451
2024-10-10,INTC,3.5140422,3.6279277,3.4761089
2024-10-10,MSFT,40.225745,40.537937,40.499167
2024-10-10,NKE,0.64398663,0.64149954,0.63774349
2024-10-10,VZ,0.31325327,0.31226563,0.31109992
2024-10-10,WMT,0.49411037,0.49211961,0.49063144
2024-10-11,AAPL,11.480151,11.545278,11.214071
2024-10-11,AMGN,0.43418308,0.44300798,0.43734403
2024-10-11,CRM,1.7306544,1.738019,1.7187334
2024-10-11,CSCO,5.9964169,6.0806995,5.9326556
2024-10-11,IBM,2.9780599,2.9853461,2.9518969
2024-10-11,INTC,3.4359909,3.5668203,3.384943
2024-10-11,MSFT,40.063074,39.797449,39.221961
2024-10-11,NKE,0.64835392,0.64253786,0.64027454
2024-10-11,VZ,0.31971554,0.32518686,0.31805034
2024-10-11,WMT,0.49140549,0.4918784,0.49848724
2024-10-14,AAPL,11.455401,11.497756,11.097758
2024-10-14,AMGN,0.43957643,0.43960793,0.43192072
2024-10-14,CRM,1.7225621,1.7675005,1.7407551
2024-10-14,CSCO,5.9487512,5.9919893,5.9589629
2024-10-14,IBM,2.9917172,3.0423242,2.9719667
2024-10-14,INTC,3.3961821,3.4153788,3.3489562
2024-10-14,MSFT,41.400563,42.344474,40.787131
2024-10-14,NKE,0.65412611,0.65169242,0.6648129
2024-10-14,VZ,0.32147569,0.321633,0.31824662
2024-10-14,WMT,0.49875783,0.50576895,0.49509289
2024-10-15,AAPL,11.720554,11.659301,11.992999
2024-10-15,AMGN,0.43575299,0.43835293,0.43026001
2024-10-15,CRM,1.7044171,1.7228961,1.6695548
2024-10-15,CSCO,5.9301724,5.8870669,5.9041997
2024-10-15,IBM,2.9662989,2.9757951,2.9135331
2024-10-15,INTC,3.4468314,3.5084733,3.4037209
2024-10-15,MSFT,40.711207,41.045084,40.283901
2024-10-15,NKE,0.68116667,0.67511477,0.66598262
2024-10-15,VZ,0.31863539,0.32035414,0.32381827
2024-10-15,WMT,0.49701523,0.50468268,0.49854332
2024-10-16,AAPL,11.790736,12.001935,11.761948
2024-10-16,AMGN,0.4391078,0.44558689,0.42551626
2024-10-16,CRM,1.6710013,1.7276569,1.6495807
2024-10-16,CSCO,5.9265927,5.8915985,5.7794267
2024-10-16,IBM,2.9145327,2.9162887,2.9017299
2024-10-16,INTC,3.4830175,3.5106695,3.4973384
2024-10-16,MSFT,40.910729,41.339568,40.572723
2024-10-16,NKE,0.65991351,0.67469519,0.64814929
2024-10-16,VZ,0.32009443,0.32443596,0.30975391
2024-10-16,WMT,0.48878692,0.4963797,0.48556558
2024-10-17,AAPL,11.579359,11.581391,11.689142
2024-10-17,AMGN,0.42826539,0.42786815,0.42893827
2024-10-17,CRM,1.6442313,1.6740139,1.6053803
2024-10-17,CSCO,5.9279277,6.1041938,5.885388
2024-10-17,IBM,2.9310818,2.9532458,2.8799518
2024-10-17,INTC,3.5186254,3.5453609,3.477109
2024-10-17,MSFT,40.812938,41.184437,41.205236
2024-10-17,NKE,0.65638045,0.65298353,0.65316651
2024-10-17,VZ,0.31987747,0.32196376,0.31819327
2024-10-17,WMT,0.48293964,0.48730461,0.48258374
2024-10-18,AAPL,11.118661,11.471398,11.062206
2024-10-18,AMGN,0.42982367,0.4351951,0.42169404
2024-10-18,CRM,1.6741021,1.691996,1.6572902
2024-10-18,CSCO,5.9227275,5.9372614,5.8893309
2024-10-18,IBM,2.9117731,2.9299877,2.8618602
2024-10-18,INTC,3.4670569,3.5199918,3.4134212
2024-10-18,MSFT,39.725866,39.522814,38.957732
2024-10-18,NKE,0.63547448,0.6497776,0.63003905
2024-10-18,VZ,0.32004912,0.32094319,0.3159348
2024-10-18,WMT,0.47557504,0.48370413,0.46916049
2024-10-21,AAPL,11.15992,11.319487,11.021316
2024-10-21,AMGN,0.43535924,0.44788243,0.43974132
2024-10-21,CRM,1.5945596,1.6159844,1.5524581
2024-10-21,CSCO,6.0490261,6.1825608,5.9474277
2024-10-21,IBM,2.8945733,2.9489965,2.8708771
2024-10-21,INTC,3.5167208,3.5726526,3.5053026
2024-10-21,MSFT,39.081266,39.22555,38.471636
2024-10-21,NKE,0.6359203,0.63223809,0.63689351
2024-10-21,VZ,0.31577232,0.31639422,0.3143045
2024-10-21,WMT,0.46144123,0.46079183,0.46114232
2024-10-22,AAPL,11.034919,11.137403,11.000235
2024-10-22,AMGN,0.44196739,0.44578316,0.4312586
2024-10-22,CRM,1.5437208,1.5761408,1.5507408
2024-10-22,CSCO,6.1695168,6.3055577,6.1475033
2024-10-22,IBM,2.8825557,2.9055433,2.8344758
2024-10-22,INTC,3.481216,3.4430528,3.4705867
2024-10-22,MSFT,39.589922,39.60914,38.925379
2024-10-22,NKE,0.65026669,0.64835618,0.65434164
2024-10-22,VZ,0.30758309,0.31445657,0.30553252
2024-10-22,WMT,0.4541774,0.45316822,0.447936
2024-10-23,AAPL,10.965799,10.909214,10.665166
2024-10-23,AMGN,0.42846022,0.43100771,0.42263825
2024-10-23,CRM,1.5024705,1.5268249,1.448642
2024-10-23,CSCO,6.2390701,6.3433133,6.2881297
2024-10-23,IBM,2.8397508,2.8328904,2.8716076
2024-10-23,INTC,3.357055,3.3969202,3.301568
2024-10-23,MSFT,41.088611,41.512555,41.582682
2024-10-23,NKE,0.6521046,0.66291477,0.65435415
2024-10-23,VZ,0.30014738,0.30424505,0.2953175
2024-10-23,WMT,0.45057297,0.45044602,0.44331104
2024-10-24,AAPL,10.865251,11.073186,10.803211
2024-10-24,AMGN,0.41359674,0.41807256,0.4077662
2024-10-24,CRM,1.4885761,1.5143542,1.4310929
2024-10-24,CSCO,6.1072228,6.1138282,6.087019
2024-10-24,IBM,2.8336587,2.8262778,2.7993951
2024-10-24,INTC,3.4558046,3.485265,3.3672703
2024-10-24,MSFT,41.281101,42.025627,39.879722
2024-10-24,NKE,0.67473001,0.66934306,0.67664732
2024-10-24,VZ,0.29352388,0.29283858,0.2883993
2024-10-24,WMT,0.44373446,0.44618445,0.43934463
2024-10-25,AAPL,11.083554,11.195541,10.985047
2024-10-25,AMGN,0.40467168,0.40772406,0.39585766
2024-10-25,CRM,1.458429,1.5216667,1.4208941
2024-10-25,CSCO,6.2403793,6.2037126,6.2003583
2024-10-25,IBM,2.8408667,2.8550557,2.8192706
2024-10-25,INTC,3.3379879,3.3845261,3.315982
2024-10-25,MSFT,41.233072,41.291702,40.955371
2024-10-25,NKE,0.66798246,0.680683,0.66182808
2024-10-25,VZ,0.28936232,0.28989299,0.28837482
2024-10-25,WMT,0.44251678,0.4505265,0.43675126
2024-10-28,AAPL,11.054006,11.05805,10.83588
2024-10-28,AMGN,0.40070047,0.4008699,0.39680557
2024-10-28,CRM,1.5989689,1.6161817,1.5463795
2024-10-28,CSCO,5.9494099,6.0579064,5.8038319
2024-10-28,IBM,2.8657612,2.912614,2.8408956
2024-10-28,INTC,3.2350646,3.2424903,3.1676071
2024-10-28,MSFT,40.769672,41.242178,40.060363
2024-10-28,NKE,0.66525895,0.67409591,0.64639957
2024-10-28,VZ,0.28924259,0.29205557,0.27963106
2024-10-28,WMT,0.43830332,0.44500583,0.43578491
2024-10-29,AAPL,11.118725,11.177294,10.838545
2024-10-29,AMGN,0.39781678,0.40103787,0.39520379
2024-10-29,CRM,1.6583304,1.7098595,1.6704873
2024-10-29,CSCO,5.8102122,5.8891182,5.7321465
2024-10-29,IBM,2.8314401,2.8336489,2.8178221
2024-10-29,INTC,3.215373,3.2229148,3.170895
2024-10-29,MSFT,40.548456,41.322688,40.081588
2024-10-29,NKE,0.66209493,0.66966095,0.65896169
2024-10-29,VZ,0.28999938,0.29253606,0.2867418
2024-10-29,WMT,0.43785875,0.439067,0.43015716
2024-10-30,AAPL,10.95913,11.295036,10.962417
2024-10-30,AMGN,0.38892999,0.38658394,0.37844923
2024-10-30,CRM,1.6496164,1.6600978,1.6579885
2024-10-30,CSCO,5.7765961,5.7812347,5.692512
2024-10-30,IBM,2.8251523,2.7838495,2.847665
2024-10-30,INTC,3.2637886,3.3242363,3.2287233
2024-10-30,MSFT,40.653759,40.580864,41.305185
2024-10-30,NKE,0.65467125,0.66274814,0.64862527
2024-10-30,VZ,0.28711448,0.29382658,0.28376966
2024-10-30,WMT,0.43319012,0.43547815,0.42716029
2024-10-31,AAPL,10.605248,10.637897,10.362319
2024-10-31,AMGN,0.38577291,0.39719916,0.37966772
2024-10-31,CRM,1.6670975,1.6979606,1.6317585
2024-10-31,CSCO,5.8425262,5.956028,5.6598261
2024-10-31,IBM,2.7737537,2.795464,2.7002817
2024-10-31,INTC,3.2737743,3.3102118,3.2702598
2024-10-31,MSFT,40.906811,41.214258,40.075853
2024-10-31,NKE,0.67197677,0.67371082,0.65911481
2024-10-31,VZ,0.28166658,0.2860463,0.28235545
2024-10-31,WMT,0.43993863,0.4420434,0.43365019
2024-11-01,AAPL,10.67137,11.014946,10.46703
2024-11-01,AMGN,0.39393589,0.40319886,0.39328677
2024-11-01,CRM,1.67235,1.7367352,1.6121425
2024-11-01,CSCO,5.8998803,6.0779548,5.8271971
2024-11-01,IBM,2.8060918,2.8617242,2.789811
2024-11-01,INTC,3.2862241,3.2812429,3.3122966
2024-11-01,MSFT,41.191276,42.031506,41.354462
2024-11-01,NKE,0.65627963,0.6630154,0.63513453
2024-11-01,VZ,0.29004931,0.29368811,0.29166697
2024-11-01,WMT,0.44411953,0.4453178,0.43895204
2024-11-04,AAPL,10.882461,11.251759,10.500861
2024-11-04,AMGN,0.39846948,0.40277979,0.39009605
2024-11-04,CRM,1.653889,1.6540178,1.5828646
2024-11-04,CSCO,5.9045535,5.9662632,5.767485
2024-11-04,IBM,2.7018376,2.6820667,2.6388745
2024-11-04,INTC,3.2626355,3.2614174,3.2280301
2024-11-04,MSFT,40.373177,41.073352,40.66127
2024-11-04,NKE,0.64122426,0.64784953,0.63597823
2024-11-04,VZ,0.2881118,0.28727072,0.28274535
2024-11-04,WMT,0.4437398,0.44835165,0.43885706
2024-11-05,AAPL,11.163729,11.227643,11.210508
2024-11-05,AMGN,0.39191974,0.39476791,0.39161419
2024-11-05,CRM,1.6999781,1.7369763,1.7004554
2024-11-05,CSCO,5.6922094,5.7964762,5.588953
2024-11-05,IBM,2.7074781,2.7535245,2.6335367
2024-11-05,INTC,3.2649629,3.2588967,3.1819779
2024-11-05,MSFT,39.438394,39.909791,39.472479
2024-11-05,NKE,0.63812408,0.64265581,0.63960524
2024-11-05,VZ,0.29123937,0.29348454,0.28943067
2024-11-05,WMT,0.44410853,0.44756521,0.44688104
2024-11-06,AAPL,10.677093,10.897152,10.467828
2024-11-06,AMGN,0.38933547,0.39266013,0.38050373
2024-11-06,CRM,1.7249837,1.7383913,1.6827062
2024-11-06,CSCO,5.6512917,5.5679688,5.6595269
2024-11-06,IBM,2.7709746,2.7828541,2.7755677
2024-11-06,INTC,3.2489884,3.2692629,3.2202349
2024-11-06,MSFT,40.13376,40.928177,39.341973
2024-11-06,NKE,0.65146562,0.65436462,0.65903079
2024-11-06,VZ,0.28667301,0.2889936,0.28331327
2024-11-06,WMT,0.43520878,0.4380117,0.43119055
2024-11-07,AAPL,10.782301,10.853227,10.901169
2024-11-07,AMGN,0.38476194,0.39141287,0.37690266
2024-11-07,CRM,1.7202417,1.7515791,1.7032579
2024-11-07,CSCO,5.5567178,5.5643958,5.4699964
2024-11-07,IBM,2.7659132,2.7950294,2.7194429
2024-11-07,INTC,3.3285682,3.3242838,3.2807451
2024-11-07,MSFT,39.399925,40.002337,39.272571
2024-11-07,NKE,0.63056158,0.65200596,0.61867833
2024-11-07,VZ,0.28706244,0.29364329,0.28818392
2024-11-07,WMT,0.43229436,0.42739071,0.43303077
2024-11-08,AAPL,10.632051,10.68925,10.443055
2024-11-08,AMGN,0.37938169,0.38052939,0.37270799
2024-11-08,CRM,1.7954654,1.8081126,1.8069722
2024-11-08,CSCO,5.6351867,5.7111286,5.6345052
2024-11-08,IBM,2.7714256,2.7551333,2.7481917
2024-11-08,INTC,3.3720362,3.4544662,3.392158
2024-11-08,MSFT,38.134807,38.427143,38.424716
2024-11-08,NKE,0.6387463,0.64930168,0.6362405
2024-11-08,VZ,0.28185511,0.28258647,0.28055814
2024-11-08,WMT,0.4358409,0.43858986,0.43406792
2024-11-11,AAPL,10.04922,10.14379,9.7306412
2024-11-11,AMGN,0.38072168,0.37857964,0.38357503
2024-11-11,CRM,1.8437133,1.8525112,1.8226098
2024-11-11,CSCO,5.6301757,5.6989571,5.6262285
2024-11-11,IBM,2.6996893,2.7232443,2.6699027
2024-11-11,INTC,3.382477,3.4334895,3.3411156
2024-11-11,MSFT,37.575509,37.453475,37.042614
2024-11-11,NKE,0.62930754,0.63922561,0.62352535
2024-11-11,VZ,0.27994731,0.27833077,0.27713609
2024-11-11,WMT,0.45094609,0.46069518,0.4437855
2024-11-12,AAPL,10.2662,10.30407,10.07808
2024-11-12,AMGN,0.3921992,0.39408646,0.38652472
2024-11-12,CRM,1.8351868,1.8877191,1.7877988
2024-11-12,CSCO,5.755181,5.7979122,5.6647047
2024-11-12,IBM,2.5995768,2.5842447,2.5811396
2024-11-12,INTC,3.3438074,3.4030835,3.2306754
2024-11-12,MSFT,37.199073,37.59602,37.270454
2024-11-12,NKE,0.63672564,0.64460322,0.63856927
2024-11-12,VZ,0.27562568,0.27662312,0.27624274
2024-11-12,WMT,0.44930669,0.45371272,0.44294377
2024-11-13,AAPL,10.07269,10.310156,9.9474847
2024-11-13,AMGN,0.38767633,0.4015726,0.38177981
2024-11-13,CRM,1.8452814,1.8667287,1.7853908
2024-11-13,CSCO,5.7556105,5.7873869,5.6958283
2024-11-13,IBM,2.6251933,2.6222245,2.5441271
2024-11-13,INTC,3.467228,3.4849857,3.4632154
2024-11-13,MSFT,36.757848,37.408552,36.438924
2024-11-13,NKE,0.63502977,0.63701572,0.62290421
2024-11-13,VZ,0.2720992,0.27480342,0.26992502
2024-11-13,WMT,0.44627955,0.44552892,0.44435084
2024-11-14,AAPL,9.6630857,9.8156277,9.4988182
2024-11-14,AMGN,0.38155206,0.3880362,0.38442054
2024-11-14,CRM,1.9030264,1.9679127,1.9190278
2024-11-14,CSCO,5.5714866,5.4996968,5.4550597
2024-11-14,IBM,2.6163594,2.6433685,2.5650176
2024-11-14,INTC,3.6172502,3.6292672,3.5994383
2024-11-14,MSFT,36.724188,36.717464,36.263423
2024-11-14,NKE,0.65170111,0.65632266,0.65212218
2024-11-14,VZ,0.27850909,0.27682793,0.27779032
2024-11-14,WMT,0.44467092,0.44331421,0.44071094
2024-11-15,AAPL,9.4529982,9.6751377,9.254321
2024-11-15,AMGN,0.37374742,0.37388973,0.37048779
2024-11-15,CRM,1.898263,1.9426161,1.8969619
2024-11-15,CSCO,5.5045005,5.5739193,5.4630091
2024-11-15,IBM,2.62175,2.6142087,2.6360705
2024-11-15,INTC,3.6112817,3.6946412,3.5582381
2024-11-15,MSFT,36.71302,37.292337,36.249595
2024-11-15,NKE,0.65880266,0.66224126,0.65063345
2024-11-15,VZ,0.27401644,0.27630056,0.26682382
2024-11-15,WMT,0.43674842,0.43526768,0.43270923
2024-11-18,AAPL,9.1578601,9.1141762,9.0492898
2024-11-18,AMGN,0.37681633,0.37993059,0.37303139
2024-11-18,CRM,1.9664744,1.9997328,1.9693885
2024-11-18,CSCO,5.4254146,5.4582868,5.3296967
2024-11-18,IBM,2.6353029,2.6416648,2.6060792
2024-11-18,INTC,3.6700896,3.6703967,3.623543
2024-11-18,MSFT,36.833688,37.49067,36.655456
2024-11-18,NKE,0.63206319,0.64045399,0.63459276
2024-11-18,VZ,0.27219678,0.27432907,0.2741262
2024-11-18,WMT,0.42917428,0.43634626,0.42442631
2024-11-19,AAPL,9.3079751,9.2619734,9.1492317
2024-11-19,AMGN,0.37907305,0.38836785,0.37519179
2024-11-19,CRM,1.9715907,2.0323665,1.9303437
2024-11-19,CSCO,5.3790175,5.4772845,5.3497108
2024-11-19,IBM,2.6640767,2.6924826,2.6261697
2024-11-19,INTC,3.5672422,3.6102165,3.5084025
2024-11-19,MSFT,35.788896,36.05359,35.083616
2024-11-19,NKE,0.6496053,0.6659615,0.65030698
2024-11-19,VZ,0.26943243,0.27018353,0.26884919
2024-11-19,WMT,0.42562186,0.42997361,0.41746904
2024-11-20,AAPL,9.4600158,9.8870796,9.2948785
2024-11-20,AMGN,0.38256423,0.3825261,0.37126125
2024-11-20,CRM,1.9442234,2.0209446,1.9418549
2024-11-20,CSCO,5.4570963,5.4260143,5.353109
2024-11-20,IBM,2.6536913,2.6264346,2.6123699
2024-11-20,INTC,3.651824,3.7247029,3.5677413
2024-11-20,MSFT,35.594901,35.587456,35.847582
2024-11-20,NKE,0.64036719,0.64617023,0.63154877
2024-11-20,VZ,0.26347858,0.26400766,0.26569009
2024-11-20,WMT,0.41565453,0.42207228,0.41491718
2024-11-21,AAPL,9.3185041,9.5725338,9.0775408
2024-11-21,AMGN,0.36640229,0.37087331,0.35796999
2024-11-21,CRM,1.8887321,1.8848036,1.8865223
2024-11-21,CSCO,5.5283959,5.5946442,5.4372427
2024-11-21,IBM,2.6615818,2.6542538,2.6767693
2024-11-21,INTC,3.6388643,3.6444397,3.6040748
2024-11-21,MSFT,35.809717,35.836892,35.343631
2024-11-21,NKE,0.61371979,0.61494429,0.60066847
2024-11-21,VZ,0.25591991,0.25715039,0.2544191
2024-11-21,WMT,0.41067664,0.41270794,0.40384178
2024-11-22,AAPL,9.1768071,9.3316179,9.0420804
2024-11-22,AMGN,0.36034972,0.35876658,0.36512173
2024-11-22,CRM,1.8971655,1.9274587,1.8770793
2024-11-22,CSCO,5.6378439,5.7107367,5.5941302
2024-11-22,IBM,2.6345244,2.6376726,2.6044757
2024-11-22,INTC,3.5043676,3.569657,3.4928869
2024-11-22,MSFT,36.315481,36.798441,35.858053
2024-11-22,NKE,0.59215869,0.59129219,0.58908305
2024-11-22,VZ,0.25746938,0.26128197,0.24843264
2024-11-22,WMT,0.4101774,0.40985429,0.40607665
2024-11-25,AAPL,9.1198228,9.1041676,8.9522854
2024-11-25,AMGN,0.35746293,0.36083233,0.35128521
2024-11-25,CRM,1.8274516,1.8606612,1.7968466
2024-11-25,CSCO,5.7944951,5.8264903,5.6878296
2024-11-25,IBM,2.6289508,2.6686777,2.628727
2024-11-25,INTC,3.5343066,3.5788109,3.4868864
2024-11-25,MSFT,36.659608,36.705189,36.737419
2024-11-25,NKE,0.59770872,0.59929195,0.57405776
2024-11-25,VZ,0.25377809,0.25116887,0.24958029
2024-11-25,WMT,0.4107305,0.41511753,0.40690971
2024-11-26,AAPL,9.1894883,9.3356353,8.9984615
2024-11-26,AMGN,0.35779891,0.36144297,0.35190368
2024-11-26,CRM,1.8623916,1.9123011,1.8387676
2024-11-26,CSCO,5.6437916,5.619237,5.6768297
2024-11-26,IBM,2.5779892,2.6109078,2.5315664
2024-11-26,INTC,3.5275424,3.5396524,3.5486418
2024-11-26,MSFT,37.075321,37.922613,36.504934
2024-11-26,NKE,0.57569905,0.5735634,0.56390604
2024-11-26,VZ,0.25141794,0.24814279,0.24553449
2024-11-26,WMT,0.41069464,0.41669178,0.40929457
2024-11-27,AAPL,9.0550785,9.0064515,9.0150342
2024-11-27,AMGN,0.35078057,0.35702257,0.34751229
2024-11-27,CRM,1.8166712,1.84191,1.8134397
2024-11-27,CSCO,5.6409987,5.7183241,5.5267193
2024-11-27,IBM,2.5550548,2.5878646,2.5508805
2024-11-27,INTC,3.4712794,3.4783253,3.4024895
2024-11-27,MSFT,36.993879,37.213794,37.232042
2024-11-27,NKE,0.57759078,0.57399535,0.5612752
2024-11-27,VZ,0.25409511,0.26076342,0.25349121
2024-11-27,WMT,0.407309,0.41266263,0.40637835
2024-11-29,AAPL,8.9364549,9.0701415,8.8505149
2024-11-29,AMGN,0.33507744,0.3370588,0.33434338
2024-11-29,CRM,1.7704306,1.797113,1.7576897
2024-11-29,CSCO,5.5988106,5.606432,5.6303901
2024-11-29,IBM,2.532451,2.5479079,2.4901605
2024-11-29,INTC,3.4342346,3.5332049,3.4045387
2024-11-29,MSFT,37.507896,37.661472,37.492211
2024-11-29,NKE,0.57606784,0.57466588,0.57720663
2024-11-29,VZ,0.25487769,0.25699237,0.25440086
2024-11-29,WMT,0.42168183,0.42443649,0.41338111
2024-12-02,AAPL,8.6259112,8.6134231,8.4468552
2024-12-02,AMGN,0.33806298,0.33948719,0.3376794
2024-12-02,CRM,1.748095,1.7762317,1.6681926
2024-12-02,CSCO,5.6219639,5.672702,5.5920198
2024-12-02,IBM,2.5472908,2.5472843,2.5332532
2024-12-02,INTC,3.3922704,3.4470725,3.347083
2024-12-02,MSFT,36.573742,37.380712,36.378986
2024-12-02,NKE,0.57020545,0.57612604,0.56696018
2024-12-02,VZ,0.25198516,0.25676376,0.25451041
2024-12-02,WMT,0.42258141,0.42621138,0.41882765
2024-12-03,AAPL,8.4741921,8.5599673,8.3889133
2024-12-03,AMGN,0.33884909,0.34519001,0.3366577
2024-12-03,CRM,1.7355874,1.7464957,1.7418144
2024-12-03,CSCO,5.6032576,5.6018783,5.6361426
2024-12-03,IBM,2.5024161,2.5558379,2.4748514
2024-12-03,INTC,3.3611536,3.412692,3.4326163
2024-12-03,MSFT,35.611991,35.964536,35.773537
2024-12-03,NKE,0.56239813,0.56629614,0.56769379
2024-12-03,VZ,0.24956073,0.24946345,0.24935949
2024-12-03,WMT,0.42050737,0.41742032,0.41562422
2024-12-04,AAPL,8.4246354,8.3680771,8.2387023
2024-12-04,AMGN,0.33745899,0.33926322,0.33360188
2024-12-04,CRM,1.7124005,1.7177799,1.7038017
2024-12-04,CSCO,5.6018397,5.6341148,5.5063696
2024-12-04,IBM,2.4859803,2.5212622,2.458085
2024-12-04,INTC,3.3096839,3.3685347,3.239928
2024-12-04,MSFT,35.546012,35.936028,34.931123
2024-12-04,NKE,0.55907,0.55852154,0.55887856
2024-12-04,VZ,0.25171206,0.25176349,0.2486523
2024-12-04,WMT,0.41716537,0.42091158,0.41776327
2024-12-05,AAPL,8.4564469,8.5265593,8.3965827
2024-12-05,AMGN,0.33773638,0.34418117,0.33482106
2024-12-05,CRM,1.7272207,1.7581962,1.6719897
2024-12-05,CSCO,5.4503183,5.4771722,5.33056
2024-12-05,IBM,2.4942628,2.5147429,2.4944067
2024-12-05,INTC,3.272248,3.2745171,3.2375566
2024-12-05,MSFT,34.791716,35.246667,34.341815
2024-12-05,NKE,0.54571856,0.55497136,0.5474645
2024-12-05,VZ,0.25312198,0.24965291,0.25451209
2024-12-05,WMT,0.41373306,0.42000628,0.41552222
2024-12-06,AAPL,8.5600934,8.624267,8.5590919
2024-12-06,AMGN,0.32807494,0.33080983,0.32605628
2024-12-06,CRM,1.717962,1.7363706,1.6808776
2024-12-06,CSCO,5.551796,5.658837,5.6157959
2024-12-06,IBM,2.5177466,2.5681907,2.5068237
2024-12-06,INTC,3.286991,3.2595655,3.1844978
2024-12-06,MSFT,35.413709,35.557924,35.285892
2024-12-06,NKE,0.54588956,0.54282953,0.5442278
2024-12-06,VZ,0.24998103,0.25005527,0.24755197
2024-12-06,WMT,0.41427178,0.41823192,0.4106987
2024-12-09,AAPL,8.3301623,8.3737505,8.144208
2024-12-09,AMGN,0.33115217,0.32967642,0.3310999
2024-12-09,CRM,1.7134215,1.7544172,1.7123395
2024-12-09,CSCO,5.5251512,5.5312516,5.5054503
2024-12-09,IBM,2.5321668,2.5646796,2.5364725
2024-12-09,INTC,3.2144494,3.2486704,3.2363627
2024-12-09,MSFT,36.541619,37.149666,36.083225
2024-12-09,NKE,0.55953892,0.57150196,0.56046941
2024-12-09,VZ,0.24922204,0.24934863,0.24837164
2024-12-09,WMT,0.41203163,0.4097514,0.40541217
2024-12-10,AAPL,8.2194466,8.2138958,8.075628
2024-12-10,AMGN,0.32571342,0.32947714,0.31873745
2024-12-10,CRM,1.8118007,1.8780809,1.7804355
2024-12-10,CSCO,5.5378569,5.6482317,5.4715329
2024-12-10,IBM,2.4944662,2.5419168,2.4716118
2024-12-10,INTC,3.2355979,3.2623761,3.143993
2024-12-10,MSFT,36.489108,36.109484,36.907697
2024-12-10,NKE,0.53641763,0.54154994,0.52948372
2024-12-10,VZ,0.25253244,0.25343235,0.24928042
2024-12-10,WMT,0.41799883,0.42035207,0.41521663
2024-12-11,AAPL,8.4255899,8.5701012,8.238901
2024-12-11,AMGN,0.32315205,0.32980458,0.3145637
2024-12-11,CRM,1.8389219,1.8171312,1.8003366
2024-12-11,CSCO,5.4796285,5.5204151,5.4096461
2024-12-11,IBM,2.5055743,2.51961,2.4961703
2024-12-11,INTC,3.3154664,3.351879,3.2416926
2024-12-11,MSFT,36.04262,35.928717,36.356192
2024-12-11,NKE,0.53341369,0.54523614,0.52479184
2024-12-11,VZ,0.25109193,0.25044229,0.25095228
2024-12-11,WMT,0.41661712,0.42766254,0.41831655
2024-12-12,AAPL,8.3886423,8.3726698,8.4888508
2024-12-12,AMGN,0.31983998,0.32380795,0.31553265
2024-12-12,CRM,1.7884968,1.8206811,1.7351331
2024-12-12,CSCO,5.2496211,5.2762265,5.2624482
2024-12-12,IBM,2.4710971,2.4847181,2.4446177
2024-12-12,INTC,3.2307957,3.255209,3.1364392
2024-12-12,MSFT,36.604342,36.525052,36.31668
2024-12-12,NKE,0.54252519,0.54687076,0.53490788
2024-12-12,VZ,0.24270306,0.24401278,0.23828227
2024-12-12,WMT,0.41616955,0.41064369,0.40997005
2024-12-13,AAPL,8.5399224,8.59425,8.4822627
2024-12-13,AMGN,0.32872511,0.33373972,0.32317898
2024-12-13,CRM,1.8800369,1.8702475,1.8287694
2024-12-13,CSCO,5.1653436,5.1602815,5.0553695
2024-12-13,IBM,2.4144184,2.4693545,2.4011057
2024-12-13,INTC,3.2053464,3.2402301,3.201669
2024-12-13,MSFT,36.642207,36.663396,35.927537
2024-12-13,NKE,0.53480758,0.5418283,0.53100548
2024-12-13,VZ,0.23748082,0.23727835,0.23818399
2024-12-13,WMT,0.42064458,0.4238239,0.42033709
2024-12-16,AAPL,8.557019,8.5750692,8.4438094
2024-12-16,AMGN,0.33063717,0.33598741,0.32451094
2024-12-16,CRM,1.9195761,1.981016,1.8646731
2024-12-16,CSCO,5.0632766,5.1389076,5.0272061
2024-12-16,IBM,2.4275989,2.4558864,2.4464878
2024-12-16,INTC,3.1315379,3.1962337,3.0890989
2024-12-16,MSFT,37.587015,37.936614,37.056968
2024-12-16,NKE,0.53940864,0.53665067,0.54753358
2024-12-16,VZ,0.23358073,0.23900942,0.23247813
2024-12-16,WMT,0.4263403,0.43280508,0.42979763
2024-12-17,AAPL,8.7540441,8.9067299,8.6283401
2024-12-17,AMGN,0.3224566,0.32758251,0.31856367
2024-12-17,CRM,1.8226836,1.831407,1.8475199
2024-12-17,CSCO,5.1334345,5.1760264,5.0600717
2024-12-17,IBM,2.4498252,2.4700645,2.4228249
2024-12-17,INTC,3.1323936,3.1801711,3.0594865
2024-12-17,MSFT,36.995885,37.462137,36.449578
2024-12-17,NKE,0.53346279,0.5321802,0.53475826
2024-12-17,VZ,0.23966557,0.24029426,0.23824637
2024-12-17,WMT,0.42830746,0.43266385,0.43193096
2024-12-18,AAPL,8.6437479,8.6228789,8.5170187
2024-12-18,AMGN,0.31782983,0.32317833,0.31307911
2024-12-18,CRM,1.8564147,1.8713524,1.8814648
2024-12-18,CSCO,5.2056296,5.2989221,5.1591494
2024-12-18,IBM,2.5215146,2.5669876,2.5397627
2024-12-18,INTC,3.1415873,3.2048242,3.0654144
2024-12-18,MSFT,36.557213,36.866902,36.287865
2024-12-18,NKE,0.5435506,0.54528876,0.53828052
2024-12-18,VZ,0.23627168,0.23801692,0.23411935
2024-12-18,WMT,0.42186186,0.42466516,0.42248027
2024-12-19,AAPL,8.369241,8.4679865,8.284087
2024-12-19,AMGN,0.32369492,0.32732585,0.32523784
2024-12-19,CRM,1.857705,1.9105432,1.8288806
2024-12-19,CSCO,5.0877578,5.042576,5.0511554
2024-12-19,IBM,2.5113724,2.4928147,2.4768946
2024-12-19,INTC,3.1947199,3.2339282,3.1251137
2024-12-19,MSFT,35.529414,35.96502,35.176689
2024-12-19,NKE,0.52860761,0.53495195,0.5212859
2024-12-19,VZ,0.22881257,0.231681,0.22522851
2024-12-19,WMT,0.42040134,0.42174639,0.41664524
2024-12-20,AAPL,8.3006246,8.4022465,8.141905
2024-12-20,AMGN,0.3131698,0.31477982,0.30769623
2024-12-20,CRM,1.8579034,1.8951429,1.7920831
2024-12-20,CSCO,5.0243961,5.0528045,4.9658417
2024-12-20,IBM,2.5776507,2.6262814,2.5465211
2024-12-20,INTC,3.1808873,3.2940376,3.1543835
2024-12-20,MSFT,37.045005,36.861692,37.372552
2024-12-20,NKE,0.53710485,0.54111351,0.54523409
2024-12-20,VZ,0.23151347,0.23084544,0.23161424
2024-12-20,WMT,0.4174495,0.42730683,0.41776062
2024-12-23,AAPL,8.1800316,8.3645779,8.0715687
2024-12-23,AMGN,0.30960499,0.31139587,0.30256269
2024-12-23,CRM,1.8103431,1.8293658,1.7875127
2024-12-23,CSCO,5.0577731,5.1418407,5.0990035
2024-12-23,IBM,2.5720051,2.5444772,2.5364311
2024-12-23,INTC,3.2156623,3.2391996,3.2233371
2024-12-23,MSFT,37.520007,37.907677,36.882991
2024-12-23,NKE,0.52197501,0.52613701,0.52412598
2024-12-23,VZ,0.23072924,0.23087606,0.23191622
2024-12-23,WMT,0.41529989,0.41746218,0.41252068
2024-12-24,AAPL,8.1586081,8.3864772,7.9380523
2024-12-24,AMGN,0.31611163,0.30914681,0.31198119
2024-12-24,CRM,1.8340907,1.8758541,1.8113134
2024-12-24,CSCO,5.0741607,5.1194746,5.0901666
2024-12-24,IBM,2.5762914,2.6211002,2.5704766
2024-12-24,INTC,3.2906185,3.2981011,3.258515
2024-12-24,MSFT,38.183787,39.231862,37.929272
2024-12-24,NKE,0.51591232,0.51967701,0.51642044
2024-12-24,VZ,0.22904364,0.23151674,0.22742746
2024-12-24,WMT,0.41465581,0.42116298,0.40895216
2024-12-26,AAPL,8.2002879,8.217396,8.0684354
2024-12-26,AMGN,0.30658861,0.31326253,0.30327284
2024-12-26,CRM,1.8392788,1.869394,1.8328158
2024-12-26,CSCO,5.1323686,5.1574963,5.1261059
2024-12-26,IBM,2.5736295,2.6000441,2.5727038
2024-12-26,INTC,3.2533043,3.3038956,3.2445219
2024-12-26,MSFT,37.422834,36.966161,36.695916
2024-12-26,NKE,0.51364127,0.51141378,0.49380383
2024-12-26,VZ,0.22793887,0.23190036,0.22728333
2024-12-26,WMT,0.41057364,0.41310949,0.40322612
2024-12-27,AAPL,8.5425557,8.6731094,8.5475996
2024-12-27,AMGN,0.30224139,0.30689426,0.30198583
2024-12-27,CRM,1.7567594,1.7531858,1.7566341
2024-12-27,CSCO,5.0240724,5.0718323,4.9595577
2024-12-27,IBM,2.5080222,2.5157069,2.5090663
2024-12-27,INTC,3.2722667,3.2680249,3.2182552
2024-12-27,MSFT,37.193924,37.51184,36.912835
2024-12-27,NKE,0.519253,0.52314786,0.51078833
2024-12-27,VZ,0.23411184,0.23552377,0.23046986
2024-12-27,WMT,0.42630312,0.42911246,0.42197916
2024-12-30,AAPL,8.6162581,8.9849442,8.5379953
2024-12-30,AMGN,0.29891068,0.29834234,0.29565756
2024-12-30,CRM,1.8733852,1.9389414,1.8623571
2024-12-30,CSCO,4.9222039,4.8902019,4.8145294
2024-12-30,IBM,2.4747632,2.4974118,2.4631808
2024-12-30,INTC,3.3597931,3.4412309,3.244347
2024-12-30,MSFT,36.353774,36.386819,36.234831
2024-12-30,NKE,0.53129637,0.52797259,0.52259766
2024-12-30,VZ,0.23102254,0.23275596,0.23427067
2024-12-30,WMT,0.42396332,0.43050228,0.42179653
2024-12-31,AAPL,8.7798914,8.8181284,8.5581016
2024-12-31,AMGN,0.29328609,0.29943997,0.28737559
2024-12-31,CRM,1.8283014,1.8984572,1.8204052
2024-12-31,CSCO,4.8523471,4.8314635,4.8793252
2024-12-31,IBM,2.5037374,2.4784013,2.4860566
2024-12-31,INTC,3.3191418,3.3654402,3.3057235
2024-12-31,MSFT,35.348427,35.926813,35.34801
2024-12-31,NKE,0.54558329,0.55387168,0.54098652
2024-12-31,VZ,0.22831405,0.22873684,0.22474538
2024-12-31,WMT,0.43581413,0.43995427,0.43405983
