date,tic,close,high,low
2020-01-02,AAPL,0.0090765953,0.0057575703,-0.0099211931
2020-01-02,AMGN,0.009724617,0.0015568733,-0.013852239
2020-01-02,CRM,0.012628078,0.0042046309,-0.0054809451
2020-01-02,CSCO,0.019827127,-0.0061578155,-0.0068051815
2020-01-02,IBM,0.0044291019,0.0018924475,-0.0062980652
2020-01-02,INTC,0.0097886324,-0.0041774511,-0.0074807405
2020-01-02,MSFT,0.012086391,-0.0052844882,-0.0084271431
2020-01-02,NKE,0.0014714003,0.0015001297,-0.0014321804
2020-01-02,VZ,0.002139926,0.00016033649,-0.010102093
2020-01-02,WMT,0.0050846338,-0.00033646822,-0.0079469085
2020-01-03,AAPL,-0.023079038,0.020496607,0.0028022528
2020-01-03,AMGN,-0.040332675,0.022495151,0.014745355
2020-01-03,CRM,-0.032248616,0.016704321,0.019205213
2020-01-03,CSCO,0.0048390627,-0.0026038885,-0.0036550164
2020-01-03,IBM,-0.010850072,0.0081393719,-0.001388073
2020-01-03,INTC,-0.014953971,-0.001239419,0.0085166693
2020-01-03,MSFT,-0.0069768429,0.0015259981,-0.0014749169
2020-01-03,NKE,-0.016330719,0.014490485,0.0047205687
2020-01-03,VZ,-0.0052390695,0.0013388395,-0.0037073493
2020-01-03,WMT,-0.0050030947,-0.0012731552,-0.0032163262
2020-01-06,AAPL,-0.02084589,0.017549634,-0.0073047876
2020-01-06,AMGN,-0.032012582,0.011149287,0.0065941811
2020-01-06,CRM,-0.052561402,0.013746738,0.021323919
2020-01-06,CSCO,0.0078750849,-0.0062767267,-0.0067500472
2020-01-06,IBM,-0.010741889,0.00067520142,-0.0027845502
2020-01-06,INTC,-0.0058087111,-0.010860384,0.0047551394
2020-01-06,MSFT,-0.0045813322,0.0011231899,-0.00356251
2020-01-06,NKE,-0.021327555,0.0087001324,0.0038943291
2020-01-06,VZ,0.0038394928,-0.0025041103,-0.0050234199
2020-01-06,WMT,-0.0060700178,-0.00017857552,-0.0056507587
2020-01-07,AAPL,-0.034064591,0.024912596,-0.001062572
2020-01-07,AMGN,-0.026372552,0.012920618,0.0068830252
2020-01-07,CRM,-0.03678894,0.0064959526,0.014677882
2020-01-07,CSCO,-0.0013718009,-0.0045554042,-0.0037075281
2020-01-07,IBM,-0.014754951,0.004506588,0.0022194386
2020-01-07,INTC,-0.0068314075,-0.0049068928,0.00786376
2020-01-07,MSFT,-0.0067626238,0.0021247864,-0.0013323426
2020-01-07,NKE,-0.023447275,0.017826557,0.010733962
2020-01-07,VZ,0.0028144121,0.0019794703,-0.0044030547
2020-01-07,WMT,-0.0094628334,0.0066052675,-0.0025857091
2020-01-08,AAPL,-0.032406032,0.020202398,-0.0048060417
2020-01-08,AMGN,-0.037461817,0.013995171,0.010605216
2020-01-08,CRM,-0.03889662,0.0065131187,0.014040828
2020-01-08,CSCO,-0.006390214,-0.0055375099,-0.00263381
2020-01-08,IBM,-0.022506356,0.0063985586,0.0018146038
2020-01-08,INTC,-0.013862312,-0.0048578382,0.008529067
2020-01-08,MSFT,-0.014596403,0.002015233,-0.0024820566
2020-01-08,NKE,-0.020573497,0.014043212,0.0090723038
2020-01-08,VZ,-0.0020723939,0.0013034344,-0.0025718808
2020-01-08,WMT,-0.011308849,0.0055538416,-0.0017604232
2020-01-09,AAPL,-0.026748002,0.017436147,-0.0048004389
2020-01-09,AMGN,-0.019667089,0.0037578344,0.0024675131
2020-01-09,CRM,-0.023807466,-0.0060828924,0.014945388
2020-01-09,CSCO,0.0069600344,-0.010783911,-0.0065342188
2020-01-09,IBM,-0.019249022,0.0062856674,0.0026761293
2020-01-09,INTC,-0.012547672,-0.0069133639,0.0088812113
2020-01-09,MSFT,-0.010335386,-0.00337708,-0.0034694672
2020-01-09,NKE,-0.017000079,0.0090317726,0.0075995922
2020-01-09,VZ,-0.0081344247,0.0044586658,-0.0019440055
2020-01-09,WMT,-0.020054877,0.0079181194,0.00056278706
2020-01-10,AAPL,-0.029507935,0.019940734,-0.0068272352
2020-01-10,AMGN,-0.035790563,0.013030767,0.0033529997
2020-01-10,CRM,-0.035406947,-0.00055527687,0.016417027
2020-01-10,CSCO,0.0035228729,-0.0095126629,-0.0073789954
2020-01-10,IBM,-0.023369372,0.0051258802,0.0042570829
2020-01-10,INTC,-0.016611636,-0.0086610913,0.0086261034
2020-01-10,MSFT,-0.012870371,-0.0033502579,-0.00074207783
2020-01-10,NKE,-0.015532911,0.012418151,0.0088158846
2020-01-10,VZ,-0.015719235,0.0040847063,-0.0026350021
2020-01-10,WMT,-0.017256141,0.004580617,-0.00070565939
2020-01-13,AAPL,-0.017447233,0.0177598,-0.0098232627
2020-01-13,AMGN,-0.03400898,0.014950514,0.0033484697
2020-01-13,CRM,-0.026729345,-0.0054529905,0.014727354
2020-01-13,CSCO,0.0053800344,-0.012505352,-0.0054796934
2020-01-13,IBM,-0.017256081,0.0062686205,0.0043464899
2020-01-13,INTC,-0.010584295,-0.0048640966,0.011082411
2020-01-13,MSFT,-0.014300644,-0.0043463707,-0.0016120672
2020-01-13,NKE,-0.02209872,0.011252642,0.010575294
2020-01-13,VZ,-0.015131712,0.005053997,-0.0012945533
2020-01-13,WMT,-0.023392916,0.0066022873,-0.00021135807
2020-01-14,AAPL,-0.016904891,0.01286459,-0.0090841055
2020-01-14,AMGN,-0.034358203,0.014835119,0.006088376
2020-01-14,CRM,-0.030933917,-0.003577888,0.017563939
2020-01-14,CSCO,0.0074979067,-0.017512619,-0.013476789
2020-01-14,IBM,-0.01427418,0.0021882057,0.0020157099
2020-01-14,INTC,-0.0048154593,-0.010035157,0.0058732033
2020-01-14,MSFT,-0.0021414161,-0.007427752,-0.0038614273
2020-01-14,NKE,-0.030046701,0.012387276,0.011739612
2020-01-14,VZ,-0.011968434,0.0014306307,-0.0027214289
2020-01-14,WMT,-0.021671414,0.0063459873,-0.0015867949
2020-01-15,AAPL,-0.026267886,0.020173073,-0.0084263682
2020-01-15,AMGN,-0.022879899,0.014877081,-0.0023904443
2020-01-15,CRM,-0.043071747,0.0055294037,0.017309785
2020-01-15,CSCO,0.00088751316,-0.011690497,-0.0080546737
2020-01-15,IBM,-0.010789573,0.0025382042,-0.0001744628
2020-01-15,INTC,-0.016927958,-0.0062037706,0.0086419582
2020-01-15,MSFT,-0.010221303,-0.0044133663,-0.0064365864
2020-01-15,NKE,-0.018940091,0.0097711086,0.010038137
2020-01-15,VZ,-0.0038709044,0.0014458895,-0.0098609924
2020-01-15,WMT,-0.0022153258,-0.0013331771,-0.0098039508
2020-01-16,AAPL,-0.029589057,0.017236829,-0.015916049
2020-01-16,AMGN,-0.019190192,0.012221932,-0.0069743395
2020-01-16,CRM,-0.03738308,0.0068087578,0.0088474751
2020-01-16,CSCO,-0.0028911829,-0.01218456,-0.010929823
2020-01-16,IBM,-0.019026518,0.0036813021,0.0014287233
2020-01-16,INTC,-0.011290848,-0.0078160763,0.0013415813
2020-01-16,MSFT,-0.011149168,-0.004632175,-0.010681391
2020-01-16,NKE,-0.027532101,0.0080308914,0.0069314241
2020-01-16,VZ,-0.012432516,0.0027600527,-0.0068154931
2020-01-16,WMT,-0.015375674,0.0030751228,-0.0072527528
2020-01-17,AAPL,-0.032514691,0.021968246,-0.012971878
2020-01-17,AMGN,-0.024199605,0.011562943,-0.006331861
2020-01-17,CRM,-0.033362448,0.0094280243,0.0012898445
2020-01-17,CSCO,-0.0082328916,-0.01018703,-0.010529816
2020-01-17,IBM,-0.020028412,0.0085673332,-0.0013343692
2020-01-17,INTC,-0.014800847,-0.0077919364,0.00022423267
2020-01-17,MSFT,-0.011755824,0.0046755075,-0.0093631148
2020-01-17,NKE,-0.021659911,0.010125875,0.0041253567
2020-01-17,VZ,-0.015957177,0.0048224926,-0.0075826049
2020-01-17,WMT,-0.017508745,0.0055502653,-0.0065024495
2020-01-21,AAPL,-0.019672096,0.017218232,-0.013653219
2020-01-21,AMGN,-0.025259852,0.015411854,-0.0032609701
2020-01-21,CRM,-0.028899729,0.004524827,0.0066124201
2020-01-21,CSCO,0.0022149086,-0.013982952,-0.013302743
2020-01-21,IBM,-0.017689288,0.0062563419,-0.00021159649
2020-01-21,INTC,-0.0063974857,-0.010861397,-0.0038551092
2020-01-21,MSFT,-0.004457891,-0.0013099313,-0.0096349716
2020-01-21,NKE,-0.019508839,0.0086642504,0.0026980639
2020-01-21,VZ,-0.014404118,0.0034401417,-0.0066779852
2020-01-21,WMT,-0.014694691,0.0064891577,-0.0063499808
2020-01-22,AAPL,-0.018726826,0.019625545,-0.010814548
2020-01-22,AMGN,-0.020473361,0.01245594,-0.0078960657
2020-01-22,CRM,-0.02884829,0.0066108704,0.0065541267
2020-01-22,CSCO,0.0022321939,-0.014231503,-0.010422111
2020-01-22,IBM,-0.013121188,0.0030664206,-0.00127244
2020-01-22,INTC,-0.010107636,-0.0090612173,-0.00046628714
2020-01-22,MSFT,-0.013284802,-0.0025022626,-0.0088592768
2020-01-22,NKE,-0.019469082,0.0048612356,0.0020465851
2020-01-22,VZ,-0.0033074617,0.00073599815,-0.012633026
2020-01-22,WMT,-0.0024251342,-0.0019036531,-0.012065649
2020-01-23,AAPL,-0.032795668,0.029958487,-0.0071161985
2020-01-23,AMGN,-0.032409608,0.024260998,0.0011862516
2020-01-23,CRM,-0.054386556,0.024753213,0.011203051
2020-01-23,CSCO,-0.0023706555,-0.0050091147,-0.010961294
2020-01-23,IBM,-0.013385236,0.0015143156,-0.0012168288
2020-01-23,INTC,-0.015318513,-0.0014719367,0.0037561655
2020-01-23,MSFT,-0.0095648766,0.0043252707,-0.0082634091
2020-01-23,NKE,-0.019134045,0.010022402,0.006085515
2020-01-23,VZ,0.0010493994,-0.00071537495,-0.010053456
2020-01-23,WMT,0.0011953115,-0.0026091337,-0.012127817
2020-01-24,AAPL,-0.026003122,0.02705276,-0.015402019
2020-01-24,AMGN,-0.036673129,0.023232341,-0.0021420717
2020-01-24,CRM,-0.051601052,0.021515846,0.0072953701
2020-01-24,CSCO,0.0015074015,-0.0092917681,-0.015794814
2020-01-24,IBM,-0.0061662793,0.00099039078,-0.0032154322
2020-01-24,INTC,-0.0058043599,-0.0073268414,-0.0015292168
2020-01-24,MSFT,-0.0052323341,0.003239274,-0.0087774396
2020-01-24,NKE,-0.011680007,0.0088278055,0.0012881756
2020-01-24,VZ,0.00036585331,-0.00057530403,-0.0090768337
2020-01-24,WMT,-0.0048089623,0.0015894175,-0.0073735714
2020-01-27,AAPL,-0.031654477,0.025212884,-0.0094234347
2020-01-27,AMGN,-0.017819107,0.014258623,-0.011643112
2020-01-27,CRM,-0.0090123415,-0.003228724,-0.0028702021
2020-01-27,CSCO,-0.0059370399,-0.0080416799,-0.0094961524
2020-01-27,IBM,-0.017355263,0.0050877333,-0.00078892708
2020-01-27,INTC,-0.0063576102,-0.0025253892,-0.0021706223
2020-01-27,MSFT,-0.0056670904,0.0037711859,-0.009293437
2020-01-27,NKE,-0.013756394,0.010787487,0.0011377335
2020-01-27,VZ,-0.0072911978,0.0046949387,-0.0055744052
2020-01-27,WMT,-0.028511286,0.013910651,0.0020521879
2020-01-28,AAPL,-0.018661797,0.017496467,-0.0027655363
2020-01-28,AMGN,-0.014055014,0.016306162,-0.0094931126
2020-01-28,CRM,-0.016294122,0.0033564568,0.010471463
2020-01-28,CSCO,-0.00041079521,-0.0064123869,-0.0076435804
2020-01-28,IBM,-0.014508784,0.0099766254,0.0010397434
2020-01-28,INTC,-0.014929056,-0.001016438,0.0092253685
2020-01-28,MSFT,-0.0081463456,0.0067139864,-0.0052958131
2020-01-28,NKE,-0.013626397,0.010251164,0.0061306953
2020-01-28,VZ,-0.0067133904,0.0024439096,-0.0015257001
2020-01-28,WMT,-0.0069864988,0.005833745,-0.0035039186
2020-01-29,AAPL,-0.023990989,0.023734093,-0.0054924488
2020-01-29,AMGN,-0.034243762,0.02746582,0.0026478767
2020-01-29,CRM,-0.036030054,0.019330502,0.012450457
2020-01-29,CSCO,-0.009103477,0.00073802471,-0.0015664101
2020-01-29,IBM,-0.028056145,0.014426947,0.0064678192
2020-01-29,INTC,-0.024004221,0.0094583035,0.012467623
2020-01-29,MSFT,-0.0115273,0.0063295364,-0.00018620491
2020-01-29,NKE,-0.028685093,0.018483877,0.010373354
2020-01-29,VZ,-0.0027962327,0.0033022165,-0.0016107559
2020-01-29,WMT,-0.014738381,0.0095260143,0.0023493767
2020-01-30,AAPL,-0.019681573,0.013586521,-0.03430146
2020-01-30,AMGN,-0.029633164,0.026899576,-0.013759315
2020-01-30,CRM,-0.058095455,0.019836307,-0.012247622
2020-01-30,CSCO,-0.023803174,-0.0014763474,-0.022837162
2020-01-30,IBM,-0.01494956,0.0045548677,-0.013740361
2020-01-30,INTC,-0.011553824,-0.00063657761,-0.020191431
2020-01-30,MSFT,-0.014989555,0.0055246353,-0.017772615
2020-01-30,NKE,-0.025234759,0.0070459843,-0.013383269
2020-01-30,VZ,-0.0099885464,-0.00049102306,-0.020227849
2020-01-30,WMT,-0.020700336,0.013769627,-0.01070255
2020-01-31,AAPL,-0.040257752,0.031926394,-0.012230337
2020-01-31,AMGN,-0.032576919,0.039307237,-0.0040485263
2020-01-31,CRM,-0.030602276,0.03151381,-0.0070640445
2020-01-31,CSCO,-0.02966994,0.024054408,-0.0089481473
2020-01-31,IBM,-0.014608026,0.015160441,-0.004335165
2020-01-31,INTC,-0.023147762,0.023246527,-0.0033646822
2020-01-31,MSFT,-0.027183115,0.017540455,-0.0081101656
2020-01-31,NKE,-0.025414348,0.017493486,-0.0066580772
2020-01-31,VZ,-0.013778508,0.013452172,-0.0072191358
2020-01-31,WMT,-0.017946184,0.021490335,-0.0034214258
2020-02-03,AAPL,-0.0010004044,0.0085448027,-0.0062668324
2020-02-03,AMGN,-0.0039606094,0.0044001341,-0.0071122646
2020-02-03,CRM,-0.011036873,0.013593554,0.002833128
2020-02-03,CSCO,0.0066165924,-0.0018760562,-0.0041311979
2020-02-03,IBM,-0.0039548874,0.0043321848,-0.0031250119
2020-02-03,INTC,-0.0010174513,-0.0016193986,-0.0040127635
2020-02-03,MSFT,-0.00047552586,-0.00035625696,-0.0035623908
2020-02-03,NKE,0.0055222511,0.004473567,-0.00050634146
2020-02-03,VZ,-0.0007764101,0.0045980215,-0.007722795
2020-02-03,WMT,0.0006377697,-2.8192997e-05,-0.0060243011
2020-02-04,AAPL,-0.02218616,0.01837647,0.00041949749
2020-02-04,AMGN,-0.030327499,0.016536593,0.011287332
2020-02-04,CRM,-0.030198991,0.011607766,0.013077617
2020-02-04,CSCO,0.0024626255,-0.0031428337,-0.0016334057
2020-02-04,IBM,-0.015072882,0.010629892,0.0014134645
2020-02-04,INTC,-0.001713872,-0.00015735626,0.0079587698
2020-02-04,MSFT,-0.0056487322,0.0033826828,0.00037026405
2020-02-04,NKE,-0.018018901,0.011639237,0.0064940453
2020-02-04,VZ,-0.0070102215,0.0079061985,0.0019420385
2020-02-04,WMT,-0.013740599,0.0018451214,0.0024060011
2020-02-05,AAPL,-0.027564406,0.015948772,-0.0024021268
2020-02-05,AMGN,-0.02537781,0.012365818,0.0065850019
2020-02-05,CRM,-0.036822438,0.013497949,0.017150879
2020-02-05,CSCO,-0.0066874027,-0.0010925531,-0.0050935149
2020-02-05,IBM,-0.016001344,0.010384202,-0.00032353401
2020-02-05,INTC,-0.011428177,-0.0027506351,0.0082993507
2020-02-05,MSFT,-0.0098962784,0.0071258545,-0.00023049116
2020-02-05,NKE,-0.020690978,0.0094777346,0.0072946548
2020-02-05,VZ,-0.0069596171,0.0035865307,0.0012000799
2020-02-05,WMT,-0.021301985,0.0080522299,0.001999259
2020-02-06,AAPL,-0.015755177,0.017038703,-0.0063644052
2020-02-06,AMGN,-0.024157763,0.014848471,0.008810997
2020-02-06,CRM,-0.026631653,0.0057315826,0.013469934
2020-02-06,CSCO,0.0023086071,-0.0029573441,-0.0028045177
2020-02-06,IBM,-0.018208504,0.0085395575,0.0024404526
2020-02-06,INTC,-0.018463969,-0.00039988756,0.010236263
2020-02-06,MSFT,-0.0066258907,0.0035796165,-0.0010149479
2020-02-06,NKE,-0.015613437,0.012355089,0.0073406696
2020-02-06,VZ,-0.006473124,0.0033792257,-0.0020804405
2020-02-06,WMT,-0.005268693,0.0043720007,-0.0048790574
2020-02-07,AAPL,-0.032366097,0.023842335,-0.0027243495
2020-02-07,AMGN,-0.050287962,0.025708795,0.012193561
2020-02-07,CRM,-0.051602304,0.019554973,0.020328641
2020-02-07,CSCO,-0.0067277551,-0.00097179413,-0.0025113821
2020-02-07,IBM,-0.02108556,0.0098251104,0.003687501
2020-02-07,INTC,-0.01627779,0.0031496286,0.011718035
2020-02-07,MSFT,-0.014014542,0.0028169155,0.0012465715
2020-02-07,NKE,-0.024933815,0.013389111,0.012404919
2020-02-07,VZ,-0.0072386861,0.0051025152,-0.0012916923
2020-02-07,WMT,-0.010869086,0.00028848648,-0.0022107959
2020-02-10,AAPL,-0.01158607,0.013831258,-0.0051963329
2020-02-10,AMGN,-0.048790216,0.026043057,0.011309028
2020-02-10,CRM,-0.037042856,0.0093852282,0.011310816
2020-02-10,CSCO,0.010760546,-0.010577381,-0.0075179935
2020-02-10,IBM,-0.018661618,0.0071153641,0.0047370195
2020-02-10,INTC,-0.0022032261,-0.0014051199,0.0064225197
2020-02-10,MSFT,-0.0044240355,-0.0052706003,-0.002358079
2020-02-10,NKE,-0.020542502,0.0094023943,0.0074973106
2020-02-10,VZ,-0.010051429,0.0040380955,-0.00074219704
2020-02-10,WMT,-0.028456688,0.0083910227,0.0035653114
2020-02-11,AAPL,-0.023754179,0.017629147,-0.0025369525
2020-02-11,AMGN,-0.038584709,0.024100184,0.0040204525
2020-02-11,CRM,-0.030277491,0.0098426342,0.015685797
2020-02-11,CSCO,0.0057944059,-0.0078526139,-0.0096002221
2020-02-11,IBM,-0.010488987,0.0061901808,0.00082337856
2020-02-11,INTC,-0.0041384101,-0.0055868626,0.012103081
2020-02-11,MSFT,-0.0021111965,-0.0016714334,-0.0038795471
2020-02-11,NKE,-0.016503692,0.0078048706,0.0099195242
2020-02-11,VZ,-0.0089060664,0.0053465366,-0.0031788945
2020-02-11,WMT,-0.023053586,0.0073091984,5.8174133e-05
2020-02-12,AAPL,-0.019227266,0.013293624,-0.010557234
2020-02-12,AMGN,-0.03653121,0.023510814,0.0034105778
2020-02-12,CRM,-0.036135197,0.0087206364,0.0059109926
2020-02-12,CSCO,-0.0042265654,-0.010444939,-0.0045643449
2020-02-12,IBM,-0.01654321,0.0065692663,0.0035741329
2020-02-12,INTC,-0.0072013736,-0.0034356713,0.0081669092
2020-02-12,MSFT,0.00025439262,-0.0024593472,-0.0096886754
2020-02-12,NKE,-0.015091658,0.01061511,0.0086792707
2020-02-12,VZ,-0.0077645779,0.0070663691,-0.0056906939
2020-02-12,WMT,-0.02310586,0.0071035624,-0.0013417006
2020-02-13,AAPL,-0.017664015,0.015777111,-0.0031796098
2020-02-13,AMGN,-0.035764754,0.023073792,0.0073783398
2020-02-13,CRM,-0.030040562,0.0092766285,0.011172414
2020-02-13,CSCO,0.00016903877,-0.0099468827,-0.0056185126
2020-02-13,IBM,-0.0090016127,0.0062299967,0.0034685135
2020-02-13,INTC,-0.0024039149,-0.0045147538,0.0070627928
2020-02-13,MSFT,-0.0033640265,-0.00017523766,-0.0076919794
2020-02-13,NKE,-0.020201564,0.011464119,0.012383461
2020-02-13,VZ,-0.0080831051,0.0088223219,-0.0038728118
2020-02-13,WMT,-0.023619354,0.0081044436,-0.0004554987
2020-02-14,AAPL,-0.013440192,0.0174402,-0.010546625
2020-02-14,AMGN,-0.035969377,0.023284912,0.003557682
2020-02-14,CRM,-0.030679822,0.0036958456,0.010661483
2020-02-14,CSCO,0.0021028519,-0.010599434,-0.0063241124
2020-02-14,IBM,-0.01705128,0.0068619251,0.0012102127
2020-02-14,INTC,-0.0070643425,-0.0030544996,0.0056368113
2020-02-14,MSFT,-0.0043680072,-0.0023694634,-0.0066509247
2020-02-14,NKE,-0.015826464,0.0095541477,0.0084809065
2020-02-14,VZ,-0.013116598,0.0087845325,-0.0045717359
2020-02-14,WMT,-0.026898146,0.010272384,-0.001496315
2020-02-18,AAPL,-0.020503104,0.02071321,-0.011268854
2020-02-18,AMGN,-0.034854114,0.024838686,0.0053039789
2020-02-18,CRM,-0.037001014,0.015304089,0.01258564
2020-02-18,CSCO,0.0032302141,-0.0061813593,-0.0094821453
2020-02-18,IBM,-0.0097628832,0.006257534,-9.1254711e-05
2020-02-18,INTC,-0.001069963,-0.0036168098,0.001611352
2020-02-18,MSFT,-0.00093066692,-0.002809763,-0.007825017
2020-02-18,NKE,-0.022216856,0.01150465,0.0091410875
2020-02-18,VZ,-0.0073429942,0.0052036047,-0.00606215
2020-02-18,WMT,-0.019475758,0.005712986,-0.0043365359
2020-02-19,AAPL,-0.011149764,0.013898134,-0.0086861253
2020-02-19,AMGN,-0.034939051,0.021807075,0.0048161745
2020-02-19,CRM,-0.035435796,0.011524796,0.0064909458
2020-02-19,CSCO,0.0044785738,-0.0058610439,-0.011164844
2020-02-19,IBM,-0.0075061917,0.0040770769,-0.0034722686
2020-02-19,INTC,-0.0029081702,-0.00448668,0.00056791306
2020-02-19,MSFT,-0.0014076233,-0.0013737082,-0.012132943
2020-02-19,NKE,-0.013384402,0.0097875595,0.010833979
2020-02-19,VZ,-0.0058348179,0.0066469908,-0.0040122271
2020-02-19,WMT,-0.022464454,0.010163426,-0.0028858185
2020-02-20,AAPL,-0.0089594126,0.014424086,-0.011149585
2020-02-20,AMGN,-0.0070572495,0.0094054937,-0.0060036182
2020-02-20,CRM,-0.026037395,0.011371017,0.0053304434
2020-02-20,CSCO,0.0094226599,-0.0042068362,-0.0097308159
2020-02-20,IBM,-0.010722339,0.0047858953,-0.0014770627
2020-02-20,INTC,-0.0025183558,-0.0029677749,0.0026600361
2020-02-20,MSFT,-0.00017744303,0.0037885904,-0.0093147159
2020-02-20,NKE,-0.011481583,0.012058973,0.009252429
2020-02-20,VZ,-0.0031985641,0.0056687593,-0.0038757324
2020-02-20,WMT,-0.012105107,0.0043234825,-0.0059028268
2020-02-21,AAPL,-0.018265545,0.022790194,-0.001953423
2020-02-21,AMGN,-0.03545326,0.024369597,0.0043386221
2020-02-21,CRM,-0.040477872,0.016535282,0.010670185
2020-02-21,CSCO,0.0019620657,-0.00071293116,-0.0052963495
2020-02-21,IBM,-0.010761738,0.0084065199,0.0029184818
2020-02-21,INTC,-0.014288306,0.0030488968,0.0092922449
2020-02-21,MSFT,-0.0024076104,0.0044382811,-0.0074135661
2020-02-21,NKE,-0.027826905,0.015190482,0.012637138
2020-02-21,VZ,-0.0098410845,0.010106325,0.00056314468
2020-02-21,WMT,-0.016040623,0.0059629679,-0.0018644929
2020-02-24,AAPL,-0.012135923,0.0089455843,-0.020946503
2020-02-24,AMGN,-0.056901515,0.034551501,0.0041794777
2020-02-24,CRM,-0.026103258,0.0046291351,-0.0056167841
2020-02-24,CSCO,-0.00150913,-0.0068355203,-0.015324891
2020-02-24,IBM,-0.012874901,0.0069521666,-0.0035333633
2020-02-24,INTC,-0.0053562522,-0.00043714046,-0.0061994195
2020-02-24,MSFT,-0.0058247447,0.0023987293,-0.010106325
2020-02-24,NKE,-0.016599,0.0076621771,-0.0031991601
2020-02-24,VZ,-0.017097294,0.0056847334,-0.0069071651
2020-02-24,WMT,-0.040995359,0.016550422,0.002466917
2020-02-25,AAPL,-0.013957322,0.016970158,-0.0099010468
2020-02-25,AMGN,-0.027326465,0.023158312,-0.006082654
2020-02-25,CRM,-0.013146818,0.0078080893,0.003448844
2020-02-25,CSCO,-0.0012845397,-0.0053716898,-0.0098596215
2020-02-25,IBM,0.0018401146,0.005217433,-0.0064131021
2020-02-25,INTC,-0.0020077825,0.0012974739,-0.0029369593
2020-02-25,MSFT,-0.0052914619,0.0033441782,-0.011757493
2020-02-25,NKE,-0.0100016,0.0072764158,-0.00043547153
2020-02-25,VZ,-0.0094929934,0.0067451,-0.0055478811
2020-02-25,WMT,-0.034782231,0.017204523,0.003526926
2020-02-26,AAPL,-0.0096415281,0.019571304,-0.0032533407
2020-02-26,AMGN,-0.021449685,0.019377232,-0.0037087202
2020-02-26,CRM,0.012612343,0.0016555786,-0.00064831972
2020-02-26,CSCO,-0.00095099211,-0.00038617849,-0.0061548948
2020-02-26,IBM,-0.010159492,0.0066739321,-0.0042068958
2020-02-26,INTC,-0.0054792762,0.0086499453,-0.00069516897
2020-02-26,MSFT,-0.00045144558,0.0042028427,-0.010973632
2020-02-26,NKE,-0.011809289,0.011034608,0.0036848783
2020-02-26,VZ,-0.008354187,0.0087569952,-0.001308918
2020-02-26,WMT,-0.024492323,0.014183879,0.0027858019
2020-02-27,AAPL,-0.010611773,0.021055102,-0.010177314
2020-02-27,AMGN,-0.022523701,0.017534137,-0.008788228
2020-02-27,CRM,-0.040446341,0.023350835,0.0090616941
2020-02-27,CSCO,-0.01442343,0.0070779324,-0.012232423
2020-02-27,IBM,-0.020766318,0.0099447966,0.0024088621
2020-02-27,INTC,-0.031252325,0.0088921785,0.0072607994
2020-02-27,MSFT,-0.025393844,0.014111876,-0.001965642
2020-02-27,NKE,-0.021144509,0.010108232,0.0035814047
2020-02-27,VZ,-0.011250496,0.0071074963,-0.0041723251
2020-02-27,WMT,-0.0015018582,0.0031065941,-0.0070272684
2020-02-28,AAPL,-0.016366541,0.028233528,-0.0090246201
2020-02-28,AMGN,-0.030618072,0.032387853,-0.0051941872
2020-02-28,CRM,-0.056177378,0.038218617,-0.0041928887
2020-02-28,CSCO,-0.022356451,0.013562441,-0.0051059723
2020-02-28,IBM,-0.024793386,0.013760924,-0.0047658682
2020-02-28,INTC,-0.02291888,0.010214329,-0.0018277764
2020-02-28,MSFT,-0.025884628,0.019970059,-0.0069004297
2020-02-28,NKE,-0.028903067,0.028607965,0.0016880035
2020-02-28,VZ,-0.012759268,0.011838436,-0.0050783157
2020-02-28,WMT,-0.024442613,0.018519759,-0.0020368695
2020-03-02,AAPL,-0.002377212,0.0077382326,-0.040199816
2020-03-02,AMGN,-0.0085876584,0.015728235,-0.025785089
2020-03-02,CRM,-0.054351985,0.030331254,-0.03160882
2020-03-02,CSCO,-0.029272616,0.0051183701,-0.030944228
2020-03-02,IBM,-0.0094973445,0.0050867796,-0.015941978
2020-03-02,INTC,-0.0097948909,0.0043245554,-0.025842249
2020-03-02,MSFT,-0.021872461,0.013077259,-0.023172677
2020-03-02,NKE,-0.021648109,0.0096615553,-0.023401737
2020-03-02,VZ,-0.010908067,0.0066412687,-0.03083235
2020-03-02,WMT,-0.017681062,0.015126824,-0.015388072
2020-03-03,AAPL,-0.027393878,0.03326273,-0.0042481422
2020-03-03,AMGN,-0.026169717,0.033600569,-0.0028841496
2020-03-03,CRM,-0.023765981,0.036467433,-0.011219919
2020-03-03,CSCO,-0.019304574,0.024822712,-0.0076454282
2020-03-03,IBM,-0.020488858,0.022264481,-0.0011804104
2020-03-03,INTC,-0.023459435,0.029832482,-0.0037252307
2020-03-03,MSFT,-0.022246897,0.023709178,-0.0056800842
2020-03-03,NKE,-0.027781248,0.025888443,0.00036334991
2020-03-03,VZ,-0.023695827,0.022902012,-0.0047278404
2020-03-03,WMT,-0.020063579,0.023059249,-0.0032119751
2020-03-04,AAPL,0.0019565821,0.0086144209,-0.0072256327
2020-03-04,AMGN,-0.003721714,-0.0017632246,-0.010190666
2020-03-04,CRM,0.0049798489,0.012926102,-0.0027846694
2020-03-04,CSCO,0.0059423447,-0.0053474903,-0.0076262951
2020-03-04,IBM,-0.0069937706,0.0071941614,0.00012552738
2020-03-04,INTC,0.00064539909,0.0060908794,-0.0028624535
2020-03-04,MSFT,-0.0051867366,-0.0018832088,-0.0049706697
2020-03-04,NKE,0.0011227131,0.0033710003,0.0041424036
2020-03-04,VZ,-0.013965487,0.0042325258,0.0046755075
2020-03-04,WMT,0.0014792681,0.0016368628,-0.0045747161
2020-03-05,AAPL,-0.003289938,0.013154864,0.0034874678
2020-03-05,AMGN,-0.044064224,0.021257997,0.013123393
2020-03-05,CRM,-0.01910001,0.010540724,0.01087141
2020-03-05,CSCO,0.0088114738,-0.011799991,-0.0039749742
2020-03-05,IBM,-0.0013491511,0.0023473501,0.0012247562
2020-03-05,INTC,0.00088739395,-0.0034793019,0.0023753643
2020-03-05,MSFT,-0.017038345,0.0074539185,-0.0010331273
2020-03-05,NKE,-0.0089301467,0.0051953793,0.011531711
2020-03-05,VZ,-0.023851335,0.0055652857,0.0051059723
2020-03-05,WMT,-0.015513837,-0.00037682056,0.00054323673
2020-03-06,AAPL,0.01374197,0.0036143064,-0.010846317
2020-03-06,AMGN,-0.056824446,0.023581505,0.013929009
2020-03-06,CRM,-0.027075887,0.011449814,0.0065395832
2020-03-06,CSCO,-0.00051397085,-0.018879592,-0.01559329
2020-03-06,IBM,-0.0086012483,0.0045441389,0.0025691986
2020-03-06,INTC,0.0049169064,-0.0080706477,-0.001973331
2020-03-06,MSFT,-0.021597922,-0.0078979731,-0.00042897463
2020-03-06,NKE,-0.018614411,0.0092220306,0.010095596
2020-03-06,VZ,-0.019303381,0.0065807104,-0.0016124249
2020-03-06,WMT,-0.02192539,0.003143549,-0.0013184547
2020-03-09,AAPL,-0.0052981973,0.0083582401,-0.0042630434
2020-03-09,AMGN,-0.027009845,0.0098267794,0.0065386295
2020-03-09,CRM,-0.019687831,0.017967463,-0.0012654066
2020-03-09,CSCO,-0.010894358,-0.019137979,-0.0070621967
2020-03-09,IBM,-0.0092886686,0.0038793087,-0.001091361
2020-03-09,INTC,0.011058807,-0.004835546,0.00024163723
2020-03-09,MSFT,-0.024248183,-0.0021470785,-0.0010716915
2020-03-09,NKE,-0.017249703,0.011225343,0.015604854
2020-03-09,VZ,-0.020648718,0.01087451,0.0044364929
2020-03-09,WMT,-0.01492846,-0.0015234351,-0.0042092204
2020-03-10,AAPL,-0.0057350993,0.016432047,-0.0033961535
2020-03-10,AMGN,-0.039195001,0.016146183,0.0062217712
2020-03-10,CRM,-0.020347834,0.01515007,0.0017391443
2020-03-10,CSCO,-0.010932207,-0.017447829,-0.0070052147
2020-03-10,IBM,-0.01504606,0.0091109276,0.0025810003
2020-03-10,INTC,0.0025036335,-0.0047223568,0.0045250654
2020-03-10,MSFT,-0.020925701,0.00012505054,-0.0045235157
2020-03-10,NKE,-0.035581768,0.016397953,0.020806074
2020-03-10,VZ,-0.032337368,0.017446876,0.0025693178
2020-03-10,WMT,-0.028230429,0.0051908493,0.0020769835
2020-03-11,AAPL,-0.016990125,0.012476563,-0.0032986403
2020-03-11,AMGN,-0.036120951,0.015576601,0.0022181273
2020-03-11,CRM,-0.031369209,0.022998452,-2.3007393e-05
2020-03-11,CSCO,-0.01156497,-0.01509583,-0.0099492669
2020-03-11,IBM,-0.015597522,0.0061929226,0.0039287806
2020-03-11,INTC,-0.0012658238,-0.0031189919,0.00062334538
2020-03-11,MSFT,-0.027912319,-0.00073701143,0.0012739897
2020-03-11,NKE,-0.031529248,0.014851332,0.014962554
2020-03-11,VZ,-0.02972585,0.014347315,0.0023863316
2020-03-11,WMT,-0.023571789,0.0047348738,-0.00011229515
2020-03-12,AAPL,-0.0082017183,0.0098810196,-0.011231661
2020-03-12,AMGN,-0.037380874,0.01574707,-0.0012142062
2020-03-12,CRM,-0.019038916,0.0045877695,-0.0094336271
2020-03-12,CSCO,-0.00919348,-0.020127475,-0.015626788
2020-03-12,IBM,-0.015230179,0.0030323267,-0.0017915964
2020-03-12,INTC,-0.0061338544,-0.0083830357,-0.0036746264
2020-03-12,MSFT,-0.023144364,-0.0035783052,-0.0057044625
2020-03-12,NKE,-0.016247571,0.0057801008,0.0075981617
2020-03-12,VZ,-0.03108108,0.01316309,0.0004992485
2020-03-12,WMT,-0.034285069,0.0094370842,0.0018048286
2020-03-13,AAPL,-0.01078701,0.018615842,-0.012128174
2020-03-13,AMGN,-0.037903965,0.022822142,-0.0023749471
2020-03-13,CRM,-0.018363178,0.014111757,-0.011894941
2020-03-13,CSCO,-0.0077772737,-0.014597356,-0.015108526
2020-03-13,IBM,-0.0086247325,0.0091159344,-0.00071042776
2020-03-13,INTC,-0.0060686469,-0.0063133836,-0.0037737489
2020-03-13,MSFT,-0.026224196,0.0024462938,-0.0013295412
2020-03-13,NKE,-0.012281358,0.011786342,0.0051432848
2020-03-13,VZ,-0.023941815,0.013140678,-0.0074970722
2020-03-13,WMT,-0.018148184,0.0021988153,-0.0070911646
2020-03-16,AAPL,-0.012652397,0.017323732,-0.015848577
2020-03-16,AMGN,-0.02813834,0.022814989,-0.0017701387
2020-03-16,CRM,-0.015802026,0.017889261,-0.0098909736
2020-03-16,CSCO,-0.0083134174,-0.0085579157,-0.013845623
2020-03-16,IBM,-0.026068985,0.012089968,0.0016095638
2020-03-16,INTC,-0.0041982532,-0.00038927794,-0.0073105097
2020-03-16,MSFT,-0.015035748,0.0014740229,-0.010290921
2020-03-16,NKE,-0.018734396,0.0083193779,0.00091350079
2020-03-16,VZ,-0.026091695,0.013934612,-0.0050808787
2020-03-16,WMT,-0.027628839,0.0083596706,-0.004717052
2020-03-17,AAPL,-0.021778226,0.019806862,-0.009231925
2020-03-17,AMGN,-0.014757097,0.016292214,-0.007103622
2020-03-17,CRM,-0.01937598,0.018755436,-0.008581996
2020-03-17,CSCO,-0.0012537837,-0.0094207525,-0.010925651
2020-03-17,IBM,-0.016467512,0.013952017,0.00087475777
2020-03-17,INTC,-0.003821969,0.00012052059,-0.0014202595
2020-03-17,MSFT,-0.010130107,0.0040192604,-0.01242286
2020-03-17,NKE,-0.022073507,0.012710214,0.013538599
2020-03-17,VZ,-0.020177841,0.0094282627,-0.0087455511
2020-03-17,WMT,-0.021358371,0.00177598,-0.0048599839
2020-03-18,AAPL,0.013000488,0.012909532,-0.0098280311
2020-03-18,AMGN,-0.025696576,0.016848445,0.0049750805
2020-03-18,CRM,-0.007976532,0.011437416,-0.010873258
2020-03-18,CSCO,0.014209986,-0.017009318,-0.010993302
2020-03-18,IBM,-0.0066798329,0.0089960098,0.0022313595
2020-03-18,INTC,0.022482872,-0.0083687901,-0.0060018301
2020-03-18,MSFT,-0.0016881227,-0.0025228858,-0.0089125633
2020-03-18,NKE,-0.026938438,0.013856888,0.015164018
2020-03-18,VZ,-0.016101182,0.0095564127,-0.0048528314
2020-03-18,WMT,-0.031473815,0.0079040527,-0.0011755824
2020-03-19,AAPL,0.0060405731,0.0086114407,-0.0036364794
2020-03-19,AMGN,-0.026815772,0.019413114,0.0093722343
2020-03-19,CRM,-0.013559878,0.013375998,-0.0032076836
2020-03-19,CSCO,-0.0021058321,-0.014802992,-0.013578475
2020-03-19,IBM,-0.016402841,0.010344028,-0.00062787533
2020-03-19,INTC,-0.00040018559,-0.00087326765,0.0018155575
2020-03-19,MSFT,-0.015809238,-0.00019264221,5.698204e-05
2020-03-19,NKE,-0.019364834,0.015405774,0.010523796
2020-03-19,VZ,-0.0061818361,0.0074365139,-0.0071148872
2020-03-19,WMT,-0.019890726,0.0067738295,-0.0053815246
2020-03-20,AAPL,-0.011746287,0.014937639,-0.010175049
2020-03-20,AMGN,-0.0053781867,0.0052136183,-0.0075483322
2020-03-20,CRM,-0.037140012,0.024512649,-0.0015093684
2020-03-20,CSCO,-0.014927566,-0.011982024,-0.017070234
2020-03-20,IBM,-0.014241338,0.0082796812,-0.0036389232
2020-03-20,INTC,-0.0041947365,-0.0073609948,-0.0057497621
2020-03-20,MSFT,-0.034295261,0.0036689043,-0.0020215511
2020-03-20,NKE,-0.030938268,0.011116028,0.0070573092
2020-03-20,VZ,-0.0094332695,0.0058336258,-0.0070918798
2020-03-20,WMT,-0.018904507,0.00090777874,-0.010309219
2020-03-23,AAPL,-0.0076302886,0.020423055,-0.0045252442
2020-03-23,AMGN,-0.016876519,0.012236118,-0.0032731891
2020-03-23,CRM,-0.016696155,0.011621356,-0.013400435
2020-03-23,CSCO,9.1791153e-06,-0.00091701746,-0.011166811
2020-03-23,IBM,-0.027398109,0.015466928,0.0010406971
2020-03-23,INTC,-0.020018935,0.0086730719,0.0030120611
2020-03-23,MSFT,-0.025287688,0.01089716,-0.0013669729
2020-03-23,NKE,-0.028847396,0.019450545,0.0058774948
2020-03-23,VZ,-0.021413684,0.010861397,-0.002810061
2020-03-23,WMT,-0.020831048,0.010406137,-0.004483819
2020-03-24,AAPL,-0.0086994767,0.012228489,-0.018417537
2020-03-24,AMGN,-0.022226453,0.018120527,-0.005880177
2020-03-24,CRM,-0.00449121,0.0098116398,-0.0197528
2020-03-24,CSCO,-0.005789876,-0.0067694783,-0.015796185
2020-03-24,IBM,-0.020175397,0.010998368,-0.0031045675
2020-03-24,INTC,-0.019864023,0.0058561563,-0.00047188997
2020-03-24,MSFT,-0.023616374,0.0055243969,-0.0080477595
2020-03-24,NKE,-0.02172184,0.0096088648,0.0018715858
2020-03-24,VZ,-0.026579261,0.0096976757,-0.0017595887
2020-03-24,WMT,-0.026538849,0.0081647635,-0.0022321939
2020-03-25,AAPL,0.0033932924,0.0077468157,-0.017565489
2020-03-25,AMGN,-0.037480474,0.027549386,0.00080156326
2020-03-25,CRM,-0.010466337,0.012227058,-0.014936149
2020-03-25,CSCO,-0.0065597296,-0.0078828335,-0.022099376
2020-03-25,IBM,-0.011184514,0.011366725,-0.0087898374
2020-03-25,INTC,-0.0054835677,0.0035088062,-0.013841331
2020-03-25,MSFT,-0.0085462332,0.002939105,-0.018532455
2020-03-25,NKE,-0.022078991,0.010364175,-0.0063233972
2020-03-25,VZ,-0.029560328,0.01704669,-0.0042923093
2020-03-25,WMT,-0.047711849,0.024136782,0.00091433525
2020-03-26,AAPL,0.0022660494,0.011017919,-0.0066827536
2020-03-26,AMGN,-0.0037356019,0.0055147409,-0.0065577626
2020-03-26,CRM,0.0098551512,0.0065104961,-0.014202952
2020-03-26,CSCO,-0.0004901886,-0.0024030209,-0.012024164
2020-03-26,IBM,-0.0029354095,0.0085623264,-0.0073333979
2020-03-26,INTC,-0.0022313595,0.005556941,-0.011473179
2020-03-26,MSFT,-0.010858238,0.0011795759,-0.0078805685
2020-03-26,NKE,-0.019632995,0.012792945,-0.0039288998
2020-03-26,VZ,-0.010968924,0.0076651573,-0.0055029988
2020-03-26,WMT,-0.026035666,0.014157295,0.0022366047
2020-03-27,AAPL,-0.0022124648,0.0083870888,-0.01387006
2020-03-27,AMGN,-0.024648964,0.016014457,-0.0063796043
2020-03-27,CRM,-0.014944613,0.017898202,-0.011832058
2020-03-27,CSCO,-0.01290381,0.0047457218,-0.013892293
2020-03-27,IBM,-0.012200832,0.0074987411,-0.0081759095
2020-03-27,INTC,-0.02131319,0.007763505,-0.0034343004
2020-03-27,MSFT,-0.022529244,0.0061722994,-0.0080816746
2020-03-27,NKE,-0.0085573792,0.010764122,-0.0072173476
2020-03-27,VZ,-0.015539289,0.0042532682,-0.0027803183
2020-03-27,WMT,-0.00044596195,0.0047003031,-0.0078090429
2020-03-30,AAPL,-0.017119467,0.021131158,-0.010294497
2020-03-30,AMGN,-0.018009007,0.021663666,-0.0084938407
2020-03-30,CRM,-0.034501791,0.04295361,-0.022063315
2020-03-30,CSCO,-0.020511866,0.01407361,-0.012214601
2020-03-30,IBM,-0.016045213,0.017153621,-0.0059967637
2020-03-30,INTC,-0.021957397,0.018311977,-0.0093433857
2020-03-30,MSFT,-0.033477366,0.03087163,-0.00349015
2020-03-30,NKE,-0.026540518,0.02816546,-0.0031052232
2020-03-30,VZ,-0.01235497,0.012631774,-0.0024602413
2020-03-30,WMT,-0.015422642,0.013466597,-0.0073320866
2020-03-31,AAPL,-0.014699399,0.015502572,-0.057018936
2020-03-31,AMGN,-0.0085067153,0.018320322,-0.021420479
2020-03-31,CRM,-0.057635307,0.044386744,-0.039475501
2020-03-31,CSCO,-0.02638495,0.014475942,-0.037609816
2020-03-31,IBM,-0.0071709752,0.010971308,-0.02107501
2020-03-31,INTC,-0.016095519,0.016772985,-0.027606487
2020-03-31,MSFT,-0.022249699,0.019011021,-0.031666756
2020-03-31,NKE,-0.02555275,0.019312739,-0.031486869
2020-03-31,VZ,-0.019827902,0.0080318451,-0.037135899
2020-03-31,WMT,-0.021002173,0.015419602,-0.016404569
2020-04-01,AAPL,-0.030009985,0.041989088,-0.0088672638
2020-04-01,AMGN,-0.028127968,0.038925886,-0.0024236441
2020-04-01,CRM,-0.041319489,0.057552457,-0.017136931
2020-04-01,CSCO,-0.036684752,0.036010504,-0.0098095536
2020-04-01,IBM,-0.033090234,0.028917909,-0.0032129884
2020-04-01,INTC,-0.037922084,0.040487289,-0.0053212643
2020-04-01,MSFT,-0.040935576,0.037856936,-0.0065415502
2020-04-01,NKE,-0.030645669,0.035214782,-0.0080675483
2020-04-01,VZ,-0.031153917,0.030727029,-0.0072757006
2020-04-01,WMT,-0.024351835,0.02759099,-0.0050036311
2020-04-02,AAPL,0.0085866451,0.014366865,-0.019298971
2020-04-02,AMGN,-0.017382503,0.015496135,-0.0070647597
2020-04-02,CRM,-0.010575473,0.026037097,-0.019625485
2020-04-02,CSCO,0.0026041269,0.01125896,-0.023320317
2020-04-02,IBM,0.0051326752,0.011979222,-0.0097373128
2020-04-02,INTC,-0.0088362694,0.01347959,-0.012617648
2020-04-02,MSFT,-0.012754977,0.017177701,-0.0108729
2020-04-02,NKE,-0.0054419041,0.02533102,-0.011697829
2020-04-02,VZ,-0.009275198,0.014790058,-0.0069075227
2020-04-02,WMT,0.0015292168,0.0054414272,-0.016971648
2020-04-03,AAPL,-0.019633353,0.022542596,-0.066652715
2020-04-03,AMGN,-0.024424672,0.013034701,-0.018958628
2020-04-03,CRM,-0.060614824,0.050190449,-0.01937896
2020-04-03,CSCO,-0.01920414,0.013097644,-0.038566053
2020-04-03,IBM,0.0012634993,0.011497021,-0.029389918
2020-04-03,INTC,-0.023774683,0.021273732,-0.033946991
2020-04-03,MSFT,-0.020578563,0.017501116,-0.0236606
2020-04-03,NKE,-0.028597772,0.024811149,-0.02776134
2020-04-03,VZ,-0.0056096911,0.0075441599,-0.034116447
2020-04-03,WMT,-0.0079011917,0.009052515,-0.026377261
2020-04-06,AAPL,-0.022999525,0.021844387,-0.032328188
2020-04-06,AMGN,-0.017429531,0.024638057,-0.0077844858
2020-04-06,CRM,-0.0066815019,0.030801177,-0.02719605
2020-04-06,CSCO,-0.0083780885,0.021023512,-0.017249584
2020-04-06,IBM,-0.0011563897,0.014500856,-0.014375448
2020-04-06,INTC,-0.0079246163,0.019634247,-0.023806989
2020-04-06,MSFT,-0.016962588,0.02165091,-0.016976774
2020-04-06,NKE,-0.021677077,0.023763895,-0.012770176
2020-04-06,VZ,-0.0048795342,0.017312884,-0.021946847
2020-04-06,WMT,-0.0063329935,0.013913989,-0.0078380704
2020-04-07,AAPL,-0.0049052238,0.012210369,2.8729439e-05
2020-04-07,AMGN,-0.0089210272,0.015704632,0.00018632412
2020-04-07,CRM,0.0079268217,0.022317052,-0.012757182
2020-04-07,CSCO,0.00071322918,0.012451291,-0.0046158433
2020-04-07,IBM,0.0042389631,0.012517571,-0.0060988069
2020-04-07,INTC,0.014139056,0.010869503,-0.017438114
2020-04-07,MSFT,-0.010190248,0.013615847,-0.0044670701
2020-04-07,NKE,-0.008485198,0.015493393,-0.0077729225
2020-04-07,VZ,0.0028918982,0.01120007,0.00076723099
2020-04-07,WMT,-0.0091400146,0.0080935955,-0.0040286183
2020-04-08,AAPL,-0.0006762743,0.016435385,-0.0073179603
2020-04-08,AMGN,-0.0041047335,0.0053107738,-0.0071499348
2020-04-08,CRM,-0.018702507,0.019184351,-0.013792753
2020-04-08,CSCO,-0.014079571,0.012668014,-0.0094736218
2020-04-08,IBM,-0.0080853105,0.013169765,-0.0036401749
2020-04-08,INTC,-0.014511883,0.018997788,-0.012769401
2020-04-08,MSFT,-0.012538254,0.013447404,-0.0073227286
2020-04-08,NKE,-0.019102931,0.025027156,-0.007309258
2020-04-08,VZ,-0.010144234,0.014688373,0.0017230511
2020-04-08,WMT,-0.011720061,0.0087840557,-0.00039201975
2020-04-09,AAPL,0.0043216944,0.013728023,-0.026283145
2020-04-09,AMGN,-0.016810238,0.015760303,-0.0096526742
2020-04-09,CRM,-0.0091309547,0.019216657,-0.019694209
2020-04-09,CSCO,-0.0061094165,0.010505199,-0.01917696
2020-04-09,IBM,-0.0061070323,0.010586143,-0.011794031
2020-04-09,INTC,-0.0098727345,0.0082569122,-0.014532506
2020-04-09,MSFT,-0.021406949,0.015455008,-0.0076518655
2020-04-09,NKE,-0.016657054,0.023870707,-0.012478232
2020-04-09,VZ,-0.017466843,0.018206954,-0.0052240491
2020-04-09,WMT,-0.0076790452,0.005448103,-0.00569278
2020-04-13,AAPL,-0.01204443,0.019795418,-0.053529143
2020-04-13,AMGN,-0.005607307,0.011959791,-0.014333248
2020-04-13,CRM,-0.030833542,0.034508467,-0.020671546
2020-04-13,CSCO,-0.025006771,0.022939324,-0.02842325
2020-04-13,IBM,-0.0098614693,0.013938308,-0.016932547
2020-04-13,INTC,-0.014084816,0.01612258,-0.029173434
2020-04-13,MSFT,-0.028859675,0.02033031,-0.012193918
2020-04-13,NKE,-0.029507518,0.030584693,-0.02460736
2020-04-13,VZ,-0.011310101,0.015376568,-0.022977889
2020-04-13,WMT,-0.01980257,0.013835788,-0.012764573
2020-04-14,AAPL,0.00021874905,0.016560435,-0.035187006
2020-04-14,AMGN,-0.012378693,0.016676068,-0.010171771
2020-04-14,CRM,0.0053539276,0.015172839,-0.03040725
2020-04-14,CSCO,0.0016921759,0.01263082,-0.020094335
2020-04-14,IBM,-0.0093024969,0.010241866,-0.013430834
2020-04-14,INTC,0.0019173622,0.016820788,-0.029577851
2020-04-14,MSFT,-0.016754448,0.010787129,-0.016115308
2020-04-14,NKE,-0.022315025,0.016510129,-0.015583038
2020-04-14,VZ,-0.005043745,0.015905023,-0.01619947
2020-04-14,WMT,-0.012868702,0.013747334,-0.0061399341
2020-04-15,AAPL,0.0022234917,0.018160105,-0.00982517
2020-04-15,AMGN,-0.01336807,0.018741012,-0.0010418296
2020-04-15,CRM,0.016678572,0.020030141,-0.014943838
2020-04-15,CSCO,0.008882761,0.016685367,-0.010694027
2020-04-15,IBM,-0.00030201674,0.011330724,-0.0081230402
2020-04-15,INTC,0.0056523085,0.018075824,-0.02001667
2020-04-15,MSFT,-0.012886465,0.013907075,-0.0051942468
2020-04-15,NKE,-0.0076415539,0.024401784,-0.0068696141
2020-04-15,VZ,0.0020376444,0.014701009,-7.301569e-05
2020-04-15,WMT,-0.013720512,0.014304042,-0.0026093125
2020-04-16,AAPL,0.0028139353,0.013491273,-0.018046141
2020-04-16,AMGN,-0.010527313,0.0096724033,-0.011191428
2020-04-16,CRM,-0.0058180094,0.020360589,-0.013347745
2020-04-16,CSCO,-0.010378718,0.0088233948,-0.01246655
2020-04-16,IBM,-0.0036797523,0.010241508,-0.0085930824
2020-04-16,INTC,-0.0076929331,0.015198231,-0.021566212
2020-04-16,MSFT,-0.020941138,0.017436981,-0.0088147521
2020-04-16,NKE,-0.014318347,0.023289204,-0.015271723
2020-04-16,VZ,-0.01689136,0.01794076,-0.0061120391
2020-04-16,WMT,-0.017174184,0.013375521,-0.0046287179
2020-04-17,AAPL,-0.0070014596,0.012625813,-0.022784114
2020-04-17,AMGN,-0.012144983,0.013102651,-0.012676835
2020-04-17,CRM,-0.004240334,0.014728427,-0.014230669
2020-04-17,CSCO,-0.008067131,0.012074828,-0.011955619
2020-04-17,IBM,-0.0057699084,0.009570241,-0.013184547
2020-04-17,INTC,-0.0057303309,0.014054894,-0.019613802
2020-04-17,MSFT,-0.021333635,0.0089223385,-0.012851477
2020-04-17,NKE,-0.01566422,0.018695712,-0.015872121
2020-04-17,VZ,-0.014204443,0.016721368,-0.009475112
2020-04-17,WMT,-0.02181679,0.013192773,-0.01111716
2020-04-20,AAPL,-0.0016191602,0.0077408552,0.00073087215
2020-04-20,AMGN,-0.0091881752,0.011857033,-0.0071526766
2020-04-20,CRM,-0.006382823,0.021879077,-0.0092425346
2020-04-20,CSCO,-0.0054111481,0.011123061,-0.010472298
2020-04-20,IBM,-0.0017830133,0.011691689,-0.0033631921
2020-04-20,INTC,-0.0075700879,0.013197422,-0.012100399
2020-04-20,MSFT,-0.017381012,0.014498949,-0.0055923462
2020-04-20,NKE,-0.014765739,0.020397902,-0.0058490634
2020-04-20,VZ,-0.0033938885,0.012512684,0.00058710575
2020-04-20,WMT,-0.0084482431,0.0085830688,-0.0016273856
2020-04-21,AAPL,0.0028885603,0.0086146593,-0.022599578
2020-04-21,AMGN,5.8293343e-05,0.0049011707,-0.014382362
2020-04-21,CRM,-0.020018339,0.023365617,-0.015916169
2020-04-21,CSCO,-0.0030163527,0.0079910755,-0.014260292
2020-04-21,IBM,-0.0036017299,0.0064854622,-0.011282802
2020-04-21,INTC,-0.014304698,0.0088156462,-0.013961136
2020-04-21,MSFT,-0.016388237,0.0055935383,-0.0094684362
2020-04-21,NKE,-0.024106443,0.023559093,-0.013827026
2020-04-21,VZ,-0.0037922263,0.010558367,-0.0058494806
2020-04-21,WMT,-0.0023453832,0.0022722483,-0.012240291
2020-04-22,AAPL,-0.026790202,0.01841104,-0.044691205
2020-04-22,AMGN,-0.018434286,0.014943123,-0.013810158
2020-04-22,CRM,-0.010950565,0.016360164,-0.024631858
2020-04-22,CSCO,-0.013007283,0.015939832,-0.020559549
2020-04-22,IBM,-0.0075743794,0.013304114,-0.014188349
2020-04-22,INTC,-0.011361778,0.018254042,-0.024184823
2020-04-22,MSFT,-0.029435933,0.019847512,-0.012667894
2020-04-22,NKE,-0.027258337,0.026223898,-0.020330071
2020-04-22,VZ,-0.00036323071,0.015443802,-0.017671227
2020-04-22,WMT,-0.010237813,0.009714365,-0.013780713
2020-04-23,AAPL,-0.019726872,0.015338063,-0.024477959
2020-04-23,AMGN,-0.011565924,0.026209474,-0.010803282
2020-04-23,CRM,-0.00092595816,0.020400882,-0.017530918
2020-04-23,CSCO,-0.0052300692,0.019618511,-0.015916765
2020-04-23,IBM,-0.003846705,0.012469411,-0.012240529
2020-04-23,INTC,0.00030457973,0.017349482,-0.019529283
2020-04-23,MSFT,-0.014265239,0.020518899,-0.0073100924
2020-04-23,NKE,-0.014672935,0.020573854,-0.0071416497
2020-04-23,VZ,0.00023806095,0.013570309,-0.018676758
2020-04-23,WMT,-0.018098533,0.019429207,-0.0056560636
2020-04-24,AAPL,-7.4326992e-05,0.012725234,-0.020413876
2020-04-24,AMGN,-0.0080571175,0.025030732,-0.0086990595
2020-04-24,CRM,0.004042387,0.019050598,-0.020217657
2020-04-24,CSCO,-0.0016567707,0.014995098,-0.0091345906
2020-04-24,IBM,-0.0017679334,0.011213064,-0.0083628893
2020-04-24,INTC,0.011739492,0.015592098,-0.013799608
2020-04-24,MSFT,-0.005533874,0.021446228,-0.0082569122
2020-04-24,NKE,6.4611435e-05,0.020528197,-0.0079134703
2020-04-24,VZ,-0.0034015179,0.013771176,-0.0054741502
2020-04-24,WMT,-0.013563752,0.016602635,-0.0034559965
2020-04-27,AAPL,-0.01348716,0.019469976,-0.0078328252
2020-04-27,AMGN,-0.011049211,0.015029311,-0.011510074
2020-04-27,CRM,-0.0077332258,0.014989972,-0.013868272
2020-04-27,CSCO,-0.0065716505,0.017350078,-0.010559618
2020-04-27,IBM,-0.0121876,0.013112187,-0.011595249
2020-04-27,INTC,-0.011075735,0.025191307,-0.007540822
2020-04-27,MSFT,-0.010843217,0.013241291,-0.0038921237
2020-04-27,NKE,-0.012525916,0.0190804,-0.009131968
2020-04-27,VZ,-0.0021178126,0.011476517,-0.0060243011
2020-04-27,WMT,-0.0063557625,0.0082373619,-0.0069004893
2020-04-28,AAPL,-0.010363162,0.013301134,-0.007525146
2020-04-28,AMGN,-0.0044187903,0.012876153,-0.0091572404
2020-04-28,CRM,-0.027524948,0.030787826,-0.013311744
2020-04-28,CSCO,-0.017100513,0.01765871,-0.0026805997
2020-04-28,IBM,-0.017089963,0.014981985,-0.0079524517
2020-04-28,INTC,-0.017660022,0.016452432,-0.00037890673
2020-04-28,MSFT,-0.01326412,0.014573812,-0.0018302798
2020-04-28,NKE,-0.023249984,0.02511394,0.0004389286
2020-04-28,VZ,-0.019430935,0.0089864731,-0.0025599599
2020-04-28,WMT,-0.0086199641,0.013562202,-0.0021019578
2020-04-29,AAPL,-0.010880768,0.017436504,-0.011424243
2020-04-29,AMGN,-0.01157701,0.014019847,-0.0016862154
2020-04-29,CRM,-0.026656568,0.042651296,-0.0066099167
2020-04-29,CSCO,-0.0096607804,0.014874816,-0.011265218
2020-04-29,IBM,-0.004691124,0.013475537,-0.0065222979
2020-04-29,INTC,-0.018558681,0.011842608,-0.0047393441
2020-04-29,MSFT,-0.01033777,0.015695453,-0.0012418032
2020-04-29,NKE,-0.018060088,0.030621529,0.0015956163
2020-04-29,VZ,0.00067520142,0.0081777573,-0.0021317601
2020-04-29,WMT,0.0034191608,0.00049269199,-0.0078046322
2020-04-30,AAPL,-0.035018623,0.024397135,-0.093256116
2020-04-30,AMGN,-0.020103991,0.017665386,-0.023417771
2020-04-30,CRM,-0.058199286,0.055044293,-0.033371389
2020-04-30,CSCO,-0.038872242,0.020587087,-0.048655093
2020-04-30,IBM,-0.015389025,0.016660094,-0.028613627
2020-04-30,INTC,-0.026708186,0.022255659,-0.034418702
2020-04-30,MSFT,-0.027514398,0.01584363,-0.026784897
2020-04-30,NKE,-0.032398045,0.028497696,-0.042236805
2020-04-30,VZ,-0.02171886,0.014229178,-0.055540383
2020-04-30,WMT,-0.026486158,0.014558911,-0.021716833
2020-05-01,AAPL,-0.039656401,0.048382878,-0.021889687
2020-05-01,AMGN,-0.018004894,0.033808231,-0.0049055219
2020-05-01,CRM,-0.04352808,0.051040649,-0.014431119
2020-05-01,CSCO,-0.035427749,0.037615061,-0.011650324
2020-05-01,IBM,-0.029266715,0.025472045,-0.0062699318
2020-05-01,INTC,-0.031290114,0.03713274,-0.015483201
2020-05-01,MSFT,-0.037144125,0.038737178,-0.014095902
2020-05-01,NKE,-0.034141958,0.038739562,-0.00892061
2020-05-01,VZ,-0.022392213,0.033383846,-0.014407218
2020-05-01,WMT,-0.022966206,0.028457999,-0.0037838817
2020-05-04,AAPL,0.012023687,0.01025331,-0.0099005103
2020-05-04,AMGN,-0.018318892,0.0096580982,-0.0040795207
2020-05-04,CRM,-0.014291823,0.020865798,-0.010844469
2020-05-04,CSCO,0.00042867661,0.0044269562,-0.0072329044
2020-05-04,IBM,0.0046418905,0.015304089,-0.0074601769
2020-05-04,INTC,-0.005762279,0.006618619,-0.011421561
2020-05-04,MSFT,-0.0044451356,0.013566732,-0.0061908364
2020-05-04,NKE,-0.015026391,0.01922667,-0.00080394745
2020-05-04,VZ,-0.013643742,0.010299683,-0.003357172
2020-05-04,WMT,-0.0053118467,0.006783843,-0.010111094
2020-05-05,AAPL,-0.014302075,0.015956163,-0.050074697
2020-05-05,AMGN,-0.026323557,0.00012719631,-0.013373017
2020-05-05,CRM,-0.05453521,0.04315412,-0.014018536
2020-05-05,CSCO,-0.01831758,0.0069718361,-0.025818586
2020-05-05,IBM,-0.0019776821,0.0037292242,-0.023694038
2020-05-05,INTC,-0.030224562,0.0086977482,-0.021990418
2020-05-05,MSFT,-0.027658761,0.0071698427,-0.013155639
2020-05-05,NKE,-0.0067031384,0.018635511,-0.020128369
2020-05-05,VZ,-0.010295212,0.010432005,-0.021171629
2020-05-05,WMT,-0.013730168,0.0081043243,-0.014577329
2020-05-06,AAPL,-0.02944994,0.0097800493,-0.034218013
2020-05-06,AMGN,-0.0018798113,-0.00090628862,-0.015472054
2020-05-06,CRM,-0.039660037,0.040641665,-0.008846581
2020-05-06,CSCO,-0.026056349,0.007242322,-0.01237464
2020-05-06,IBM,0.004347682,0.0067244768,-0.015495241
2020-05-06,INTC,-0.026187122,0.014110923,-0.024370611
2020-05-06,MSFT,-0.034691632,0.001548171,-0.0046047568
2020-05-06,NKE,-0.037037671,0.015993357,-0.0062457919
2020-05-06,VZ,-0.0034887195,0.010572672,-0.021409988
2020-05-06,WMT,0.0042142868,0.0019204617,-0.0082476139
2020-05-07,AAPL,-0.012524724,0.0021883249,-0.019442797
2020-05-07,AMGN,-0.0055411458,0.012115717,-0.0020312071
2020-05-07,CRM,-0.0074034929,0.029142141,-0.010209978
2020-05-07,CSCO,-0.010666668,0.0069919825,0.00084912777
2020-05-07,IBM,-0.002358973,0.011562943,-0.0063072443
2020-05-07,INTC,-0.0059585571,0.0034513474,-0.012614369
2020-05-07,MSFT,-0.024475038,0.0092090368,0.0038269758
2020-05-07,NKE,-0.029106438,0.016851306,0.0095999241
2020-05-07,VZ,-0.0024053454,0.016043544,0.0011644363
2020-05-07,WMT,-0.0023984313,3.5047531e-05,0.00039732456
2020-05-08,AAPL,-0.01671201,0.011897564,-0.0074523091
2020-05-08,AMGN,-0.01006192,0.00590837,-0.0044255853
2020-05-08,CRM,-0.026723146,0.032068491,-0.010029733
2020-05-08,CSCO,-0.029437304,0.012461662,-0.0023038387
2020-05-08,IBM,-0.004160881,0.010425925,-0.0053418875
2020-05-08,INTC,-0.020879388,0.0073103905,-0.010765851
2020-05-08,MSFT,-0.022298992,0.0076494217,0.0023589134
2020-05-08,NKE,-0.031260669,0.021556139,0.0024402142
2020-05-08,VZ,-0.01006633,0.014278531,0.0047750473
2020-05-08,WMT,-0.022604525,-2.7358532e-05,0.0087747574
2020-05-11,AAPL,-0.014774859,0.011302233,-0.012562335
2020-05-11,AMGN,-0.0049663782,0.0036710501,-0.011989832
2020-05-11,CRM,-0.032219231,0.032424212,-0.0060886145
2020-05-11,CSCO,-0.023105681,0.0014657974,-0.0013798475
2020-05-11,IBM,-0.0079063177,0.0088344812,-0.010201812
2020-05-11,INTC,-0.017799079,0.0094249249,-0.0094416142
2020-05-11,MSFT,-0.023321807,0.0074477196,-0.0032471418
2020-05-11,NKE,-0.028290451,0.021895409,-0.0013008118
2020-05-11,VZ,-0.0090857744,0.017372489,0.0076146126
2020-05-11,WMT,-0.0047964454,-0.0024316311,-0.003266573
2020-05-12,AAPL,-0.022462368,0.011349559,-0.029013455
2020-05-12,AMGN,-0.0088577867,0.0074647665,-0.010644615
2020-05-12,CRM,-0.026328504,0.039335251,-0.015901566
2020-05-12,CSCO,-0.020842612,0.0038136244,-0.010478258
2020-05-12,IBM,-0.008964479,0.017906427,-0.0083619356
2020-05-12,INTC,-0.0080084801,0.0084588528,-0.012325346
2020-05-12,MSFT,-0.024000585,0.0062381029,-0.006147325
2020-05-12,NKE,-0.030193925,0.02585876,-0.0094371438
2020-05-12,VZ,-0.013141036,0.019444704,-0.00042933226
2020-05-12,WMT,-0.019694269,0.0034198761,-0.0027711987
2020-05-13,AAPL,-0.022973239,0.009853363,-0.033193827
2020-05-13,AMGN,-0.011834323,0.0021584034,-0.011639178
2020-05-13,CRM,-0.035124362,0.045903921,-0.014527798
2020-05-13,CSCO,-0.009735167,0.0034074783,-0.015940487
2020-05-13,IBM,-0.003786087,0.012225151,-0.0091207623
2020-05-13,INTC,-0.015832722,0.0060681105,-0.017092884
2020-05-13,MSFT,-0.019851327,0.00060117245,-0.004545331
2020-05-13,NKE,-0.032356858,0.024276376,-0.011107326
2020-05-13,VZ,-0.00051176548,0.016749024,-0.013127148
2020-05-13,WMT,-0.011343956,-0.00135535,-0.010002851
2020-05-14,AAPL,-0.021265209,0.0058200359,-0.016004324
2020-05-14,AMGN,0.0060559511,-0.0019153357,-0.01343441
2020-05-14,CRM,-0.035613656,0.047376633,-0.00069612265
2020-05-14,CSCO,-0.015623569,0.0030872822,-0.0072772503
2020-05-14,IBM,-0.013204217,0.013929129,-0.0067926645
2020-05-14,INTC,-0.010767221,0.0087738037,-0.014394403
2020-05-14,MSFT,-0.021592975,0.0032404661,0.00028049946
2020-05-14,NKE,-0.032772005,0.028097272,0.00059664249
2020-05-14,VZ,0.00081288815,0.019412756,-0.0024539828
2020-05-14,WMT,-0.006300211,0.00015687943,-0.0019564629
2020-05-15,AAPL,-0.013892829,0.0072635412,-0.027669072
2020-05-15,AMGN,0.0052236319,-0.0010804534,-0.015948653
2020-05-15,CRM,-0.030187726,0.037567973,-0.011878431
2020-05-15,CSCO,-0.023027182,-0.0012305975,-0.0058242679
2020-05-15,IBM,-0.0092542768,0.0079882145,-0.014316678
2020-05-15,INTC,-0.016164243,0.0046957731,-0.015160978
2020-05-15,MSFT,-0.021584094,-0.0049791336,-0.00033545494
2020-05-15,NKE,-0.022913694,0.017911315,-0.0033112764
2020-05-15,VZ,-0.0066050291,0.019434929,-0.0019494891
2020-05-15,WMT,-0.0084257722,-0.0031818151,-0.0048421025
2020-05-18,AAPL,-0.014881372,0.0091950893,-0.001624763
2020-05-18,AMGN,-0.0013595223,0.010511518,-0.0083090663
2020-05-18,CRM,-0.025846362,0.039910913,-0.0037323833
2020-05-18,CSCO,-0.013064802,0.0053240061,0.00088334084
2020-05-18,IBM,-0.0087018013,0.014812112,-0.0063549876
2020-05-18,INTC,-0.0072287321,0.011089325,-0.0068363547
2020-05-18,MSFT,-0.014752507,0.010745168,-0.00038683414
2020-05-18,NKE,-0.035864711,0.026319742,0.0054953098
2020-05-18,VZ,0.0019466877,0.017805815,0.00072085857
2020-05-18,WMT,-0.0092385411,-0.0010464191,-0.00015765429
2020-05-19,AAPL,-0.017103314,0.0091561079,-0.0040564537
2020-05-19,AMGN,0.00041413307,-0.00035667419,-0.010222614
2020-05-19,CRM,-0.026156664,0.031933427,-0.0039579272
2020-05-19,CSCO,-0.011477053,-0.0022920966,-0.0046985149
2020-05-19,IBM,-0.0090489388,0.011572123,-0.0050442815
2020-05-19,INTC,-0.010664999,0.0023243427,-0.0059208274
2020-05-19,MSFT,-0.022982121,0.0007545948,0.0043134689
2020-05-19,NKE,-0.033720374,0.022448897,-0.00090408325
2020-05-19,VZ,0.00010979176,0.01564157,0.0028539896
2020-05-19,WMT,-0.012110889,-0.0018671155,-0.00036036968
2020-05-20,AAPL,-0.011205912,0.011181951,-0.016749799
2020-05-20,AMGN,-0.0076079965,0.009321928,-0.01445049
2020-05-20,CRM,-0.058422625,0.040024042,-0.0080676079
2020-05-20,CSCO,-0.014713883,-0.0043538809,-0.0083879828
2020-05-20,IBM,-0.010115623,0.0072270632,-0.011664987
2020-05-20,INTC,-0.012776256,0.00098419189,-0.012393892
2020-05-20,MSFT,-0.01797694,0.0083624125,-0.0041388273
2020-05-20,NKE,-0.035576761,0.026168227,-0.004643023
2020-05-20,VZ,-0.0080894232,0.016566634,-0.00064194202
2020-05-20,WMT,-0.0092833638,-0.0017365813,-0.014137864
2020-05-21,AAPL,-0.0063232183,0.0056099892,-0.03740555
2020-05-21,AMGN,0.0030055046,0.0016433001,-0.018523514
2020-05-21,CRM,-0.043611884,0.050139546,-0.01127404
2020-05-21,CSCO,-0.012657821,0.0014082193,-0.018699527
2020-05-21,IBM,-0.00673455,0.011109591,-0.01115942
2020-05-21,INTC,-0.015953124,0.0028415918,-0.013681293
2020-05-21,MSFT,-0.012620807,0.00036168098,-0.0074408054
2020-05-21,NKE,-0.023159802,0.010449052,-0.0081849694
2020-05-21,VZ,-0.0021673441,0.014042139,-0.007252872
2020-05-21,WMT,-0.019118845,-0.00086712837,-0.012266457
2020-05-22,AAPL,-0.033265889,0.01004076,-0.031731904
2020-05-22,AMGN,0.0095299482,0.0020260811,-0.024517179
2020-05-22,CRM,-0.062671304,0.065210819,-0.011952639
2020-05-22,CSCO,-0.023394227,0.0057572126,-0.013763189
2020-05-22,IBM,-0.01290983,0.011754394,-0.011393487
2020-05-22,INTC,-0.01404494,0.00049817562,-0.020903289
2020-05-22,MSFT,-0.011369407,0.0079342127,-0.01499176
2020-05-22,NKE,-0.02918905,0.020423055,-0.013389707
2020-05-22,VZ,-0.0014448762,0.012400031,-0.011680365
2020-05-22,WMT,-0.00053840876,-0.00094968081,-0.016730249
2020-05-26,AAPL,-0.028581381,0.024814487,-0.0058769584
2020-05-26,AMGN,-0.024155796,0.026921511,-0.00054550171
2020-05-26,CRM,0.0037822723,0.049451947,-0.007275641
2020-05-26,CSCO,-0.010294139,0.010593534,-0.0043715835
2020-05-26,IBM,-0.010726213,0.019476891,-0.0057777762
2020-05-26,INTC,-0.010261059,0.0051585436,-0.0085274577
2020-05-26,MSFT,-0.018389463,0.01709199,-0.0073518157
2020-05-26,NKE,-0.021426499,0.023950815,0.00453794
2020-05-26,VZ,-0.0043162107,0.019626021,0.00066959858
2020-05-26,WMT,-0.0084219575,0.0033425093,-0.0025525689
2020-05-27,AAPL,-0.013974071,0.018963933,-0.0052365065
2020-05-27,AMGN,0.0036668777,0.0047903061,-0.014423549
2020-05-27,CRM,-0.025814652,0.044651389,-0.0050439835
2020-05-27,CSCO,-0.011172533,0.0066297054,-0.0034802556
2020-05-27,IBM,-0.0084317923,0.014686465,-0.0085802078
2020-05-27,INTC,-0.0016064048,-0.00052374601,-0.014581025
2020-05-27,MSFT,-0.011216223,0.013888836,-0.0025028586
2020-05-27,NKE,-0.023456335,0.022668123,-0.0021842718
2020-05-27,VZ,-0.0058173537,0.013011694,0.0012494326
2020-05-27,WMT,-0.0060552359,-0.001999855,0.0011045933
2020-05-28,AAPL,-0.0053324103,0.0096319914,-0.00081211329
2020-05-28,AMGN,-0.012032807,0.01147759,-0.012136459
2020-05-28,CRM,-0.021387458,0.027091146,-0.014054537
2020-05-28,CSCO,0.0084916353,-0.0006917119,-0.0092079043
2020-05-28,IBM,-0.015929401,0.013025284,-0.003174901
2020-05-28,INTC,-0.00069528818,0.0018912554,-0.0068392158
2020-05-28,MSFT,0.0018603802,0.002845645,-0.011776388
2020-05-28,NKE,-0.02488637,0.014403462,0.00093507767
2020-05-28,VZ,-0.01361388,0.0047272444,-4.2200089e-05
2020-05-28,WMT,-0.0065678954,0.00266397,0.00057828426
2020-05-29,AAPL,-0.030616939,0.02859664,-0.0026028752
2020-05-29,AMGN,-0.0085656047,0.012154937,-0.0074953437
2020-05-29,CRM,-0.027297616,0.040578127,-0.014141142
2020-05-29,CSCO,-0.0092715621,0.011570334,-0.0083955526
2020-05-29,IBM,-0.01344955,0.020148158,-0.0017195344
2020-05-29,INTC,-0.0161466,0.012766957,0.0032041073
2020-05-29,MSFT,-0.021032453,0.017106652,0.0085674524
2020-05-29,NKE,-0.017430425,0.032699823,0.0075566769
2020-05-29,VZ,-0.0076332688,0.010900378,0.0066738129
2020-05-29,WMT,-0.0019091368,-0.00049030781,-0.0014264584
2020-06-01,AAPL,-0.021962881,0.017250896,-0.059421062
2020-06-01,AMGN,-0.030899465,0.023161769,-0.016316533
2020-06-01,CRM,-0.030685663,0.041538835,-0.037488163
2020-06-01,CSCO,-0.025682628,0.013052106,-0.035544574
2020-06-01,IBM,-0.010432243,0.017091513,-0.0215469
2020-06-01,INTC,-0.020129919,0.01689899,-0.026691556
2020-06-01,MSFT,-0.016138673,0.018439531,-0.028472841
2020-06-01,NKE,-0.023951411,0.022188425,-0.025929332
2020-06-01,VZ,-0.017769754,0.013435125,-0.031921983
2020-06-01,WMT,-0.018724263,0.007003665,-0.012964547
2020-06-02,AAPL,-0.035238028,0.042878628,-0.015986025
2020-06-02,AMGN,-0.024053633,0.031585693,-0.0057729483
2020-06-02,CRM,-0.051854968,0.058403611,-0.014222562
2020-06-02,CSCO,-0.042761803,0.032325625,-0.01722163
2020-06-02,IBM,-0.036620796,0.03051579,-0.0015633702
2020-06-02,INTC,-0.035775423,0.037375808,-0.0073847771
2020-06-02,MSFT,-0.047877848,0.03502512,-0.0073295236
2020-06-02,NKE,-0.0345186,0.036735177,-0.011757016
2020-06-02,VZ,-0.032780647,0.030144572,-0.013611794
2020-06-02,WMT,-0.034263492,0.030366302,-0.0062760115
2020-06-03,AAPL,0.014227271,0.0085799694,-0.0034635663
2020-06-03,AMGN,-0.013792396,0.0075831413,-0.0034657717
2020-06-03,CRM,0.013415575,0.015492916,-0.0020730495
2020-06-03,CSCO,0.010061145,-0.0035406947,-0.0051026344
2020-06-03,IBM,0.005161643,0.014014482,0.0058107376
2020-06-03,INTC,0.0057580471,0.0021723509,-0.0047986507
2020-06-03,MSFT,0.0081706047,-0.0011211038,-0.0052093863
2020-06-03,NKE,-0.014236689,0.004229784,0.0053042173
2020-06-03,VZ,-0.016439795,0.0056903362,0.0052297115
2020-06-03,WMT,-0.012267709,0.004103303,-8.7022781e-05
2020-06-04,AAPL,-0.011639059,0.024730206,-0.0019034743
2020-06-04,AMGN,-0.052598119,0.023332715,0.0088253021
2020-06-04,CRM,-0.030654907,0.010092497,0.0050365925
2020-06-04,CSCO,-0.011002779,-0.0066807866,-0.0091347098
2020-06-04,IBM,-0.015196025,0.0060902834,-0.00028264523
2020-06-04,INTC,-0.010269463,-0.00289464,-0.0059008002
2020-06-04,MSFT,-0.036865115,0.0051053762,-0.0041293502
2020-06-04,NKE,-0.0074145794,0.0016231537,-0.0043442845
2020-06-04,VZ,-0.024320364,0.0043307543,0.0050038099
2020-06-04,WMT,-0.013652503,-0.00063061714,8.4877014e-05
2020-06-05,AAPL,-0.0026202798,0.014646769,-0.015700519
2020-06-05,AMGN,-0.046747088,0.015717149,-0.00031942129
2020-06-05,CRM,-0.036880136,0.022664309,-0.001321435
2020-06-05,CSCO,-0.022925019,-0.0097500086,-0.014136851
2020-06-05,IBM,0.0037974119,0.0022197962,-0.0042414069
2020-06-05,INTC,-0.012341738,-0.00085800886,-0.0075800419
2020-06-05,MSFT,-0.030136049,0.00077092648,-0.011119187
2020-06-05,NKE,-0.028745234,0.0035881996,-0.0051659942
2020-06-05,VZ,-0.023673773,0.0030217171,0.0064744949
2020-06-05,WMT,0.00018298626,-0.013299644,-0.0076512694
2020-06-08,AAPL,0.0058786869,0.0082854033,-0.023172975
2020-06-08,AMGN,-0.022248983,0.010836124,-0.007722497
2020-06-08,CRM,-0.017555475,0.017009854,-0.0093186498
2020-06-08,CSCO,-0.001543045,-0.014347017,-0.014917672
2020-06-08,IBM,0.0053468943,0.0049748421,-0.0024985671
2020-06-08,INTC,0.0014815331,-0.011080444,-0.015164793
2020-06-08,MSFT,-0.020600259,-0.0030016303,-0.0033484101
2020-06-08,NKE,-0.021474123,0.0046205521,-0.0052115917
2020-06-08,VZ,-0.021093726,0.0061746836,0.0029914379
2020-06-08,WMT,-0.020718753,0.00076842308,0.00079166889
2020-06-09,AAPL,-0.01456666,0.016810417,-0.018842041
2020-06-09,AMGN,-0.022307217,0.0044922829,0.0033780336
2020-06-09,CRM,-0.048692644,0.042573452,0.0052833557
2020-06-09,CSCO,-0.023535073,0.0011780262,-0.0054066777
2020-06-09,IBM,-0.0047869682,0.0079573393,0.0037196875
2020-06-09,INTC,-0.014479458,0.0072083473,-0.0088454485
2020-06-09,MSFT,-0.029493868,0.0037183762,-0.0028573871
2020-06-09,NKE,-0.024691164,0.019814014,0.0014623404
2020-06-09,VZ,-0.016010642,0.0085667372,0.0016674995
2020-06-09,WMT,-0.010346234,-0.0041790605,0.002704978
2020-06-10,AAPL,-0.003549695,0.013628244,-0.0060631633
2020-06-10,AMGN,-0.025948703,0.01184535,-0.0012618303
2020-06-10,CRM,-0.023619711,0.033350706,0.0023640394
2020-06-10,CSCO,-0.014132917,0.0027918816,-0.0034177899
2020-06-10,IBM,-0.0016524196,0.009065032,-0.0011686683
2020-06-10,INTC,-0.013417065,0.0088828802,-0.011250436
2020-06-10,MSFT,-0.020685792,0.0044893026,-0.00041329861
2020-06-10,NKE,-0.026368141,0.01775527,0.0064214468
2020-06-10,VZ,-0.017792583,0.013961077,0.013262391
2020-06-10,WMT,-0.01580584,-0.0029235482,0.0017547607
2020-06-11,AAPL,0.005237937,0.0084598064,-0.024873316
2020-06-11,AMGN,-0.020074725,0.0010094643,-0.0061102509
2020-06-11,CRM,-0.024914682,0.023469925,-0.011008084
2020-06-11,CSCO,-0.014700234,-0.0086116791,-0.011844635
2020-06-11,IBM,-0.0070015192,0.0047119856,-0.0044297576
2020-06-11,INTC,-0.02253437,0.0017604828,-0.016376376
2020-06-11,MSFT,-0.027736843,-0.0022747517,-0.0026653409
2020-06-11,NKE,-0.014006495,0.010134935,-0.018943071
2020-06-11,VZ,-0.028713763,0.012526989,0.0012930632
2020-06-11,WMT,-0.026215553,0.0035961866,-0.00028300285
2020-06-12,AAPL,-0.015105486,0.01668632,-0.020271182
2020-06-12,AMGN,-0.017005503,0.0035606623,-0.0073893666
2020-06-12,CRM,-0.028407454,0.026269436,-0.0018138885
2020-06-12,CSCO,-0.019978225,0.00095939636,-0.0077177882
2020-06-12,IBM,-0.0054610372,0.0071909428,-0.0027701855
2020-06-12,INTC,-0.020376503,0.0055465698,-0.012256324
2020-06-12,MSFT,-0.034747064,0.0092940331,0.00061404705
2020-06-12,NKE,-0.021636248,0.018979549,-0.0057609081
2020-06-12,VZ,-0.01914686,0.017530441,0.0052586794
2020-06-12,WMT,-0.0086763501,-0.0039377213,-0.005982697
2020-06-15,AAPL,-0.010384619,0.0088623762,-0.026197314
2020-06-15,AMGN,-0.023946464,0.006929636,-0.0025379658
2020-06-15,CRM,-0.025620401,0.028830528,-0.0076102018
2020-06-15,CSCO,-0.01506871,0.0029276609,-0.0066473484
2020-06-15,IBM,0.0039536953,0.005212903,-0.0038178563
2020-06-15,INTC,-0.015417993,0.0074949265,-0.010277808
2020-06-15,MSFT,-0.023514032,0.0042272806,0.0015765429
2020-06-15,NKE,-0.023472965,0.018345118,-0.0013451576
2020-06-15,VZ,-0.014161229,0.012522578,0.0023405552
2020-06-15,WMT,-0.020974934,-0.0015028715,-0.0024366975
2020-06-16,AAPL,-0.012325764,0.0059460402,-0.034754992
2020-06-16,AMGN,-0.012913942,0.00092184544,-0.010131419
2020-06-16,CRM,-0.033721566,0.042411685,-0.0016450882
2020-06-16,CSCO,-0.018193245,0.0017427206,-0.010370255
2020-06-16,IBM,-0.0032418966,0.0038971901,-0.0081229806
2020-06-16,INTC,-0.015894175,0.0028972626,-0.01853019
2020-06-16,MSFT,-0.025641441,-0.0028205514,-0.004375875
2020-06-16,NKE,-0.019917905,0.016085267,-0.009771049
2020-06-16,VZ,-0.0062883496,0.013866901,-0.013054609
2020-06-16,WMT,-0.010853052,-0.0043568611,-0.00515306
2020-06-17,AAPL,-0.028895676,0.0084308386,-0.011532187
2020-06-17,AMGN,0.0032552481,-8.2850456e-06,-0.009868145
2020-06-17,CRM,-0.016902626,0.042275667,0.00094974041
2020-06-17,CSCO,-0.01740694,0.0023858547,-0.00088137388
2020-06-17,IBM,-0.0084846616,0.010205626,-0.0056599975
2020-06-17,INTC,-0.0071066022,0.0052760839,-0.014639616
2020-06-17,MSFT,-0.023990512,0.00056445599,-0.0021374822
2020-06-17,NKE,-0.026430249,0.020430565,-0.00076395273
2020-06-17,VZ,0.0016359091,0.011738777,0.0020945072
2020-06-17,WMT,-0.0015397072,-0.0079689026,-0.0056996942
2020-06-18,AAPL,-0.017304957,0.011161208,-0.0059785247
2020-06-18,AMGN,-0.014533281,0.0058004856,-0.0041133761
2020-06-18,CRM,-0.024118423,0.02246964,-0.0045415163
2020-06-18,CSCO,-0.016838133,-0.0027473569,-0.00057911873
2020-06-18,IBM,-0.015800297,0.010361433,-0.0027456284
2020-06-18,INTC,-0.0099332333,0.0030301809,-0.011150837
2020-06-18,MSFT,-0.022359967,-0.0014308691,0.0016490221
2020-06-18,NKE,-0.026608109,0.016268253,-0.00079649687
2020-06-18,VZ,-0.0097798109,0.012303352,0.003285408
2020-06-18,WMT,-0.019419611,0.00048899651,0.00098097324
2020-06-19,AAPL,-0.007776022,0.01233995,0.00030040741
2020-06-19,AMGN,-0.013829529,0.0085790157,-0.0065948963
2020-06-19,CRM,-0.033794463,0.030871272,0.0036917925
2020-06-19,CSCO,0.0034946203,-0.0035255551,-0.005479157
2020-06-19,IBM,0.0063236952,0.0090762377,-0.0069204569
2020-06-19,INTC,-0.0053604841,0.0035096407,-0.0095782876
2020-06-19,MSFT,-0.013565183,0.0091017485,-5.8233738e-05
2020-06-19,NKE,-0.024911284,0.025127769,-0.00041979551
2020-06-19,VZ,-0.0098639727,0.0057077408,0.0051531792
2020-06-19,WMT,-0.0053980947,-0.00529176,-0.0033035874
2020-06-22,AAPL,-0.015720248,0.011584878,-0.042429507
2020-06-22,AMGN,-0.021973073,0.01497674,-0.0076203346
2020-06-22,CRM,-0.033144474,0.029159784,-0.020348072
2020-06-22,CSCO,-0.0067309737,-0.0021694303,-0.022663951
2020-06-22,IBM,-0.0030583143,0.011487007,-0.016804874
2020-06-22,INTC,-0.013713956,0.0040344,-0.019301713
2020-06-22,MSFT,-0.020009339,0.0088685751,-0.0095252991
2020-06-22,NKE,-0.019144416,0.014590502,-0.019214571
2020-06-22,VZ,-0.014765263,0.0093648434,-0.006275773
2020-06-22,WMT,-0.0097144246,-0.0026991963,-0.014320016
2020-06-23,AAPL,-0.027350664,0.018869519,-0.053753853
2020-06-23,AMGN,-0.032309651,0.020214796,-0.0054448843
2020-06-23,CRM,-0.033012569,0.046128511,-0.02122587
2020-06-23,CSCO,0.0014580488,0.0069141388,-0.030660808
2020-06-23,IBM,0.0053963661,0.0073723793,-0.016711354
2020-06-23,INTC,0.0057315826,0.004401803,-0.032380104
2020-06-23,MSFT,-0.012791514,0.010107756,-0.023651361
2020-06-23,NKE,-0.025852621,0.022329569,-0.022385716
2020-06-23,VZ,-0.011235356,0.0092378855,-0.022377729
2020-06-23,WMT,-0.025761187,0.012473702,-0.0093800426
2020-06-24,AAPL,-0.01190722,0.020865321,-0.0091027617
2020-06-24,AMGN,-0.019228578,0.027010679,-0.001809001
2020-06-24,CRM,0.0044488907,0.045909405,-0.0029847622
2020-06-24,CSCO,0.006533742,0.0023397207,-0.0083380938
2020-06-24,IBM,0.0082576275,0.0081270933,-0.0071460009
2020-06-24,INTC,0.0079144239,0.0040060282,-0.0096245408
2020-06-24,MSFT,-0.0069472194,0.014653921,-0.004609406
2020-06-24,NKE,-0.011361063,0.020647764,0.0026544333
2020-06-24,VZ,0.0079364777,0.0063509941,-0.010122299
2020-06-24,WMT,0.0035156012,0.0037966967,-0.0028217435
2020-06-25,AAPL,-0.0014355183,0.0080667734,-0.010047853
2020-06-25,AMGN,0.00039243698,0.0075367689,-0.0066295266
2020-06-25,CRM,0.01038897,0.016872287,-0.015397966
2020-06-25,CSCO,-0.0090166926,0.0096734762,-0.0043513179
2020-06-25,IBM,-0.0077672005,0.0070749521,-0.0057634711
2020-06-25,INTC,0.0057179928,-0.0020723939,-0.0048933029
2020-06-25,MSFT,-0.0060425401,0.0036497116,-0.00066137314
2020-06-25,NKE,-0.018268228,0.018271208,0.0013122559
2020-06-25,VZ,-0.0099802017,0.0070366859,0.0026261806
2020-06-25,WMT,-0.015434921,0.0028597116,-0.00021672249
2020-06-26,AAPL,-0.012127519,0.013692737,-0.0053418279
2020-06-26,AMGN,-0.015030742,0.0099546909,-0.0061918497
2020-06-26,CRM,-0.021325111,0.022024035,-0.01285696
2020-06-26,CSCO,-0.025145948,0.0025038719,-0.0069152713
2020-06-26,IBM,-0.02526176,0.0114609,-0.0032044053
2020-06-26,INTC,-0.015784085,0.0059267282,-0.004493773
2020-06-26,MSFT,-0.025767326,0.0074671507,-0.004701376
2020-06-26,NKE,-0.015324295,0.018073678,0.00010025501
2020-06-26,VZ,-0.017580211,0.002248764,0.00088047981
2020-06-26,WMT,-0.009491384,0.0076124668,-0.00064665079
2020-06-29,AAPL,-0.019700646,0.020698309,-0.0048620105
2020-06-29,AMGN,-0.01895678,0.016942382,-0.0080503821
2020-06-29,CRM,-0.033551812,0.046298027,-0.010121286
2020-06-29,CSCO,-0.020461202,0.016990185,-0.0058724284
2020-06-29,IBM,-0.010687292,0.016232014,-0.0032459497
2020-06-29,INTC,-0.018978417,0.010972977,-0.0027039647
2020-06-29,MSFT,-0.02911377,0.021971107,0.0078336
2020-06-29,NKE,-0.02536726,0.032462716,0.0021855831
2020-06-29,VZ,-0.0021907091,0.0093476772,0.0019952059
2020-06-29,WMT,-0.014538705,0.0083312988,-0.00010937452
2020-06-30,AAPL,-0.02170676,0.019860983,-0.07827878
2020-06-30,AMGN,-0.010156155,0.020555019,-0.024070978
2020-06-30,CRM,-0.054343164,0.043157458,-0.0384835
2020-06-30,CSCO,-0.03391856,0.019027114,-0.048459172
2020-06-30,IBM,-0.0100106,0.012940407,-0.026322663
2020-06-30,INTC,-0.022771418,0.017501235,-0.027968645
2020-06-30,MSFT,-0.022188485,0.01983726,-0.032919884
2020-06-30,NKE,-0.024508476,0.024243593,-0.041972518
2020-06-30,VZ,-0.018745542,0.012513041,-0.049959719
2020-06-30,WMT,-0.0174312,0.0088959932,-0.019831777
2020-07-01,AAPL,-0.035587549,0.04776907,-0.0096877217
2020-07-01,AMGN,-0.022078216,0.03369236,-0.0016953349
2020-07-01,CRM,-0.040777326,0.052874565,-0.0093050003
2020-07-01,CSCO,-0.038756788,0.03578341,-0.010304391
2020-07-01,IBM,-0.031464279,0.030352473,-0.0019395351
2020-07-01,INTC,-0.034848034,0.040195942,-0.0056353807
2020-07-01,MSFT,-0.038758159,0.040068388,-0.0081092119
2020-07-01,NKE,-0.035943031,0.035380006,-0.0054011941
2020-07-01,VZ,-0.027163684,0.029189467,-0.0049595237
2020-07-01,WMT,-0.028686583,0.027570844,-0.0027710795
2020-07-02,AAPL,0.007874608,0.016191125,3.3020973e-05
2020-07-02,AMGN,-0.01642108,0.009270668,-0.0018774867
2020-07-02,CRM,-0.0065907836,0.015413523,0.012336731
2020-07-02,CSCO,0.0085692406,-0.0012834668,-0.00027507544
2020-07-02,IBM,0.0017477274,0.0069890022,0.0043082237
2020-07-02,INTC,-0.0011659861,0.0037404299,0.004901886
2020-07-02,MSFT,-0.0025681853,-0.00044029951,0.0040097237
2020-07-02,NKE,-0.017266095,0.0087960958,0.013579726
2020-07-02,VZ,-0.020760715,0.0096650124,0.0049417019
2020-07-02,WMT,-0.0053562522,0.00058710575,0.0012921095
2020-07-06,AAPL,-0.011443198,0.021402955,-0.011249542
2020-07-06,AMGN,-0.048068523,0.013766766,0.0091565847
2020-07-06,CRM,-0.034563541,0.017525315,0.0147084
2020-07-06,CSCO,-0.010306954,-0.0085872412,-0.010018826
2020-07-06,IBM,-0.0031937957,0.0014191866,-0.0040396452
2020-07-06,INTC,-0.013237596,0.0010710955,-0.00071930885
2020-07-06,MSFT,-0.021477282,0.0020599365,-0.0015572906
2020-07-06,NKE,-0.01575309,0.0049169064,0.0059013367
2020-07-06,VZ,-0.025544882,0.0077852011,0.0025495291
2020-07-06,WMT,-0.013089716,0.0010784864,-0.0036500096
2020-07-07,AAPL,-0.0028729439,0.013661385,-0.017534673
2020-07-07,AMGN,-0.025482714,0.0072538853,-0.0094200373
2020-07-07,CRM,-0.056723475,0.032900333,0.015861511
2020-07-07,CSCO,-0.020130515,-0.0076794624,-0.0093658566
2020-07-07,IBM,0.0021065474,0.0029432774,-0.00032240152
2020-07-07,INTC,-0.00029367208,-0.0076109171,-0.0052996278
2020-07-07,MSFT,-0.032128751,-0.0026136637,-0.0052001476
2020-07-07,NKE,-0.035177767,0.009283185,0.0073779821
2020-07-07,VZ,-0.015384078,0.0048890114,0.0014219284
2020-07-07,WMT,-0.0071464181,-0.0027169585,-0.002644062
2020-07-08,AAPL,-0.021346688,0.019557953,-0.012049615
2020-07-08,AMGN,0.0023041964,-0.0042536259,-0.020256579
2020-07-08,CRM,-0.01971209,0.021915436,-0.011249959
2020-07-08,CSCO,-0.021302581,-0.012213469,-0.0094376802
2020-07-08,IBM,-0.00018310547,-0.0041582584,-0.005731523
2020-07-08,INTC,-0.0076571107,-0.0037152171,-0.001396358
2020-07-08,MSFT,-0.021068215,0.00055158138,-0.010246277
2020-07-08,NKE,-0.010493457,0.0024273396,0.0068032742
2020-07-08,VZ,-0.023049772,0.011138082,-0.00022369623
2020-07-08,WMT,-0.00061178207,-0.01333344,-0.0077047348
2020-07-09,AAPL,-0.014707685,0.0094351768,-0.026320636
2020-07-09,AMGN,-0.024300098,0.0059597492,-0.0058151484
2020-07-09,CRM,-0.034471273,0.028877258,-0.010613859
2020-07-09,CSCO,-0.014123797,-0.012971342,-0.012484312
2020-07-09,IBM,-0.0093317628,0.00608778,-0.0027161837
2020-07-09,INTC,0.0076128244,-0.01199156,-0.009079814
2020-07-09,MSFT,-0.019317269,-0.0022591949,-0.0139184
2020-07-09,NKE,-0.019559681,0.0048332214,0.0060992241
2020-07-09,VZ,-0.033102334,0.012503862,-0.0026317239
2020-07-09,WMT,-0.019065201,-0.0020401478,-0.0028019547
2020-07-10,AAPL,0.00069820881,0.011813641,-0.0086659789
2020-07-10,AMGN,-0.0061606765,0.0051305294,-0.0075750947
2020-07-10,CRM,-0.0091348886,0.025847435,0.0054165125
2020-07-10,CSCO,0.0072487593,-0.014370382,-0.006144166
2020-07-10,IBM,-0.003929913,0.0079746246,0.0050330162
2020-07-10,INTC,0.011474013,-0.00011855364,-0.0001590848
2020-07-10,MSFT,-0.0062736273,-0.0012604594,-0.0049822927
2020-07-10,NKE,-0.031438231,0.014135718,0.021862268
2020-07-10,VZ,-0.037326634,0.017920971,0.0074224472
2020-07-10,WMT,-0.013771415,0.0024034977,0.00095367432
2020-07-13,AAPL,-0.0083297491,0.016853929,-0.012875915
2020-07-13,AMGN,-0.045535445,0.021819115,0.0019351244
2020-07-13,CRM,-0.024372816,0.034861565,0.0083347559
2020-07-13,CSCO,-0.011693954,-0.010556519,-0.0071977377
2020-07-13,IBM,-0.0049818754,0.0088323355,0.0018230677
2020-07-13,INTC,-0.0033423901,-0.010340869,0.0002515316
2020-07-13,MSFT,-0.0090287924,0.0061696768,4.2438507e-05
2020-07-13,NKE,-0.029660106,0.0088993311,0.014970541
2020-07-13,VZ,-0.027762711,0.012304068,0.0053565502
2020-07-13,WMT,-0.01672256,-0.001593411,0.001974225
2020-07-14,AAPL,-0.025535583,0.011795402,-0.042507052
2020-07-14,AMGN,-0.019283593,0.0062606335,-0.02066052
2020-07-14,CRM,-0.066645622,0.04329741,-0.011800766
2020-07-14,CSCO,-0.03917551,-0.014046311,-0.021723151
2020-07-14,IBM,-0.022820055,0.0083549023,-0.006717205
2020-07-14,INTC,-0.011020541,-0.010980964,-0.017811477
2020-07-14,MSFT,-0.040654063,0.00073337555,-0.014582038
2020-07-14,NKE,-0.03570962,0.004927516,-0.010625482
2020-07-14,VZ,-0.028315187,0.012279391,-0.013136148
2020-07-14,WMT,-0.018615484,-0.00048363209,-0.011351466
2020-07-15,AAPL,-0.014731526,0.020586848,-0.0032281876
2020-07-15,AMGN,-0.022157848,0.013083577,0.0016037226
2020-07-15,CRM,-0.0048552752,0.028771877,0.0012606382
2020-07-15,CSCO,-0.0036481619,-0.0056930184,-0.0010770559
2020-07-15,IBM,-0.0053886771,0.0081344843,0.0059201717
2020-07-15,INTC,0.0035579205,-0.00022387505,-0.0025049448
2020-07-15,MSFT,-0.014436364,-0.00031769276,-0.0060369372
2020-07-15,NKE,-0.027666986,0.017092586,0.015364289
2020-07-15,VZ,-0.030994236,0.016985893,0.0083246231
2020-07-15,WMT,-0.021265745,0.00034093857,-0.00018560886
2020-07-16,AAPL,0.0072535276,0.0020495653,-0.025709808
2020-07-16,AMGN,-0.013187706,0.0024466515,-0.014896095
2020-07-16,CRM,-0.031254828,0.023930311,-0.0061829686
2020-07-16,CSCO,-0.014793992,-0.015360415,-0.0089532137
2020-07-16,IBM,-0.010181904,0.010334492,-0.0043910146
2020-07-16,INTC,-0.0067400932,-0.0065274239,-0.0085956454
2020-07-16,MSFT,-0.012069643,0.001064539,-0.0082625747
2020-07-16,NKE,-0.023894131,0.0053752661,0.0032461882
2020-07-16,VZ,-0.04077071,0.01504159,0.0072857141
2020-07-16,WMT,-0.019843221,-0.0046937466,-0.0010935664
2020-07-17,AAPL,-0.017802596,0.014967322,-0.01300168
2020-07-17,AMGN,-0.018677294,0.0081186295,-0.013907194
2020-07-17,CRM,-0.054642379,0.040395737,0.0085738897
2020-07-17,CSCO,-0.01204288,-0.012214363,-0.0084878206
2020-07-17,IBM,-0.0063242912,0.010308981,-0.0033562779
2020-07-17,INTC,-0.0016289353,-0.0072425008,-0.013709784
2020-07-17,MSFT,-0.01313895,-0.00050896406,-0.010908663
2020-07-17,NKE,-0.041524351,0.012621164,0.0095955133
2020-07-17,VZ,-0.028140008,0.012655139,-0.0025179386
2020-07-17,WMT,-0.018276751,-0.0028524995,-0.0058823228
2020-07-20,AAPL,-0.018796206,0.020843387,-0.013949215
2020-07-20,AMGN,-0.03295815,0.019267201,-0.0034393072
2020-07-20,CRM,-0.056845367,0.042366982,0.0065248013
2020-07-20,CSCO,-0.0081884265,-0.0050028563,-0.010859966
2020-07-20,IBM,-0.0033817291,0.0089601278,-0.0030279756
2020-07-20,INTC,0.0020068884,-0.009429872,-0.010149837
2020-07-20,MSFT,-0.01737684,-0.0023239255,-0.0074725151
2020-07-20,NKE,-0.030166745,0.018680453,0.004034996
2020-07-20,VZ,-0.015602827,0.0062521696,-0.0046672821
2020-07-20,WMT,0.0045669079,-0.010771036,-0.013279676
2020-07-21,AAPL,-0.025190771,0.021447659,-0.022619128
2020-07-21,AMGN,-0.021804929,0.0065033436,-0.010858536
2020-07-21,CRM,-0.069215178,0.052354813,0.0033789873
2020-07-21,CSCO,-0.017864764,-0.0069091916,-0.014994204
2020-07-21,IBM,-0.0030751824,0.0088609457,-0.0083216429
2020-07-21,INTC,-0.0067340136,-0.003888309,-0.0086521506
2020-07-21,MSFT,-0.021390855,0.0056494474,-0.0086167455
2020-07-21,NKE,-0.040948808,0.014865518,-0.0041712523
2020-07-21,VZ,-0.026939988,0.011734724,-0.0050135255
2020-07-21,WMT,0.0010015965,-0.0097497702,-0.013435781
2020-07-22,AAPL,-0.017153442,0.018646717,-0.018743396
2020-07-22,AMGN,-0.023103654,0.012836695,-0.0037269592
2020-07-22,CRM,-0.024216175,0.032873034,-0.013415813
2020-07-22,CSCO,0.0033706427,-0.0056326985,-0.012439847
2020-07-22,IBM,-0.0055480599,0.0090315342,-0.0038930178
2020-07-22,INTC,-0.0029102564,-0.004183352,-0.0032496452
2020-07-22,MSFT,-0.008633554,0.0022740364,-0.010837257
2020-07-22,NKE,-0.042021811,0.018599033,0.0075465441
2020-07-22,VZ,-0.028691411,0.012580752,0.0015785694
2020-07-22,WMT,-0.0069411397,-0.0024700165,-0.0095604658
2020-07-23,AAPL,-0.031381905,0.02422452,-0.023968339
2020-07-23,AMGN,-0.049034953,0.022331476,0.0025867224
2020-07-23,CRM,-0.056109786,0.041295648,0.0035527945
2020-07-23,CSCO,-0.0072894096,-0.003495276,-0.016730905
2020-07-23,IBM,-0.003344059,0.0076850653,-0.0049975514
2020-07-23,INTC,-0.0010190606,-0.0051828623,-0.013017952
2020-07-23,MSFT,-0.012247324,0.005417347,-0.0089669824
2020-07-23,NKE,-0.027808845,0.015011549,0.0043010712
2020-07-23,VZ,-0.022120178,0.0063893795,-0.0051606297
2020-07-23,WMT,-0.011203706,9.7751617e-05,-0.0092178583
2020-07-24,AAPL,-0.012311816,0.016435504,-0.025790215
2020-07-24,AMGN,-0.012695074,0.0095386505,-0.010881066
2020-07-24,CRM,-0.012135208,0.029869199,-0.011987805
2020-07-24,CSCO,0.0042231083,-0.014014602,-0.020599067
2020-07-24,IBM,-0.0080153346,0.0093929768,-0.0059854984
2020-07-24,INTC,0.0075697899,-0.005776763,-0.017696023
2020-07-24,MSFT,0.0024523735,-0.0035483837,-0.016723454
2020-07-24,NKE,-0.017412782,0.011529446,-0.0017423034
2020-07-24,VZ,-0.018981397,0.010483742,-0.0065459013
2020-07-24,WMT,-0.035347879,0.01103735,0.00063705444
2020-07-27,AAPL,-0.020851076,0.016940713,-0.017475843
2020-07-27,AMGN,0.015717268,0.0027401447,-0.022544503
2020-07-27,CRM,0.015562177,0.0077575445,-0.011685133
2020-07-27,CSCO,-0.008975625,-0.0035046339,-0.0055691004
2020-07-27,IBM,-0.014023185,0.010742068,-0.0014068484
2020-07-27,INTC,-0.01133889,-0.00089836121,-0.0040257573
2020-07-27,MSFT,-0.011181056,0.0040621758,-0.010833323
2020-07-27,NKE,-0.0061347485,0.010972261,0.0055530071
2020-07-27,VZ,-0.019221783,0.011107802,-0.00042283535
2020-07-27,WMT,-0.014046371,0.00041556358,-0.00058960915
2020-07-28,AAPL,0.0087816715,0.0075619221,-0.015438139
2020-07-28,AMGN,-0.026955903,0.010843515,-0.0038636327
2020-07-28,CRM,-0.028619766,0.020339131,-0.006675303
2020-07-28,CSCO,-0.0029376149,-0.0093117356,-0.014549434
2020-07-28,IBM,-0.013368785,0.0054408312,-0.005063653
2020-07-28,INTC,-0.0044691563,-0.0004632473,-0.0029733181
2020-07-28,MSFT,-0.011768758,0.0029011965,-0.0090731978
2020-07-28,NKE,-0.0067901611,0.0040768385,-0.0013257861
2020-07-28,VZ,-0.017891586,0.0057641268,-0.0011028647
2020-07-28,WMT,-0.0064157844,-0.0014779568,-0.0056378841
2020-07-29,AAPL,-0.018000245,0.021651864,-0.0014887452
2020-07-29,AMGN,-0.019675791,0.022855401,-0.0019930601
2020-07-29,CRM,-0.030747235,0.034546614,-0.020755947
2020-07-29,CSCO,-0.034804821,0.015423179,-0.0037512183
2020-07-29,IBM,-0.026385903,0.019948483,0.00043988228
2020-07-29,INTC,-0.030565619,0.015697241,0.0030692816
2020-07-29,MSFT,-0.028826475,0.023560047,0.0028818846
2020-07-29,NKE,-0.02234602,0.030978203,0.0068641901
2020-07-29,VZ,-0.014648139,0.011992574,0.00064384937
2020-07-29,WMT,-0.014954627,0.0102005,0.00058805943
2020-07-30,AAPL,-0.013227701,0.0095754862,-0.050582647
2020-07-30,AMGN,-0.0037865639,0.011543632,-0.019184828
2020-07-30,CRM,-0.055218101,0.046212316,-0.032838166
2020-07-30,CSCO,-0.03637743,0.0023306608,-0.028748155
2020-07-30,IBM,-0.011611581,0.011359334,-0.020191133
2020-07-30,INTC,-0.016031802,0.0077116489,-0.023812413
2020-07-30,MSFT,-0.023672462,0.014045596,-0.021916807
2020-07-30,NKE,-0.029817939,0.016928196,-0.022455633
2020-07-30,VZ,-0.022405624,0.013388515,-0.021265388
2020-07-30,WMT,-0.025382698,0.01545608,-0.011543572
2020-07-31,AAPL,-0.052078187,0.043341756,-0.012078702
2020-07-31,AMGN,-0.032293618,0.033181548,-0.0047664642
2020-07-31,CRM,-0.064773083,0.062827468,-0.01674509
2020-07-31,CSCO,-0.050122201,0.033733487,-0.01014173
2020-07-31,IBM,-0.037008226,0.030654192,-0.0054867864
2020-07-31,INTC,-0.035526156,0.039480805,-0.0064693689
2020-07-31,MSFT,-0.049960375,0.032344341,-0.0072796345
2020-07-31,NKE,-0.034387887,0.02976799,-0.0087196827
2020-07-31,VZ,-0.035413325,0.025422573,-0.010377824
2020-07-31,WMT,-0.024327159,0.022332072,-0.0054767728
2020-08-03,AAPL,0.00794065,0.0097031593,-0.0017022491
2020-08-03,AMGN,-0.0043575764,-0.0016562343,-0.0087820292
2020-08-03,CRM,0.0071239471,0.012529016,0.0050911903
2020-08-03,CSCO,0.011596441,-0.0057547688,-0.0017214417
2020-08-03,IBM,0.011703849,0.0016210079,0.0025393963
2020-08-03,INTC,0.0092953444,-0.0010872483,0.00056636333
2020-08-03,MSFT,0.0073779821,-0.0015667081,0.00085818768
2020-08-03,NKE,-0.0040177107,0.0028322935,0.010714531
2020-08-03,VZ,-0.0087875724,0.0037372112,-0.00078713894
2020-08-03,WMT,0.0030380487,-0.0054413676,-0.0028074384
2020-08-04,AAPL,-0.01282835,0.018146515,-0.0038676262
2020-08-04,AMGN,-0.04236865,0.011486053,0.009239912
2020-08-04,CRM,-0.025594831,0.010109663,0.0053972006
2020-08-04,CSCO,-0.0095536113,-0.011671305,-0.0064925551
2020-08-04,IBM,-0.014519036,0.0047045946,-0.0024864078
2020-08-04,INTC,-0.015645385,-0.0049064159,0.0026350021
2020-08-04,MSFT,-0.029207885,0.0030940771,-0.000390172
2020-08-04,NKE,-0.0078932047,-2.0861626e-06,0.0044736862
2020-08-04,VZ,-0.025827289,0.0035184622,0.0022034645
2020-08-04,WMT,-0.011563718,-0.0049564838,-0.0019721985
2020-08-05,AAPL,-0.015740275,0.018840909,-0.013203502
2020-08-05,AMGN,-0.024078369,0.0076366663,-0.0083909631
2020-08-05,CRM,-0.055353582,0.034071088,0.012503386
2020-08-05,CSCO,-0.01810807,-0.014197826,-0.0145033
2020-08-05,IBM,-0.0037184954,0.00076198578,-0.0057064891
2020-08-05,INTC,-0.0047072172,-0.0093947649,-0.005645752
2020-08-05,MSFT,-0.025842845,-0.0013799667,-0.0070403814
2020-08-05,NKE,-0.0331918,0.0065139532,0.0045815706
2020-08-05,VZ,-0.0071442723,-0.0011624098,-0.0029818416
2020-08-05,WMT,-0.0029721856,-0.010646701,-0.011102796
2020-08-06,AAPL,-0.014019728,0.013438821,-0.010852396
2020-08-06,AMGN,-0.018205225,0.009257555,-0.0045889616
2020-08-06,CRM,-0.021588922,0.020916224,-0.0057194233
2020-08-06,CSCO,-0.0078990459,-0.013941407,-0.014742136
2020-08-06,IBM,-0.0084245801,0.0037996769,-0.0032490492
2020-08-06,INTC,0.01361239,-0.0091203451,-0.0066268444
2020-08-06,MSFT,-0.013401508,-0.0014898181,-0.012132466
2020-08-06,NKE,-0.020771384,0.0112679,0.011684418
2020-08-06,VZ,-0.019807994,0.0085771084,0.0004389286
2020-08-06,WMT,-0.013431072,0.00085997581,-0.0045277476
2020-08-07,AAPL,-0.013027072,0.016113997,-0.008194685
2020-08-07,AMGN,-0.020494044,0.010023236,-0.0030944347
2020-08-07,CRM,-0.018565476,0.022908568,0.0002810955
2020-08-07,CSCO,0.0013253689,-0.019294024,-0.0084034204
2020-08-07,IBM,-0.0053988099,0.0078417063,0.0023030043
2020-08-07,INTC,0.012431502,-0.010812402,0.0016051531
2020-08-07,MSFT,-0.0079870224,-0.0014995933,-0.0030873418
2020-08-07,NKE,-0.036679864,0.014271855,0.016671658
2020-08-07,VZ,-0.022276402,0.0087205172,0.0017315149
2020-08-07,WMT,-0.018246174,0.00054371357,-0.00087928772
2020-08-10,AAPL,-0.011881471,0.011116624,-0.01856488
2020-08-10,AMGN,-0.034976125,0.022273064,-0.0036038756
2020-08-10,CRM,-0.037662983,0.028398037,-0.0021721125
2020-08-10,CSCO,-0.012894213,-0.020075977,-0.013482094
2020-08-10,IBM,-0.020988822,0.010423899,-0.0029956698
2020-08-10,INTC,0.0024522543,-0.0081061721,-0.009167254
2020-08-10,MSFT,-0.019028783,0.0055705309,-0.010179698
2020-08-10,NKE,-0.036147118,0.012566566,0.0048902035
2020-08-10,VZ,-0.031090558,0.008792758,-0.0029819608
2020-08-10,WMT,-0.025325775,0.0018355846,-0.004940927
2020-08-11,AAPL,-0.033860087,0.0244627,-0.0094220638
2020-08-11,AMGN,-0.034726381,0.018475175,-0.0016034842
2020-08-11,CRM,-0.054710984,0.031381607,0.0067607164
2020-08-11,CSCO,-0.017165482,-0.012801468,-0.011011541
2020-08-11,IBM,-0.010163844,0.008713007,-0.0022783279
2020-08-11,INTC,-0.0059042573,-0.0072416067,-0.0050348043
2020-08-11,MSFT,-0.031231046,0.0041935444,-0.0036823153
2020-08-11,NKE,-0.032830238,0.01117146,0.0075700283
2020-08-11,VZ,-0.021928191,0.0091707706,-0.0067875385
2020-08-11,WMT,-0.013559639,0.0010076761,-0.0071658492
2020-08-12,AAPL,-0.013028264,0.016919255,-0.010639846
2020-08-12,AMGN,-0.028215528,0.020017743,0.0023720264
2020-08-12,CRM,-0.0029863715,0.0078543425,-0.010803282
2020-08-12,CSCO,0.003870368,-0.014504731,-0.0093029141
2020-08-12,IBM,-0.0096926689,0.01097393,0.002015233
2020-08-12,INTC,0.0030477047,-0.00063151121,-0.001950562
2020-08-12,MSFT,-0.014245272,-0.0031375289,-0.0031853318
2020-08-12,NKE,-0.017987013,0.0061619282,0.0091397762
2020-08-12,VZ,-0.031835735,0.015343666,0.0024895668
2020-08-12,WMT,-0.018630743,-3.862381e-05,-0.0032944083
2020-08-13,AAPL,-0.0285303,0.019860744,-0.0066435337
2020-08-13,AMGN,-0.017670572,0.013004541,-0.0072671175
2020-08-13,CRM,-0.019254744,0.019763947,-0.00100106
2020-08-13,CSCO,-0.011714518,-0.015328109,-0.0070582628
2020-08-13,IBM,-0.017504573,0.010793447,0.0030127764
2020-08-13,INTC,-0.010317743,7.3313713e-05,0.00050938129
2020-08-13,MSFT,-0.019791365,0.0064280033,-0.00067931414
2020-08-13,NKE,-0.024552405,0.013087034,0.014980674
2020-08-13,VZ,-0.023075759,0.017328382,-0.00057625771
2020-08-13,WMT,-0.022791743,0.0059070587,-0.0022986531
2020-08-14,AAPL,-0.012191415,0.013688445,-0.017781675
2020-08-14,AMGN,-0.010908484,0.018238187,-0.014679074
2020-08-14,CRM,-0.020382047,0.021505713,-0.012273908
2020-08-14,CSCO,-0.013199031,-0.016659439,-0.0087684393
2020-08-14,IBM,-0.020557404,0.0095683336,0.00040018559
2020-08-14,INTC,-0.0018319488,-0.0038843751,-0.0043334961
2020-08-14,MSFT,-0.019710302,-0.0013208389,-0.0085089803
2020-08-14,NKE,-0.021346033,0.0052014589,0.002638936
2020-08-14,VZ,-0.028029025,0.010458589,-0.0081928968
2020-08-14,WMT,-0.025623083,0.00041651726,-0.0062130094
2020-08-17,AAPL,-0.0255844,0.026169777,-0.010226071
2020-08-17,AMGN,-0.034971118,0.026137829,-0.0038722157
2020-08-17,CRM,-0.045585871,0.02854681,-0.00092762709
2020-08-17,CSCO,-0.014248013,-0.010756612,-0.010365069
2020-08-17,IBM,-0.01618737,0.0082451105,0.00087440014
2020-08-17,INTC,-0.010019183,-0.0042130947,-0.0054625869
2020-08-17,MSFT,-0.014494896,0.00084471703,-0.0084160566
2020-08-17,NKE,-0.018374622,0.0053035021,0.0072352886
2020-08-17,VZ,-0.015550196,0.0079120398,-0.0076194406
2020-08-17,WMT,-0.0113343,-0.0050274134,-0.0076536536
2020-08-18,AAPL,-0.0019237399,0.01783216,-0.0012132525
2020-08-18,AMGN,-0.024494946,0.018775463,0.0062092543
2020-08-18,CRM,-0.029356241,0.018034816,0.00395751
2020-08-18,CSCO,-0.0019486547,-0.013034463,-0.0057172775
2020-08-18,IBM,-0.0239622,0.011691809,0.0071744919
2020-08-18,INTC,-0.004383266,-0.002107501,0.001106143
2020-08-18,MSFT,-0.025652468,0.0016803741,0.0025477409
2020-08-18,NKE,-0.026445329,0.011015892,0.0082011223
2020-08-18,VZ,-0.019850016,0.014459372,-0.001354754
2020-08-18,WMT,-0.012355089,-0.0016188622,-0.0071040988
2020-08-19,AAPL,-0.015809774,0.024111271,-0.0076186061
2020-08-19,AMGN,-0.0013738275,0.0075873137,-0.01250869
2020-08-19,CRM,-0.024983823,0.015927434,0.001000762
2020-08-19,CSCO,0.0091276169,-0.012408853,-0.012317836
2020-08-19,IBM,-0.0044500232,0.0058306456,-0.0021164417
2020-08-19,INTC,0.0015301704,-0.0029574633,-6.377697e-05
2020-08-19,MSFT,-0.0082237124,0.0020112991,-0.0037048459
2020-08-19,NKE,-0.030186415,0.010729671,0.010782123
2020-08-19,VZ,-0.015883505,0.0075652599,0.0011293888
2020-08-19,WMT,0.0022435188,-0.0094049573,-0.011953056
2020-08-20,AAPL,-0.026321054,0.023295164,-0.021507204
2020-08-20,AMGN,-0.042985737,0.025017381,-0.00086677074
2020-08-20,CRM,-0.067315757,0.029763818,-0.0093390346
2020-08-20,CSCO,-0.014175117,-0.0090506077,-0.014909327
2020-08-20,IBM,-0.013024509,0.0031099319,-0.0054038167
2020-08-20,INTC,-0.0046725869,-0.0084247589,-0.010130763
2020-08-20,MSFT,-0.019004583,0.0055506229,-0.0044407248
2020-08-20,NKE,-0.031361938,0.013603449,-0.00094330311
2020-08-20,VZ,-0.013520002,0.002319932,-0.0092294216
2020-08-20,WMT,-0.0067206621,-0.0063788891,-0.010403156
2020-08-21,AAPL,-0.028315663,0.024210334,-0.032665372
2020-08-21,AMGN,-0.033460081,0.025408745,-0.011053622
2020-08-21,CRM,-0.04914856,0.033877015,-0.006367743
2020-08-21,CSCO,-0.0025283694,-0.003159523,-0.024144709
2020-08-21,IBM,-0.0058816671,0.0036344528,-0.010315061
2020-08-21,INTC,0.0058701038,-0.0041443706,-0.016136765
2020-08-21,MSFT,-0.012304485,0.0023419857,-0.017574191
2020-08-21,NKE,-0.027392685,0.0080919266,-0.0071882606
2020-08-21,VZ,-0.018632233,0.0017174482,-0.014314711
2020-08-21,WMT,-0.016991436,0.0068882704,-0.0098164082
2020-08-24,AAPL,-0.015866101,0.021157503,-0.0091593266
2020-08-24,AMGN,-0.0054928064,0.02075088,-0.0099694133
2020-08-24,CRM,0.0036414862,0.02197659,-0.0012136698
2020-08-24,CSCO,0.0099192858,-0.0043041706,-0.011463404
2020-08-24,IBM,0.00012588501,0.011076331,-0.0010370016
2020-08-24,INTC,0.0079329014,0.005957365,-0.00027829409
2020-08-24,MSFT,0.006234169,0.006403327,-0.011262119
2020-08-24,NKE,-0.012173235,0.014501333,0.0095074177
2020-08-24,VZ,-0.014991283,0.010709763,-0.00076210499
2020-08-24,WMT,-0.021272182,0.01147902,0.00065290928
2020-08-25,AAPL,-0.0084559321,0.0081984997,-0.007286787
2020-08-25,AMGN,0.0056989193,0.0037734509,-0.018256783
2020-08-25,CRM,0.017391801,0.00015377998,-0.014662683
2020-08-25,CSCO,-0.0033614039,-0.0087003708,-0.0085089803
2020-08-25,IBM,-0.015747249,0.0086573362,-0.0018697977
2020-08-25,INTC,-0.012081206,-0.0020879507,-0.0049628615
2020-08-25,MSFT,-0.0086030364,7.2956085e-05,-0.0048912764
2020-08-25,NKE,-0.0085019469,0.0068061352,0.003459692
2020-08-25,VZ,-0.013142109,0.001758337,-0.00051015615
2020-08-25,WMT,-0.025479257,0.003849864,0.0036000013
2020-08-26,AAPL,-0.010158002,0.012594223,-0.0066141486
2020-08-26,AMGN,-0.016290247,0.013945818,-0.0099399686
2020-08-26,CRM,-0.034121037,0.019002199,-0.0030271411
2020-08-26,CSCO,-0.027442694,0.0020686388,-0.0078225732
2020-08-26,IBM,-0.028862894,0.012445688,-0.0033020973
2020-08-26,INTC,-0.034318507,0.0016976595,-0.0012124777
2020-08-26,MSFT,-0.029195428,0.0066025257,-0.0065726638
2020-08-26,NKE,-0.018999398,0.0097644329,-0.001463294
2020-08-26,VZ,-0.01810801,0.0033295155,-0.0012283921
2020-08-26,WMT,-0.001529336,9.3698502e-05,-0.0051027536
2020-08-27,AAPL,-0.014868617,0.017041802,-0.010022938
2020-08-27,AMGN,-0.021711767,0.025599003,-0.0056589246
2020-08-27,CRM,-0.046649694,0.03954196,-0.016608655
2020-08-27,CSCO,-0.015438735,0.014648318,-0.010419965
2020-08-27,IBM,-0.022135317,0.015329599,-0.007514298
2020-08-27,INTC,-0.019107223,0.012120008,-0.0067941546
2020-08-27,MSFT,-0.029509902,0.025496244,-0.0063168406
2020-08-27,NKE,-0.03138566,0.025328636,-0.0029019713
2020-08-27,VZ,-0.0041055679,0.0090146065,3.862381e-05
2020-08-27,WMT,-0.016135335,0.010513902,-0.0046271682
2020-08-28,AAPL,-0.017966926,0.0162673,-0.065618873
2020-08-28,AMGN,-0.009244144,0.01898694,-0.024493456
2020-08-28,CRM,-0.071595073,0.047255874,-0.037837446
2020-08-28,CSCO,-0.032114983,0.014180064,-0.038008511
2020-08-28,IBM,-0.0062342286,0.010072351,-0.025627553
2020-08-28,INTC,-0.015426993,0.014101863,-0.023086607
2020-08-28,MSFT,-0.028008819,0.016539454,-0.031262755
2020-08-28,NKE,-0.029118836,0.020470142,-0.030232131
2020-08-28,VZ,-0.010736763,0.0045369864,-0.038539767
2020-08-28,WMT,-0.016260684,0.008967042,-0.015815377
2020-08-31,AAPL,-0.030460536,0.037917614,-0.010754764
2020-08-31,AMGN,-0.030585706,0.04002583,-0.00054961443
2020-08-31,CRM,-0.033090591,0.050269365,-0.017282426
2020-08-31,CSCO,-0.028829873,0.030144453,-0.01222831
2020-08-31,IBM,-0.029633284,0.02794838,-0.0035836697
2020-08-31,INTC,-0.032219529,0.036085963,-0.0062229633
2020-08-31,MSFT,-0.035270333,0.031447649,-0.0098555088
2020-08-31,NKE,-0.032156587,0.030353904,-0.0079028606
2020-08-31,VZ,-0.030760527,0.027387738,-0.0066492558
2020-08-31,WMT,-0.023149252,0.026754618,-0.0030068755
2020-09-01,AAPL,0.0027996302,0.01337111,-0.0096181631
2020-09-01,AMGN,-0.011936426,0.0068869591,-0.0049265623
2020-09-01,CRM,0.0012205839,0.016347885,-0.00097769499
2020-09-01,CSCO,0.011267185,-0.0035228729,-0.0058111548
2020-09-01,IBM,0.0036309958,0.0053633451,-0.0029499531
2020-09-01,INTC,0.00034034252,0.005333066,-8.6426735e-05
2020-09-01,MSFT,0.0018438101,0.0019580126,0.00057137012
2020-09-01,NKE,-0.0084997416,0.0084388256,0.0055273771
2020-09-01,VZ,-0.01031822,0.0051807165,0.00044131279
2020-09-01,WMT,0.0063583851,-0.0030043125,-0.004961729
2020-09-02,AAPL,-0.017247915,0.026141047,-0.0040002465
2020-09-02,AMGN,-0.043429255,0.022909045,0.0090974569
2020-09-02,CRM,-0.053840816,0.033281207,0.0117203
2020-09-02,CSCO,-0.0012111068,-0.0096756816,-0.0087850094
2020-09-02,IBM,0.001188755,0.0040909052,-0.0079095364
2020-09-02,INTC,-0.0053786039,-0.0030052066,0.0064218044
2020-09-02,MSFT,-0.0097753406,0.0020191669,-0.0015677214
2020-09-02,NKE,-0.0288589,0.0080902576,0.010462642
2020-09-02,VZ,-0.01954335,0.0025194883,0.000649333
2020-09-02,WMT,-0.0018693805,-0.0081629753,-0.0065848231
2020-09-03,AAPL,-0.00081425905,0.0089880228,-0.00839746
2020-09-03,AMGN,-0.040121913,0.022088528,0.0051956177
2020-09-03,CRM,-0.021470726,0.017687917,0.0014150143
2020-09-03,CSCO,0.0021831989,-0.014040351,-0.011358976
2020-09-03,IBM,-0.00097095966,0.00022244453,-0.0045952797
2020-09-03,INTC,0.01101172,-0.011608422,-0.0040385723
2020-09-03,MSFT,-0.0022504926,-0.0068215728,-0.010654092
2020-09-03,NKE,-0.024017096,0.0070239305,0.012438178
2020-09-03,VZ,-0.012699068,0.0025172234,-0.00014770031
2020-09-03,WMT,-0.010442615,-0.0045523643,-0.0010006428
2020-09-04,AAPL,-0.026004195,0.013259411,-0.0061174631
2020-09-04,AMGN,-0.011500239,0.0042550564,-0.0090616941
2020-09-04,CRM,-0.01688844,0.01489985,-0.0024231076
2020-09-04,CSCO,-0.0027909279,-0.016415298,-0.0076582432
2020-09-04,IBM,-0.0068677664,0.0037935972,-0.0030127168
2020-09-04,INTC,0.004776597,-0.009244144,0.0012559891
2020-09-04,MSFT,-0.010081291,0.0040172338,-0.0058965683
2020-09-04,NKE,-0.024629951,0.010497212,0.013138056
2020-09-04,VZ,-0.018132389,0.009979248,0.0040999651
2020-09-04,WMT,-0.0089119673,-0.002440393,-0.004452765
2020-09-08,AAPL,-0.022165596,0.019541025,-0.007191956
2020-09-08,AMGN,-0.023515284,0.010437608,-0.0030627251
2020-09-08,CRM,-0.020967305,0.014759064,-0.001393497
2020-09-08,CSCO,-0.012951076,-0.016893804,-0.0054463744
2020-09-08,IBM,-0.013931632,0.0090128183,0.00095450878
2020-09-08,INTC,-0.0072928667,-0.0043621063,0.0026125908
2020-09-08,MSFT,-0.014463186,0.0013567209,-0.0044164658
2020-09-08,NKE,-0.036209345,0.013128996,0.016667604
2020-09-08,VZ,-0.026567578,0.01258564,0.0045771599
2020-09-08,WMT,-0.023360431,0.0032622814,-0.0016868711
2020-09-09,AAPL,-0.025349379,0.015087128,-0.02487582
2020-09-09,AMGN,-0.027293742,0.012087584,-0.0096193552
2020-09-09,CRM,-0.036569357,0.021490932,0.00079059601
2020-09-09,CSCO,-0.019003212,-0.019035399,-0.011509538
2020-09-09,IBM,-0.018017948,0.0089020729,-0.0025123358
2020-09-09,INTC,-0.010156274,-0.0085760951,-0.0073046088
2020-09-09,MSFT,-0.024449646,0.0013272762,-0.0069166422
2020-09-09,NKE,-0.029320776,0.0079215765,0.0047835112
2020-09-09,VZ,-0.037771881,0.0045746565,-0.0042083859
2020-09-09,WMT,-0.026065946,0.0052870512,-0.0052446723
2020-09-10,AAPL,-0.022895813,0.017816067,-0.010958195
2020-09-10,AMGN,-0.026734591,0.016440868,-0.0056032538
2020-09-10,CRM,-0.03342545,0.017382264,0.0098388195
2020-09-10,CSCO,-0.0092014074,-0.012166977,-0.01100415
2020-09-10,IBM,-0.0083277225,0.0072321892,-0.0031021237
2020-09-10,INTC,-0.003978014,-0.0062153935,-0.0081591606
2020-09-10,MSFT,-0.014940083,-0.0011512637,-0.0084343553
2020-09-10,NKE,-0.026135147,0.0069149733,0.0068882704
2020-09-10,VZ,-0.02589196,0.0078241825,-0.0043780208
2020-09-10,WMT,-0.013328791,0.0010937452,-0.0075027347
2020-09-11,AAPL,-0.014843106,0.013669491,-0.0058529377
2020-09-11,AMGN,-0.0097264051,0.010823131,-0.01020205
2020-09-11,CRM,-0.028224349,0.0092730522,0.0036342144
2020-09-11,CSCO,-0.0048021078,-0.016996622,-0.0061974525
2020-09-11,IBM,-0.011662602,0.0083426237,0.001758337
2020-09-11,INTC,-0.00080132484,-0.0041280985,-0.0024299622
2020-09-11,MSFT,-0.011749923,0.0019987822,-0.005212307
2020-09-11,NKE,-0.02300036,0.010147214,0.0083420277
2020-09-11,VZ,-0.024891436,0.010157347,0.0020323992
2020-09-11,WMT,-0.015117407,-0.0011065602,-0.0077352524
2020-09-14,AAPL,-0.027889132,0.021973848,-0.0071507692
2020-09-14,AMGN,-0.02194488,0.016145229,-0.0095677972
2020-09-14,CRM,-0.030127823,0.019423246,-0.00070530176
2020-09-14,CSCO,-0.013757527,-0.010659039,-0.0083453655
2020-09-14,IBM,-0.012289941,0.0088868141,-0.001914382
2020-09-14,INTC,-0.0095683336,-0.0038855672,-0.0054711103
2020-09-14,MSFT,-0.016675293,0.0062475204,-0.0068827868
2020-09-14,NKE,-0.03331852,0.011765361,0.0063263178
2020-09-14,VZ,-0.023092926,0.0077031851,0.0010149479
2020-09-14,WMT,-0.012270629,-0.0028703809,-0.0095488429
2020-09-15,AAPL,-0.022399247,0.016217828,-0.032479048
2020-09-15,AMGN,-0.024924397,0.014434338,-0.014593542
2020-09-15,CRM,-0.060290039,0.034207225,-0.010812521
2020-09-15,CSCO,-0.015374959,-0.013388455,-0.017669976
2020-09-15,IBM,-0.010473728,0.0058426857,-0.0053315759
2020-09-15,INTC,0.00016462803,-0.010746539,-0.011785507
2020-09-15,MSFT,-0.019684434,0.0021086931,-0.015086889
2020-09-15,NKE,-0.028077364,0.0046391487,-0.0070798993
2020-09-15,VZ,-0.019544303,0.001431942,-0.013472497
2020-09-15,WMT,-0.0083560348,-0.0056788325,-0.014677167
2020-09-16,AAPL,-0.018110275,0.021051764,-0.013145149
2020-09-16,AMGN,-0.02870369,0.020370245,0.0030200481
2020-09-16,CRM,-0.033311069,0.028984904,0.00052726269
2020-09-16,CSCO,0.0028555393,-0.011829197,-0.012872934
2020-09-16,IBM,0.0016111135,0.0050344467,-0.003791213
2020-09-16,INTC,0.01055479,-0.0083217025,-0.010606527
2020-09-16,MSFT,-0.0018758774,8.3684921e-05,-0.01518935
2020-09-16,NKE,-0.02100718,0.0097965002,0.0038274527
2020-09-16,VZ,-0.012217999,0.00474751,-0.0056465268
2020-09-16,WMT,-0.0014814734,-0.0047672987,-0.012832284
2020-09-17,AAPL,-0.014300406,0.015312433,-0.0078100562
2020-09-17,AMGN,-0.019554555,0.010981679,-0.0079244971
2020-09-17,CRM,-0.034084797,0.019134402,0.00079274178
2020-09-17,CSCO,-0.0072498322,-0.012399137,-0.010079265
2020-09-17,IBM,-0.013489366,0.007429719,-0.0011176467
2020-09-17,INTC,-1.9013882e-05,-0.0066961646,-0.0027701259
2020-09-17,MSFT,-0.021478713,0.0077722073,-0.0051479936
2020-09-17,NKE,-0.036042333,0.015580535,0.0029941797
2020-09-17,VZ,-0.023676872,0.012631059,-0.0026201606
2020-09-17,WMT,-0.014912307,-0.00089240074,-0.0094819069
2020-09-18,AAPL,-0.022929013,0.026068926,-0.008862555
2020-09-18,AMGN,-0.011107147,0.013409495,-0.015447974
2020-09-18,CRM,-0.039272785,0.028446555,0.0047575235
2020-09-18,CSCO,-0.0019941926,-0.0062384009,-0.0091362596
2020-09-18,IBM,-0.0036497712,0.010963917,-0.0053138137
2020-09-18,INTC,-0.00018471479,2.1934509e-05,-2.0503998e-05
2020-09-18,MSFT,-0.0081941485,0.0096086264,-0.0047816038
2020-09-18,NKE,-0.033460975,0.019467831,0.0069662333
2020-09-18,VZ,-0.014647722,0.0078597069,-0.0016898513
2020-09-18,WMT,0.0021367073,-0.0051108599,-0.011611581
2020-09-21,AAPL,-0.027152777,0.025697589,-0.035809755
2020-09-21,AMGN,-0.025022864,0.019158602,-0.015324295
2020-09-21,CRM,-0.074311137,0.039819002,-0.0071195364
2020-09-21,CSCO,-0.018862844,-0.0091137886,-0.020880103
2020-09-21,IBM,-0.014594436,0.0084182024,-0.0079397559
2020-09-21,INTC,-0.0027013421,-0.0075535178,-0.013027966
2020-09-21,MSFT,-0.014749825,0.0061563253,-0.010817587
2020-09-21,NKE,-0.037486076,0.015094399,-0.0062875152
2020-09-21,VZ,-0.025026143,0.0074597597,-0.009519279
2020-09-21,WMT,-0.0065804124,0.0004529953,-0.013688028
2020-09-22,AAPL,-0.032556415,0.027050018,-0.034697652
2020-09-22,AMGN,-0.036771894,0.033121943,-0.0073313117
2020-09-22,CRM,-0.052174926,0.046108127,-0.0067113042
2020-09-22,CSCO,-0.015505433,0.0055141449,-0.021344304
2020-09-22,IBM,-0.011064351,0.011811614,-0.0087649822
2020-09-22,INTC,-0.0025535822,0.0029994249,-0.017270088
2020-09-22,MSFT,-0.0069244504,0.0092061758,-0.019485116
2020-09-22,NKE,-0.03265518,0.01819253,-0.0055083036
2020-09-22,VZ,-0.016894519,0.0082324743,-0.018028557
2020-09-22,WMT,-0.019413888,0.010564208,-0.010157704
2020-09-23,AAPL,-0.012531996,0.017572165,-0.01526922
2020-09-23,AMGN,-0.02210933,0.025152087,-0.011279762
2020-09-23,CRM,-0.011801124,0.03067708,-0.0082058907
2020-09-23,CSCO,-0.0017597079,-0.0027065277,-0.012221277
2020-09-23,IBM,-0.0035235882,0.0090425014,-0.002769053
2020-09-23,INTC,0.0064989328,0.0023401976,-0.0088603497
2020-09-23,MSFT,0.0019983053,0.0068590641,-0.015910804
2020-09-23,NKE,-0.014879644,0.0099684,0.002553463
2020-09-23,VZ,-0.017801583,0.010555983,-0.0097719431
2020-09-23,WMT,-0.016288161,0.0073751211,-0.0020862818
2020-09-24,AAPL,-0.019037724,0.014387369,-0.0043616295
2020-09-24,AMGN,-0.0076242089,0.0083875656,-0.0097970963
2020-09-24,CRM,0.0015022755,0.008154273,-0.0077058077
2020-09-24,CSCO,-2.0802021e-05,-0.0088157654,-0.009147048
2020-09-24,IBM,-0.015583277,0.0077705383,-0.0053539872
2020-09-24,INTC,-0.00089663267,-0.00086027384,-0.0065879226
2020-09-24,MSFT,0.0043728352,0.0024960041,-0.0082955956
2020-09-24,NKE,-0.016259909,0.0066674948,0.0059976578
2020-09-24,VZ,-0.015977561,0.0080959797,-0.0017110109
2020-09-24,WMT,-0.024737716,0.0060961246,0.0016105175
2020-09-25,AAPL,-0.00073117018,0.01142478,-0.010023952
2020-09-25,AMGN,-0.022312939,0.020421863,-0.0048916936
2020-09-25,CRM,-0.024478853,0.012514114,0.0076373816
2020-09-25,CSCO,-0.013208985,-0.0005466938,-0.0035927296
2020-09-25,IBM,-0.026529193,0.014222503,-0.001218617
2020-09-25,INTC,-0.023030519,0.00035381317,0.0038597584
2020-09-25,MSFT,-0.013075292,0.0084785223,-0.0040634871
2020-09-25,NKE,-0.020840526,0.014478087,0.0091828108
2020-09-25,VZ,-0.017613173,0.0059726238,-0.0025153756
2020-09-25,WMT,0.00061571598,0.0015698671,-0.0043841004
2020-09-28,AAPL,-0.021958053,0.02329886,-0.0070877671
2020-09-28,AMGN,-0.019701064,0.026395321,-0.010465443
2020-09-28,CRM,-0.049017251,0.039848208,-0.0030622482
2020-09-28,CSCO,-0.020405114,0.0073705912,-0.0067780614
2020-09-28,IBM,-0.021965802,0.014485717,-0.0061022639
2020-09-28,INTC,-0.016700745,0.0044227839,-0.0014901757
2020-09-28,MSFT,-0.020024538,0.019953966,-0.0040925145
2020-09-28,NKE,-0.025384128,0.022818089,-0.00050640106
2020-09-28,VZ,-0.0068525672,0.0079967976,0.00053882599
2020-09-28,WMT,-0.011909664,0.0078434944,-0.0048221946
2020-09-29,AAPL,-0.020447195,0.017382503,-0.056185901
2020-09-29,AMGN,-0.019370496,0.022721052,-0.018653691
2020-09-29,CRM,-0.081285954,0.047347665,-0.0271703
2020-09-29,CSCO,-0.032454371,0.011517406,-0.032907546
2020-09-29,IBM,-0.009965837,0.01159513,-0.020651162
2020-09-29,INTC,-0.0096533895,0.0065095425,-0.025408149
2020-09-29,MSFT,-0.020405471,0.016080976,-0.02696079
2020-09-29,NKE,-0.029641867,0.018877387,-0.023721874
2020-09-29,VZ,-0.012355387,0.0037591457,-0.033002377
2020-09-29,WMT,-0.019243002,0.014011979,-0.012774527
2020-09-30,AAPL,-0.025688767,0.037004471,-0.01197046
2020-09-30,AMGN,-0.029788196,0.041428566,-0.0026294589
2020-09-30,CRM,-0.022723317,0.042436242,-0.01679641
2020-09-30,CSCO,-0.025181472,0.026552796,-0.0082342029
2020-09-30,IBM,-0.025116026,0.025977254,-0.0033498406
2020-09-30,INTC,-0.025935471,0.031111836,-0.0033590198
2020-09-30,MSFT,-0.03334409,0.029226065,-0.0074045062
2020-09-30,NKE,-0.031254351,0.029410601,-0.0028128028
2020-09-30,VZ,-0.029323876,0.024497151,-0.0029332042
2020-09-30,WMT,-0.021986365,0.026784301,-0.0024455786
2020-10-01,AAPL,0.0074155331,0.006259203,-0.0037761331
2020-10-01,AMGN,-0.0017795563,0.0010493994,-0.0092836022
2020-10-01,CRM,0.017561674,0.015404582,0.0024846792
2020-10-01,CSCO,0.010826707,-0.0077847242,-0.0022242069
2020-10-01,IBM,0.0046877861,0.0050193071,0.0030543804
2020-10-01,INTC,0.0061805248,0.0025818348,0.002436161
2020-10-01,MSFT,0.0088338852,-0.0044795871,-0.00065356493
2020-10-01,NKE,-0.006334722,0.0033954382,0.011537552
2020-10-01,VZ,-0.0074709654,0.0044810772,-0.00025653839
2020-10-01,WMT,0.0058085918,-0.0032337308,-0.00071269274
2020-10-02,AAPL,-0.018621624,0.017055273,0.0064178705
2020-10-02,AMGN,-0.04652679,0.016166568,0.0085160732
2020-10-02,CRM,-0.03175956,0.018646836,0.010813355
2020-10-02,CSCO,-0.010826647,-0.012745559,-0.004586339
2020-10-02,IBM,-0.012791038,0.0062363148,0.0017268658
2020-10-02,INTC,-0.015784919,-0.0035279393,0.0078054667
2020-10-02,MSFT,-0.026036024,0.0067552328,0.0013585091
2020-10-02,NKE,-0.01380384,-0.0004876852,0.0056954622
2020-10-02,VZ,-0.027756691,0.0051298141,0.0046303272
2020-10-02,WMT,-0.0068264008,-0.0050589442,-0.0022546053
2020-10-05,AAPL,-0.01838696,0.014859796,-0.0077623129
2020-10-05,AMGN,-0.04893285,0.022724032,-0.0027623177
2020-10-05,CRM,-0.04691577,0.026126146,0.00096976757
2020-10-05,CSCO,-0.012906432,-0.017040014,-0.010007203
2020-10-05,IBM,-0.00076258183,0.0017096996,-0.0024265051
2020-10-05,INTC,-0.0069413781,-0.0055437088,-0.0035120249
2020-10-05,MSFT,-0.025027096,-0.00078696012,-0.0039691329
2020-10-05,NKE,-0.024580598,0.0018498898,0.0014588833
2020-10-05,VZ,-0.016999424,-0.0032544732,-0.0023291111
2020-10-05,WMT,0.0056054592,-0.01689446,-0.011283636
2020-10-06,AAPL,-0.0066869855,0.0045872927,-0.014562726
2020-10-06,AMGN,-0.032290697,0.012629271,-0.0043790936
2020-10-06,CRM,-0.0090500116,0.012601852,-0.015829742
2020-10-06,CSCO,-0.0095372796,-0.025693715,-0.013896167
2020-10-06,IBM,-0.0084870458,0.001159668,-0.00097107887
2020-10-06,INTC,0.014607549,-0.012355745,-0.010652661
2020-10-06,MSFT,-0.012813449,-0.0045169592,-0.011740804
2020-10-06,NKE,-0.024143636,0.0048003197,0.0010746717
2020-10-06,VZ,-0.028299809,0.0059170723,-0.0021400452
2020-10-06,WMT,-0.019548893,0.00010728836,-0.0031396747
2020-10-07,AAPL,-0.033195198,0.024730802,0.0015320778
2020-10-07,AMGN,-0.028229892,0.018526435,-0.0010326505
2020-10-07,CRM,-0.034447908,0.029768825,0.0039126873
2020-10-07,CSCO,-0.017059624,-0.014206827,-0.0044642091
2020-10-07,IBM,-0.0061333776,0.006349802,0.000831604
2020-10-07,INTC,-0.0056749582,0.0004324913,0.0034992695
2020-10-07,MSFT,-0.023214817,0.00791049,-0.00052928925
2020-10-07,NKE,-0.026270986,0.012541771,0.0095602274
2020-10-07,VZ,-0.021321297,0.0071979761,-0.0013568401
2020-10-07,WMT,0.0011440516,-0.0092888474,-0.0083565116
2020-10-08,AAPL,-0.0078810453,0.0071824789,-0.022060454
2020-10-08,AMGN,-0.032756209,0.016060591,-0.0074283481
2020-10-08,CRM,-0.03390348,0.019787788,-0.011849284
2020-10-08,CSCO,-0.018764079,-0.018946469,-0.0099208355
2020-10-08,IBM,-0.014010668,0.0053368807,-0.0019465685
2020-10-08,INTC,0.0023095608,-0.0069012642,-0.0077522397
2020-10-08,MSFT,-0.019157827,-0.00065207481,-0.006999135
2020-10-08,NKE,-0.030043781,0.0050367117,0.0037840605
2020-10-08,VZ,-0.033668399,0.006516099,0.00042521954
2020-10-08,WMT,-0.021247864,-0.00030440092,-0.0030522346
2020-10-09,AAPL,-0.014271975,0.025886893,-0.00252527
2020-10-09,AMGN,-0.038868248,0.027840853,0.0036251545
2020-10-09,CRM,-0.025327563,0.026450157,0.0022608042
2020-10-09,CSCO,-0.0042263865,-0.010330081,-0.0058401227
2020-10-09,IBM,0.0026791096,0.0062642097,-0.00080519915
2020-10-09,INTC,0.00058972836,-0.0045874715,-0.0037871599
2020-10-09,MSFT,-0.010846257,0.0060042143,-0.0054438114
2020-10-09,NKE,-0.028259099,0.014178753,0.0091028214
2020-10-09,VZ,-0.017390609,0.0043581724,-0.00065493584
2020-10-09,WMT,-0.012835622,-0.0035354495,-0.0078027248
2020-10-12,AAPL,-0.0082948804,0.010016799,-0.0084566474
2020-10-12,AMGN,-0.036067605,0.020375729,-0.0032983422
2020-10-12,CRM,-0.033789456,0.018762827,-0.0079080462
2020-10-12,CSCO,-0.015085995,-0.014889598,-0.0097160339
2020-10-12,IBM,-0.013615966,0.0072128773,-0.00038844347
2020-10-12,INTC,-0.0033991933,-0.0040636063,-0.0072127581
2020-10-12,MSFT,-0.022471726,-0.0033955574,-0.0080162287
2020-10-12,NKE,-0.023697376,0.0045604706,-0.0021415949
2020-10-12,VZ,-0.021109641,0.0054581165,-0.0030971766
2020-10-12,WMT,-0.014819264,-0.0045924187,-0.0084914565
2020-10-13,AAPL,-0.018008709,0.019529343,-0.00023198128
2020-10-13,AMGN,-0.0078875422,0.013539195,-0.010786831
2020-10-13,CRM,-0.027413189,0.023639679,0.0013087988
2020-10-13,CSCO,0.0037157536,-0.016057611,-0.0063312054
2020-10-13,IBM,-0.0047097206,0.0053634644,0.00066077709
2020-10-13,INTC,0.0018781424,-0.0089502931,-0.0032025576
2020-10-13,MSFT,-0.0044974685,-5.9604645e-08,-0.0081574917
2020-10-13,NKE,-0.023713052,0.0097728968,0.0045309067
2020-10-13,VZ,-0.014226317,0.0032372475,0.0012735128
2020-10-13,WMT,-0.00537467,-0.0067365766,-0.0069764853
2020-10-14,AAPL,-0.01518482,0.017549872,-0.014919162
2020-10-14,AMGN,-0.014810145,0.012825012,-0.012719512
2020-10-14,CRM,-0.027122736,0.022700429,-0.0033164024
2020-10-14,CSCO,-0.012998402,-0.014020681,-0.0085240006
2020-10-14,IBM,-0.015895009,0.0089687109,0.0022963285
2020-10-14,INTC,-0.0041219592,-0.0056266189,-0.0022085905
2020-10-14,MSFT,-0.022628665,-0.00060582161,-0.0072684288
2020-10-14,NKE,-0.023437679,0.0073328018,0.0039856434
2020-10-14,VZ,-0.027929187,0.0051374435,0.0019845963
2020-10-14,WMT,-0.0091187954,-0.0052780509,-0.0076687932
2020-10-15,AAPL,-0.011953294,0.010861993,-0.023065925
2020-10-15,AMGN,-0.035602212,0.016977906,-0.003307879
2020-10-15,CRM,-0.022397578,0.013593793,-0.0049979687
2020-10-15,CSCO,0.0054507256,-0.023892939,-0.017523527
2020-10-15,IBM,-0.0046383142,0.0080703497,-0.0029946566
2020-10-15,INTC,0.0073783398,-0.010210812,-0.012500226
2020-10-15,MSFT,-0.0035315156,-0.0052434206,-0.018286526
2020-10-15,NKE,-0.029141605,0.0057996511,0.0049772263
2020-10-15,VZ,-0.028713644,0.0065147877,0.0017689466
2020-10-15,WMT,-0.02585268,0.00057184696,-0.0063901544
2020-10-16,AAPL,-0.0088685751,0.016955972,-0.0078544021
2020-10-16,AMGN,-0.029619515,0.017087936,-0.0052006841
2020-10-16,CRM,-0.024423957,0.01424861,-0.00048851967
2020-10-16,CSCO,0.0087361336,-0.017306328,-0.012613058
2020-10-16,IBM,-0.007132113,0.0075364113,-0.0018126965
2020-10-16,INTC,0.017231703,-0.0094181895,-0.011048019
2020-10-16,MSFT,-0.0082427263,0.0018962622,-0.011590004
2020-10-16,NKE,-0.040231764,0.018478036,0.011047244
2020-10-16,VZ,-0.025342107,0.0078424215,5.8889389e-05
2020-10-16,WMT,-0.025385261,0.0027718544,-0.0056247711
2020-10-19,AAPL,-0.0061812997,0.010932207,-0.017591596
2020-10-19,AMGN,-0.026869118,0.016574025,-0.012649238
2020-10-19,CRM,-0.038794339,0.016028643,-0.0054892302
2020-10-19,CSCO,-0.0071698427,-0.016559839,-0.016722023
2020-10-19,IBM,-0.0060666203,0.0041501522,-0.0066925883
2020-10-19,INTC,-0.0038080812,-0.0031478405,-0.0084958076
2020-10-19,MSFT,-0.0090470314,0.0031527281,-0.010072649
2020-10-19,NKE,-0.018011034,0.012057543,-0.0021827817
2020-10-19,VZ,-0.024723411,0.0051954985,-0.0027025342
2020-10-19,WMT,-0.004540205,-0.006070137,-0.014678597
2020-10-20,AAPL,-0.034258008,0.0246768,-0.030822158
2020-10-20,AMGN,-0.021246731,0.018980503,-0.017821729
2020-10-20,CRM,-0.061720014,0.026411057,-0.0074678659
2020-10-20,CSCO,-0.016625464,-0.0074386597,-0.020661414
2020-10-20,IBM,-0.013933361,0.0088484287,-0.0094649792
2020-10-20,INTC,-0.011625826,-0.001924932,-0.012530565
2020-10-20,MSFT,-0.024933755,0.0095206499,-0.010978878
2020-10-20,NKE,-0.022029817,0.0091776848,-0.0022113323
2020-10-20,VZ,-0.017911434,0.0054337978,-0.011218309
2020-10-20,WMT,-0.011062503,-0.0018702745,-0.016136646
2020-10-21,AAPL,-0.039583623,0.031766772,-0.024636507
2020-10-21,AMGN,-0.030628204,0.033517361,-0.0025218725
2020-10-21,CRM,-0.02034843,0.024581075,-0.011542141
2020-10-21,CSCO,-0.018756092,0.0098150969,-0.013730288
2020-10-21,IBM,-0.012505114,0.015491009,-0.0040886998
2020-10-21,INTC,-0.012227416,0.015587926,-0.0107494
2020-10-21,MSFT,-0.027598441,0.019354463,-0.01261121
2020-10-21,NKE,-0.012678385,0.016015649,-0.0033372641
2020-10-21,VZ,-0.026456714,0.013798356,-0.0090961456
2020-10-21,WMT,-0.016710162,0.0087556839,-0.0099629164
2020-10-22,AAPL,-0.0046592355,0.014467001,-0.01768285
2020-10-22,AMGN,-0.023997605,0.028877974,-0.0021932721
2020-10-22,CRM,0.021133184,0.0053111315,-0.010455966
2020-10-22,CSCO,0.012113094,0.00022995472,-0.015594304
2020-10-22,IBM,-0.00017040968,0.013311386,-0.0052546859
2020-10-22,INTC,0.0025845766,0.0099723339,-0.0062668324
2020-10-22,MSFT,0.0071353912,0.0094269514,-0.0064085126
2020-10-22,NKE,-0.010582387,0.0088886023,0.00096690655
2020-10-22,VZ,-0.019663274,0.01451993,-0.0037978292
2020-10-22,WMT,-0.026788473,0.015480757,1.7285347e-05
2020-10-23,AAPL,-0.0095334649,0.010754824,-0.0065678954
2020-10-23,AMGN,0.0061793327,0.0085586309,-0.013061047
2020-10-23,CRM,0.0094156265,0.003958106,-0.0062134266
2020-10-23,CSCO,-0.0029175282,-0.0028815866,-0.0095249414
2020-10-23,IBM,-0.011580884,0.0097333193,-0.0085769296
2020-10-23,INTC,-0.0071325898,0.0048010349,-0.0087296963
2020-10-23,MSFT,0.0027595758,0.0020872355,-0.0076181293
2020-10-23,NKE,-0.0105744,0.011233687,-0.00011181831
2020-10-23,VZ,-0.0085918903,0.0024286509,-0.0045050383
2020-10-23,WMT,-0.01578027,0.0078080893,-0.0011718869
2020-10-26,AAPL,6.1154366e-05,0.015660286,-0.0097543597
2020-10-26,AMGN,-0.029300332,0.021903157,-0.0020739436
2020-10-26,CRM,-0.028835177,0.020101666,-0.0034843683
2020-10-26,CSCO,-0.018923998,0.0067974329,-0.011419654
2020-10-26,IBM,-0.013555825,0.006213069,-0.0043265224
2020-10-26,INTC,-0.022375464,0.0099045038,-7.6591969e-05
2020-10-26,MSFT,-0.016191542,0.0049778223,-0.0067488551
2020-10-26,NKE,-0.020635426,0.015500903,-0.0024316311
2020-10-26,VZ,-0.0093349814,-0.00029164553,-0.0083374977
2020-10-26,WMT,0.0053061247,0.0031405687,-0.0066874623
2020-10-27,AAPL,-0.023260593,0.02197969,-0.00730443
2020-10-27,AMGN,-0.014768779,0.017582536,-0.010775745
2020-10-27,CRM,-0.044264317,0.044791818,-0.010915518
2020-10-27,CSCO,-0.022640049,0.016342998,-0.0074726939
2020-10-27,IBM,-0.014992535,0.01480329,-0.0051589012
2020-10-27,INTC,-0.023168325,0.01553762,-0.005078733
2020-10-27,MSFT,-0.031738281,0.023830056,0.0050890446
2020-10-27,NKE,-0.018279314,0.026607513,-0.004375577
2020-10-27,VZ,0.00032603741,0.0068843365,-0.0034455657
2020-10-27,WMT,-0.0060738325,0.0088399649,-0.0037183166
2020-10-28,AAPL,-0.01906538,0.020148277,-0.065275073
2020-10-28,AMGN,-0.0091956258,0.018554688,-0.021938562
2020-10-28,CRM,-0.051832438,0.044061065,-0.034911215
2020-10-28,CSCO,-0.026584983,0.016705751,-0.039969921
2020-10-28,IBM,-0.01223886,0.011806965,-0.023120999
2020-10-28,INTC,-0.016815424,0.020106912,-0.025831521
2020-10-28,MSFT,-0.019796252,0.016411185,-0.032920003
2020-10-28,NKE,-0.023092091,0.02438879,-0.031362534
2020-10-28,VZ,-0.015925467,0.01012063,-0.040273488
2020-10-28,WMT,-0.018215835,0.01376152,-0.01752913
2020-10-29,AAPL,-0.040221334,0.048116803,-0.0099865198
2020-10-29,AMGN,-0.024393022,0.039025068,-0.0022053123
2020-10-29,CRM,-0.045729101,0.060384631,-0.012295902
2020-10-29,CSCO,-0.03772366,0.04020071,-0.0086038113
2020-10-29,IBM,-0.033977211,0.034090757,-0.0042232871
2020-10-29,INTC,-0.040605009,0.044444323,-0.0041635633
2020-10-29,MSFT,-0.045313179,0.045913458,-0.0062855482
2020-10-29,NKE,-0.035154223,0.037192464,-0.0070381165
2020-10-29,VZ,-0.029904604,0.034127355,-0.0055834651
2020-10-29,WMT,-0.026358545,0.030380964,-0.0032219887
2020-10-30,AAPL,0.00056385994,0.0071761608,-0.0045961142
2020-10-30,AMGN,-0.0037994385,-0.00092768669,-0.0078339577
2020-10-30,CRM,0.0060390234,0.013413668,-0.00077992678
2020-10-30,CSCO,0.0015982389,-0.0045534968,-0.010423243
2020-10-30,IBM,-0.0073959231,0.0083024502,0.0004183054
2020-10-30,INTC,-0.00031656027,0.0033341646,-0.0026108027
2020-10-30,MSFT,-0.011957645,0.0018441677,-0.0010327101
2020-10-30,NKE,-0.012852728,0.0090404749,0.0023863316
2020-10-30,VZ,-0.0090982914,0.0032895803,-3.8146973e-05
2020-10-30,WMT,-0.0048635006,0.0014697313,-0.0034611225
2020-11-02,AAPL,-0.025941551,0.018826842,0.0095624924
2020-11-02,AMGN,-0.047514558,0.02002883,0.011084676
2020-11-02,CRM,-0.041291237,0.022132754,0.01099503
2020-11-02,CSCO,-0.011613131,-0.0046833754,-0.0069009662
2020-11-02,IBM,-0.021767676,0.012157321,0.00185287
2020-11-02,INTC,-0.016319096,0.00023412704,0.0021415949
2020-11-02,MSFT,-0.027373314,0.0090056658,-0.0049033761
2020-11-02,NKE,-0.025758982,0.015043974,0.0077331066
2020-11-02,VZ,-0.013942957,0.0025268793,-0.0036740303
2020-11-02,WMT,-0.010929883,-0.0012103319,-0.0038968325
2020-11-03,AAPL,0.0029933453,0.0016576052,-0.010922372
2020-11-03,AMGN,-0.054476202,0.020812869,0.0075274706
2020-11-03,CRM,-0.034593225,0.019609571,-0.0038986802
2020-11-03,CSCO,-0.0068503618,-0.015330017,-0.015413344
2020-11-03,IBM,-0.010480464,0.0069580078,-0.00098490715
2020-11-03,INTC,0.0039428473,-0.0059440136,-0.0077480078
2020-11-03,MSFT,-0.03459692,0.00065386295,-0.0057918429
2020-11-03,NKE,-0.025057793,0.0092579126,0.0051910877
2020-11-03,VZ,-0.01724261,0.00069093704,0.00076365471
2020-11-03,WMT,-0.019289136,0.0012346506,-0.0037484169
2020-11-04,AAPL,-0.003988266,0.0051585436,-0.0073686838
2020-11-04,AMGN,-0.0256899,0.0051828623,0.0049110651
2020-11-04,CRM,-0.036983252,0.014562845,-0.0053046942
2020-11-04,CSCO,-0.0095488429,-0.022926331,-0.014163911
2020-11-04,IBM,-0.0067937374,0.0009264946,-0.0057005286
2020-11-04,INTC,0.0019150972,-0.0069027543,-0.002797246
2020-11-04,MSFT,-0.022484839,0.00097668171,-0.0042849183
2020-11-04,NKE,-0.025192559,0.010828137,0.0049548149
2020-11-04,VZ,-0.01579541,0.0013985634,-0.0042462945
2020-11-04,WMT,-0.0098366141,-0.0048806071,-0.007841289
2020-11-05,AAPL,-0.020230651,0.013298512,-0.009691298
2020-11-05,AMGN,-0.046646833,0.022485256,0.01080215
2020-11-05,CRM,-0.033769727,0.014149904,-0.0039246678
2020-11-05,CSCO,-0.012241423,-0.015715837,-0.010535061
2020-11-05,IBM,-0.018500447,0.010715365,0.0031772852
2020-11-05,INTC,-0.010127485,-0.0036598444,0.00091218948
2020-11-05,MSFT,-0.029938519,0.0013846159,-0.0038907528
2020-11-05,NKE,-0.029318333,0.013105392,0.011091113
2020-11-05,VZ,-0.027069449,0.0077065229,-0.00037330389
2020-11-05,WMT,-0.025506735,0.0019193888,-0.0032769442
2020-11-06,AAPL,-0.0063254237,0.0070151091,-0.01058507
2020-11-06,AMGN,-0.035059988,0.014685512,0.0044051409
2020-11-06,CRM,-0.0090054274,0.013779879,-0.011974394
2020-11-06,CSCO,-0.012108624,-0.02162534,-0.0080381632
2020-11-06,IBM,-0.016577184,0.0077973604,-8.46982e-05
2020-11-06,INTC,-0.0046314001,-0.0043102503,-0.0025908351
2020-11-06,MSFT,-0.035351396,-0.0011725426,-0.0047110319
2020-11-06,NKE,-0.020778716,0.0068849325,0.0086219311
2020-11-06,VZ,-0.027216315,0.008161068,0.0043287277
2020-11-06,WMT,-0.023667991,0.00355196,-0.0034982562
2020-11-09,AAPL,-0.012213051,0.009967804,0.0041869879
2020-11-09,AMGN,-0.041079283,0.012286663,0.010189295
2020-11-09,CRM,-0.0032539964,0.0066446066,-0.0026602745
2020-11-09,CSCO,-0.0081349611,-0.022084653,-0.0081133246
2020-11-09,IBM,-0.015822232,0.0086723566,0.0032666922
2020-11-09,INTC,-0.013210773,-0.0036789775,0.0017650127
2020-11-09,MSFT,-0.031466305,0.0010458231,0.0011804104
2020-11-09,NKE,-0.021369755,0.0080492496,0.011561036
2020-11-09,VZ,-0.03128612,0.0096327066,0.0050629377
2020-11-09,WMT,-0.033304751,0.0085273981,0.00021672249
2020-11-10,AAPL,-0.0060842633,0.0018181801,-0.0058373809
2020-11-10,AMGN,-0.044235826,0.013653159,0.006098032
2020-11-10,CRM,-0.025921881,0.013129354,-0.0043371916
2020-11-10,CSCO,0.001311779,-0.029199302,-0.015957415
2020-11-10,IBM,-0.011621892,0.0031992197,0.00045132637
2020-11-10,INTC,-0.006511569,-0.0068368316,0.00068747997
2020-11-10,MSFT,-0.027936816,-0.0051190257,-0.0027425289
2020-11-10,NKE,-0.014192462,0.0042333603,0.0063576698
2020-11-10,VZ,-0.017912269,0.001536727,-0.0013404489
2020-11-10,WMT,-0.0077657104,-0.0075612664,-0.0098111629
2020-11-11,AAPL,-0.0099194646,0.00677073,-0.0024790764
2020-11-11,AMGN,-0.041616082,0.016823649,0.0046162605
2020-11-11,CRM,-0.029835761,0.013845325,-0.00025218725
2020-11-11,CSCO,-0.010929227,-0.027064562,-0.0096666217
2020-11-11,IBM,-0.012693107,0.002768755,0.0052529573
2020-11-11,INTC,-0.0057435036,-0.0074134469,0.002730608
2020-11-11,MSFT,-0.032168925,-0.0039450526,-0.00052899122
2020-11-11,NKE,-0.029996872,0.010549068,0.0093849897
2020-11-11,VZ,-0.025384307,0.0062732697,0.0045098066
2020-11-11,WMT,-0.015435517,-0.0016472936,-0.002390027
2020-11-12,AAPL,-0.0090261698,0.0049270391,-0.013332784
2020-11-12,AMGN,-0.056522608,0.02870059,0.0031403303
2020-11-12,CRM,-0.030089676,0.012158275,-0.015341341
2020-11-12,CSCO,-0.0094536543,-0.027195573,-0.0177899
2020-11-12,IBM,-0.014574528,0.0014023781,0.00022614002
2020-11-12,INTC,-0.0042777061,-0.0096645951,-0.005984664
2020-11-12,MSFT,-0.025583923,-0.0026862621,-0.01130861
2020-11-12,NKE,-0.030031621,0.0058968067,0.0010193586
2020-11-12,VZ,-0.034771442,0.002933979,-0.0002617836
2020-11-12,WMT,-0.03054601,0.0014523268,-0.0047753453
2020-11-13,AAPL,-0.021953225,0.016669154,-0.013145626
2020-11-13,AMGN,-0.048575759,0.029051423,0.0032441616
2020-11-13,CRM,-0.044923306,0.022478938,-0.012501955
2020-11-13,CSCO,-0.011389196,-0.019576013,-0.013237357
2020-11-13,IBM,-0.00944978,0.0038969517,-0.001065135
2020-11-13,INTC,0.0028156042,-0.009070158,-0.0065523982
2020-11-13,MSFT,-0.023135483,-0.0015590787,-0.011810541
2020-11-13,NKE,-0.030030072,0.012126684,0.0075827837
2020-11-13,VZ,-0.018832326,0.0016807318,-0.0046297312
2020-11-13,WMT,-0.020489037,-0.0015211105,-0.0053758025
2020-11-16,AAPL,-0.01788938,0.015672088,-0.0052937269
2020-11-16,AMGN,-0.041582227,0.025719523,0.0032663345
2020-11-16,CRM,-0.028772652,0.025723577,-0.012437999
2020-11-16,CSCO,-0.010953963,-0.015404582,-0.0086951852
2020-11-16,IBM,-0.016892314,0.0064301491,0.003608942
2020-11-16,INTC,0.0038721561,0.0016056299,5.6147575e-05
2020-11-16,MSFT,-0.020480156,0.0028527975,-0.0094273686
2020-11-16,NKE,-0.028555214,0.015265226,0.012331009
2020-11-16,VZ,-0.020775855,0.0073311329,0.0051048994
2020-11-16,WMT,-0.018702805,0.00075054169,-0.0034923553
2020-11-17,AAPL,-0.032523394,0.026973128,-0.0011454821
2020-11-17,AMGN,-0.03048712,0.01897788,-0.0033056736
2020-11-17,CRM,-0.03583014,0.022686005,-0.011029243
2020-11-17,CSCO,-0.014164269,-0.012718201,-0.010492086
2020-11-17,IBM,-0.014986277,0.0079122782,0.001663208
2020-11-17,INTC,-0.0085916519,-0.0040209889,0.0018827915
2020-11-17,MSFT,-0.019857347,0.0071554184,-0.0086578131
2020-11-17,NKE,-0.026230335,0.010727048,0.011572838
2020-11-17,VZ,-0.020392597,0.0032550097,0.00040638447
2020-11-17,WMT,-0.012819469,-0.0026259422,-0.0043361783
2020-11-18,AAPL,-0.013769507,0.017006993,-0.011377573
2020-11-18,AMGN,-0.0555709,0.034043908,0.0086237192
2020-11-18,CRM,-0.026774824,0.014023781,-0.016635299
2020-11-18,CSCO,-0.015313268,-0.010798991,-0.0070756078
2020-11-18,IBM,-0.015693426,0.0096495152,0.0043290854
2020-11-18,INTC,-0.016189635,0.0043352842,0.00029850006
2020-11-18,MSFT,-0.026725054,0.0078451633,-0.0081505775
2020-11-18,NKE,-0.025678337,0.011669278,0.0057516098
2020-11-18,VZ,-0.032825887,0.0091471672,0.0034672022
2020-11-18,WMT,-0.025206745,0.0036809444,-0.0022934079
2020-11-19,AAPL,-0.011097431,0.019815087,-0.0090796947
2020-11-19,AMGN,-0.047903419,0.028547764,0.011666656
2020-11-19,CRM,0.0081771612,0.0022450686,-0.021342933
2020-11-19,CSCO,-0.0058972836,-0.0089616776,-0.011401534
2020-11-19,IBM,-0.01591444,0.0096002817,0.0018013716
2020-11-19,INTC,-0.005032897,0.0026860237,-0.0023749471
2020-11-19,MSFT,-0.02058661,0.0041952133,-0.0097106695
2020-11-19,NKE,-0.015276194,0.0093165636,0.0055658817
2020-11-19,VZ,-0.029741645,0.012987018,0.0046335459
2020-11-19,WMT,-0.039540708,0.013562918,0.0027489662
2020-11-20,AAPL,-0.0019838214,0.010185003,-0.010017037
2020-11-20,AMGN,-0.039362669,0.03020823,-0.00019419193
2020-11-20,CRM,-0.0065576434,0.012856603,-0.017727494
2020-11-20,CSCO,-0.0035099387,-0.011622667,-0.012705922
2020-11-20,IBM,-0.0038853884,0.010799408,-0.002162993
2020-11-20,INTC,-0.0077635646,0.0029217005,-0.0023767352
2020-11-20,MSFT,-0.014596522,0.0013791323,-0.0062665343
2020-11-20,NKE,-0.012659967,0.0089747906,-0.00051575899
2020-11-20,VZ,-0.013544917,0.0094585419,-0.0055623055
2020-11-20,WMT,-0.024795055,0.0044368505,-0.0050696135
2020-11-23,AAPL,-0.0215469,0.016953826,-0.0078887939
2020-11-23,AMGN,-0.02409184,0.016737342,-0.0067548156
2020-11-23,CRM,-0.0053338408,0.011231899,-0.023327708
2020-11-23,CSCO,-0.017186761,-0.0062309504,-0.012296259
2020-11-23,IBM,-0.023942173,0.012901783,0.00070619583
2020-11-23,INTC,-0.019470215,0.0042749643,-0.0071851611
2020-11-23,MSFT,-0.019417226,0.00079572201,-0.0082396865
2020-11-23,NKE,-0.020065367,0.010087132,-0.0013561249
2020-11-23,VZ,-0.031344533,0.013644695,-0.0029915571
2020-11-23,WMT,-0.035259843,0.014874935,0.00078845024
2020-11-24,AAPL,-0.016348064,0.021356225,-0.018921852
2020-11-24,AMGN,-0.025701344,0.020115376,-0.0035353899
2020-11-24,CRM,-0.011669517,0.016679049,-0.021478653
2020-11-24,CSCO,-0.010698736,-0.0041946173,-0.015521228
2020-11-24,IBM,-0.021687508,0.015687346,-0.0008059144
2020-11-24,INTC,-0.022046626,0.0082428455,-0.0050103664
2020-11-24,MSFT,-0.02669704,0.0078806877,-0.0043504834
2020-11-24,NKE,-0.019598246,0.01132524,-0.0081377029
2020-11-24,VZ,-0.026831865,0.0078152418,-0.00064301491
2020-11-24,WMT,-0.018245041,0.0099914074,-0.0053502917
2020-11-25,AAPL,-0.011842251,0.019562006,-0.0058521032
2020-11-25,AMGN,-0.028518796,0.031571031,-0.0077431202
2020-11-25,CRM,-0.050763071,0.05154562,-0.017807305
2020-11-25,CSCO,-0.021305323,0.011416554,-0.0092294812
2020-11-25,IBM,-0.021564245,0.017815471,-0.0051959753
2020-11-25,INTC,-0.013451338,0.012752414,-0.0047411919
2020-11-25,MSFT,-0.024430215,0.022133708,-0.0062564015
2020-11-25,NKE,-0.027524114,0.022353411,-0.00078701973
2020-11-25,VZ,-0.0086551905,0.0080062151,-0.0042828918
2020-11-25,WMT,-0.013549745,0.0082358122,-0.0074757338
2020-11-27,AAPL,0.0072607994,-0.0013518333,-0.024702251
2020-11-27,AMGN,-0.025129199,0.022850752,-0.014179766
2020-11-27,CRM,-0.055164754,0.037916183,-0.035167754
2020-11-27,CSCO,-0.02140522,0.0054577589,-0.025313556
2020-11-27,IBM,-0.0098265409,0.010117173,-0.015085995
2020-11-27,INTC,-0.020639837,0.0065420866,-0.016671002
2020-11-27,MSFT,-0.023036659,0.015232086,-0.021018922
2020-11-27,NKE,-0.028730333,0.012193084,-0.016597569
2020-11-27,VZ,-0.023184717,0.010509372,-0.018100441
2020-11-27,WMT,-0.02038759,0.01256752,-0.013425171
2020-11-30,AAPL,-0.044860959,0.038702726,-0.0012671351
2020-11-30,AMGN,-0.030538857,0.037092447,-0.0020874143
2020-11-30,CRM,-0.042152047,0.055550933,-0.011380196
2020-11-30,CSCO,-0.033823311,0.03314805,-0.010107636
2020-11-30,IBM,-0.028760076,0.030341864,-0.0014953017
2020-11-30,INTC,-0.035735965,0.038778186,-0.0016724467
2020-11-30,MSFT,-0.03921181,0.033362031,0.00074350834
2020-11-30,NKE,-0.033878744,0.030292034,-0.0063463449
2020-11-30,VZ,-0.034812748,0.029147387,-0.002825737
2020-11-30,WMT,-0.027586758,0.023755908,-0.0068143606
2020-12-01,AAPL,0.011321068,0.0071597099,-0.0082762837
2020-12-01,AMGN,-0.014224231,0.00033473969,-0.00099003315
2020-12-01,CRM,0.005662322,0.006516695,-0.0027188063
2020-12-01,CSCO,0.0064630508,-0.0053281784,-0.011269689
2020-12-01,IBM,-0.0057499409,0.0089584589,-0.0017539263
2020-12-01,INTC,-0.0010752678,0.0029730797,-0.003623724
2020-12-01,MSFT,-0.0066589713,0.0010085106,-0.0028846264
2020-12-01,NKE,-0.006647706,0.0079399347,-0.0018043518
2020-12-01,VZ,-0.010085642,0.0041458607,-0.0010060668
2020-12-01,WMT,-0.0048943758,0.0024887323,-0.0053081512
2020-12-02,AAPL,-0.024341643,0.020012379,0.0027425289
2020-12-02,AMGN,-0.028732657,0.011036873,0.0014619827
2020-12-02,CRM,-0.048605263,0.026529789,0.010498881
2020-12-02,CSCO,-0.00042682886,-0.0051782727,-0.0089309812
2020-12-02,IBM,-0.010333538,0.0082523823,-0.003097713
2020-12-02,INTC,-0.011059225,-0.0037142634,-0.0028612018
2020-12-02,MSFT,-0.021787226,0.0071077347,-0.003819406
2020-12-02,NKE,-0.021175504,0.012837172,0.0065732002
2020-12-02,VZ,-0.0091223717,-0.0013881326,-0.005984962
2020-12-02,WMT,-0.00098639727,-0.0035936832,-0.010752678
2020-12-03,AAPL,-3.9219856e-05,0.0084738731,-0.011381924
2020-12-03,AMGN,-0.038269281,0.02008307,0.0023531914
2020-12-03,CRM,-0.021843255,0.0067858696,-0.0058218241
2020-12-03,CSCO,-0.0029317737,-0.014060557,-0.015429616
2020-12-03,IBM,-0.0084897876,0.0033096075,-0.0032022595
2020-12-03,INTC,0.009546876,-0.010232568,-0.0094874501
2020-12-03,MSFT,-0.023854375,-0.0012790561,-0.0087111592
2020-12-03,NKE,-0.018941879,0.010540366,0.0031359196
2020-12-03,VZ,-0.010035932,0.0031802654,-0.0083741546
2020-12-03,WMT,-0.014520109,-0.0025869012,-0.0060673952
2020-12-04,AAPL,-0.01479876,0.012963533,-0.00228405
2020-12-04,AMGN,-0.018094659,0.0016130209,0.0026812553
2020-12-04,CRM,-0.0172019,0.0083009005,-0.0039100647
2020-12-04,CSCO,-0.0087592006,-0.019366443,-0.014792383
2020-12-04,IBM,-0.014199376,0.0047297478,-0.0045143366
2020-12-04,INTC,-0.00018596649,-0.0058127642,-0.0042667389
2020-12-04,MSFT,-0.027374029,0.0045795441,-0.0012722015
2020-12-04,NKE,-0.021943927,0.013781905,0.0095597506
2020-12-04,VZ,-0.0089409947,0.0045181513,-0.0056325197
2020-12-04,WMT,-0.018285632,0.00098419189,-0.0075423717
2020-12-07,AAPL,-0.011124015,0.013987184,-0.0072411895
2020-12-07,AMGN,-0.0093525052,0.0032821894,0.0048037767
2020-12-07,CRM,-0.00093787909,5.2452087e-05,-0.00099050999
2020-12-07,CSCO,0.0081800222,-0.020068824,-0.014242649
2020-12-07,IBM,-0.015396655,0.010633469,0.00099241734
2020-12-07,INTC,0.011559248,-0.0089588761,-0.00095713139
2020-12-07,MSFT,-0.018158019,0.0010159016,-0.0045354366
2020-12-07,NKE,-0.032310426,0.015308022,0.016915679
2020-12-07,VZ,-0.01114291,0.0056922436,-0.0058550835
2020-12-07,WMT,-0.021014273,0.0032157898,-0.006611526
2020-12-08,AAPL,-0.0094943047,0.010659099,-0.010654807
2020-12-08,AMGN,-0.034626245,0.011298776,0.0080560446
2020-12-08,CRM,-0.0066077113,-0.0050631762,0.00010347366
2020-12-08,CSCO,-0.0059820414,-0.018510759,-0.014557719
2020-12-08,IBM,-0.022687674,0.0087885857,0.00017082691
2020-12-08,INTC,-0.0044179559,-0.0085872412,-0.0018235445
2020-12-08,MSFT,-0.029349089,0.00019454956,-0.0032855868
2020-12-08,NKE,-0.017008841,0.0080735683,0.009537816
2020-12-08,VZ,-0.02040714,0.0091449022,-0.00046294928
2020-12-08,WMT,-0.02564013,0.0042450428,-0.0038164258
2020-12-09,AAPL,-0.012318909,0.016558647,-0.0080304742
2020-12-09,AMGN,-0.023648262,0.0072891712,0.0048627853
2020-12-09,CRM,-0.0074840784,-0.0037670135,-0.0071441531
2020-12-09,CSCO,-0.00052183867,-0.020428479,-0.017923057
2020-12-09,IBM,-0.020124793,0.0094783306,0.00096154213
2020-12-09,INTC,-0.0076966882,-0.0049885511,-0.0047960877
2020-12-09,MSFT,-0.033183992,0.0048743486,-0.0047872066
2020-12-09,NKE,-0.019418895,0.0080931187,0.0072706938
2020-12-09,VZ,-0.019729733,0.0066208839,-0.0037706494
2020-12-09,WMT,-0.034679949,0.008030653,-0.0021820664
2020-12-10,AAPL,-0.0098333955,0.01451242,-0.0072428584
2020-12-10,AMGN,-0.029443622,0.011823177,0.0093325377
2020-12-10,CRM,0.0011035204,-0.0030571818,-0.0082880259
2020-12-10,CSCO,-0.0017553568,-0.013899088,-0.012340784
2020-12-10,IBM,-0.021109164,0.012471199,0.0037325621
2020-12-10,INTC,-0.0090243816,0.0027252436,0.0025638342
2020-12-10,MSFT,-0.034957588,0.0041866302,-0.0018936992
2020-12-10,NKE,-0.01746285,0.010549903,0.011754274
2020-12-10,VZ,-0.019533455,0.010658979,-0.003723681
2020-12-10,WMT,-0.021976948,0.0027462244,-0.0077193975
2020-12-11,AAPL,-0.0072240233,0.0083369017,-0.0076996088
2020-12-11,AMGN,-0.020819902,0.0013788939,0.002251029
2020-12-11,CRM,-0.0014559031,-0.0050369501,-0.0039907694
2020-12-11,CSCO,-0.012925088,-0.021179438,-0.018335581
2020-12-11,IBM,-0.024176896,0.0088763237,0.00081205368
2020-12-11,INTC,-0.0075681806,-0.002910614,-0.0035572648
2020-12-11,MSFT,-0.029531419,0.00012040138,-0.0063721538
2020-12-11,NKE,-0.020107567,0.0054283142,0.0094696283
2020-12-11,VZ,-0.024978817,0.010632873,-0.0014948249
2020-12-11,WMT,-0.040623605,0.01125133,-0.0016836524
2020-12-14,AAPL,0.0051547289,0.0097346306,-0.0067940354
2020-12-14,AMGN,-0.031873524,0.017047405,0.0036242008
2020-12-14,CRM,-0.005503118,4.7326088e-05,-0.00090974569
2020-12-14,CSCO,0.008789897,-0.020332336,-0.015688479
2020-12-14,IBM,-0.0091004372,0.0083415508,-3.1232834e-05
2020-12-14,INTC,-0.0013902783,-0.00048989058,-0.0015605688
2020-12-14,MSFT,-0.01947701,0.002442956,-0.0071637034
2020-12-14,NKE,-0.020287097,0.012606144,0.013880849
2020-12-14,VZ,-0.01827544,0.0056676865,-0.0050798059
2020-12-14,WMT,-0.015372276,0.0010707378,-0.0069705248
2020-12-15,AAPL,0.006680727,0.0014415979,-0.01175338
2020-12-15,AMGN,-0.026849389,0.0093584061,0.001055479
2020-12-15,CRM,-0.0056965351,-0.0030220151,-0.001937151
2020-12-15,CSCO,0.0071766376,-0.023908734,-0.020551383
2020-12-15,IBM,-0.014066815,0.0038427114,0.00013434887
2020-12-15,INTC,0.0056147575,-0.008125782,-0.0091301799
2020-12-15,MSFT,-0.017655671,-0.0043465495,-0.0096482635
2020-12-15,NKE,-0.019915462,0.0099550486,0.0074423552
2020-12-15,VZ,-0.017726421,0.0038393736,-0.0041912794
2020-12-15,WMT,-0.031924903,0.0069881678,-0.0017783046
2020-12-16,AAPL,-0.0096075535,0.015443444,-0.010023475
2020-12-16,AMGN,-0.040468156,0.023111701,-0.0010448694
2020-12-16,CRM,-0.033296347,0.0090007782,-0.00083994865
2020-12-16,CSCO,-0.0027962327,-0.018215775,-0.015145004
2020-12-16,IBM,-0.016555846,0.0075269938,0.0018899441
2020-12-16,INTC,-0.0031392574,-0.003700912,-0.0020227432
2020-12-16,MSFT,-0.024165869,0.0069175959,-0.007953763
2020-12-16,NKE,-0.032758892,0.013896346,0.010751247
2020-12-16,VZ,-0.01633364,0.0035032034,-0.007306695
2020-12-16,WMT,-0.020863235,0.0010539293,-0.0081834793
2020-12-17,AAPL,-0.004766643,0.014012933,-0.016673863
2020-12-17,AMGN,-0.041773736,0.029146194,-0.0025327802
2020-12-17,CRM,-0.041742504,0.021807551,0.00053739548
2020-12-17,CSCO,0.00019717216,-0.013250172,-0.01977241
2020-12-17,IBM,-0.019258142,0.0095131397,0.0003015995
2020-12-17,INTC,0.0058054924,-0.0040277839,-0.0077821016
2020-12-17,MSFT,-0.015074551,0.00019514561,-0.0125736
2020-12-17,NKE,-0.027327836,0.015818834,0.010633588
2020-12-17,VZ,-0.023289263,0.0064089298,-0.0045990944
2020-12-17,WMT,-0.030825734,0.0082204342,-0.0041590929
2020-12-18,AAPL,-0.012293279,0.017260671,-0.013477087
2020-12-18,AMGN,-0.021515071,0.019904971,-0.010714352
2020-12-18,CRM,-0.030769587,0.02049911,-0.0097972751
2020-12-18,CSCO,-0.0049245358,-0.010176718,-0.017595768
2020-12-18,IBM,-0.012528241,0.0078076124,-0.0033124089
2020-12-18,INTC,-0.0031816363,7.9512596e-05,-0.0082631111
2020-12-18,MSFT,-0.020705819,0.0067902803,-0.012303054
2020-12-18,NKE,-0.022726476,0.010721087,0.0058444738
2020-12-18,VZ,-0.018755615,0.006165266,-0.0032025576
2020-12-18,WMT,-0.026482165,0.0029466152,-0.0061772466
2020-12-21,AAPL,-0.0079008937,0.021258116,-0.012404621
2020-12-21,AMGN,-0.030374944,0.028217554,0.00084555149
2020-12-21,CRM,-0.0075600743,0.0149647,-0.014381349
2020-12-21,CSCO,-0.0097677112,-0.0016341209,-0.012537658
2020-12-21,IBM,-0.011516213,0.012270331,-0.0027615428
2020-12-21,INTC,-0.013120234,0.0075204372,-0.0042382479
2020-12-21,MSFT,-0.019363284,0.011829972,-0.013647556
2020-12-21,NKE,-0.022039711,0.013188958,0.0039083958
2020-12-21,VZ,-0.025905669,0.015182614,-0.0053541064
2020-12-21,WMT,-0.028005838,0.0086339712,-0.0013296604
2020-12-22,AAPL,0.0078353882,0.0071341991,-0.0099022388
2020-12-22,AMGN,-0.041754782,0.036102295,0.0064105988
2020-12-22,CRM,0.022945762,0.0053257942,-0.016697049
2020-12-22,CSCO,0.013676047,-0.0047640204,-0.014416873
2020-12-22,IBM,0.00026416779,0.014739752,-0.0029250979
2020-12-22,INTC,0.0048246384,0.0062270164,-0.0066767931
2020-12-22,MSFT,0.0020548105,0.006696701,-0.0075510144
2020-12-22,NKE,-0.012936592,0.011831403,0.0041538477
2020-12-22,VZ,-0.020566404,0.015073538,0.0014923811
2020-12-22,WMT,-0.033933103,0.017246485,0.00025856495
2020-12-23,AAPL,-0.0094453692,0.010619998,-0.0081669688
2020-12-23,AMGN,0.00057768822,0.0029226542,-0.011290312
2020-12-23,CRM,0.0062968731,0.0017938614,-0.013839245
2020-12-23,CSCO,-0.014673829,-0.0052559972,-0.012345076
2020-12-23,IBM,-0.011830807,0.011000156,-0.007471025
2020-12-23,INTC,-0.017222166,0.0021029711,-0.012190938
2020-12-23,MSFT,-0.011446536,0.00075149536,-0.0056848526
2020-12-23,NKE,-0.020280242,0.0097522736,-0.0061605573
2020-12-23,VZ,-0.016328156,0.010575533,-0.0050053596
2020-12-23,WMT,-0.033060789,0.017013907,-0.00017315149
2020-12-24,AAPL,0.0024586916,0.0098965168,-0.015778482
2020-12-24,AMGN,-0.024609447,0.016948342,-0.0079092979
2020-12-24,CRM,-0.019262373,0.015507102,-0.015239477
2020-12-24,CSCO,-0.013193905,0.0012065172,-0.012845516
2020-12-24,IBM,-0.01347667,0.0088027716,-0.0074222088
2020-12-24,INTC,-0.025776923,0.011150599,-0.0070322156
2020-12-24,MSFT,-0.02309233,0.0066695213,-0.0082108974
2020-12-24,NKE,-0.016156137,0.013938427,-0.0063829422
2020-12-24,VZ,-0.014993906,0.0058631897,-0.0091968179
2020-12-24,WMT,-4.0054321e-05,0.0070728064,-0.011729777
2020-12-28,AAPL,-0.023223042,0.02224803,-0.0083051324
2020-12-28,AMGN,-0.013812661,0.018114328,-0.010248184
2020-12-28,CRM,-0.050127029,0.051078796,-0.0061232448
2020-12-28,CSCO,-0.017884314,0.016755819,-0.01174891
2020-12-28,IBM,-0.016767263,0.017692804,-0.0071217418
2020-12-28,INTC,-0.01972723,0.020462632,-0.0077081919
2020-12-28,MSFT,-0.03579843,0.027400017,-0.00090938807
2020-12-28,NKE,-0.027177572,0.026570916,-0.0017552376
2020-12-28,VZ,-0.0082483888,0.012095809,-0.0036557913
2020-12-28,WMT,-0.011227608,0.01014626,-0.0064105988
2020-12-29,AAPL,-0.010972798,0.015566826,-0.056233585
2020-12-29,AMGN,0.00036382675,0.015139461,-0.02763921
2020-12-29,CRM,-0.059723496,0.047838092,-0.040710151
2020-12-29,CSCO,-0.030889452,0.017933488,-0.038394809
2020-12-29,IBM,-0.011409283,0.013393998,-0.022712529
2020-12-29,INTC,-0.016700923,0.018668056,-0.027472913
2020-12-29,MSFT,-0.024482369,0.017352462,-0.030797601
2020-12-29,NKE,-0.028768301,0.021201611,-0.031356514
2020-12-29,VZ,-0.01395309,0.0079215765,-0.040514708
2020-12-29,WMT,-0.016673028,0.0083948374,-0.01982218
2020-12-30,AAPL,-0.031214118,0.041603684,-0.0058614612
2020-12-30,AMGN,-0.023354173,0.037240267,-0.00086146593
2020-12-30,CRM,-0.031021059,0.053132176,-0.015211403
2020-12-30,CSCO,-0.032764435,0.034160495,-0.0095077753
2020-12-30,IBM,-0.030267596,0.03079772,-0.0039145947
2020-12-30,INTC,-0.03254807,0.036897302,-0.007127285
2020-12-30,MSFT,-0.034255862,0.040303946,-0.0065991282
2020-12-30,NKE,-0.033651412,0.033917785,-0.0067654848
2020-12-30,VZ,-0.029537559,0.030650854,-0.0029967427
2020-12-30,WMT,-0.027940631,0.028707981,-0.0012465715
2020-12-31,AAPL,0.0035684109,0.005284071,-0.0033094883
2020-12-31,AMGN,-0.0078680515,-0.0042465329,-0.00079381466
2020-12-31,CRM,0.0060356855,0.0042709112,0.004786849
2020-12-31,CSCO,0.0072515011,-0.0051214695,-0.002684176
2020-12-31,IBM,-0.0068944693,0.0041569471,0.00049638748
2020-12-31,INTC,0.0047835112,-0.0029960871,-0.001149416
2020-12-31,MSFT,-0.0059922934,-0.0050736666,-0.0020509362
2020-12-31,NKE,0.0057919025,0.0024453402,0.0020461082
2020-12-31,VZ,0.0023906231,0.00079798698,-0.0017765164
2020-12-31,WMT,-0.00085419416,-0.00090527534,-0.0030115843
2021-01-04,AAPL,-0.014987826,0.011673212,0.010920763
2021-01-04,AMGN,-0.037683606,0.013440013,0.01619935
2021-01-04,CRM,-0.0099902749,-0.0009483695,0.012631893
2021-01-04,CSCO,0.0127244,-0.0067414045,-0.002592504
2021-01-04,IBM,-0.019694328,0.0085421801,0.0047184229
2021-01-04,INTC,-0.0082044005,-0.0052845478,0.011044741
2021-01-04,MSFT,-0.01345247,0.0021624565,-0.00017571449
2021-01-04,NKE,-0.016535282,0.01008153,0.014758468
2021-01-04,VZ,-0.0062431097,-0.00072926283,0.0046596527
2021-01-04,WMT,-0.014695942,-0.0016660094,0.0003516674
2021-01-05,AAPL,-0.012989521,0.011613727,-0.0047649145
2021-01-05,AMGN,-0.046818852,0.020577788,0.0084539652
2021-01-05,CRM,-0.020380974,0.0076384544,0.01159811
2021-01-05,CSCO,0.00078356266,-0.0099524856,-0.0089550614
2021-01-05,IBM,-0.01501739,0.0056453943,0.00093817711
2021-01-05,INTC,-0.0059194565,-0.0064079165,0.0037292242
2021-01-05,MSFT,-0.024119556,-0.0016705394,-0.0019683242
2021-01-05,NKE,-0.020137131,0.010219812,0.0070581436
2021-01-05,VZ,0.0035741329,-0.0035902858,-0.002956152
2021-01-05,WMT,-0.014727235,-0.00018870831,-0.0029084682
2021-01-06,AAPL,-0.022406995,0.014900804,0.00061094761
2021-01-06,AMGN,-0.027598798,0.0097059011,0.0050029755
2021-01-06,CRM,-0.023450434,0.010550976,0.0021147728
2021-01-06,CSCO,-0.0042218566,-0.013764381,-0.01017946
2021-01-06,IBM,-0.015397549,0.0019779205,0.00070059299
2021-01-06,INTC,-0.0068472028,-0.0059940219,0.0047664642
2021-01-06,MSFT,-0.017142713,-0.0020492673,-0.0023004413
2021-01-06,NKE,-0.028949142,0.013029337,0.013427496
2021-01-06,VZ,0.0012763739,-0.0015284419,-0.0015211105
2021-01-06,WMT,-0.01123023,0.0013078451,-0.0046060681
2021-01-07,AAPL,-0.015098631,0.012791038,-0.0087462664
2021-01-07,AMGN,-0.046735346,0.021994948,0.0064438581
2021-01-07,CRM,-0.026172221,0.012654662,-0.0003657937
2021-01-07,CSCO,0.0048714876,-0.014688373,-0.013677895
2021-01-07,IBM,-0.017560303,0.0071038008,0.0011622906
2021-01-07,INTC,-0.0041168928,-0.0063892603,0.0049504042
2021-01-07,MSFT,-0.019737482,0.0015254021,-0.0052353144
2021-01-07,NKE,-0.031582892,0.013299584,0.013356447
2021-01-07,VZ,-0.011864543,0.0029857159,0.00097894669
2021-01-07,WMT,-0.019846678,0.006510973,-0.0039077997
2021-01-08,AAPL,-0.015485883,0.016117573,-0.0096213222
2021-01-08,AMGN,-0.024321139,0.012602329,-0.00010383129
2021-01-08,CRM,0.0030889511,0.0033230782,-0.010823429
2021-01-08,CSCO,-0.0068112612,-0.012000024,-0.010212123
2021-01-08,IBM,-0.025812089,0.011654019,0.0036922693
2021-01-08,INTC,-0.0065818429,-0.00061011314,0.0025646687
2021-01-08,MSFT,-0.02230233,0.0022838116,-0.0052889585
2021-01-08,NKE,-0.024965763,0.012875915,0.0061173439
2021-01-08,VZ,-0.027979553,0.010323405,0.0017880201
2021-01-08,WMT,-0.037885904,0.015095115,0.00069475174
2021-01-11,AAPL,-0.0068866611,0.013169765,-0.010775089
2021-01-11,AMGN,-0.041198552,0.022067904,0.0029671192
2021-01-11,CRM,-0.0033139586,0.0015804768,-0.009619534
2021-01-11,CSCO,-0.0040909052,-0.015710831,-0.017410815
2021-01-11,IBM,-0.022652447,0.0082187653,-0.00086301565
2021-01-11,INTC,-0.0046899319,-0.0038663745,-0.0064925551
2021-01-11,MSFT,-0.025191605,0.0063556433,-0.0079343915
2021-01-11,NKE,-0.019880235,0.01196754,0.0022399426
2021-01-11,VZ,-0.022321463,0.0076849461,-0.0041438937
2021-01-11,WMT,-0.03504622,0.010558724,-0.0051847696
2021-01-12,AAPL,-0.0042634606,0.015027165,-0.0070069432
2021-01-12,AMGN,-0.027356923,0.017937183,0.0011361837
2021-01-12,CRM,-0.011220932,0.010334015,-0.0058637261
2021-01-12,CSCO,-0.0059499741,-0.011783302,-0.011745214
2021-01-12,IBM,-0.018254697,0.012454629,0.001423955
2021-01-12,INTC,-0.006901741,-0.00096362829,-0.0054434538
2021-01-12,MSFT,-0.029896021,0.0061391592,-0.0052983165
2021-01-12,NKE,-0.018949151,0.015001059,0.011572123
2021-01-12,VZ,-0.017390311,0.011328816,-0.007044971
2021-01-12,WMT,-0.026560783,0.0093107224,-0.0052911043
2021-01-13,AAPL,0.0017354488,0.010878086,-0.0027598739
2021-01-13,AMGN,-0.018954754,0.013422012,0.0058299303
2021-01-13,CRM,0.0080983639,0.0041657686,-0.0068185329
2021-01-13,CSCO,0.0013933182,-0.0124228,-0.011850178
2021-01-13,IBM,-0.018149555,0.01085031,0.00057423115
2021-01-13,INTC,-0.0012632012,-0.0011438131,-0.0010712743
2021-01-13,MSFT,-0.019248068,0.0033168793,-0.0064380765
2021-01-13,NKE,-0.02405113,0.014799356,0.011453271
2021-01-13,VZ,-0.015733778,0.011154413,-0.0040245056
2021-01-13,WMT,-0.029706061,0.012194514,-0.004094243
2021-01-14,AAPL,-0.0091414452,0.01779151,-0.0066494346
2021-01-14,AMGN,-0.030500293,0.020817161,0.0043283701
2021-01-14,CRM,-0.03037113,0.012092233,-0.0024768114
2021-01-14,CSCO,-0.0037421584,-0.012390077,-0.013693094
2021-01-14,IBM,-0.01722157,0.010459185,-0.0024295449
2021-01-14,INTC,-0.011018753,-0.003944993,-0.0014805198
2021-01-14,MSFT,-0.024515092,0.0053927898,-0.0037387609
2021-01-14,NKE,-0.023265719,0.014917374,0.0086724758
2021-01-14,VZ,-0.017218113,0.0080089569,-0.0074242949
2021-01-14,WMT,-0.017021298,0.002898097,-0.0090140104
2021-01-15,AAPL,0.0010552406,0.010403156,-0.0080374479
2021-01-15,AMGN,-0.0361588,0.022600651,0.0096697807
2021-01-15,CRM,-0.00077605247,-0.0027510524,-0.001901865
2021-01-15,CSCO,0.016130924,-0.013129473,-0.013911664
2021-01-15,IBM,-0.014859676,0.0097991228,0.0022517443
2021-01-15,INTC,0.0043363571,-0.0056634545,-0.0061500072
2021-01-15,MSFT,-0.0096761584,-0.0051025152,-0.0075418949
2021-01-15,NKE,-0.024613202,0.01155746,0.01204443
2021-01-15,VZ,-0.0098102093,0.0082688332,-0.0045217872
2021-01-15,WMT,-0.028636336,0.0097934008,-0.0024285913
2021-01-19,AAPL,-0.01673013,0.020224214,-0.0022621751
2021-01-19,AMGN,-0.027614832,0.018603683,0.00097060204
2021-01-19,CRM,-0.012763262,0.0051885843,-0.0046583414
2021-01-19,CSCO,0.0033228397,-0.011023104,-0.012414873
2021-01-19,IBM,-0.020072579,0.0098313093,0.0010088682
2021-01-19,INTC,-0.0043187737,-0.0013628602,0.002571106
2021-01-19,MSFT,-0.016065359,0.0033792257,-0.0033659339
2021-01-19,NKE,-0.026293635,0.013602972,0.01469028
2021-01-19,VZ,-0.0040345788,0.0083369017,-0.0055548549
2021-01-19,WMT,-0.020874858,0.0051652193,-0.005658567
2021-01-20,AAPL,-0.02295965,0.018418908,-0.011553705
2021-01-20,AMGN,-0.029136419,0.017030716,-0.0023437142
2021-01-20,CRM,-0.033622801,0.013450265,-0.0039251447
2021-01-20,CSCO,-0.0078780651,-0.010862291,-0.01333189
2021-01-20,IBM,-0.022179008,0.0099774599,0.00046217442
2021-01-20,INTC,-0.0080985427,-0.0051722527,-0.0019199848
2021-01-20,MSFT,-0.017034888,0.0029942989,-0.0083320141
2021-01-20,NKE,-0.026021242,0.013636112,0.010781527
2021-01-20,VZ,-0.014748216,0.009735465,-0.002289474
2021-01-20,WMT,-0.029869616,0.0091469288,-0.0061938167
2021-01-21,AAPL,-0.0074193478,0.013139486,-0.0092449188
2021-01-21,AMGN,-0.028470397,0.018697023,-0.00069844723
2021-01-21,CRM,-0.0075802207,-0.0021663308,-8.1777573e-05
2021-01-21,CSCO,0.012689471,-0.010745943,-0.012520373
2021-01-21,IBM,-0.014527142,0.007593751,0.0017435551
2021-01-21,INTC,-0.0055294037,-0.0014976263,0.00035691261
2021-01-21,MSFT,-0.017516911,0.0019475222,-0.0096511841
2021-01-21,NKE,-0.019498289,0.010458589,0.0079110861
2021-01-21,VZ,-0.015226185,0.007707715,-0.0028043985
2021-01-21,WMT,-0.022409618,0.0080372095,-0.0043546557
2021-01-22,AAPL,-0.015059531,0.018798232,-0.003914535
2021-01-22,AMGN,-0.040709317,0.032326102,0.0076893568
2021-01-22,CRM,-0.013343394,0.0080814362,0.002201438
2021-01-22,CSCO,0.005205512,-0.010665476,-0.011985958
2021-01-22,IBM,-0.0095562339,0.0070867538,-0.0017607808
2021-01-22,INTC,-0.0085812211,-0.0023342371,-0.00027614832
2021-01-22,MSFT,-0.0101524,0.0029197931,-0.007294178
2021-01-22,NKE,-0.018505931,0.0099737644,0.01236558
2021-01-22,VZ,-0.0056878924,0.0050731897,-0.0057243109
2021-01-22,WMT,-0.019956589,0.003108263,-0.0041850209
2021-01-25,AAPL,-0.0028498173,0.0081089735,-0.015204012
2021-01-25,AMGN,-0.039706826,0.031092882,0.0031303167
2021-01-25,CRM,0.0015044212,0.00018417835,-0.003052175
2021-01-25,CSCO,0.0063456297,-0.01133287,-0.013838589
2021-01-25,IBM,-0.010466635,0.009321332,-0.0020540357
2021-01-25,INTC,-0.0010730028,-0.0033797026,-0.0034694076
2021-01-25,MSFT,-0.0093545318,0.0004285574,-0.0089150071
2021-01-25,NKE,-0.012924016,0.0087528229,0.0034694672
2021-01-25,VZ,-0.012180865,0.0078237057,-0.005995214
2021-01-25,WMT,-0.035166442,0.014196754,-0.00082069635
2021-01-26,AAPL,-0.022815108,0.018905997,0.0017827749
2021-01-26,AMGN,0.00028538704,0.0049647093,-0.013424337
2021-01-26,CRM,0.0224756,-0.010429621,-0.0074747801
2021-01-26,CSCO,0.001175046,-0.010023355,-0.0059979558
2021-01-26,IBM,-0.012135327,0.0089217424,-0.0014896989
2021-01-26,INTC,-0.0076734424,-1.5199184e-05,-0.0017877817
2021-01-26,MSFT,-0.0069724321,-0.0029627681,-0.0061178207
2021-01-26,NKE,-0.017900467,0.011851668,0.0040295124
2021-01-26,VZ,-0.012256801,0.0091215372,-0.0027281046
2021-01-26,WMT,-0.03294456,0.013463616,0.0018596649
2021-01-27,AAPL,-0.0044315457,0.013440371,-0.016393006
2021-01-27,AMGN,-0.028087318,0.018404126,-0.0041473508
2021-01-27,CRM,-0.023496151,0.011746407,0.0010704994
2021-01-27,CSCO,-0.0057595968,-0.0058482885,-0.01463455
2021-01-27,IBM,-0.014800727,0.0093222857,-0.0016929507
2021-01-27,INTC,-0.024999619,0.0041593313,-0.0015106201
2021-01-27,MSFT,-0.024583578,0.0065318346,-0.0058240891
2021-01-27,NKE,-0.014162719,0.0059597492,-0.001251936
2021-01-27,VZ,-0.0070797801,0.0004658699,-0.007266283
2021-01-27,WMT,-0.0014989376,0.0038802624,-0.010358334
2021-01-28,AAPL,-0.018639505,0.027048945,-0.0045611262
2021-01-28,AMGN,-0.015586615,0.020994425,-0.0077214837
2021-01-28,CRM,-0.04669708,0.043183208,-0.0071363449
2021-01-28,CSCO,-0.017325282,0.0072202682,-0.010537922
2021-01-28,IBM,-0.02455914,0.014914036,-0.0041527152
2021-01-28,INTC,-0.019217789,0.012396216,-0.0013148785
2021-01-28,MSFT,-0.028514624,0.018106341,-0.0061283112
2021-01-28,NKE,-0.029260159,0.023695588,-0.0010570884
2021-01-28,VZ,-0.0037847757,0.005751133,-0.0073518753
2021-01-28,WMT,-0.017057121,0.015331626,-0.0051988959
2021-01-29,AAPL,-0.0069463253,0.012383103,-0.035699248
2021-01-29,AMGN,-0.014034629,0.019031048,-0.017287195
2021-01-29,CRM,-0.066670954,0.045644045,-0.028009176
2021-01-29,CSCO,-0.032099426,0.010992765,-0.026674747
2021-01-29,IBM,-0.012312174,0.012701035,-0.018302619
2021-01-29,INTC,-0.026136518,0.0090970993,-0.018764257
2021-01-29,MSFT,-0.028510809,0.020121336,-0.024033427
2021-01-29,NKE,-0.036303937,0.020893097,-0.017736614
2021-01-29,VZ,-0.017349482,0.0055508614,-0.025450587
2021-01-29,WMT,-0.016619086,0.013569593,-0.01699996
2021-02-01,AAPL,-0.044464469,0.042443037,-0.0045033693
2021-02-01,AMGN,-0.034740031,0.040340424,0.00051271915
2021-02-01,CRM,-0.048575699,0.058158398,-0.01207608
2021-02-01,CSCO,-0.03233093,0.035001159,-0.010644972
2021-02-01,IBM,-0.03178668,0.032011867,-0.0033091307
2021-02-01,INTC,-0.0409531,0.037566423,-0.00068604946
2021-02-01,MSFT,-0.041616797,0.035281658,-0.00096136332
2021-02-01,NKE,-0.042365372,0.033370495,-0.0015449524
2021-02-01,VZ,-0.032135427,0.027174473,-0.0043372512
2021-02-01,WMT,-0.024832726,0.027302623,-0.0060638189
2021-02-02,AAPL,0.0031956434,0.010119438,-0.0060613155
2021-02-02,AMGN,-0.007004559,-0.0013750196,-0.0088745356
2021-02-02,CRM,-0.00035578012,0.011552334,0.0012954473
2021-02-02,CSCO,0.011380196,-0.004462719,-0.0064338446
2021-02-02,IBM,-0.0034322143,0.0030758381,0.00054621696
2021-02-02,INTC,0.0063760281,-0.00036150217,-0.0037440658
2021-02-02,MSFT,-0.00075471401,-0.00052887201,-0.0018420815
2021-02-02,NKE,0.0024232864,0.0067275763,0.00035822392
2021-02-02,VZ,-0.006749928,0.0042568445,-0.00016790628
2021-02-02,WMT,0.0022721291,0.000192523,-0.0059568882
2021-02-03,AAPL,-0.02331531,0.022338033,-0.0042801499
2021-02-03,AMGN,-0.040626705,0.020655632,0.0079643726
2021-02-03,CRM,-0.025153041,0.015036821,0.0042248964
2021-02-03,CSCO,-0.011366487,-0.0026497245,-0.0042204857
2021-02-03,IBM,-0.023409963,0.0087965727,0.00045657158
2021-02-03,INTC,-0.0089351535,0.00044500828,-1.3947487e-05
2021-02-03,MSFT,-0.020438671,0.0084061623,-0.0038510561
2021-02-03,NKE,-0.016226351,0.012053132,0.0099359751
2021-02-03,VZ,-0.025148511,0.01124835,0.0010476112
2021-02-03,WMT,-0.026455939,0.0089731216,0.0021383762
2021-02-04,AAPL,0.010979533,0.0085326433,-0.0078277588
2021-02-04,AMGN,-0.037930667,0.016578794,0.00448668
2021-02-04,CRM,0.0015193224,0.0037926435,0.0085929632
2021-02-04,CSCO,-0.0077517033,-0.012772799,-0.0093027353
2021-02-04,IBM,-0.015353978,0.010173321,0.0033299923
2021-02-04,INTC,0.0065917969,-0.0022890568,-0.002107501
2021-02-04,MSFT,-0.017572224,-0.002781868,-0.0027399659
2021-02-04,NKE,-0.01870501,0.0083824396,0.0076112747
2021-02-04,VZ,-0.017421305,0.0092523098,0.0023134947
2021-02-04,WMT,-0.032982707,0.014162064,0.005408287
2021-02-05,AAPL,-0.0017874837,0.012118816,0.0024989843
2021-02-05,AMGN,-0.019350111,0.0061179399,0.0018203259
2021-02-05,CRM,-0.020026803,0.016056418,0.0098922253
2021-02-05,CSCO,-0.0050697923,-0.015707374,-0.0046397448
2021-02-05,IBM,-0.012347221,0.0060068369,-0.00096899271
2021-02-05,INTC,0.003377676,-0.0044186711,0.0016384125
2021-02-05,MSFT,-0.013747275,0.0028958321,-0.0027253628
2021-02-05,NKE,-0.018865824,0.015499115,0.016538858
2021-02-05,VZ,-0.0087895393,0.010438919,0.0010826588
2021-02-05,WMT,-0.023863614,0.0063159466,-0.0010408163
2021-02-08,AAPL,0.001749754,0.0099141598,-0.0075032711
2021-02-08,AMGN,-0.034729242,0.016086936,0.005993247
2021-02-08,CRM,-0.020077229,0.0063203573,-3.7789345e-05
2021-02-08,CSCO,0.0037169456,-0.013753295,-0.0086066127
2021-02-08,IBM,-0.01269716,0.0085533857,0.00056242943
2021-02-08,INTC,-0.001981616,-0.0051415563,0.00065624714
2021-02-08,MSFT,-0.019005954,-0.00050067902,-0.0022860765
2021-02-08,NKE,-0.025681496,0.013723373,0.016871214
2021-02-08,VZ,-0.018309951,0.012244821,-0.0013149381
2021-02-08,WMT,-0.025339246,0.0057381392,-0.0063461065
2021-02-09,AAPL,0.00043642521,0.012241721,-0.013591051
2021-02-09,AMGN,-0.036315024,0.012813687,0.003816247
2021-02-09,CRM,-0.023370862,0.0090154409,-0.00055003166
2021-02-09,CSCO,0.0062053204,-0.019295692,-0.018984914
2021-02-09,IBM,-0.0088056326,0.0051699877,-0.00080907345
2021-02-09,INTC,0.0048469305,-0.010184288,-0.0053664446
2021-02-09,MSFT,-0.016549528,-0.0083784461,-0.0043238997
2021-02-09,NKE,-0.018352866,0.0023421049,0.0099081993
2021-02-09,VZ,-0.01956296,0.0065574646,-0.0044563413
2021-02-09,WMT,-0.014303565,0.00082719326,-0.0063470602
2021-02-10,AAPL,-0.015666902,0.020655751,-0.012102604
2021-02-10,AMGN,-0.036454082,0.011217594,0.0067584515
2021-02-10,CRM,-0.02434361,0.012763619,-0.0014287233
2021-02-10,CSCO,-0.010841906,-0.015142977,-0.013717234
2021-02-10,IBM,-0.011842787,0.006459713,0.0028344393
2021-02-10,INTC,-0.0039873123,-0.0076881051,0.0031374693
2021-02-10,MSFT,-0.028088927,0.0052359104,0.00039577484
2021-02-10,NKE,-0.018625915,0.011244535,0.013214707
2021-02-10,VZ,-0.020846665,0.012079716,-0.00048422813
2021-02-10,WMT,-0.021861196,0.0034923553,-0.0042814612
2021-02-11,AAPL,-0.0085429549,0.014912605,-0.017799258
2021-02-11,AMGN,-0.035559893,0.013171196,0.00056362152
2021-02-11,CRM,-0.031650722,0.017097116,-0.0007583499
2021-02-11,CSCO,-0.0066082478,-0.015031397,-0.014611125
2021-02-11,IBM,-0.017880142,0.0057463646,0.003544569
2021-02-11,INTC,-0.0040280223,-0.0082340837,-0.0023238659
2021-02-11,MSFT,-0.027145505,0.00097537041,-0.0018640757
2021-02-11,NKE,-0.02159822,0.010144472,0.010464668
2021-02-11,VZ,-0.027696013,0.014167428,-0.0035771728
2021-02-11,WMT,-0.028147578,0.0032551289,-0.005202949
2021-02-12,AAPL,-0.0091164708,0.019078135,-0.010303557
2021-02-12,AMGN,-0.034746468,0.01437211,0.0019384623
2021-02-12,CRM,-0.028207898,0.018024206,0.0035549402
2021-02-12,CSCO,-0.0066370368,-0.018048167,-0.010697305
2021-02-12,IBM,-0.010943651,0.0071140528,0.0046589375
2021-02-12,INTC,-0.0025171041,-0.0059862137,-0.00063043833
2021-02-12,MSFT,-0.023510516,0.00099778175,-0.0013865232
2021-02-12,NKE,-0.021633446,0.011389256,0.012547255
2021-02-12,VZ,-0.024472654,0.013784289,-0.00022655725
2021-02-12,WMT,-0.023495674,0.0045919418,-0.0028131008
2021-02-16,AAPL,-0.013012946,0.015996814,-0.014524817
2021-02-16,AMGN,-0.019662261,0.008883357,-0.0051561594
2021-02-16,CRM,-0.013150811,0.0024116039,-0.0076874495
2021-02-16,CSCO,-0.014959157,-0.018879771,-0.0096337199
2021-02-16,IBM,-0.019431174,0.009037137,0.0034214258
2021-02-16,INTC,-0.0048232675,-0.0059660077,-0.0018969774
2021-02-16,MSFT,-0.021319628,0.0033216476,-0.0031843185
2021-02-16,NKE,-0.027344525,0.0076544285,0.012377858
2021-02-16,VZ,-0.033208907,0.016307116,-0.0013127923
2021-02-16,WMT,-0.033358037,0.0051295757,-0.00044906139
2021-02-17,AAPL,-0.018674552,0.019298196,-0.0093327761
2021-02-17,AMGN,-0.039102077,0.023842931,0.0035526752
2021-02-17,CRM,-0.034518182,0.013043165,-0.00044101477
2021-02-17,CSCO,-0.011057317,-0.01287812,-0.0095441937
2021-02-17,IBM,-0.015307486,0.010709405,0.0011087656
2021-02-17,INTC,-0.0022420287,-0.0058428645,-0.0043928027
2021-02-17,MSFT,-0.021014333,-0.0028010011,-0.0047026277
2021-02-17,NKE,-0.025096476,0.011499166,0.011506081
2021-02-17,VZ,-0.016599774,0.01276052,-0.0073884726
2021-02-17,WMT,-0.02270633,-0.00053960085,-0.0079211593
2021-02-18,AAPL,-0.014352024,0.020576954,-0.0034714341
2021-02-18,AMGN,-0.015954494,0.0079903603,0.00014686584
2021-02-18,CRM,-0.019311011,0.0088061094,0.0024422407
2021-02-18,CSCO,-0.0062078238,-0.014933348,-0.0096516609
2021-02-18,IBM,-0.01982373,0.010506392,0.0032814741
2021-02-18,INTC,0.0024877787,-0.0049647689,-0.00776124
2021-02-18,MSFT,-0.018902838,-0.0019187927,0.00076651573
2021-02-18,NKE,-0.02274555,0.01112771,0.0092824697
2021-02-18,VZ,-0.016852438,0.011752009,-0.0057683587
2021-02-18,WMT,-0.028676689,0.0054421425,-0.0018962622
2021-02-19,AAPL,-0.024866939,0.024813652,-0.011501789
2021-02-19,AMGN,-0.010536134,0.0056688786,-0.0067539811
2021-02-19,CRM,-0.026185334,0.012616754,0.00047111511
2021-02-19,CSCO,-0.0067482591,-0.0090173483,-0.011878908
2021-02-19,IBM,-0.021145821,0.008869648,-0.0030990243
2021-02-19,INTC,-0.017382741,-0.00028949976,0.00098586082
2021-02-19,MSFT,-0.023832262,0.0040162802,-0.0017539263
2021-02-19,NKE,-0.015010118,0.012693048,0.0090339184
2021-02-19,VZ,-0.0066075921,0.0089865923,-0.0071332455
2021-02-19,WMT,-0.0048887134,-0.0012359023,-0.011479497
2021-02-22,AAPL,-0.010597348,0.014118314,-0.014020145
2021-02-22,AMGN,-0.031107783,0.0086414814,0.0020002127
2021-02-22,CRM,-0.036145568,0.0091061592,0.0035865307
2021-02-22,CSCO,0.00092673302,-0.016618192,-0.011250973
2021-02-22,IBM,-0.017440617,0.0061597824,-0.00011390448
2021-02-22,INTC,-0.010915637,-0.0060917735,0.002186656
2021-02-22,MSFT,-0.022397459,5.7697296e-05,-0.0016655326
2021-02-22,NKE,-0.022852242,0.0079393387,0.01239717
2021-02-22,VZ,-0.017780364,0.0074241161,-0.0034338236
2021-02-22,WMT,-0.015854537,-0.0020502806,-0.0036456585
2021-02-23,AAPL,-0.0038940907,0.01362741,-0.010342002
2021-02-23,AMGN,-0.048155546,0.022342563,0.0078369379
2021-02-23,CRM,-0.020055532,0.0059597492,0.0026535988
2021-02-23,CSCO,0.011324763,-0.014915764,-0.013990402
2021-02-23,IBM,-0.0080783367,0.0051882267,-0.0031176805
2021-02-23,INTC,0.0012893677,-0.0080003142,-0.0026861429
2021-02-23,MSFT,-0.0082758665,-0.0023694038,-0.0050370097
2021-02-23,NKE,-0.017587066,0.0052235126,0.011717558
2021-02-23,VZ,-0.02117002,0.0065265894,-0.0021538734
2021-02-23,WMT,-0.029304504,0.0056732893,0.0029383898
2021-02-24,AAPL,-0.0097246766,0.0091369152,-0.0082992315
2021-02-24,AMGN,-0.033733785,0.022496462,0.00042200089
2021-02-24,CRM,-0.017330766,0.0093334913,0.0072593689
2021-02-24,CSCO,0.0007430315,-0.0098497272,-0.01022625
2021-02-24,IBM,-0.017155588,0.0070698261,0.0029848814
2021-02-24,INTC,-0.0027689338,-0.0019714236,0.0033303499
2021-02-24,MSFT,-0.014046907,-0.00081598759,0.0017760992
2021-02-24,NKE,-0.013701916,0.012515068,0.0095957518
2021-02-24,VZ,-0.014139235,0.0099961758,-0.001717031
2021-02-24,WMT,-0.025500596,0.0094188452,0.0036109686
2021-02-25,AAPL,-0.027393579,0.018144846,-0.0063229799
2021-02-25,AMGN,-0.021628678,0.0089498758,-0.012910187
2021-02-25,CRM,-0.01355052,0.0099229813,-0.0028742552
2021-02-25,CSCO,-0.019443691,-0.0067116022,-0.0042065978
2021-02-25,IBM,-0.025075912,0.0063889027,-0.0016012192
2021-02-25,INTC,-0.018287003,-0.0017002225,-0.0015795827
2021-02-25,MSFT,-0.024056315,0.0020086765,-0.0050292015
2021-02-25,NKE,-0.028171599,0.011410117,0.008808136
2021-02-25,VZ,-0.013826549,0.0078934431,-0.0015566945
2021-02-25,WMT,-0.036114156,0.013127327,0.0038069487
2021-02-26,AAPL,0.0050895214,0.013932586,-0.019205928
2021-02-26,AMGN,-0.017951608,0.017367005,-0.0091670156
2021-02-26,CRM,-0.030530751,0.018945813,-0.0074576139
2021-02-26,CSCO,-0.013556838,-0.0050399303,-0.0094015002
2021-02-26,IBM,-0.016085863,0.010164857,-0.0033211112
2021-02-26,INTC,-0.014878094,-0.0026372671,-0.0050294995
2021-02-26,MSFT,-0.018863738,0.0057537556,-0.0070807338
2021-02-26,NKE,-0.030628562,0.010108232,0.0030100346
2021-02-26,VZ,-0.015820742,0.0021774769,-0.0044948459
2021-02-26,WMT,-0.017533839,0.0050699711,-0.00414747
2021-03-01,AAPL,-0.013601422,0.022411466,0.0056400299
2021-03-01,AMGN,-0.027235925,0.031742573,-0.0016162992
2021-03-01,CRM,-0.036960423,0.044576168,-0.0070781708
2021-03-01,CSCO,-0.015935957,0.010823131,-0.0013396144
2021-03-01,IBM,-0.022298992,0.017649055,-0.0014568567
2021-03-01,INTC,-0.017926276,0.011217237,0.0015841722
2021-03-01,MSFT,-0.018148184,0.016876221,-0.0043016076
2021-03-01,NKE,-0.025183558,0.026882172,0.0068502426
2021-03-01,VZ,-0.0021247268,0.0069177151,-0.0032884479
2021-03-01,WMT,-0.019783676,0.013117552,0.0013502836
2021-03-02,AAPL,-0.0092043877,0.0074890852,-0.028333247
2021-03-02,AMGN,-0.013790071,0.022338986,-0.013486505
2021-03-02,CRM,-0.07023561,0.052554846,-0.027030587
2021-03-02,CSCO,-0.032350898,0.0069457293,-0.02305752
2021-03-02,IBM,-0.012937546,0.011264443,-0.016597748
2021-03-02,INTC,-0.022599697,0.0062574148,-0.01423049
2021-03-02,MSFT,-0.032883048,0.016565442,-0.017492533
2021-03-02,NKE,-0.026860893,0.01348412,-0.016095817
2021-03-02,VZ,-0.014094234,0.0059156418,-0.022188842
2021-03-02,WMT,-0.0029321313,0.0039584637,-0.01743722
2021-03-03,AAPL,-0.051688731,0.044129014,-0.0043437481
2021-03-03,AMGN,-0.035430729,0.040743589,-0.000187397
2021-03-03,CRM,-0.056794822,0.062158227,-0.0098035336
2021-03-03,CSCO,-0.03766197,0.036560416,-0.0091628432
2021-03-03,IBM,-0.036019802,0.03137815,-0.0032245517
2021-03-03,INTC,-0.04551816,0.038234949,0.00093948841
2021-03-03,MSFT,-0.04605186,0.033366442,0.0020824671
2021-03-03,NKE,-0.041894197,0.03027153,-0.0043565035
2021-03-03,VZ,-0.030553401,0.026058555,-0.0027619004
2021-03-03,WMT,-0.026865363,0.023920417,-0.0056158304
2021-03-04,AAPL,0.0035326481,0.008084774,-0.0077793598
2021-03-04,AMGN,-0.006911695,-0.00064915419,-0.0064508319
2021-03-04,CRM,0.0057758093,0.0080749989,-0.0015861392
2021-03-04,CSCO,0.0085227489,-0.0042629838,-0.0080119371
2021-03-04,IBM,-0.0036680102,0.0064336061,-0.00088191032
2021-03-04,INTC,0.0035352707,0.00070035458,-0.0041322112
2021-03-04,MSFT,-0.00019872189,-0.0010339022,-0.0038992167
2021-03-04,NKE,0.00034630299,0.0040240288,-0.00031685829
2021-03-04,VZ,-0.0090995431,0.0054861307,-0.00063174963
2021-03-04,WMT,-0.0049812794,0.0029170513,-0.0057513118
2021-03-05,AAPL,-0.018867373,0.022528172,0.0023552179
2021-03-05,AMGN,-0.040302098,0.022595406,0.0095918179
2021-03-05,CRM,-0.030875146,0.017812252,0.010097742
2021-03-05,CSCO,-0.0045825839,-0.0021932125,-0.0029588342
2021-03-05,IBM,-0.019118845,0.011395454,0.0031723976
2021-03-05,INTC,-0.01202184,-5.6505203e-05,0.0070039034
2021-03-05,MSFT,-0.018019259,0.0096188784,-0.0012869835
2021-03-05,NKE,-0.01829195,0.015840411,0.0094182491
2021-03-05,VZ,-0.021692216,0.01011765,0.0029748678
2021-03-05,WMT,-0.020078421,0.004537344,-0.0011513233
2021-03-08,AAPL,0.00060677528,0.012071609,-0.0095213056
2021-03-08,AMGN,-0.054238558,0.028000116,0.011582255
2021-03-08,CRM,-0.02727139,0.016678691,0.0085557699
2021-03-08,CSCO,0.0057080984,-0.0089288354,-0.012457371
2021-03-08,IBM,-0.010047793,0.005616188,-0.0029516816
2021-03-08,INTC,0.0062662363,-0.0033444166,-0.0016832352
2021-03-08,MSFT,-0.0087223053,-0.0028922558,-0.0046479106
2021-03-08,NKE,-0.011214674,0.006655097,0.0047433376
2021-03-08,VZ,-0.01382035,0.0058054924,-0.00095462799
2021-03-08,WMT,-0.019868791,0.00052988529,-0.003341496
2021-03-09,AAPL,-0.00066018105,0.01026988,-0.011206686
2021-03-09,AMGN,-0.028489053,0.016561151,0.002940774
2021-03-09,CRM,-0.018098712,0.017765403,-0.0047128797
2021-03-09,CSCO,-0.0030862093,-0.012496412,-0.010878563
2021-03-09,IBM,-0.007398963,0.0050393343,-0.0024239421
2021-03-09,INTC,0.005012393,-0.0045363903,0.0047601461
2021-03-09,MSFT,-0.012442768,0.0042330027,-0.0030694604
2021-03-09,NKE,-0.018425703,0.012764335,0.013581276
2021-03-09,VZ,-0.013853133,0.0092595816,-0.0013877153
2021-03-09,WMT,-0.01889044,0.0040432215,-0.002299428
2021-03-10,AAPL,-0.011474133,0.015935183,-0.0027248859
2021-03-10,AMGN,-0.042732835,0.027735472,0.01166594
2021-03-10,CRM,-0.00080937147,0.01435101,-0.0090509653
2021-03-10,CSCO,-0.0024418831,-0.011865735,-0.0072226524
2021-03-10,IBM,-0.016000152,0.010872483,0.0017994642
2021-03-10,INTC,0.0042901039,-0.0031186938,0.0028852224
2021-03-10,MSFT,-0.0065624118,0.0017392635,-0.0017502308
2021-03-10,NKE,-0.021834254,0.01234901,0.011502862
2021-03-10,VZ,-0.021713793,0.013090968,-0.0015639067
2021-03-10,WMT,-0.034848511,0.0093631744,0.00017106533
2021-03-11,AAPL,-0.015881181,0.013545394,-0.013664782
2021-03-11,AMGN,-0.031627536,0.020022869,0.0016003847
2021-03-11,CRM,-0.024085879,0.020126104,-0.0055706501
2021-03-11,CSCO,-0.017819703,-0.01222223,-0.0090648532
2021-03-11,IBM,-0.029146969,0.01525557,0.0019571781
2021-03-11,INTC,-0.013852596,-0.0011869073,0.0027896166
2021-03-11,MSFT,-0.027899742,0.0043548346,-0.0024386644
2021-03-11,NKE,-0.019540906,0.00671947,0.0057429075
2021-03-11,VZ,-0.028964698,0.013483644,0.00011897087
2021-03-11,WMT,-0.034581363,0.011229396,0.00044691563
2021-03-12,AAPL,-0.0037727952,0.011644006,-0.00015354156
2021-03-12,AMGN,-0.040455878,0.021937251,0.0098147392
2021-03-12,CRM,-0.011935532,0.013253093,-0.010680497
2021-03-12,CSCO,-0.00074154139,-0.01062566,-0.0090438128
2021-03-12,IBM,-0.012072086,0.012038231,-0.00040853024
2021-03-12,INTC,-0.0078145862,-0.0030838251,0.0053697824
2021-03-12,MSFT,-0.018064678,0.0023601055,0.00011765957
2021-03-12,NKE,-0.010673761,0.010197997,0.014056683
2021-03-12,VZ,-0.013697743,0.010953188,0.0020014048
2021-03-12,WMT,-0.027318716,0.0083539486,0.001644969
2021-03-15,AAPL,0.0090733767,0.0086629391,-0.0091416836
2021-03-15,AMGN,-0.031906962,0.019901633,0.0079587698
2021-03-15,CRM,-0.018221498,0.017889619,-0.0059486628
2021-03-15,CSCO,-0.0059773326,-0.0151878,-0.012392998
2021-03-15,IBM,-0.020585477,0.0093601942,0.0040869713
2021-03-15,INTC,-0.010344326,-0.0027268529,0.0054939985
2021-03-15,MSFT,-0.022385001,-2.4616718e-05,0.0024684668
2021-03-15,NKE,-0.015940905,0.011317611,0.012070417
2021-03-15,VZ,-0.017855287,0.009224534,-0.0022106171
2021-03-15,WMT,-0.022787511,0.0048012733,-0.0017089248
2021-03-16,AAPL,-0.0047158599,0.012785077,-0.0057916045
2021-03-16,AMGN,-0.050994992,0.03099227,0.0094804764
2021-03-16,CRM,-0.027620733,0.020378947,-0.0035296082
2021-03-16,CSCO,-0.0068843365,-0.014538407,-0.011638284
2021-03-16,IBM,-0.016439199,0.0088078976,0.001601696
2021-03-16,INTC,-0.010289252,-0.0021867156,0.0014292002
2021-03-16,MSFT,-0.018633246,0.00080609322,-0.0059630871
2021-03-16,NKE,-0.024958849,0.013491154,0.008774519
2021-03-16,VZ,-0.020536482,0.0094739199,-0.003070116
2021-03-16,WMT,-0.032143831,0.0071874857,-0.0024674535
2021-03-17,AAPL,0.00037002563,0.009436965,-0.012817621
2021-03-17,AMGN,-0.026122093,0.019684315,0.00093746185
2021-03-17,CRM,-0.017781258,0.020855188,-0.015206456
2021-03-17,CSCO,-0.0036689043,-0.011576653,-0.015224099
2021-03-17,IBM,-0.013847113,0.008187294,-0.0013885498
2021-03-17,INTC,-0.0037839413,-0.0024724007,-6.1690807e-05
2021-03-17,MSFT,-0.017588854,0.0017701387,-0.0087584853
2021-03-17,NKE,-0.016939402,0.011633515,0.0061975718
2021-03-17,VZ,-0.014316022,0.0065473318,-0.00627321
2021-03-17,WMT,-0.029566467,0.0049943924,-0.0030721426
2021-03-18,AAPL,0.0067887306,0.0038070679,-0.012385726
2021-03-18,AMGN,-0.033279896,0.015804172,0.0031272173
2021-03-18,CRM,-0.018411756,0.015201092,-0.014952362
2021-03-18,CSCO,0.0067019463,-0.017368019,-0.012666881
2021-03-18,IBM,-0.014051557,0.006708622,0.0036939383
2021-03-18,INTC,0.0013238192,-0.0059691072,-0.00023204088
2021-03-18,MSFT,-0.013622403,-0.004517138,-0.0043267012
2021-03-18,NKE,-0.01584208,0.011572719,0.0081496239
2021-03-18,VZ,-0.010409951,0.0077981949,-0.0033085346
2021-03-18,WMT,-0.021344364,0.004802227,-0.0022972226
2021-03-19,AAPL,0.0023779869,0.0093646049,-0.0075310469
2021-03-19,AMGN,-0.039335251,0.019309402,0.010520816
2021-03-19,CRM,-0.0012453198,0.011806011,-0.010425568
2021-03-19,CSCO,-0.0040060282,-0.014743507,-0.013301611
2021-03-19,IBM,-0.013561785,0.0097726583,0.0018888712
2021-03-19,INTC,-0.0024703145,-0.0041190386,-0.00026994944
2021-03-19,MSFT,-0.013915837,-0.00067830086,-0.0054991245
2021-03-19,NKE,-0.020399868,0.011740565,0.0094484091
2021-03-19,VZ,-0.014590919,0.0087327957,-0.0024668574
2021-03-19,WMT,-0.031002045,0.0096408129,-0.00083476305
2021-03-22,AAPL,0.0057057142,0.0092481375,-0.010868609
2021-03-22,AMGN,-0.040311158,0.024552584,0.0044645071
2021-03-22,CRM,-0.025218129,0.018900156,-0.0073493719
2021-03-22,CSCO,-0.004145205,-0.0093532205,-0.015459061
2021-03-22,IBM,-0.019344449,0.012754917,0.00077211857
2021-03-22,INTC,-0.005959034,-0.00040501356,-0.00033670664
2021-03-22,MSFT,-0.018945396,0.0062114,-0.0025248528
2021-03-22,NKE,-0.022505701,0.0168401,0.0063298941
2021-03-22,VZ,-0.018536747,0.011683583,-0.0041371584
2021-03-22,WMT,-0.025307715,0.0094676018,-0.0058282018
2021-03-23,AAPL,-0.0061071515,0.012313128,-0.0080301166
2021-03-23,AMGN,-0.019165933,0.017035723,-0.0061149001
2021-03-23,CRM,-0.032417357,0.021081567,-0.0056814551
2021-03-23,CSCO,-0.0041815639,-0.007584095,-0.015663922
2021-03-23,IBM,-0.015755236,0.0071349144,-0.0028374195
2021-03-23,INTC,-0.0065395832,-0.00028306246,-0.005120635
2021-03-23,MSFT,-0.01534909,0.0034301281,-0.0081179738
2021-03-23,NKE,-0.028146267,0.015079618,0.0063947439
2021-03-23,VZ,-0.0167979,0.0084428787,-0.0060678124
2021-03-23,WMT,-0.0295524,0.0084905624,-0.0036753416
2021-03-24,AAPL,-0.0056049824,0.016940117,-0.016038597
2021-03-24,AMGN,-0.038534105,0.031636715,0.0004658699
2021-03-24,CRM,-0.025152385,0.021719813,-0.014566481
2021-03-24,CSCO,-0.0018247962,-0.0021269321,-0.016706347
2021-03-24,IBM,-0.00068038702,0.0071165562,-0.0049700141
2021-03-24,INTC,-0.0089375973,0.0038052797,-0.0019800663
2021-03-24,MSFT,-0.012126744,0.0079197884,-0.010227203
2021-03-24,NKE,-0.018869638,0.01173389,0.00390172
2021-03-24,VZ,-0.011746466,0.0056715012,-0.010954976
2021-03-24,WMT,-0.012961209,0.0025110245,-0.0069295764
2021-03-25,AAPL,0.0083186626,0.0032496452,-0.016521692
2021-03-25,AMGN,-0.026167333,0.023833275,-1.4424324e-05
2021-03-25,CRM,0.0067840815,0.0042819977,-0.019902289
2021-03-25,CSCO,0.00049412251,-0.012610316,-0.016818464
2021-03-25,IBM,-0.012142599,0.0115031,-0.0025269985
2021-03-25,INTC,-0.00036978722,0.0025138855,-0.0076574087
2021-03-25,MSFT,-0.0027226806,0.00013887882,-0.011274636
2021-03-25,NKE,-0.014454484,0.010752082,-0.0035023093
2021-03-25,VZ,-0.03003931,0.016750336,-0.0023108125
2021-03-25,WMT,-0.045167625,0.021422863,0.002273798
2021-03-26,AAPL,-0.0068899393,0.015239835,-0.0077104568
2021-03-26,AMGN,-0.011003673,0.0095840693,-0.0065217614
2021-03-26,CRM,0.013365149,0.0037738085,-0.011029541
2021-03-26,CSCO,-0.0018840432,-0.0060377717,-0.010900259
2021-03-26,IBM,-0.0073657036,0.010108232,-0.0043141246
2021-03-26,INTC,-0.0070998669,0.0024236441,-0.0054582953
2021-03-26,MSFT,-0.010117531,0.0011810064,-0.008708179
2021-03-26,NKE,-0.020318449,0.012372971,0.0014592409
2021-03-26,VZ,-0.015706897,0.010014296,-0.0057230592
2021-03-26,WMT,-0.027254105,0.011403799,0.001075387
2021-03-29,AAPL,-0.0085411072,0.019199848,-0.012621522
2021-03-29,AMGN,-0.024481237,0.018316031,-0.00046420097
2021-03-29,CRM,-0.029687405,0.021576166,-0.0088956952
2021-03-29,CSCO,-0.018229961,0.0003567934,-0.014671385
2021-03-29,IBM,-0.016391993,0.011038303,-0.0047123432
2021-03-29,INTC,-0.025363028,0.0056079626,-0.0036133528
2021-03-29,MSFT,-0.02742511,0.0072848797,-0.0076516867
2021-03-29,NKE,-0.014002025,0.010983229,-0.003480494
2021-03-29,VZ,-0.013293743,0.0026140213,-0.0071431994
2021-03-29,WMT,-0.003959775,0.0040414333,-0.0079753995
2021-03-30,AAPL,-0.019947827,0.029235721,-0.00052535534
2021-03-30,AMGN,-0.025777996,0.030450344,-0.0033951998
2021-03-30,CRM,-0.048358977,0.051052332,-0.014952481
2021-03-30,CSCO,-0.017635524,0.014959931,-0.0092151165
2021-03-30,IBM,-0.021172941,0.018350959,-0.0050190687
2021-03-30,INTC,-0.02013588,0.014241099,-0.0014182329
2021-03-30,MSFT,-0.028378665,0.024762511,-0.0034368038
2021-03-30,NKE,-0.02815038,0.026904345,-0.00094878674
2021-03-30,VZ,-0.0071334839,0.010860682,-0.0060363412
2021-03-30,WMT,-0.015053272,0.01285851,-0.0069214106
2021-03-31,AAPL,-0.0085187554,0.011141777,-0.037960112
2021-03-31,AMGN,-0.010930359,0.019559026,-0.018908441
2021-03-31,CRM,-0.06991905,0.048926711,-0.033632994
2021-03-31,CSCO,-0.031939268,0.012593746,-0.030490696
2021-03-31,IBM,-0.0090277791,0.012574673,-0.01851058
2021-03-31,INTC,-0.02189368,0.013066888,-0.020411015
2021-03-31,MSFT,-0.027287364,0.021260619,-0.024088085
2021-03-31,NKE,-0.032908738,0.019717813,-0.023990989
2021-03-31,VZ,-0.017619729,0.009275198,-0.026768088
2021-03-31,WMT,-0.021971405,0.014685988,-0.016543627
2021-04-01,AAPL,-0.043482721,0.042077541,-0.005412221
2021-04-01,AMGN,-0.025455177,0.038009405,-0.0039600134
2021-04-01,CRM,-0.048825681,0.058401823,-0.015996873
2021-04-01,CSCO,-0.034377754,0.03524375,-0.011038899
2021-04-01,IBM,-0.03385824,0.03139472,-0.0035108328
2021-04-01,INTC,-0.041215897,0.038745642,-0.0013830066
2021-04-01,MSFT,-0.040861487,0.034969926,-0.0027897954
2021-04-01,NKE,-0.036539912,0.033402562,-0.0085759759
2021-04-01,VZ,-0.030706525,0.029385209,-0.0070369244
2021-04-01,WMT,-0.02339077,0.024497867,-0.0069226623
2021-04-05,AAPL,-0.00248456,0.014141321,-0.0033537149
2021-04-05,AMGN,-0.012826204,0.008846283,-0.0020506978
2021-04-05,CRM,-0.0083069801,0.018797398,0.0023047924
2021-04-05,CSCO,0.0054436922,-0.0020064712,-0.0054823756
2021-04-05,IBM,0.00098061562,0.0071268082,-0.00045901537
2021-04-05,INTC,0.00041329861,0.0046951771,-0.0023368597
2021-04-05,MSFT,0.0021790266,0.00099372864,-0.0011642575
2021-04-05,NKE,-0.0072287321,0.0077244043,0.0015770197
2021-04-05,VZ,-0.0096620917,0.0060786009,-0.0010464191
2021-04-05,WMT,-0.0044899583,0.0026115179,-0.0042652488
2021-04-06,AAPL,-0.023222208,0.022394538,0.0013506413
2021-04-06,AMGN,-0.036484897,0.020895481,0.0085886717
2021-04-06,CRM,-0.041081369,0.019610882,0.010537148
2021-04-06,CSCO,0.0011190176,-0.0036108494,-0.0052528977
2021-04-06,IBM,-0.013340116,0.0086971521,4.5537949e-05
2021-04-06,INTC,-0.008161962,0.00036156178,0.0034834146
2021-04-06,MSFT,-0.019842982,0.007699132,-0.001760602
2021-04-06,NKE,-0.01833415,0.011238337,0.0048389435
2021-04-06,VZ,-0.020482242,0.0091618299,0.0054520369
2021-04-06,WMT,-0.015801251,0.0014659166,-0.0025770068
2021-04-07,AAPL,-0.0092037916,0.016276836,-0.011161208
2021-04-07,AMGN,-0.040858507,0.01945281,0.0060468912
2021-04-07,CRM,-0.019154608,0.012058854,0.006087184
2021-04-07,CSCO,0.003336668,-0.0093785524,-0.010496914
2021-04-07,IBM,-0.0070263743,0.0038175583,-0.0030813217
2021-04-07,INTC,-0.00024116039,-0.002296567,0.00044345856
2021-04-07,MSFT,-0.013712227,-0.0037254095,-0.0033598542
2021-04-07,NKE,-0.01747191,0.0081067085,0.0014774799
2021-04-07,VZ,-0.011954129,0.0039329529,-0.0031346083
2021-04-07,WMT,-0.012490809,-0.0028962493,-0.0064458251
2021-04-08,AAPL,-0.021310687,0.01651454,-0.0075746179
2021-04-08,AMGN,-0.022956312,0.0079022646,0.002266407
2021-04-08,CRM,-0.026384413,0.01685071,0.002068162
2021-04-08,CSCO,-0.010293067,-0.0091266632,-0.0073773265
2021-04-08,IBM,-0.018530309,0.0063246489,-0.0021320581
2021-04-08,INTC,0.0049557686,-0.0050070286,-0.001403451
2021-04-08,MSFT,-0.0086619854,0.0014010668,-0.0044104457
2021-04-08,NKE,-0.027651846,0.01175952,0.010769248
2021-04-08,VZ,-0.014870346,0.0088040829,0.00012600422
2021-04-08,WMT,-0.021286845,0.0050467253,-0.0042114258
2021-04-09,AAPL,-0.016445458,0.016102791,-0.0084682703
2021-04-09,AMGN,-0.036255419,0.014756441,0.0077527761
2021-04-09,CRM,-0.017772853,0.010186672,-0.00050324202
2021-04-09,CSCO,0.0013401508,-0.012554288,-0.0067720413
2021-04-09,IBM,-0.017057419,0.011222839,0.0016674995
2021-04-09,INTC,0.0020089149,-0.006164968,0.0012326241
2021-04-09,MSFT,-0.0098215938,-0.0014618635,-0.0013874769
2021-04-09,NKE,-0.021161854,0.0098143816,0.014068365
2021-04-09,VZ,-0.016980708,0.010568142,-0.00061303377
2021-04-09,WMT,-0.0253582,0.0080066919,-0.0017995834
2021-04-12,AAPL,-0.0062420964,0.010995746,-0.0077454448
2021-04-12,AMGN,-0.030526698,0.013501048,0.0059561729
2021-04-12,CRM,-0.011134148,0.0068719387,0.0016180277
2021-04-12,CSCO,-0.0031670332,-0.016951382,-0.0093138218
2021-04-12,IBM,-0.015190721,0.006149292,0.00025999546
2021-04-12,INTC,0.00041103363,-0.0034794211,0.0035688877
2021-04-12,MSFT,-0.014631867,-0.0049855709,-0.00020080805
2021-04-12,NKE,-0.017400444,0.0071907043,0.012767196
2021-04-12,VZ,-0.023459852,0.0097887516,0.0027332306
2021-04-12,WMT,-0.026919246,0.0073113441,1.9788742e-05
2021-04-13,AAPL,0.0027085543,0.0075439215,-0.0037528276
2021-04-13,AMGN,-0.049870253,0.023010135,0.014391661
2021-04-13,CRM,-0.010543048,0.0052378178,0.0047311783
2021-04-13,CSCO,0.0070166588,-0.019875169,-0.0078884363
2021-04-13,IBM,-0.004969418,0.0059840679,0.00034081936
2021-04-13,INTC,0.0037403107,-0.010907769,0.0038921833
2021-04-13,MSFT,-0.012285113,-0.0035799742,0.0005979538
2021-04-13,NKE,-0.018126607,0.0087398291,0.016183853
2021-04-13,VZ,-0.0099852681,0.0026518106,0.0022206306
2021-04-13,WMT,-0.022872984,0.0024456978,-0.0013925433
2021-04-14,AAPL,-0.010069549,0.0074472427,-0.010552168
2021-04-14,AMGN,-0.024409473,0.0069907904,-0.0043566823
2021-04-14,CRM,-0.034045041,0.013384104,0.00063633919
2021-04-14,CSCO,-0.0011424422,-0.020178854,-0.013059914
2021-04-14,IBM,-0.017186582,0.0032826662,6.2942505e-05
2021-04-14,INTC,-0.00029474497,-0.011434495,0.0026031733
2021-04-14,MSFT,-0.025416493,-0.006034255,0.0012305975
2021-04-14,NKE,-0.020183682,0.0061974525,0.010786533
2021-04-14,VZ,-0.019606829,0.0066291094,-0.002779305
2021-04-14,WMT,-0.020398974,-0.00048750639,-0.0050364137
2021-04-15,AAPL,-0.01532048,0.015103936,-0.0099292397
2021-04-15,AMGN,-0.032666624,0.013323188,0.0014817715
2021-04-15,CRM,-0.027431011,0.017926216,0.0015072823
2021-04-15,CSCO,-0.0014204383,-0.017980456,-0.013266325
2021-04-15,IBM,-0.0082101226,0.0030792952,-0.0013313293
2021-04-15,INTC,0.00042235851,-0.0079159141,-0.00046670437
2021-04-15,MSFT,-0.011707366,-0.0049886107,-0.0098935962
2021-04-15,NKE,-0.02568692,0.0082756281,0.014684677
2021-04-15,VZ,-0.021715879,0.0097134113,0.0012508631
2021-04-15,WMT,-0.025799453,0.00073838234,-0.00085783005
2021-04-16,AAPL,-0.014600337,0.016151071,-0.0096520782
2021-04-16,AMGN,-0.039834082,0.025180101,0.0035344362
2021-04-16,CRM,-0.035785615,0.027294278,-0.001840353
2021-04-16,CSCO,-0.0096501112,-0.014714003,-0.0087445378
2021-04-16,IBM,-0.013737559,0.011302114,0.0025162697
2021-04-16,INTC,-0.0090487599,-0.0064859986,0.0014992952
2021-04-16,MSFT,-0.025678158,0.0070348978,-0.0063583851
2021-04-16,NKE,-0.024621069,0.0096904039,0.010832071
2021-04-16,VZ,-0.026207387,0.010507941,-0.0015191436
2021-04-16,WMT,-0.020899057,-0.0019101501,-0.0027849674
2021-04-19,AAPL,-0.015261173,0.01517725,-0.012978792
2021-04-19,AMGN,-0.033871412,0.018612027,0.0011746883
2021-04-19,CRM,-0.014372885,0.01276958,-0.010122955
2021-04-19,CSCO,-0.0056819916,-0.020364702,-0.012785971
2021-04-19,IBM,-0.018938839,0.006234169,-0.00080829859
2021-04-19,INTC,0.0027198792,-0.012460351,-0.0061630011
2021-04-19,MSFT,-0.020066917,-0.0042533278,-0.011672914
2021-04-19,NKE,-0.021199584,0.0034017563,0.0041421652
2021-04-19,VZ,-0.023735523,0.008272171,0.00047278404
2021-04-19,WMT,-0.034861565,0.0031700134,-0.0010228157
2021-04-20,AAPL,-0.0093630552,0.015007496,-0.0084261894
2021-04-20,AMGN,-0.041332603,0.02200973,0.0065075159
2021-04-20,CRM,-0.030945361,0.010179043,-0.0021162033
2021-04-20,CSCO,-0.0055929422,-0.018340468,-0.013797283
2021-04-20,IBM,-0.016130149,0.0077488422,-0.00010824203
2021-04-20,INTC,0.001475215,-0.0077651739,-0.0022491813
2021-04-20,MSFT,-0.020316303,0.002436161,-0.0037212968
2021-04-20,NKE,-0.029318273,0.0092368126,0.013075471
2021-04-20,VZ,-0.019023001,0.0055092573,0.0030983686
2021-04-20,WMT,-0.019120455,-0.0022557378,-0.0060049295
2021-04-21,AAPL,-0.0093086362,0.022931218,-0.0018467307
2021-04-21,AMGN,-0.029872715,0.021479845,-1.6093254e-06
2021-04-21,CRM,-0.038139522,0.020690918,0.0099127293
2021-04-21,CSCO,-0.0016172528,-0.0097107291,-0.012496293
2021-04-21,IBM,-0.011505365,0.0084623098,0.00042772293
2021-04-21,INTC,0.0010353327,-0.0014515519,0.0035706758
2021-04-21,MSFT,-0.015875936,0.0058250427,0.0018696785
2021-04-21,NKE,-0.033488274,0.019607663,0.01770246
2021-04-21,VZ,-0.010784984,0.0095162392,0.0020525455
2021-04-21,WMT,-0.015848756,-0.00064015388,-0.0031964779
2021-04-22,AAPL,-0.017317116,0.017634511,-0.019548535
2021-04-22,AMGN,-0.04363209,0.027324915,-0.001231432
2021-04-22,CRM,-0.052693188,0.023764133,-0.0047611594
2021-04-22,CSCO,-0.00052249432,-0.013109326,-0.018561244
2021-04-22,IBM,-0.014725566,0.0067884922,-0.0024027228
2021-04-22,INTC,-0.0096744895,-0.0077822804,-0.0046538711
2021-04-22,MSFT,-0.017981052,0.00031757355,-0.0045934916
2021-04-22,NKE,-0.034744084,0.010736823,0.0043283701
2021-04-22,VZ,-0.010665417,0.0042909384,-0.0085214376
2021-04-22,WMT,-0.016260326,-0.002910614,-0.0063901544
2021-04-23,AAPL,-0.025933146,0.030416846,-0.019242048
2021-04-23,AMGN,-0.032011569,0.028162599,-0.0040527582
2021-04-23,CRM,-0.026438177,0.018256426,-0.0035678744
2021-04-23,CSCO,-0.0085470676,-0.0026940107,-0.016082823
2021-04-23,IBM,-0.010193706,0.0069276094,-0.0036852956
2021-04-23,INTC,-0.0098775029,-0.00143677,-0.0083274841
2021-04-23,MSFT,-0.018372536,0.0080070496,-0.010787308
2021-04-23,NKE,-0.025241971,0.010417223,0.0013568401
2021-04-23,VZ,-0.021769404,0.0082806349,-0.010792196
2021-04-23,WMT,-0.030192196,0.011151791,-0.0021099448
2021-04-26,AAPL,0.0023542643,0.010538697,-0.020560861
2021-04-26,AMGN,-0.033458531,0.028529763,-0.0014012456
2021-04-26,CRM,0.011500239,-0.0056850314,-0.017316639
2021-04-26,CSCO,0.013906002,-0.0048280358,-0.017299116
2021-04-26,IBM,0.0021033287,0.0090657473,-0.0026112795
2021-04-26,INTC,0.0060963631,0.0019199848,-0.0091507435
2021-04-26,MSFT,-0.0007339716,-0.0013162494,-0.012970924
2021-04-26,NKE,-0.0026829839,0.0046944618,-0.0044381022
2021-04-26,VZ,-0.015828311,0.010477662,-0.0070850253
2021-04-26,WMT,-0.027165711,0.012001991,-0.0039268732
2021-04-27,AAPL,-0.010290504,0.0086449385,-0.0091528296
2021-04-27,AMGN,0.007496953,-0.0037198067,-0.015276015
2021-04-27,CRM,0.01961875,-0.0030742884,-0.013543725
2021-04-27,CSCO,-0.0051592588,-0.009763062,-0.010388434
2021-04-27,IBM,-0.012167394,0.0061267614,-0.0044944286
2021-04-27,INTC,-0.0080861449,-0.00078177452,-0.0084167719
2021-04-27,MSFT,-0.0067440867,-0.00075221062,-0.0088759661
2021-04-27,NKE,-0.0066236258,0.0022884607,0.0029476881
2021-04-27,VZ,-0.011067688,0.0083643198,-0.0040777922
2021-04-27,WMT,-0.028932929,0.0088009834,0.0010299683
2021-04-28,AAPL,0.0014371872,0.011132121,-0.0099670887
2021-04-28,AMGN,-0.016659439,0.011452913,-0.0044416189
2021-04-28,CRM,-0.023652494,0.01927793,-0.0047616959
2021-04-28,CSCO,-0.016425729,0.0066994429,-0.0075562596
2021-04-28,IBM,-0.019445539,0.010333538,-0.00099670887
2021-04-28,INTC,-0.026085556,0.0099716187,0.0012356043
2021-04-28,MSFT,-0.022093594,0.0087983608,-0.0067360401
2021-04-28,NKE,-0.014779687,0.0091375113,-0.0031688213
2021-04-28,VZ,-0.015250862,0.0038033724,-0.0057694316
2021-04-28,WMT,0.0020838976,0.0022144318,-0.0077861547
2021-04-29,AAPL,-0.023379922,0.021075606,-0.0024526119
2021-04-29,AMGN,-0.022803187,0.021181583,-0.0061152577
2021-04-29,CRM,-0.057509959,0.044427156,-0.0065671206
2021-04-29,CSCO,-0.018546045,0.014248371,-0.010148764
2021-04-29,IBM,-0.024215162,0.01594913,-0.0051570535
2021-04-29,INTC,-0.030364811,0.014527917,-0.0026701689
2021-04-29,MSFT,-0.035130858,0.023453236,0.00012946129
2021-04-29,NKE,-0.031328917,0.027287483,-0.0021525621
2021-04-29,VZ,-0.0073125958,0.0088974237,-0.0049293637
2021-04-29,WMT,-0.0095708966,0.013198733,-0.0040197372
2021-04-30,AAPL,-0.0091940761,0.015648246,-0.060384274
2021-04-30,AMGN,-0.0095537901,0.017785311,-0.017281711
2021-04-30,CRM,-0.065810978,0.047648072,-0.037390947
2021-04-30,CSCO,-0.031806827,0.015423894,-0.036291003
2021-04-30,IBM,-0.011922956,0.011438251,-0.024962008
2021-04-30,INTC,-0.01882726,0.016342282,-0.024875224
2021-04-30,MSFT,-0.024293721,0.017858982,-0.029658496
2021-04-30,NKE,-0.033114552,0.024495482,-0.029662013
2021-04-30,VZ,-0.0163908,0.0080356598,-0.033615828
2021-04-30,WMT,-0.022037923,0.017980933,-0.018727601
2021-05-03,AAPL,-0.036840141,0.041739464,-0.0065628886
2021-05-03,AMGN,-0.028878748,0.037666917,-0.00092917681
2021-05-03,CRM,-0.03713727,0.051561356,-0.016287982
2021-05-03,CSCO,-0.032663584,0.036849141,-0.0085929036
2021-05-03,IBM,-0.031978607,0.029574275,-0.0021303296
2021-05-03,INTC,-0.040032506,0.043168783,-0.001654923
2021-05-03,MSFT,-0.042963028,0.037432313,-0.0032379627
2021-05-03,NKE,-0.036673427,0.033832788,-0.004761219
2021-05-03,VZ,-0.032613516,0.030288815,-0.0031912923
2021-05-03,WMT,-0.023684204,0.02847445,-0.0033260584
2021-05-04,AAPL,0.0022349358,0.010425687,-0.002840519
2021-05-04,AMGN,-0.0010727048,0.0015413761,-0.0065627694
2021-05-04,CRM,0.015399575,0.0097367764,0.0033169985
2021-05-04,CSCO,0.011616826,-0.0048924685,-0.003485322
2021-05-04,IBM,-0.00065952539,0.0043972731,-0.00038856268
2021-05-04,INTC,0.0052872896,0.0040646791,-0.00033777952
2021-05-04,MSFT,0.0038471222,-0.0030712485,-0.00033283234
2021-05-04,NKE,-0.0023334622,0.0047385693,0.0049960613
2021-05-04,VZ,-0.0067214966,0.0037380457,-0.0025005937
2021-05-04,WMT,0.0011944771,0.00032937527,-0.0031479001
2021-05-05,AAPL,-0.024996638,0.021321535,0.0036349297
2021-05-05,AMGN,-0.036501288,0.017299175,0.0084091425
2021-05-05,CRM,-0.040282965,0.021237135,0.01602602
2021-05-05,CSCO,0.0046265125,-0.0037515759,-0.004663825
2021-05-05,IBM,-0.015985012,0.0083806515,0.00047194958
2021-05-05,INTC,-0.010590553,-0.0020233393,0.0095860958
2021-05-05,MSFT,-0.0094774365,0.0031425953,-0.0023802519
2021-05-05,NKE,-0.024267197,0.010733485,0.0078759193
2021-05-05,VZ,-0.011915624,0.0012651682,0.0018235445
2021-05-05,WMT,-0.010604978,-0.0058974028,-0.0020145178
2021-05-06,AAPL,-0.025055587,0.018303275,-0.010801733
2021-05-06,AMGN,-0.03980279,0.020267725,0.0010398626
2021-05-06,CRM,-0.051927269,0.025231123,0.0068994761
2021-05-06,CSCO,0.001911521,-0.010684371,-0.01134479
2021-05-06,IBM,-0.0072595477,0.00030505657,-0.007692337
2021-05-06,INTC,-0.0021578074,-0.012287259,-0.0037667155
2021-05-06,MSFT,-0.010611355,-0.0043334961,-0.0097684264
2021-05-06,NKE,-0.035322487,0.0090276003,0.0061900616
2021-05-06,VZ,-0.0024591684,-0.0024946332,-0.0045713186
2021-05-06,WMT,-0.0089783072,-0.0053423047,-0.0052032471
2021-05-07,AAPL,-0.029919505,0.018908381,-0.0022093654
2021-05-07,AMGN,-0.016966701,0.0093990564,0.00069236755
2021-05-07,CRM,-0.018512964,0.0067497492,-0.0051640272
2021-05-07,CSCO,-0.0052732229,-0.011887372,-0.0089713931
2021-05-07,IBM,-0.01328975,0.0024576187,-0.0046011806
2021-05-07,INTC,0.0017118454,-0.0067983866,-0.00051158667
2021-05-07,MSFT,-0.0083000064,-0.0031154156,-0.006478548
2021-05-07,NKE,-0.022306859,0.0092061758,0.012957454
2021-05-07,VZ,-0.0059050918,0.0039803982,-0.0064238906
2021-05-07,WMT,-0.010911107,0.0034114122,-0.0048738718
2021-05-10,AAPL,-0.030194461,0.019180655,-0.001563549
2021-05-10,AMGN,-0.015154064,0.0076931715,0.0015598536
2021-05-10,CRM,-0.0017656684,-0.00037372112,0.0025709867
2021-05-10,CSCO,0.0041338205,-0.011705875,-0.0074567795
2021-05-10,IBM,-0.01314193,0.0069496632,0.0010601282
2021-05-10,INTC,-0.00897789,-0.0020290017,0.008056879
2021-05-10,MSFT,-0.013169527,0.00042200089,-0.00041365623
2021-05-10,NKE,-0.01894629,0.0072966814,0.013245106
2021-05-10,VZ,-0.00087338686,0.0047357082,-0.0048306584
2021-05-10,WMT,-0.0074430108,-0.00078719854,-0.0069530606
2021-05-11,AAPL,-0.027111351,0.016173482,-0.0074296594
2021-05-11,AMGN,-0.019705713,0.0072234869,0.00062572956
2021-05-11,CRM,-0.016452253,0.0014001131,0.0055851936
2021-05-11,CSCO,0.00079345703,-0.016431391,-0.0092712641
2021-05-11,IBM,-0.019910812,0.0057705641,0.00076973438
2021-05-11,INTC,-0.0074205995,-0.0090575814,0.00041413307
2021-05-11,MSFT,-0.012502432,-0.0027970672,-0.003867805
2021-05-11,NKE,-0.0206846,0.0060626268,0.0086821318
2021-05-11,VZ,-0.0091494918,0.0030096769,-0.0013712645
2021-05-11,WMT,-0.020301461,0.0042686462,-0.0032418966
2021-05-12,AAPL,-0.023194551,0.019121885,-0.0086625218
2021-05-12,AMGN,-0.028191388,0.013183355,-0.0017055273
2021-05-12,CRM,-0.018088937,-0.0030406117,0.0038094521
2021-05-12,CSCO,-0.00059318542,-0.012819052,-0.012351215
2021-05-12,IBM,-0.018789709,0.0094850063,-0.00055450201
2021-05-12,INTC,-0.0072604418,-0.0086370111,-0.0024755001
2021-05-12,MSFT,-0.01687777,0.001060009,-0.0065516233
2021-05-12,NKE,-0.018179238,0.0085177422,0.0078412294
2021-05-12,VZ,-0.013126075,0.004353404,-0.0040125251
2021-05-12,WMT,-0.023765445,0.0098990202,-0.0023403168
2021-05-13,AAPL,-0.021255732,0.020337224,-0.0027822852
2021-05-13,AMGN,-0.022053063,0.017302632,-0.00044572353
2021-05-13,CRM,-0.030626357,0.0087910891,0.011003017
2021-05-13,CSCO,0.0046205521,-0.010415971,-0.0083420873
2021-05-13,IBM,-0.016774058,0.005241394,0.0041377544
2021-05-13,INTC,-0.011037529,-0.0029656291,0.007678628
2021-05-13,MSFT,-0.022751987,-0.00049817562,0.00011277199
2021-05-13,NKE,-0.017188311,0.012111664,0.0071491003
2021-05-13,VZ,-0.0044709444,0.0027958155,-0.0072786212
2021-05-13,WMT,-0.0084688663,-0.00098389387,-0.0071475506
2021-05-14,AAPL,-0.023136616,0.020924449,-0.0061467886
2021-05-14,AMGN,-0.036328673,0.020820856,0.0007712841
2021-05-14,CRM,-0.02853626,0.0089673996,0.0073468685
2021-05-14,CSCO,-0.0014189482,-0.012488127,-0.012721777
2021-05-14,IBM,-0.015713453,0.0039731264,-0.0025456548
2021-05-14,INTC,-0.0017731786,-0.0063765049,-0.0016509891
2021-05-14,MSFT,-0.017573178,0.0003361702,-0.0072622895
2021-05-14,NKE,-0.027277052,0.0076922178,0.0052560568
2021-05-14,VZ,-0.011328995,0.001786232,-0.0024010539
2021-05-14,WMT,-0.017774045,0.0016750097,-0.0054852962
2021-05-17,AAPL,-0.011926115,0.020114303,-0.015917361
2021-05-17,AMGN,-0.02330029,0.015308976,-0.0075781345
2021-05-17,CRM,-0.028296351,0.011253595,-0.0050243735
2021-05-17,CSCO,0.0047142506,-0.012500823,-0.013324738
2021-05-17,IBM,-0.014967501,0.006188035,-0.0035248399
2021-05-17,INTC,0.0010871887,-0.0064032078,-0.0046280026
2021-05-17,MSFT,-0.01702559,0.0016874075,-0.010104299
2021-05-17,NKE,-0.021599889,0.0086075068,0.0039685965
2021-05-17,VZ,-0.013624132,0.00027763844,-0.0077879429
2021-05-17,WMT,-0.018862545,0.0015479326,-0.0088608265
2021-05-18,AAPL,-0.012280822,0.018021584,-0.0093936324
2021-05-18,AMGN,-0.019471705,0.015096188,-0.0036675334
2021-05-18,CRM,-0.0010181665,0.002374053,-0.003092885
2021-05-18,CSCO,0.017333031,-0.01466763,-0.012971342
2021-05-18,IBM,-0.0093787313,0.0041546822,-0.0017642379
2021-05-18,INTC,0.01352036,-0.010261536,-0.0062403679
2021-05-18,MSFT,-0.0011460781,-0.0066292286,-0.013974011
2021-05-18,NKE,-0.021195054,0.008890748,0.0085619688
2021-05-18,VZ,-0.0094637275,0.0023568869,-0.0043901801
2021-05-18,WMT,-0.019075453,0.0024973154,-0.0057185888
2021-05-19,AAPL,-0.026311457,0.023471355,-0.0080335736
2021-05-19,AMGN,-0.022603869,0.01429379,-0.0032838583
2021-05-19,CRM,-0.026221633,0.016683459,0.0033706427
2021-05-19,CSCO,-0.0032964945,-0.0094050169,-0.011369169
2021-05-19,IBM,-0.010269284,0.0065977573,-1.513958e-05
2021-05-19,INTC,-0.0054088831,-0.0040653348,0.0015140772
2021-05-19,MSFT,-0.015038669,0.0095219612,-0.0079302192
2021-05-19,NKE,-0.024056375,0.014414072,0.0088586807
2021-05-19,VZ,-0.011088371,0.0061584711,-0.003436327
2021-05-19,WMT,-0.011767447,0.0022308826,-0.0080174208
2021-05-20,AAPL,-0.025435388,0.028087616,-0.011565924
2021-05-20,AMGN,-0.029389858,0.020052433,-0.0022761822
2021-05-20,CRM,-0.040913165,0.020124316,0.0013999939
2021-05-20,CSCO,-0.0070618391,-0.0053113103,-0.012266397
2021-05-20,IBM,-0.017220378,0.0071569681,-0.0038236976
2021-05-20,INTC,-0.0061097145,-0.0022647381,-0.003293395
2021-05-20,MSFT,-0.021309078,0.0081633329,-0.0071255565
2021-05-20,NKE,-0.032500327,0.016125917,0.0032974482
2021-05-20,VZ,-0.01247853,0.0059813261,-0.0068436861
2021-05-20,WMT,-0.015409827,0.0012911558,-0.0081785321
2021-05-21,AAPL,-0.026374996,0.022778034,-0.017745137
2021-05-21,AMGN,-0.020507038,0.016353369,-0.007147789
2021-05-21,CRM,-0.034192324,0.017379522,-0.0064740181
2021-05-21,CSCO,-0.0025278926,-0.0067756176,-0.012409747
2021-05-21,IBM,-0.014344752,0.0053328276,-0.0035122037
2021-05-21,INTC,-0.0042544603,-0.0047177672,-0.0081170797
2021-05-21,MSFT,-0.013349295,0.0039197206,-0.0096160769
2021-05-21,NKE,-0.03540802,0.014346719,0.0040580034
2021-05-21,VZ,-0.012749732,0.0038230419,-0.0080754161
2021-05-21,WMT,-0.015640795,0.0019965172,-0.0086481571
2021-05-24,AAPL,-0.025067866,0.029130936,-0.0068479776
2021-05-24,AMGN,-0.021834612,0.026474953,-0.0025196671
2021-05-24,CRM,-0.041647673,0.023348808,0.0060924292
2021-05-24,CSCO,-0.0014009476,-0.00085985661,-0.012180924
2021-05-24,IBM,-0.0031344891,0.0059607029,-0.0051141381
2021-05-24,INTC,-0.0055890083,-0.0025475621,-0.0023779869
2021-05-24,MSFT,-0.0020290017,0.0055340528,-0.010253727
2021-05-24,NKE,-0.023094773,0.01027596,0.012515903
2021-05-24,VZ,-0.0032913089,0.0014926195,-0.010262609
2021-05-24,WMT,-0.0096357465,0.001799345,-0.0081403255
2021-05-25,AAPL,-0.0062560439,0.011677623,-0.011452556
2021-05-25,AMGN,-0.018517971,0.017503977,-0.00270015
2021-05-25,CRM,-0.0019460917,0.0036275387,-0.0042008162
2021-05-25,CSCO,0.0099569559,-0.01225251,-0.012217343
2021-05-25,IBM,-0.0041915774,0.0071474314,-0.0033378005
2021-05-25,INTC,0.0049990416,-0.0026872158,-0.0027921796
2021-05-25,MSFT,0.012611508,-0.0041934848,-0.011507809
2021-05-25,NKE,-0.013220727,0.006880641,0.0064046383
2021-05-25,VZ,-0.0065959692,0.0060062408,-0.0058506131
2021-05-25,WMT,-0.029961944,0.0087093115,0.00032544136
2021-05-26,AAPL,-0.016651452,0.0097981691,-0.0063112974
2021-05-26,AMGN,-0.005840838,0.0062673092,-0.012602508
2021-05-26,CRM,0.011586308,-0.0043697953,-0.0064520836
2021-05-26,CSCO,0.0045717955,-0.010072768,-0.0065681934
2021-05-26,IBM,-0.008785665,0.0098613501,-0.0037013292
2021-05-26,INTC,-0.001244843,-0.0039302111,-0.0012033582
2021-05-26,MSFT,-0.00068646669,-0.0021889806,-0.010438085
2021-05-26,NKE,-0.013969719,0.0045828819,0.0026454926
2021-05-26,VZ,-0.012637436,0.0077852011,-0.0022756457
2021-05-26,WMT,-0.028039038,0.0092980862,0.0028518438
2021-05-27,AAPL,-0.01025784,0.015272498,-0.008128643
2021-05-27,AMGN,-0.012856722,0.013429999,-0.0067626834
2021-05-27,CRM,-0.022465646,0.017028928,0.0047413111
2021-05-27,CSCO,-0.011955619,0.00069117546,-0.0060354471
2021-05-27,IBM,-0.02053535,0.013373733,0.0017353296
2021-05-27,INTC,-0.02907294,0.0055807829,0.0066800117
2021-05-27,MSFT,-0.018974185,0.0062936544,-0.0046913624
2021-05-27,NKE,-0.015897274,0.010076165,0.0022956133
2021-05-27,VZ,-0.017099202,0.0030771494,-0.0017110705
2021-05-27,WMT,-0.0034239888,0.0061753988,-0.0040605068
2021-05-28,AAPL,-0.020717323,0.026815295,-0.0030791759
2021-05-28,AMGN,-0.023952246,0.025028944,-0.0066328049
2021-05-28,CRM,-0.043605626,0.041030765,-0.01065737
2021-05-28,CSCO,-0.022652388,0.011341095,-0.0086778998
2021-05-28,IBM,-0.033059835,0.019700527,-0.0014176965
2021-05-28,INTC,-0.029690385,0.01176405,0.00027942657
2021-05-28,MSFT,-0.027389824,0.018396378,-0.003246367
2021-05-28,NKE,-0.032851815,0.026155829,0.0027345419
2021-05-28,VZ,-0.0094483495,0.007820487,-0.0035191178
2021-05-28,WMT,-0.020752668,0.016288757,-0.00105232
2021-06-01,AAPL,-0.0088738203,0.010947824,-0.040473402
2021-06-01,AMGN,-0.014907539,0.018588066,-0.020461917
2021-06-01,CRM,-0.06714654,0.045357466,-0.028557539
2021-06-01,CSCO,-0.035506248,0.010756612,-0.031453013
2021-06-01,IBM,-0.014743149,0.012628675,-0.020096421
2021-06-01,INTC,-0.024160266,0.0077744722,-0.023688614
2021-06-01,MSFT,-0.032292783,0.019702196,-0.024825871
2021-06-01,NKE,-0.036718786,0.018914104,-0.021596074
2021-06-01,VZ,-0.016977489,0.0068511963,-0.026057065
2021-06-01,WMT,-0.022725999,0.017847419,-0.015283883
2021-06-02,AAPL,-0.037677109,0.040006399,-0.0067155361
2021-06-02,AMGN,-0.036515653,0.040452719,-0.00061613321
2021-06-02,CRM,-0.042643309,0.053086638,-0.017037094
2021-06-02,CSCO,-0.027414918,0.033838034,-0.012802362
2021-06-02,IBM,-0.034320176,0.029079914,-0.0039921403
2021-06-02,INTC,-0.040022612,0.039767265,-0.00097548962
2021-06-02,MSFT,-0.042263985,0.033782125,-0.0027464628
2021-06-02,NKE,-0.038741112,0.030509472,-0.0057390332
2021-06-02,VZ,-0.031186044,0.025186539,-0.0064424872
2021-06-02,WMT,-0.02136761,0.024735212,-0.0067538619
2021-06-03,AAPL,0.0055935383,0.006167531,-0.0030862093
2021-06-03,AMGN,0.00029265881,-0.0057021976,-0.0046516657
2021-06-03,CRM,0.0071083307,0.0091283321,0.001282692
2021-06-03,CSCO,0.0044249296,-0.0043209791,-0.0039779544
2021-06-03,IBM,-0.0070886016,0.0060259104,-0.0013403296
2021-06-03,INTC,-0.00053834915,-0.00034290552,-0.001449883
2021-06-03,MSFT,-0.0019920468,-0.00043427944,-0.0023022294
2021-06-03,NKE,0.0016723871,0.0051585436,0.0029968023
2021-06-03,VZ,0.0019775629,0.0032663345,-0.0051727891
2021-06-03,WMT,-0.0022466779,0.0029058456,-0.003754735
2021-06-04,AAPL,-0.028945208,0.017530322,0.0090903044
2021-06-04,AMGN,-0.025472105,0.0088015795,0.0084377527
2021-06-04,CRM,-0.034083366,0.014432311,0.016697168
2021-06-04,CSCO,-0.0057240725,-0.00015169382,-2.2530556e-05
2021-06-04,IBM,-0.030448973,0.013085246,0.003972888
2021-06-04,INTC,-0.019938111,0.0011636019,0.012537003
2021-06-04,MSFT,-0.022959292,0.0064066648,0.0016278028
2021-06-04,NKE,-0.024747372,0.016662478,0.015823483
2021-06-04,VZ,-0.012880504,0.0065965652,0.0025250912
2021-06-04,WMT,-0.012691319,0.0010701418,-0.00091314316
2021-06-07,AAPL,-0.02434057,0.014931917,-0.0042086244
2021-06-07,AMGN,-0.0349015,0.012483358,0.0049102306
2021-06-07,CRM,-0.033305645,0.011454225,0.0044742823
2021-06-07,CSCO,-0.0060756207,-0.0065543652,-0.010266483
2021-06-07,IBM,-0.02095437,0.0086966753,-0.0011268258
2021-06-07,INTC,-0.013110638,-0.0063234568,0.0018416643
2021-06-07,MSFT,-0.020862997,0.0010814667,-0.0039517879
2021-06-07,NKE,-0.016011953,0.0066174269,0.0052050352
2021-06-07,VZ,-0.0054097772,0.0033736229,-0.0034663081
2021-06-07,WMT,-0.018255532,0.0012197495,-0.0023986697
2021-06-08,AAPL,-0.01182574,0.011793494,0.00218153
2021-06-08,AMGN,-0.025951803,0.011576414,0.0069053173
2021-06-08,CRM,-0.01940006,0.0075691938,0.0050635338
2021-06-08,CSCO,0.0032708645,-0.010110974,-0.0071547031
2021-06-08,IBM,-0.019262016,0.0087605715,0.0042073727
2021-06-08,INTC,-0.0057404637,-0.0026828051,0.0074037313
2021-06-08,MSFT,-0.015027106,-0.00025069714,-0.00021517277
2021-06-08,NKE,-0.021003246,0.014369965,0.016210437
2021-06-08,VZ,-0.0036005974,0.0039746761,-0.0021439791
2021-06-08,WMT,-0.010147095,0.0035994053,-0.001779139
2021-06-09,AAPL,-0.015288472,0.013093233,-0.00074344873
2021-06-09,AMGN,-0.032483041,0.015544772,0.010313272
2021-06-09,CRM,-0.0033243895,0.0028920174,0.00253582
2021-06-09,CSCO,0.0053362846,-0.010532975,-0.010218203
2021-06-09,IBM,-0.018429339,0.009734869,0.0020104647
2021-06-09,INTC,-0.0036734939,-0.0046570897,0.0067129135
2021-06-09,MSFT,-0.01271522,-0.00041532516,-0.00232023
2021-06-09,NKE,-0.026149809,0.011133313,0.015839934
2021-06-09,VZ,-0.0099516511,0.0080323219,0.0022853613
2021-06-09,WMT,-0.024473429,0.0079035759,-0.0019314885
2021-06-10,AAPL,-0.0096410513,0.0089082718,-0.010605752
2021-06-10,AMGN,-0.030827224,0.0074422359,0.0020347834
2021-06-10,CRM,-0.010678828,-0.00013577938,-0.0022029877
2021-06-10,CSCO,-0.0021085143,-0.015937746,-0.013154149
2021-06-10,IBM,-0.023435116,0.0098160505,0.003034234
2021-06-10,INTC,-0.0076170564,-0.0051739216,-0.0027953982
2021-06-10,MSFT,-0.020077288,-0.00099140406,-0.0043615699
2021-06-10,NKE,-0.023952842,0.009090066,0.006141901
2021-06-10,VZ,-0.018257439,0.010272145,-0.0035371184
2021-06-10,WMT,-0.033533454,0.014054537,-0.0029812455
2021-06-11,AAPL,-0.0062537789,0.016032457,-0.0016073585
2021-06-11,AMGN,-0.033699036,0.017510653,0.0070705414
2021-06-11,CRM,-0.0069962144,-0.00052273273,0.0078581572
2021-06-11,CSCO,0.012169003,-0.015078127,-0.011112273
2021-06-11,IBM,-0.010855675,0.0076717138,0.0014724731
2021-06-11,INTC,-0.0004581213,-0.0051957965,0.0010573864
2021-06-11,MSFT,-0.011655509,-0.0013257265,-0.0065627694
2021-06-11,NKE,-0.018142343,0.011769533,0.01305604
2021-06-11,VZ,-0.0037118196,0.0064489841,-0.0061010718
2021-06-11,WMT,-0.022670746,0.0084480047,-0.0025085211
2021-06-14,AAPL,-0.0043796301,0.0091720819,-0.0093834996
2021-06-14,AMGN,-0.034087896,0.017679334,0.0043759346
2021-06-14,CRM,-0.017456293,0.0013332367,-0.00020331144
2021-06-14,CSCO,0.0058954954,-0.014348984,-0.0148049
2021-06-14,IBM,-0.01901716,0.0083574057,0.0032603741
2021-06-14,INTC,-0.0035278201,-0.0064938664,-0.0014633536
2021-06-14,MSFT,-0.018684506,0.00044715405,-0.005610764
2021-06-14,NKE,-0.020546913,0.011585832,0.0070244074
2021-06-14,VZ,-0.01219511,0.0076202154,-0.007748723
2021-06-14,WMT,-0.022729635,0.0069668293,-0.0053126812
2021-06-15,AAPL,-0.019556522,0.018740535,-0.0047948956
2021-06-15,AMGN,-0.024586022,0.01371932,-0.00034278631
2021-06-15,CRM,-0.024602711,0.010914564,0.0001347065
2021-06-15,CSCO,0.003570199,-0.012243092,-0.016152918
2021-06-15,IBM,-0.017760515,0.0069514513,-0.00062167645
2021-06-15,INTC,-0.0081119537,-0.003277123,0.00018393993
2021-06-15,MSFT,-0.017169058,0.001560092,-0.0077955723
2021-06-15,NKE,-0.020670235,0.012538552,0.0080426931
2021-06-15,VZ,-0.003284812,0.0095727444,-0.010966837
2021-06-15,WMT,-0.015566826,0.001832962,-0.00870049
2021-06-16,AAPL,-0.0071449876,0.016164541,-0.0095507503
2021-06-16,AMGN,-0.026394963,0.01565218,0.0035762787
2021-06-16,CRM,-0.017717004,0.0042216778,-0.0044701695
2021-06-16,CSCO,0.0035877228,-0.014457107,-0.014576375
2021-06-16,IBM,-0.020430565,0.010333538,0.0020434856
2021-06-16,INTC,0.0002143383,-0.0049945116,-0.0015571117
2021-06-16,MSFT,-0.01132524,0.0007635355,-0.0069612861
2021-06-16,NKE,-0.02186352,0.012876153,0.010719657
2021-06-16,VZ,-0.010679543,0.0097801685,-0.0040890574
2021-06-16,WMT,-0.026539743,0.0060217381,-0.002196312
2021-06-17,AAPL,-0.018301249,0.017698526,-0.0050727129
2021-06-17,AMGN,-0.031225502,0.017914534,0.0050432682
2021-06-17,CRM,-0.009767592,0.0032949448,-0.0027985573
2021-06-17,CSCO,0.00034976006,-0.01361084,-0.012053013
2021-06-17,IBM,-0.019248426,0.01127243,0.0017250776
2021-06-17,INTC,-0.0028461218,-0.0052579641,-0.0028440952
2021-06-17,MSFT,-0.012476325,-0.0010764003,-0.0064988732
2021-06-17,NKE,-0.016882777,0.0090975761,0.010238409
2021-06-17,VZ,-0.011816382,0.011246085,-0.0040985942
2021-06-17,WMT,-0.028495491,0.0085303783,-0.0019842386
2021-06-18,AAPL,-0.012902439,0.013679504,-0.011525154
2021-06-18,AMGN,-0.031314313,0.014286876,0.0032018423
2021-06-18,CRM,-0.0029796362,-0.0058282614,-0.006136775
2021-06-18,CSCO,-0.0026569963,-0.018277645,-0.014923215
2021-06-18,IBM,-0.016750216,0.007674098,-0.00083309412
2021-06-18,INTC,-0.004088223,-0.0070432425,-0.0054652095
2021-06-18,MSFT,-0.02181083,0.0024334192,-0.0086637735
2021-06-18,NKE,-0.021575749,0.0076972246,0.0076707602
2021-06-18,VZ,-0.014281809,0.0099023581,-0.0026264787
2021-06-18,WMT,-0.03661859,0.011197329,-0.0015230775
2021-06-21,AAPL,-0.010249436,0.018461823,-0.011756957
2021-06-21,AMGN,-0.017566144,0.010728359,-0.0043702126
2021-06-21,CRM,-0.013046801,0.0030516386,0.0041866302
2021-06-21,CSCO,-0.0016000867,-0.0080327988,-0.015878975
2021-06-21,IBM,-0.020496786,0.011899114,0.00034832954
2021-06-21,INTC,-0.0096860528,-0.00080019236,-0.0041761398
2021-06-21,MSFT,-0.023731709,0.0046070814,-0.0075503588
2021-06-21,NKE,-0.020871222,0.014769673,0.012013316
2021-06-21,VZ,-0.010869145,0.0095528364,-0.0045933723
2021-06-21,WMT,-0.02499944,0.0092173815,-0.0050063133
2021-06-22,AAPL,-0.012272477,0.015679359,-0.0026385784
2021-06-22,AMGN,-0.033301413,0.016984344,0.0055812597
2021-06-22,CRM,-0.00064522028,-0.00355196,0.00070619583
2021-06-22,CSCO,0.0066875219,-0.0054284334,-0.0094788074
2021-06-22,IBM,-0.013150275,0.0081113577,0.0028650761
2021-06-22,INTC,-0.0096633434,0.00019741058,0.0024058819
2021-06-22,MSFT,-0.015569031,0.00033450127,-0.0045276284
2021-06-22,NKE,-0.019927859,0.012834191,0.0092093945
2021-06-22,VZ,-0.010587275,0.0084445477,-0.0026836991
2021-06-22,WMT,-0.023530662,0.0061701536,-0.0017562509
2021-06-23,AAPL,-6.967783e-05,0.0081241131,-0.016183972
2021-06-23,AMGN,-0.041844785,0.024177074,0.004822135
2021-06-23,CRM,-0.012254775,-0.0043801069,-0.0017482042
2021-06-23,CSCO,0.0044140816,-0.010224581,-0.014033914
2021-06-23,IBM,-0.016091526,0.0061112642,-0.0009393692
2021-06-23,INTC,-0.0073773265,-0.0038311481,-0.005427599
2021-06-23,MSFT,-0.0092793703,0.00038993359,-0.010180354
2021-06-23,NKE,-0.016977847,0.0068916082,0.0038357973
2021-06-23,VZ,-0.013115823,0.0059216022,-0.0075419545
2021-06-23,WMT,-0.030382574,0.0084791183,0.001475215
2021-06-24,AAPL,-0.0098954439,0.0084928274,-0.0079869628
2021-06-24,AMGN,-0.032913864,0.023433685,-0.00044202805
2021-06-24,CRM,0.0026973486,0.0014548302,0.0025820732
2021-06-24,CSCO,0.012188911,-0.0065953135,-0.012707472
2021-06-24,IBM,-0.0017790794,0.0043061972,-0.0040557981
2021-06-24,INTC,0.0026960373,-0.00017851591,-0.0046537519
2021-06-24,MSFT,-0.0029250383,-0.0011247396,-0.0094525814
2021-06-24,NKE,-0.015062332,0.0078009367,0.0037095547
2021-06-24,VZ,-0.0030903816,0.0060429573,-0.0080461502
2021-06-24,WMT,-0.02575475,0.011161566,-0.00029265881
2021-06-25,AAPL,-0.007535696,0.0079510212,-0.0075103641
2021-06-25,AMGN,-0.014806867,0.010751963,-0.01028949
2021-06-25,CRM,0.021024227,-0.0064287186,-0.013871074
2021-06-25,CSCO,-0.0025924444,-0.0039753318,-0.0075241327
2021-06-25,IBM,-0.016342163,0.0062336922,-0.003334403
2021-06-25,INTC,-0.0050421953,0.0020284653,-0.0082863569
2021-06-25,MSFT,-0.0080139637,0.00026249886,-0.0094113946
2021-06-25,NKE,-0.015325665,0.0077620745,0.00051665306
2021-06-25,VZ,-0.0082719922,0.0054639578,-0.0028504133
2021-06-25,WMT,-0.034499705,0.016963601,0.0028340816
2021-06-28,AAPL,-0.0035497546,0.010812283,-0.0070261359
2021-06-28,AMGN,-0.012016773,0.01137495,-0.010492146
2021-06-28,CRM,-0.026924729,0.016007304,-0.002271235
2021-06-28,CSCO,-0.020417273,0.0046412945,-0.010309041
2021-06-28,IBM,-0.020150781,0.010184169,-0.00074511766
2021-06-28,INTC,-0.036082149,0.0087064505,0.0028249025
2021-06-28,MSFT,-0.030073941,0.012712717,-0.0033289194
2021-06-28,NKE,-0.019083977,0.0068084002,-0.00096487999
2021-06-28,VZ,-0.0098574162,0.0032974482,-0.0059759617
2021-06-28,WMT,0.0034079552,0.0025639534,-0.0095683932
2021-06-29,AAPL,-0.017232597,0.023698926,0.0010102987
2021-06-29,AMGN,-0.023133576,0.027634382,-0.0040473342
2021-06-29,CRM,-0.042420447,0.041154265,-0.0077514648
2021-06-29,CSCO,-0.024582624,0.015881419,-0.0039791465
2021-06-29,IBM,-0.02643615,0.017710924,-0.0012536645
2021-06-29,INTC,-0.029966176,0.015861988,0.0020071268
2021-06-29,MSFT,-0.026764691,0.020989895,-0.0038475394
2021-06-29,NKE,-0.030326724,0.028036118,0.0034587383
2021-06-29,VZ,-0.0063148141,0.006636858,-0.0029548407
2021-06-29,WMT,-0.020919621,0.019919395,-0.00014460087
2021-06-30,AAPL,-0.0077179074,0.0084248781,-0.03974098
2021-06-30,AMGN,-0.0028769374,0.010812402,-0.021917701
2021-06-30,CRM,-0.066392303,0.044156313,-0.03063643
2021-06-30,CSCO,-0.034448624,0.0096795559,-0.029058337
2021-06-30,IBM,-0.015149951,0.011743784,-0.017038763
2021-06-30,INTC,-0.028202593,0.0093041658,-0.023232162
2021-06-30,MSFT,-0.03196007,0.018624544,-0.021687686
2021-06-30,NKE,-0.029617786,0.016653299,-0.025948286
2021-06-30,VZ,-0.017435789,0.0058401823,-0.028982282
2021-06-30,WMT,-0.018212616,0.01523304,-0.015399039
2021-07-01,AAPL,-0.032775164,0.038540602,-0.0043874383
2021-07-01,AMGN,-0.032247663,0.037252665,-9.9420547e-05
2021-07-01,CRM,-0.040595114,0.05035913,-0.013572514
2021-07-01,CSCO,-0.028001547,0.031246424,-0.0094979405
2021-07-01,IBM,-0.029474914,0.027650595,-0.0041401386
2021-07-01,INTC,-0.035928547,0.035857558,-0.0023126006
2021-07-01,MSFT,-0.034808755,0.031372547,-0.0019551516
2021-07-01,NKE,-0.03661871,0.028447866,-0.0030708909
2021-07-01,VZ,-0.02398169,0.024944544,-0.0055105686
2021-07-01,WMT,-0.019959211,0.024456978,-0.004150033
2021-07-02,AAPL,0.00035691261,0.008447051,-0.0022053123
2021-07-02,AMGN,0.0048092604,0.00055885315,-0.008521378
2021-07-02,CRM,-0.0058481693,0.0094747543,0.0055305958
2021-07-02,CSCO,0.0077562332,-0.0044047832,-0.0033230186
2021-07-02,IBM,-0.003710568,0.0054974556,-0.002020359
2021-07-02,INTC,0.00050270557,-0.00077414513,-0.00074207783
2021-07-02,MSFT,0.0016582012,-0.00080037117,-0.0018264055
2021-07-02,NKE,0.0033478737,0.004134655,0.00074779987
2021-07-02,VZ,0.0020647049,0.0042130947,-0.0064201355
2021-07-02,WMT,0.00031995773,0.00091576576,-0.0043455958
2021-07-06,AAPL,-0.029731691,0.019174814,0.0050374269
2021-07-06,AMGN,-0.026041269,0.012320518,0.0070002079
2021-07-06,CRM,-0.030772328,0.01092875,0.015469432
2021-07-06,CSCO,0.0002052784,-0.0012370348,-0.0029903054
2021-07-06,IBM,-0.024434745,0.012568235,0.0029007196
2021-07-06,INTC,-0.016427755,0.00086522102,0.0092308521
2021-07-06,MSFT,-0.014455557,0.0049031973,0.0014885664
2021-07-06,NKE,-0.017463923,0.012849212,0.0064049959
2021-07-06,VZ,-0.008910656,0.0041639805,0.00049066544
2021-07-06,WMT,-0.0095975399,0.00032126904,-0.0024910569
2021-07-07,AAPL,-0.019376874,0.015614867,-0.0081391931
2021-07-07,AMGN,-0.033476889,0.011896491,0.0039402246
2021-07-07,CRM,-0.040445745,0.014046431,0.014499664
2021-07-07,CSCO,0.0026317835,-0.0057383776,-0.0090497732
2021-07-07,IBM,-0.011080146,0.0064724684,-0.0032076836
2021-07-07,INTC,-0.011916578,-0.0078184605,0.0044438839
2021-07-07,MSFT,-0.011733055,0.00068378448,-0.0038211346
2021-07-07,NKE,-0.024486601,0.01012671,0.003600359
2021-07-07,VZ,0.00090491772,-0.00089365244,-0.0026710629
2021-07-07,WMT,-0.010914028,0.0022417307,-0.0054617524
2021-07-08,AAPL,-0.017757833,0.018747568,0.001244545
2021-07-08,AMGN,-0.034552217,0.015626192,0.0075610876
2021-07-08,CRM,-0.031285882,0.0079092979,0.017140031
2021-07-08,CSCO,0.013858318,-0.0061417222,-0.0073285103
2021-07-08,IBM,-0.013383508,0.0034837723,-0.00019437075
2021-07-08,INTC,-0.0045706034,-0.0042072535,0.0049624443
2021-07-08,MSFT,-0.0022939444,0.00078225136,-0.0025603771
2021-07-08,NKE,-0.023480594,0.01500082,0.0091437101
2021-07-08,VZ,0.0060819387,-0.0020427704,-0.0059222579
2021-07-08,WMT,-0.0087734461,0.0044156313,-0.0048976541
2021-07-09,AAPL,-0.029347122,0.019165754,-0.0043256879
2021-07-09,AMGN,-0.031580329,0.017405272,0.0061627626
2021-07-09,CRM,-0.036999047,0.01344347,0.010206938
2021-07-09,CSCO,0.0069463253,-0.005338788,-0.0063165426
2021-07-09,IBM,-0.015276134,0.0035939217,0.00084376335
2021-07-09,INTC,-0.0087370276,-0.0033884048,0.0054693222
2021-07-09,MSFT,-0.0087777972,0.00072968006,-0.0026484728
2021-07-09,NKE,-0.021005511,0.011044621,0.0099582672
2021-07-09,VZ,0.0056643486,-0.00058543682,-0.0077384114
2021-07-09,WMT,-0.0086004734,0.00034236908,-0.0074576139
2021-07-12,AAPL,-0.021938086,0.014666557,-0.0066262484
2021-07-12,AMGN,-0.02778405,0.015778422,0.0051801205
2021-07-12,CRM,-0.0078766942,-2.9981136e-05,0.0061584711
2021-07-12,CSCO,0.0042111874,-0.01236099,-0.0062512159
2021-07-12,IBM,-0.020153999,0.0077830553,0.0025959015
2021-07-12,INTC,-0.0056340098,-0.0046197772,0.0026946068
2021-07-12,MSFT,-0.0016723275,-0.0014911294,-0.0055249929
2021-07-12,NKE,-0.022163332,0.0082765818,0.0093631744
2021-07-12,VZ,-0.0058287978,0.004891634,-0.0012597442
2021-07-12,WMT,-0.034313619,0.015349269,0.0037548542
2021-07-13,AAPL,-0.026352644,0.013595104,-0.0025697351
2021-07-13,AMGN,-0.026072443,0.01298511,0.00218606
2021-07-13,CRM,-0.0023275614,-0.0041561127,0.0091079473
2021-07-13,CSCO,-0.0030075312,-0.011455238,-0.0076984763
2021-07-13,IBM,-0.020685554,0.0088368654,0.0016539097
2021-07-13,INTC,-0.0139395,-0.0069823861,0.005725503
2021-07-13,MSFT,-0.015763104,0.00055003166,-0.0033714175
2021-07-13,NKE,-0.014947176,0.0082150698,0.01042819
2021-07-13,VZ,-0.0084270239,0.0051448345,-0.0026990771
2021-07-13,WMT,-0.027016759,0.013105035,0.0013560057
2021-07-14,AAPL,-0.012351334,0.01222384,-0.0048947334
2021-07-14,AMGN,-0.023203015,0.011005878,0.0037270784
2021-07-14,CRM,-0.011173248,-0.0057618618,0.0096026659
2021-07-14,CSCO,0.0020323992,-0.01304245,-0.0071393847
2021-07-14,IBM,-0.020751715,0.0084069967,0.0028598309
2021-07-14,INTC,-0.015863061,-0.002243638,0.0040124655
2021-07-14,MSFT,-0.0155285,-0.0022898912,-0.004488647
2021-07-14,NKE,-0.019028008,0.011960387,0.010047793
2021-07-14,VZ,-0.0079094172,0.0048807859,-0.0022233725
2021-07-14,WMT,-0.021764219,0.0080325603,-0.0030909777
2021-07-15,AAPL,-0.017484128,0.015352011,-0.0026932359
2021-07-15,AMGN,-0.032140493,0.01512742,0.005720377
2021-07-15,CRM,-0.023939073,0.0037128925,0.01364553
2021-07-15,CSCO,0.0080099106,-0.010448217,-0.011352062
2021-07-15,IBM,-0.012400389,0.0062271357,0.00057911873
2021-07-15,INTC,-0.012934566,-0.0023770332,0.0048203468
2021-07-15,MSFT,-0.01508832,0.001360178,-0.0037322044
2021-07-15,NKE,-0.019488871,0.013733268,0.010540724
2021-07-15,VZ,-0.001054883,-0.00034868717,-0.0061451197
2021-07-15,WMT,-0.013399899,0.0036689043,-0.0065197945
2021-07-16,AAPL,-0.018972218,0.017514825,-0.010012567
2021-07-16,AMGN,-0.031424046,0.019888639,0.0013620853
2021-07-16,CRM,-0.03585881,0.0057464838,0.0043723583
2021-07-16,CSCO,-0.00066614151,-0.011223197,-0.011596739
2021-07-16,IBM,-0.01804477,0.0034284592,0.00040400028
2021-07-16,INTC,-0.013645053,-0.0062867403,-3.606081e-05
2021-07-16,MSFT,-0.011970043,-0.00153023,-0.0066567063
2021-07-16,NKE,-0.021330655,0.011210918,0.0032943487
2021-07-16,VZ,-0.0018189549,0.00089466572,-0.010580838
2021-07-16,WMT,-0.019582033,0.0039633512,-0.0068131089
2021-07-19,AAPL,-0.03290534,0.024079442,-0.0057961941
2021-07-19,AMGN,-0.033227324,0.019920707,0.0027512312
2021-07-19,CRM,-0.037441254,0.016342402,0.0054543018
2021-07-19,CSCO,-0.0067923665,-0.0068656206,-0.012042582
2021-07-19,IBM,-0.027601957,0.0078500509,0.00071001053
2021-07-19,INTC,-0.015882313,-0.0048807263,-0.0036110282
2021-07-19,MSFT,-0.020640731,0.0037636757,-0.009446919
2021-07-19,NKE,-0.024691999,0.0096077919,0.0030493736
2021-07-19,VZ,0.0012068748,0.0025619268,-0.01064378
2021-07-19,WMT,-0.021054268,0.005236268,-0.0053466558
2021-07-20,AAPL,-0.034696221,0.028067231,-0.0016137958
2021-07-20,AMGN,-0.012935758,0.0097596645,-0.0052751303
2021-07-20,CRM,-0.022253752,0.010756373,0.00016081333
2021-07-20,CSCO,-0.0024243593,-0.0026388168,-0.0090777874
2021-07-20,IBM,-0.018482924,0.010937929,-0.0012086034
2021-07-20,INTC,-0.01080817,0.00056266785,0.0015333891
2021-07-20,MSFT,-0.012646794,0.0063288212,-0.008346498
2021-07-20,NKE,-0.01873523,0.011069179,0.0093249083
2021-07-20,VZ,-0.0030601621,0.0069249868,-0.0045848489
2021-07-20,WMT,-0.020746529,0.0083757639,-0.0040282011
2021-07-21,AAPL,-0.010196447,0.01885891,-0.0078473687
2021-07-21,AMGN,-0.021559894,0.010691285,0.0052019358
2021-07-21,CRM,0.0057295561,-0.00017613173,0.0052008629
2021-07-21,CSCO,0.0068355799,-0.0066865683,-0.01006937
2021-07-21,IBM,-0.015799999,0.011585355,0.006084919
2021-07-21,INTC,-0.0083970428,0.0031847954,0.0065143108
2021-07-21,MSFT,-0.012462437,0.0052604675,-0.00082731247
2021-07-21,NKE,-0.01996249,0.014176488,0.011710286
2021-07-21,VZ,-0.010239542,0.0074642897,0.0029331446
2021-07-21,WMT,-0.027494192,0.013139486,0.0018929243
2021-07-22,AAPL,-0.015155375,0.019482017,-0.0019213557
2021-07-22,AMGN,-0.037126899,0.020111918,0.0073088408
2021-07-22,CRM,-0.016418993,0.00066494942,0.010079622
2021-07-22,CSCO,-0.0020433068,-0.0094673038,-0.0067409873
2021-07-22,IBM,-0.018990874,0.010823846,0.0024552345
2021-07-22,INTC,-0.021149635,0.002802968,0.0054100752
2021-07-22,MSFT,-0.023155212,0.0061225891,-0.00084602833
2021-07-22,NKE,-0.025193274,0.013105154,0.0061635971
2021-07-22,VZ,-0.012344837,0.0091255903,-0.0013782382
2021-07-22,WMT,-0.024100661,0.011195302,-0.0021698475
2021-07-23,AAPL,-0.0083055496,0.011060476,-0.016805589
2021-07-23,AMGN,-0.051239789,0.029418588,0.0075149536
2021-07-23,CRM,-0.027909279,0.0021828413,0.0086272955
2021-07-23,CSCO,0.0053400993,-0.0081192255,-0.015778542
2021-07-23,IBM,-0.015534639,0.0040094852,-0.0034403205
2021-07-23,INTC,-0.010324478,-0.0014932752,-0.004656136
2021-07-23,MSFT,-0.015735388,0.00038766861,-0.0080097914
2021-07-23,NKE,-0.025975227,0.0086874962,0.0011388063
2021-07-23,VZ,-0.0071475506,0.0020682812,-0.0089603066
2021-07-23,WMT,-0.029365122,0.0099513531,-0.0034886599
2021-07-26,AAPL,-0.023820937,0.020402193,-0.011036694
2021-07-26,AMGN,-0.035719156,0.02406621,1.513958e-05
2021-07-26,CRM,-0.022589028,0.010004044,0.0070886612
2021-07-26,CSCO,0.0042332411,-0.0029742718,-0.010811865
2021-07-26,IBM,-0.0036000013,0.0042030811,-0.0042049289
2021-07-26,INTC,-0.0094157457,0.00069177151,-0.0035901666
2021-07-26,MSFT,-0.014458477,0.0045148134,-0.006367445
2021-07-26,NKE,-0.013864517,0.011240125,0.003772974
2021-07-26,VZ,-0.0036765337,0.0063232183,-0.0081308484
2021-07-26,WMT,-0.028118014,0.012666821,0.0009367466
2021-07-27,AAPL,-0.012271881,0.014758945,-0.0084819794
2021-07-27,AMGN,-0.016802251,0.013706088,-0.0083108544
2021-07-27,CRM,0.0088448524,-0.0047106743,-0.004448235
2021-07-27,CSCO,-0.0033982992,-0.0049120784,-0.0068514347
2021-07-27,IBM,-0.01158011,0.005898118,-0.0037776232
2021-07-27,INTC,-0.0094024539,0.0034936666,-0.0037583709
2021-07-27,MSFT,-0.010527313,0.0019259453,-0.010760069
2021-07-27,NKE,-0.013045073,0.0091676712,0.003834486
2021-07-27,VZ,-0.010064781,0.0077424049,-0.0029076934
2021-07-27,WMT,-0.034984231,0.016840696,0.0040632486
2021-07-28,AAPL,-0.014247179,0.017608881,-0.011228085
2021-07-28,AMGN,-0.023680925,0.016974449,-0.0066815615
2021-07-28,CRM,-0.034348249,0.012479663,0.0084217787
2021-07-28,CSCO,-0.0102368,-0.00049060583,-0.012688279
2021-07-28,IBM,-0.018692672,0.0094180107,-0.0019139051
2021-07-28,INTC,-0.020948231,0.0030157566,0.0010312796
2021-07-28,MSFT,-0.023640454,0.013061404,-0.0043880939
2021-07-28,NKE,-0.018100858,0.0071568489,0.0017722845
2021-07-28,VZ,-0.0095930696,0.001318574,-0.0044429898
2021-07-28,WMT,-0.0062542558,0.0047132969,-0.0059767365
2021-07-29,AAPL,-0.022012591,0.029678345,0.0012990236
2021-07-29,AMGN,-0.030759811,0.028972745,-0.0021181703
2021-07-29,CRM,-0.0457955,0.035455465,0.0031821728
2021-07-29,CSCO,-0.02034384,0.012542605,-0.0024231672
2021-07-29,IBM,-0.025832891,0.012653708,0.00092470646
2021-07-29,INTC,-0.028003931,0.014364004,0.0055878162
2021-07-29,MSFT,-0.022657156,0.015775919,-0.0039576292
2021-07-29,NKE,-0.025570154,0.025497079,0.0057529211
2021-07-29,VZ,-0.0024693012,0.0058915615,-0.006511867
2021-07-29,WMT,-0.016496181,0.015517592,-0.0012114048
2021-07-30,AAPL,-0.0047005415,0.007086277,-0.028512597
2021-07-30,AMGN,-0.026504874,0.02286303,-0.016076446
2021-07-30,CRM,-0.056108534,0.026089311,-0.024909973
2021-07-30,CSCO,-0.028132677,0.0037177801,-0.021785498
2021-07-30,IBM,-0.014097095,0.0053170919,-0.014380097
2021-07-30,INTC,-0.019796014,0.0033853054,-0.018148422
2021-07-30,MSFT,-0.023805559,0.015528798,-0.017493427
2021-07-30,NKE,-0.023818254,0.010832548,-0.013260663
2021-07-30,VZ,-0.012236655,0.0034755468,-0.020682991
2021-07-30,WMT,-0.019707501,0.015855193,-0.011658907
2021-08-02,AAPL,-0.038724601,0.034411788,-0.0032411814
2021-08-02,AMGN,-0.035500944,0.039978623,-0.0011786819
2021-08-02,CRM,-0.035090029,0.043479562,-0.007469058
2021-08-02,CSCO,-0.028166771,0.028022647,-0.0080538392
2021-08-02,IBM,-0.022788405,0.021297455,-0.0022929311
2021-08-02,INTC,-0.031581223,0.028259516,-0.0015404224
2021-08-02,MSFT,-0.03585726,0.024563789,-0.0015808344
2021-08-02,NKE,-0.033732891,0.024083853,-0.0038862228
2021-08-02,VZ,-0.021751523,0.019050479,-0.0064453483
2021-08-02,WMT,-0.023189604,0.024031401,-0.0031048656
2021-08-03,AAPL,0.0064184666,0.0024360418,-0.0036276579
2021-08-03,AMGN,0.0022075176,-0.0016625524,-0.0065814853
2021-08-03,CRM,-0.004221499,0.0097333193,0.003965497
2021-08-03,CSCO,0.011873245,-0.0062143207,-0.0042284131
2021-08-03,IBM,-0.0019366741,0.0014961958,-0.0041306615
2021-08-03,INTC,0.0065454245,-0.0037564039,-0.0031262636
2021-08-03,MSFT,0.0040411949,-0.0036053061,-0.0029720664
2021-08-03,NKE,0.0034176111,0.0040048361,-0.00052291155
2021-08-03,VZ,0.0086401701,0.0010784864,-0.009403646
2021-08-03,WMT,0.0060050488,-0.0024656653,-0.006906569
2021-08-04,AAPL,-0.028550148,0.019120097,0.01375699
2021-08-04,AMGN,-0.016787708,0.0082784891,0.0093653202
2021-08-04,CRM,-0.029670715,0.010709047,0.021350741
2021-08-04,CSCO,0.0067600012,-0.00092291832,-0.00053292513
2021-08-04,IBM,-0.019395173,0.010443687,0.0030648708
2021-08-04,INTC,-0.012594581,-0.00030475855,0.013790727
2021-08-04,MSFT,-0.010422349,0.0031304359,0.0024360418
2021-08-04,NKE,-0.020921469,0.013785124,0.014089823
2021-08-04,VZ,-0.0036920905,0.0040358305,0.0035271645
2021-08-04,WMT,-0.0058959723,-0.00071203709,-0.0014540553
2021-08-05,AAPL,-0.03042382,0.016679049,-0.0073705316
2021-08-05,AMGN,-0.032601595,0.010437131,0.0048937798
2021-08-05,CRM,-0.043919683,0.018153429,0.014485478
2021-08-05,CSCO,-0.0029159188,-0.0027514696,-0.008268714
2021-08-05,IBM,-0.020452678,0.007979393,0.00077092648
2021-08-05,INTC,-0.014934123,-0.0069320798,0.0079064369
2021-08-05,MSFT,-0.01175791,0.0030692816,0.00048232079
2021-08-05,NKE,-0.025629461,0.010903478,0.0072194338
2021-08-05,VZ,-0.0024552345,0.0013847351,-0.0016056299
2021-08-05,WMT,-0.01227057,0.002150774,-0.0029693842
2021-08-06,AAPL,-0.019120216,0.018398881,0.0011388063
2021-08-06,AMGN,-0.037675083,0.015315294,0.01069212
2021-08-06,CRM,-0.037675917,0.005299449,0.012443066
2021-08-06,CSCO,-0.0050039291,-0.0050880909,-0.0025799274
2021-08-06,IBM,-0.020997763,0.0076215267,0.0023255348
2021-08-06,INTC,-0.010642886,-0.0057656169,0.0062121153
2021-08-06,MSFT,-0.012913108,0.0017215014,-0.00064098835
2021-08-06,NKE,-0.027692795,0.01297009,0.013104677
2021-08-06,VZ,-0.0066805482,0.0048162937,0.00026524067
2021-08-06,WMT,-0.021910191,0.011519074,-0.0006839633
2021-08-09,AAPL,-0.02330792,0.012078643,0.0036488771
2021-08-09,AMGN,-0.03434056,0.014489889,0.0096060038
2021-08-09,CRM,-0.026328325,0.0071406364,0.016426682
2021-08-09,CSCO,0.0077670813,-0.0074613094,-0.0053570271
2021-08-09,IBM,-0.018373549,0.0084167719,0.0013488531
2021-08-09,INTC,-0.0067402124,-0.0033034682,0.0080754757
2021-08-09,MSFT,-0.0093188882,-0.0012726784,-0.0026228428
2021-08-09,NKE,-0.023502767,0.011012316,0.016754031
2021-08-09,VZ,-0.00074988604,0.0026148558,-0.0037704706
2021-08-09,WMT,-0.018183172,0.0059527159,-0.00080859661
2021-08-10,AAPL,-0.019708037,0.013914824,-0.00051510334
2021-08-10,AMGN,-0.022748172,0.0092821121,0.0065014362
2021-08-10,CRM,-0.014481008,-0.0011450648,0.01017642
2021-08-10,CSCO,0.013646603,-0.012147248,-0.0051625371
2021-08-10,IBM,-0.016681254,0.0072284937,0.0055611134
2021-08-10,INTC,-0.0064814091,-0.005230546,0.010611534
2021-08-10,MSFT,-0.0036118627,-0.0053820014,-0.0040889382
2021-08-10,NKE,-0.017973244,0.0068048239,0.016326666
2021-08-10,VZ,-0.00027698278,0.0027910471,0.00056576729
2021-08-10,WMT,-0.018795967,0.0039947033,0.0020866394
2021-08-11,AAPL,-0.025401175,0.016466498,-0.0061685443
2021-08-11,AMGN,-0.049248457,0.025092602,0.010872126
2021-08-11,CRM,-0.030005217,0.0041801929,0.011425257
2021-08-11,CSCO,-0.002781868,-0.010387301,-0.0080809593
2021-08-11,IBM,-0.020915031,0.0087785721,0.0053409338
2021-08-11,INTC,-0.01566124,-0.0062245131,0.0055856705
2021-08-11,MSFT,-0.012366593,-0.0012193918,-0.0043790936
2021-08-11,NKE,-0.017983317,0.0092498064,0.0077685118
2021-08-11,VZ,-0.0098724961,0.0040836334,-0.0039563179
2021-08-11,WMT,-0.026642621,0.0090858936,-0.00018697977
2021-08-12,AAPL,-0.024496555,0.015946269,-0.0088231564
2021-08-12,AMGN,-0.034981668,0.018672466,0.0048933029
2021-08-12,CRM,-0.026580572,0.0020270348,0.0062522888
2021-08-12,CSCO,-0.0032687783,-0.014396787,-0.0086073875
2021-08-12,IBM,-0.019626975,0.0080111027,0.0026705265
2021-08-12,INTC,-0.012420654,-0.0045292974,0.0028105974
2021-08-12,MSFT,-0.016883612,-0.00069081783,-0.0059969425
2021-08-12,NKE,-0.016021609,0.0079091787,0.0071125031
2021-08-12,VZ,-0.013835132,0.0066058636,-0.0015920401
2021-08-12,WMT,-0.033391953,0.010749578,-0.00094276667
2021-08-13,AAPL,-0.013822556,0.016018748,-0.0041244626
2021-08-13,AMGN,-0.021548092,0.015087485,0.00048410892
2021-08-13,CRM,-0.014922023,0.0051404238,0.010379791
2021-08-13,CSCO,0.0054360628,-0.01087594,-0.0096257925
2021-08-13,IBM,-0.015189111,0.0072404146,0.0014405251
2021-08-13,INTC,-0.0062358975,-0.0033854246,0.0052677393
2021-08-13,MSFT,-0.0087457895,0.00072312355,-0.0060288906
2021-08-13,NKE,-0.015659213,0.010240197,0.01140511
2021-08-13,VZ,-0.0080932975,0.006264925,-0.0043243766
2021-08-13,WMT,-0.021630526,0.010849953,-0.003348887
2021-08-16,AAPL,-0.008633554,0.017283559,-0.0020714402
2021-08-16,AMGN,-0.031443417,0.02159369,0.0030894279
2021-08-16,CRM,-0.026817143,0.0093131065,0.010395646
2021-08-16,CSCO,0.0094534159,-0.01281482,-0.0082889199
2021-08-16,IBM,-0.014947176,0.0056099892,0.0026288033
2021-08-16,INTC,-0.01019001,-0.0042107105,0.01001513
2021-08-16,MSFT,-0.0053363442,-0.00010663271,-0.0055215359
2021-08-16,NKE,-0.017060399,0.013188124,0.011513591
2021-08-16,VZ,-0.00079131126,0.002820611,-0.0057981014
2021-08-16,WMT,-0.012830794,0.0038027763,-0.0049149394
2021-08-17,AAPL,-0.0098299384,0.015917063,-0.0085605979
2021-08-17,AMGN,-0.038615823,0.027833819,0.0042330027
2021-08-17,CRM,-0.046403766,0.016500473,0.013971806
2021-08-17,CSCO,0.010040522,-0.011479914,-0.012691736
2021-08-17,IBM,-0.021165252,0.0066794157,0.0038307905
2021-08-17,INTC,-0.0070035458,-0.0054048896,0.003121376
2021-08-17,MSFT,-0.0049186349,-0.0026887059,-0.0087090135
2021-08-17,NKE,-0.028603613,0.012889147,0.0094231367
2021-08-17,VZ,-0.00099819899,0.0026345253,-0.0077182055
2021-08-17,WMT,-0.02007699,0.0046198368,-0.0035153031
2021-08-18,AAPL,-0.024495244,0.022572875,-0.0048086643
2021-08-18,AMGN,-0.030559003,0.02286303,-0.00029116869
2021-08-18,CRM,-0.045740068,0.019218922,0.0033936501
2021-08-18,CSCO,-0.0045683384,-0.0074290037,-0.0086907744
2021-08-18,IBM,-0.016064227,0.0075603724,0.0010935068
2021-08-18,INTC,-0.0079468489,-0.00077730417,0.0023009777
2021-08-18,MSFT,-0.010328114,0.0032058954,-0.0092896223
2021-08-18,NKE,-0.027836502,0.013486743,0.0095447302
2021-08-18,VZ,-0.0042490959,0.0088002682,-0.0046802759
2021-08-18,WMT,-0.026356995,0.0091303587,-0.002098918
2021-08-19,AAPL,-0.021632969,0.019679546,-0.0064426064
2021-08-19,AMGN,-0.01559633,0.016363025,-0.0037317276
2021-08-19,CRM,-0.018074095,0.0084583759,-0.0022332668
2021-08-19,CSCO,-0.0043976307,-0.0072951913,-0.0082394481
2021-08-19,IBM,-0.020840645,0.012945533,-0.00069963932
2021-08-19,INTC,-0.0095993876,0.002846837,0.0022355318
2021-08-19,MSFT,-0.01034534,0.0087331533,-0.0088943243
2021-08-19,NKE,-0.023297906,0.013376474,0.013060927
2021-08-19,VZ,-0.015883625,0.012869,-0.0020704865
2021-08-19,WMT,-0.035903871,0.016883969,-0.00034075975
2021-08-20,AAPL,-0.017600596,0.021734953,-0.00091540813
2021-08-20,AMGN,-0.028779447,0.024189949,0.00036644936
2021-08-20,CRM,-0.019907415,0.0091069937,0.0066173077
2021-08-20,CSCO,-0.0043466091,-0.0049857497,-0.0056804419
2021-08-20,IBM,-0.01564151,0.011419177,0.00047421455
2021-08-20,INTC,-0.017362177,0.0051292181,0.0041004419
2021-08-20,MSFT,-0.015015662,0.0066821575,-0.0059465766
2021-08-20,NKE,-0.01616317,0.01445508,0.008251071
2021-08-20,VZ,-0.012344837,0.0095280409,-0.0029127598
2021-08-20,WMT,-0.021649778,0.010005474,-0.003303349
2021-08-23,AAPL,-0.01860857,0.011266708,-0.010138452
2021-08-23,AMGN,-0.044167697,0.028955698,0.0042293072
2021-08-23,CRM,-0.021265805,0.0045340061,0.0037404299
2021-08-23,CSCO,-0.0055470467,-0.0060364604,-0.011614263
2021-08-23,IBM,-0.012287199,0.0064555407,-0.0051704049
2021-08-23,INTC,-0.014981449,0.0016441345,-0.0018321276
2021-08-23,MSFT,-0.016631722,0.0056502819,-0.0065015554
2021-08-23,NKE,-0.0067507625,0.0045324564,0.0018036366
2021-08-23,VZ,-0.0076975226,0.0039807558,-0.0047360063
2021-08-23,WMT,-0.0262869,0.0087828636,-0.0021505356
2021-08-24,AAPL,-0.01317507,0.011934161,-0.01162678
2021-08-24,AMGN,-0.033218145,0.026502013,-0.0013440251
2021-08-24,CRM,-0.0066800714,0.0011725426,-0.00049322844
2021-08-24,CSCO,0.0024296045,-0.0069717765,-0.011530101
2021-08-24,IBM,-0.0015284419,0.0059211254,-0.0061961412
2021-08-24,INTC,-0.0060349703,0.0025436878,-0.0031403899
2021-08-24,MSFT,-0.0093958974,0.0040394068,-0.0096968412
2021-08-24,NKE,-0.011798203,0.0054074526,0.0019215345
2021-08-24,VZ,-0.018361211,0.012085676,-0.0029452443
2021-08-24,WMT,-0.038040817,0.017347455,0.004476428
2021-08-25,AAPL,-0.023913801,0.023302436,-0.0037882328
2021-08-25,AMGN,-0.016304791,0.015422583,-0.0079658031
2021-08-25,CRM,0.016519308,-0.0025696158,-0.00028735399
2021-08-25,CSCO,-0.0037519336,-0.0031593442,-0.0057627559
2021-08-25,IBM,-0.015672684,0.010100007,-0.0021542311
2021-08-25,INTC,-0.0090411901,0.0082640648,-0.0011536479
2021-08-25,MSFT,-0.012876391,0.0032958984,-0.0079779625
2021-08-25,NKE,-0.016998291,0.0085119009,0.002741456
2021-08-25,VZ,-0.016414344,0.014172792,0.00044822693
2021-08-25,WMT,-0.028968155,0.015883923,0.0039503574
2021-08-26,AAPL,-0.021050692,0.023443818,-0.0089846849
2021-08-26,AMGN,-0.020197809,0.014801502,-0.0085965991
2021-08-26,CRM,-0.035009563,0.02246201,0.0049921274
2021-08-26,CSCO,-0.016262352,0.0085170269,-0.0099840164
2021-08-26,IBM,-0.021205127,0.0090738535,-0.00042420626
2021-08-26,INTC,-0.032831848,0.012968898,0.0045876503
2021-08-26,MSFT,-0.031701028,0.013739109,-0.0020789504
2021-08-26,NKE,-0.016558886,0.0070407391,0.00051856041
2021-08-26,VZ,-0.013750434,0.0034416914,-0.0044240355
2021-08-26,WMT,-0.0042453408,0.0060530901,-0.0077185035
2021-08-27,AAPL,-0.0074213147,0.025616884,-0.0058549643
2021-08-27,AMGN,-0.039954364,0.035523295,-0.0037029982
2021-08-27,CRM,-0.04848963,0.036053419,-0.0052813292
2021-08-27,CSCO,-0.020840108,0.01553607,-0.0059115887
2021-08-27,IBM,-0.029101193,0.015116572,-0.00097846985
2021-08-27,INTC,-0.02893579,0.01391995,0.0039143562
2021-08-27,MSFT,-0.027520657,0.02202177,-0.0079759359
2021-08-27,NKE,-0.026080787,0.025038838,0.0069003105
2021-08-27,VZ,-0.012135625,0.0083922148,-0.0045595765
2021-08-27,WMT,-0.024772942,0.018762708,0.00029587746
2021-08-30,AAPL,-0.002407968,0.011088014,-0.028168142
2021-08-30,AMGN,-0.015604317,0.01910162,-0.020170748
2021-08-30,CRM,-0.060856164,0.038294435,-0.024827659
2021-08-30,CSCO,-0.030655921,0.0076314211,-0.024061024
2021-08-30,IBM,-0.014246881,0.0071934462,-0.013819218
2021-08-30,INTC,-0.021084189,0.0034669638,-0.019007027
2021-08-30,MSFT,-0.025084376,0.016675472,-0.019815326
2021-08-30,NKE,-0.028734863,0.014079928,-0.014657617
2021-08-30,VZ,-0.013321221,0.0052583218,-0.025703847
2021-08-30,WMT,-0.018877745,0.014066577,-0.013179004
2021-08-31,AAPL,-0.03980279,0.038872123,1.8000603e-05
2021-08-31,AMGN,-0.03336817,0.039105415,0.0012447834
2021-08-31,CRM,-0.041658163,0.049497843,-0.0086424351
2021-08-31,CSCO,-0.023905814,0.029913783,-0.0077155232
2021-08-31,IBM,-0.026548564,0.024442077,-0.0024937391
2021-08-31,INTC,-0.030595481,0.032691717,-0.0016172528
2021-08-31,MSFT,-0.03483814,0.027219892,-0.001029551
2021-08-31,NKE,-0.038466752,0.027202129,-0.003064394
2021-08-31,VZ,-0.024267137,0.022774339,-0.006290257
2021-08-31,WMT,-0.018331587,0.022924781,-0.0043188334
2021-09-01,AAPL,0.00092315674,0.009422183,-0.0041032434
2021-09-01,AMGN,0.00035917759,0.0046976805,-0.007576108
2021-09-01,CRM,-0.0038142204,0.010645986,-0.0017681718
2021-09-01,CSCO,0.0073516369,-0.0014046431,-0.0025375485
2021-09-01,IBM,0.0016163588,0.0031511784,-0.0050005317
2021-09-01,INTC,0.0025359392,0.00033915043,-0.004396081
2021-09-01,MSFT,0.0014646053,-0.00026398897,-0.0028088689
2021-09-01,NKE,0.0058977604,0.0052514076,-0.0010617375
2021-09-01,VZ,0.0029917955,0.0028321743,-0.0083347559
2021-09-01,WMT,0.0038369894,1.3709068e-05,-0.0058913827
2021-09-02,AAPL,-0.026913822,0.018138647,0.0051409006
2021-09-02,AMGN,-0.025992692,0.014706612,0.0095291138
2021-09-02,CRM,-0.0260759,0.008138895,0.019432664
2021-09-02,CSCO,-0.004242599,0.0020543337,0.0023043156
2021-09-02,IBM,-0.019972742,0.012371302,0.0022721291
2021-09-02,INTC,-0.020132303,0.0056221485,0.013901591
2021-09-02,MSFT,-0.013360977,0.0057082176,0.0019372702
2021-09-02,NKE,-0.01221621,0.011087894,0.0052531958
2021-09-02,VZ,-0.010999918,0.0081937313,0.003275156
2021-09-02,WMT,-0.011609495,0.0049893856,0.00018131733
2021-09-03,AAPL,-0.027140379,0.021045208,-0.0051867366
2021-09-03,AMGN,-0.020769417,0.013035774,0.0032978058
2021-09-03,CRM,-0.038123131,0.015209079,0.019754529
2021-09-03,CSCO,0.0037965775,0.00061845779,-0.0063397288
2021-09-03,IBM,-0.01520741,0.0099157095,-0.00012606382
2021-09-03,INTC,-0.012124836,-0.0024366379,0.007694602
2021-09-03,MSFT,-0.0047157407,0.0055087805,-0.0025141835
2021-09-03,NKE,-0.018911362,0.010279655,0.0061889887
2021-09-03,VZ,0.00019729137,-0.00026398897,-0.002548635
2021-09-03,WMT,-0.0099871755,0.0028612614,-0.0016284585
2021-09-07,AAPL,-0.023630559,0.024101734,0.001437068
2021-09-07,AMGN,-0.034994066,0.016074538,0.0069673061
2021-09-07,CRM,-0.038101971,0.014132738,0.017901182
2021-09-07,CSCO,-0.0085414648,0.0029449463,-0.00050836802
2021-09-07,IBM,-0.028696299,0.013398647,0.0076098442
2021-09-07,INTC,-0.0159657,0.0052243471,0.011024714
2021-09-07,MSFT,-0.013049781,0.0042506456,0.0021519661
2021-09-07,NKE,-0.025444925,0.020542264,0.013626218
2021-09-07,VZ,-0.0092650652,0.0083270073,0.0015438795
2021-09-07,WMT,-0.016872525,0.012941718,0.00038731098
2021-09-08,AAPL,-0.01777178,0.011926055,-0.0027950406
2021-09-08,AMGN,-0.039149702,0.015808105,0.0072323084
2021-09-08,CRM,-0.029220581,0.0036253929,0.0093302727
2021-09-08,CSCO,0.0045856237,-0.007745862,-0.0082763433
2021-09-08,IBM,-0.012601793,0.0073286295,-0.0001052618
2021-09-08,INTC,-0.010073364,-0.0010865331,0.0054039955
2021-09-08,MSFT,-0.01162976,0.00067007542,-0.0041267276
2021-09-08,NKE,-0.019342422,0.0087258816,0.0096855164
2021-09-08,VZ,-0.01210618,0.0058714151,0.00059020519
2021-09-08,WMT,-0.025925577,0.009986639,0.001534462
2021-09-09,AAPL,-0.018514156,0.015863299,-0.0062081218
2021-09-09,AMGN,-0.037187994,0.020918369,0.0063480139
2021-09-09,CRM,-0.023040891,-0.0019879341,0.014107704
2021-09-09,CSCO,0.00066959858,-0.0076281428,-0.0070571303
2021-09-09,IBM,-0.018379629,0.0091449022,0.0027558804
2021-09-09,INTC,-0.011777222,0.00076055527,0.0034922361
2021-09-09,MSFT,-0.011488199,0.0015177727,-0.0061358809
2021-09-09,NKE,-0.018473625,0.012034893,0.0077104568
2021-09-09,VZ,-0.014049828,0.0070041418,-0.00060302019
2021-09-09,WMT,-0.036940813,0.016589999,0.0028461218
2021-09-10,AAPL,-0.023586571,0.019572973,-0.0051241517
2021-09-10,AMGN,-0.03978461,0.022329688,0.0045926571
2021-09-10,CRM,-0.028218508,0.0061489344,0.013761163
2021-09-10,CSCO,-0.0015404224,-0.0031586885,-0.011999726
2021-09-10,IBM,-0.016550839,0.0080071688,0.001028657
2021-09-10,INTC,-0.0082543492,-0.0019221902,0.0011444092
2021-09-10,MSFT,-0.013084352,0.0021415949,-0.0059246421
2021-09-10,NKE,-0.013986111,0.013950467,0.0075736046
2021-09-10,VZ,-0.0020724535,0.0036444664,-0.0076169968
2021-09-10,WMT,-0.017667294,0.0075384378,-0.0037608147
2021-09-13,AAPL,-0.01470083,0.016775489,-0.0086709857
2021-09-13,AMGN,-0.029588461,0.017925501,0.00092220306
2021-09-13,CRM,-0.037512898,0.010068297,0.0097055435
2021-09-13,CSCO,-0.0029712319,-0.0056348443,-0.0084877014
2021-09-13,IBM,-0.017849505,0.00720191,0.0030354261
2021-09-13,INTC,-0.013324559,0.00086379051,0.0045927763
2021-09-13,MSFT,-0.016331077,0.0026173592,-0.0054047108
2021-09-13,NKE,-0.018842161,0.012855887,0.0074605942
2021-09-13,VZ,-0.0074105263,0.010428071,-0.0061936378
2021-09-13,WMT,-0.020700932,0.0084837675,-0.0015373826
2021-09-14,AAPL,-0.021138191,0.020391583,-0.004971981
2021-09-14,AMGN,-0.027531087,0.017866731,0.0025640726
2021-09-14,CRM,-0.024981499,0.0053210258,0.0052273273
2021-09-14,CSCO,-0.0011739135,-0.0071793795,-0.0077385306
2021-09-14,IBM,-0.013756573,0.0063263178,0.0007443428
2021-09-14,INTC,-0.010937214,0.00013124943,0.00079655647
2021-09-14,MSFT,-0.015584409,0.0027695894,-0.0030315518
2021-09-14,NKE,-0.018500209,0.013441324,0.0076755285
2021-09-14,VZ,-0.0072607994,0.0078186989,-0.0055742264
2021-09-14,WMT,-0.024939597,0.011161566,-0.0029070377
2021-09-15,AAPL,-0.015704393,0.020088792,-0.014087677
2021-09-15,AMGN,-0.034797311,0.022920728,-0.00024557114
2021-09-15,CRM,-0.035798013,0.0060340166,0.0024032593
2021-09-15,CSCO,-0.0018658638,-0.0046989322,-0.011381209
2021-09-15,IBM,-0.020052135,0.0086166859,-0.0022970438
2021-09-15,INTC,-0.012399852,0.00029873848,-0.0011950135
2021-09-15,MSFT,-0.01533252,0.003020525,-0.0098334551
2021-09-15,NKE,-0.022114813,0.012880325,0.0030589104
2021-09-15,VZ,-0.010204315,0.0065952539,-0.0082684755
2021-09-15,WMT,-0.02651608,0.010422945,-0.0048719049
2021-09-16,AAPL,-0.022651792,0.021638155,-0.012481511
2021-09-16,AMGN,-0.025682986,0.018832326,-0.0018757582
2021-09-16,CRM,-0.040645599,0.013972163,0.0054652691
2021-09-16,CSCO,-0.0010396242,-0.00036847591,-0.011993706
2021-09-16,IBM,-0.017566383,0.0084478855,0.00064325333
2021-09-16,INTC,-0.011560321,-0.00095230341,-0.0024084449
2021-09-16,MSFT,-0.0086053014,0.0025061369,-0.010301411
2021-09-16,NKE,-0.021031439,0.011006832,0.0063180923
2021-09-16,VZ,-0.0016533136,0.0046578646,-0.0096160173
2021-09-16,WMT,-0.018346369,0.0066404343,-0.0051465631
2021-09-17,AAPL,-0.020604849,0.023059487,-0.00044596195
2021-09-17,AMGN,-0.027153611,0.016385913,0.0017435551
2021-09-17,CRM,-0.01636982,0.0057307482,0.001480937
2021-09-17,CSCO,-0.0014160275,0.00026762486,-0.0076627135
2021-09-17,IBM,-0.015975296,0.010551214,0.0019007921
2021-09-17,INTC,-0.0054309368,0.0034110546,0.0052888393
2021-09-17,MSFT,-0.0051638484,0.0081521273,-0.0088794231
2021-09-17,NKE,-0.017741799,0.012799263,0.010719776
2021-09-17,VZ,-0.0074609518,0.011650562,0.0014600754
2021-09-17,WMT,-0.025811374,0.014661193,0.0025315285
2021-09-20,AAPL,-0.0086138248,0.016751051,-0.011054516
2021-09-20,AMGN,-0.02600199,0.013918638,0.0025823116
2021-09-20,CRM,-0.018875301,0.0092191696,0.0092819929
2021-09-20,CSCO,0.00036978722,-0.0020858645,-0.012855709
2021-09-20,IBM,-0.016905844,0.01030004,0.0026464462
2021-09-20,INTC,-0.016931057,0.0045616627,0.005936265
2021-09-20,MSFT,-0.01638782,0.0081428289,-0.00040906668
2021-09-20,NKE,-0.017918646,0.013968587,0.0079849958
2021-09-20,VZ,-0.012753963,0.0071666241,-0.0013396144
2021-09-20,WMT,-0.018938422,0.011649609,-0.00061529875
2021-09-21,AAPL,-0.013203025,0.018024445,-0.00092720985
2021-09-21,AMGN,-0.03892684,0.023068786,0.0024079084
2021-09-21,CRM,-0.021746337,0.0041372776,0.012959003
2021-09-21,CSCO,0.0057656765,-0.0024825335,-0.0060654283
2021-09-21,IBM,-0.011820495,0.01051414,0.0044203997
2021-09-21,INTC,-0.010803699,0.006472826,0.0058902502
2021-09-21,MSFT,-0.011114597,0.002384901,-0.0022664666
2021-09-21,NKE,-0.028542399,0.015087962,0.0079294443
2021-09-21,VZ,-0.0066080689,0.0089248419,-0.0022492409
2021-09-21,WMT,-0.025928319,0.015022039,0.00083708763
2021-09-22,AAPL,-0.006978631,0.00780797,-0.027861178
2021-09-22,AMGN,-0.061350822,0.035055757,0.0027041435
2021-09-22,CRM,-0.040556848,0.0053497553,-0.0040437579
2021-09-22,CSCO,-0.0055704117,-0.0026682615,-0.019758284
2021-09-22,IBM,-0.0042039752,-0.00071650743,-0.0093972683
2021-09-22,INTC,-0.0040158629,0.0010726452,-0.010790825
2021-09-22,MSFT,-0.010382116,0.0029400587,-0.011857688
2021-09-22,NKE,-0.0059474707,0.0016953945,-0.012050211
2021-09-22,VZ,-0.0039924979,0.00098562241,-0.017316103
2021-09-22,WMT,-0.021205604,0.0055749416,-0.0081423521
2021-09-23,AAPL,-0.019847274,0.018068194,-0.0092388391
2021-09-23,AMGN,-0.028357267,0.024072289,-0.005382061
2021-09-23,CRM,0.0017374754,0.0094676018,-0.0089020133
2021-09-23,CSCO,-0.00052541494,0.0012577772,-0.010242045
2021-09-23,IBM,0.0025061369,0.0026859045,-0.0051508546
2021-09-23,INTC,0.0033715963,0.007897377,-0.005592525
2021-09-23,MSFT,0.00074779987,0.005471468,-0.011502802
2021-09-23,NKE,-0.0050831437,0.0071498156,-0.0032567382
2021-09-23,VZ,-0.0097681284,0.01075089,-0.0035240054
2021-09-23,WMT,-0.041389525,0.022866726,0.0056433678
2021-09-24,AAPL,-0.012420595,0.019242406,-0.0053774118
2021-09-24,AMGN,-0.010425031,0.014735818,-0.0080352426
2021-09-24,CRM,0.033251166,8.5830688e-05,-0.02127713
2021-09-24,CSCO,-0.0022019148,0.0039975643,-0.0077111721
2021-09-24,IBM,-0.00067949295,0.0066035986,-0.0059579015
2021-09-24,INTC,-0.00041502714,0.010743976,-0.0029898286
2021-09-24,MSFT,-0.0016074777,0.0061939955,-0.013684809
2021-09-24,NKE,-0.0042178631,0.0038201809,-0.002566576
2021-09-24,VZ,-0.010503769,0.0092483759,-0.0030769706
2021-09-24,WMT,-0.016821325,0.011960506,0.0019557476
2021-09-27,AAPL,-0.0070394278,0.018528223,-0.015463591
2021-09-27,AMGN,-0.014883518,0.013558507,-0.011289477
2021-09-27,CRM,-0.013263702,0.020237327,-0.013887703
2021-09-27,CSCO,-0.026797175,0.013456821,-0.01150912
2021-09-27,IBM,-0.023850918,0.0098587275,0.0018045902
2021-09-27,INTC,-0.033659399,0.014707088,0.0011175871
2021-09-27,MSFT,-0.030100882,0.013040543,-0.00077718496
2021-09-27,NKE,-0.016144753,0.011933804,-0.0037451982
2021-09-27,VZ,-0.023675025,0.008282423,-0.00273031
2021-09-27,WMT,-0.0081612468,0.011082411,-0.0052067041
2021-09-28,AAPL,-0.0070692301,0.031398654,-0.0028522611
2021-09-28,AMGN,-0.033742607,0.034126759,-0.0056083798
2021-09-28,CRM,-0.049785495,0.045749784,-0.012365639
2021-09-28,CSCO,-0.028496146,0.022351861,-0.0080510378
2021-09-28,IBM,-0.025986016,0.016991615,-0.0046479106
2021-09-28,INTC,-0.020825088,0.016080976,-0.0049023628
2021-09-28,MSFT,-0.029644132,0.029271483,-0.0046655536
2021-09-28,NKE,-0.034293115,0.034281254,0.0045700073
2021-09-28,VZ,-0.0085749626,0.011717558,-0.0058864951
2021-09-28,WMT,-0.015751898,0.014798045,-0.007646203
2021-09-29,AAPL,-0.006175518,0.013527751,-0.046343625
2021-09-29,AMGN,0.00011861324,0.011528969,-0.026983917
2021-09-29,CRM,-0.068548501,0.045944214,-0.037656307
2021-09-29,CSCO,-0.039347827,0.01634717,-0.037355602
2021-09-29,IBM,-0.020081222,0.010602832,-0.018708467
2021-09-29,INTC,-0.017291307,0.012377858,-0.029066682
2021-09-29,MSFT,-0.030881047,0.020749927,-0.021923244
2021-09-29,NKE,-0.031533301,0.0172261,-0.030313253
2021-09-29,VZ,-0.014778912,0.0090733767,-0.033878624
2021-09-29,WMT,-0.026982963,0.020408154,-0.016471505
2021-09-30,AAPL,-0.025671005,0.037253499,-0.0081173778
2021-09-30,AMGN,-0.020390868,0.027755141,-0.0050999522
2021-09-30,CRM,-0.039425135,0.044707894,-0.016725421
2021-09-30,CSCO,-0.028707027,0.029585004,-0.012138247
2021-09-30,IBM,-0.026519895,0.025602937,-0.0042430162
2021-09-30,INTC,-0.02773428,0.037527204,-0.010193586
2021-09-30,MSFT,-0.028925061,0.029880762,-0.0064544082
2021-09-30,NKE,-0.03448838,0.033637166,-0.0060722828
2021-09-30,VZ,-0.030613601,0.027760863,-0.0063683391
2021-09-30,WMT,-0.021273434,0.023723006,-0.0043833256
2021-10-01,AAPL,0.0079599619,0.0081033707,-0.0039333701
2021-10-01,AMGN,0.0050153732,-0.0023845434,-0.0094290972
2021-10-01,CRM,0.0028647184,0.0099862814,0.0021458864
2021-10-01,CSCO,0.010059953,0.00035059452,-0.0040813684
2021-10-01,IBM,-0.003400445,0.006703496,-0.0021608472
2021-10-01,INTC,0.001522541,0.0026088953,-0.0010163188
2021-10-01,MSFT,0.0029760599,0.00046551228,-0.003436029
2021-10-01,NKE,0.0052461624,0.0062247515,-0.0015696883
2021-10-01,VZ,0.0053538084,0.0013884306,-0.0062508583
2021-10-01,WMT,0.0048633814,0.00091350079,-0.0053083897
2021-10-04,AAPL,-0.02477622,0.013263345,0.0035002232
2021-10-04,AMGN,-0.022510171,0.011197686,0.00090122223
2021-10-04,CRM,-0.034983039,0.013239145,0.014250875
2021-10-04,CSCO,-0.0057764649,1.1920929e-06,-0.0023278594
2021-10-04,IBM,-0.018639088,0.010338545,0.00073051453
2021-10-04,INTC,-0.02088052,0.0031416416,0.0069055557
2021-10-04,MSFT,-0.016091824,0.0060749054,0.00095891953
2021-10-04,NKE,-0.022025704,0.013821363,0.0058077574
2021-10-04,VZ,-0.0091207623,0.0011057854,0.001932025
2021-10-04,WMT,-0.011983871,0.0018085241,-0.0013746023
2021-10-05,AAPL,-0.015134811,0.013440847,-0.0015277863
2021-10-05,AMGN,-0.036303401,0.019228816,0.0021560192
2021-10-05,CRM,-0.022206485,0.01433754,0.0080089569
2021-10-05,CSCO,-0.0019369125,-0.00017952919,-0.006429553
2021-10-05,IBM,-0.012737989,0.0094946623,-0.0028275251
2021-10-05,INTC,-0.0097572803,0.0011560917,0.0020079613
2021-10-05,MSFT,-0.01153779,0.005287528,-0.0032258034
2021-10-05,NKE,-0.018855631,0.011512756,0.0052458048
2021-10-05,VZ,-0.0074537396,0.0021518469,0.0019636154
2021-10-05,WMT,-0.027887404,0.013468266,0.002573967
2021-10-06,AAPL,-0.0059978962,0.014056444,0.00021982193
2021-10-06,AMGN,-0.020410478,0.012340069,-0.00062566996
2021-10-06,CRM,-0.011850893,0.0098044872,0.007851243
2021-10-06,CSCO,-7.969141e-05,-0.0020467043,-0.0028967261
2021-10-06,IBM,-0.017451584,0.010626554,0.0020512342
2021-10-06,INTC,-0.019755304,0.0050760508,0.0053987503
2021-10-06,MSFT,-0.013113439,0.0025281906,-0.0002989769
2021-10-06,NKE,-0.017853498,0.013809085,0.0047544241
2021-10-06,VZ,-0.0063000917,7.8201294e-05,0.00041472912
2021-10-06,WMT,-0.0130831,0.010055661,0.001321435
2021-10-07,AAPL,-0.019489348,0.016094446,0.0030213594
2021-10-07,AMGN,-0.03553319,0.022694468,0.0025831461
2021-10-07,CRM,-0.024676144,0.017215729,0.0055360794
2021-10-07,CSCO,-0.0044992566,0.00017166138,-0.0072471499
2021-10-07,IBM,-0.021811843,0.0098780394,-0.00046634674
2021-10-07,INTC,-0.019903004,0.0058873892,0.0063173771
2021-10-07,MSFT,-0.02220732,0.008682847,-0.0027876496
2021-10-07,NKE,-0.017673433,0.014104009,0.0061974525
2021-10-07,VZ,-0.011006713,0.0041598082,-0.0011351109
2021-10-07,WMT,-0.015607834,0.0097101927,-0.0042976737
2021-10-08,AAPL,-0.0064135194,0.0078698397,-0.0065482259
2021-10-08,AMGN,-0.030864596,0.020056009,-0.0068604946
2021-10-08,CRM,-0.024255812,0.0088289976,0.0024621487
2021-10-08,CSCO,-0.0075105429,-0.004001677,-0.0092921853
2021-10-08,IBM,-0.023238897,0.008906126,0.0017389059
2021-10-08,INTC,-0.020632207,0.0041207075,0.00066184998
2021-10-08,MSFT,-0.02589196,0.0054080486,-0.0071356297
2021-10-08,NKE,-0.019722581,0.012791634,-0.0016297698
2021-10-08,VZ,-0.018053353,0.0049995184,-0.0013226867
2021-10-08,WMT,-0.036094248,0.019207597,0.000826478
2021-10-11,AAPL,0.004170537,0.0099744797,-0.002831459
2021-10-11,AMGN,-0.044404805,0.028778076,0.002410531
2021-10-11,CRM,-0.01684016,0.010214329,0.0046293736
2021-10-11,CSCO,0.0053168535,-0.0063720345,-0.012624383
2021-10-11,IBM,-0.0059612393,0.0079354048,-0.0035756826
2021-10-11,INTC,-0.011238515,0.0032016039,0.00044548512
2021-10-11,MSFT,-0.013079166,0.0033653975,-0.012372553
2021-10-11,NKE,-0.013028681,0.012274027,0.0034526587
2021-10-11,VZ,-0.0054957271,0.0022332668,-0.005648315
2021-10-11,WMT,-0.030261397,0.013669014,-0.00045096874
2021-10-12,AAPL,-0.00037842989,0.0085519552,-0.0017699599
2021-10-12,AMGN,-0.025111794,0.020238876,-0.0064941645
2021-10-12,CRM,-0.013663411,0.014673114,0.0038661957
2021-10-12,CSCO,-0.0046059489,-0.0037141442,-0.0072701573
2021-10-12,IBM,-0.02022475,0.012860298,-0.0011662841
2021-10-12,INTC,-0.0093656778,0.0043282509,0.0015627146
2021-10-12,MSFT,-0.018004179,0.0076426268,-0.0074867606
2021-10-12,NKE,-0.018393457,0.02004087,0.0063788891
2021-10-12,VZ,-0.0089728236,0.0061923265,-0.0041350722
2021-10-12,WMT,-0.027724445,0.013313651,0.00026130676
2021-10-13,AAPL,-0.0098271966,0.011670709,0.0013381243
2021-10-13,AMGN,-0.038566887,0.030032873,0.0011870861
2021-10-13,CRM,-0.029195845,0.015992522,0.0064265728
2021-10-13,CSCO,-0.0033259988,-0.0048818588,-0.0091785789
2021-10-13,IBM,-0.015923202,0.010211587,-0.00039452314
2021-10-13,INTC,-0.015525937,0.0035990477,0.0048475266
2021-10-13,MSFT,-0.014512658,0.0057663918,-0.0099973083
2021-10-13,NKE,-0.027802885,0.01949513,0.009680748
2021-10-13,VZ,-0.0055349469,0.0058453083,-0.0017408133
2021-10-13,WMT,-0.022996247,0.011086822,-0.0012261868
2021-10-14,AAPL,-0.0069889426,0.014779091,-0.0043307543
2021-10-14,AMGN,-0.041844964,0.030075073,-0.0036512017
2021-10-14,CRM,-0.034887075,0.016812563,0.001388073
2021-10-14,CSCO,-0.0067694187,-0.0057025552,-0.0094763637
2021-10-14,IBM,-0.02102077,0.011189699,-0.0025783777
2021-10-14,INTC,-0.022090256,0.0048735142,0.0013678074
2021-10-14,MSFT,-0.021824896,0.007225275,-0.0094599724
2021-10-14,NKE,-0.019262969,0.016273379,0.0022513866
2021-10-14,VZ,-0.013409138,0.0063548088,-0.0039505363
2021-10-14,WMT,-0.028907955,0.013251424,-0.00094044209
2021-10-15,AAPL,-0.0046842098,0.014391661,-0.0046717525
2021-10-15,AMGN,-0.036584973,0.029545546,-0.0026143193
2021-10-15,CRM,-0.034672379,0.018902779,0.0042713881
2021-10-15,CSCO,-0.00018703938,-0.0068078041,-0.011630833
2021-10-15,IBM,-0.016318023,0.011613369,-2.2649765e-05
2021-10-15,INTC,-0.014040887,0.0049365759,0.003254056
2021-10-15,MSFT,-0.019936562,0.0062916279,-0.0085756183
2021-10-15,NKE,-0.025748909,0.020409226,0.0049622059
2021-10-15,VZ,-0.012037158,0.0063410997,-0.0033940673
2021-10-15,WMT,-0.023539364,0.0096998215,-0.002790451
2021-10-18,AAPL,-0.010169566,0.01239872,-0.0044291615
2021-10-18,AMGN,-0.037914157,0.032027483,-0.0025627017
2021-10-18,CRM,-0.023826063,0.017267585,-0.0010257959
2021-10-18,CSCO,-0.0033760667,-0.0034925938,-0.011472404
2021-10-18,IBM,-0.01391238,0.013214707,-0.0013310313
2021-10-18,INTC,-0.016088068,0.0066813231,0.0023001432
2021-10-18,MSFT,-0.023200631,0.011120796,-0.0076850057
2021-10-18,NKE,-0.033136129,0.020100832,0.0067306757
2021-10-18,VZ,-0.014906764,0.011408567,-0.00014096498
2021-10-18,WMT,-0.036760569,0.018571019,0.0021396875
2021-10-19,AAPL,-0.0075114369,0.0191468,-0.010191739
2021-10-19,AMGN,-0.037462831,0.030349851,-0.0023424029
2021-10-19,CRM,-0.03575623,0.023211122,0.0023732185
2021-10-19,CSCO,-0.0093302131,0.0028384924,-0.012029409
2021-10-19,IBM,-0.012785912,0.011105776,-0.00234586
2021-10-19,INTC,-0.019604862,0.008398056,-0.0022936463
2021-10-19,MSFT,-0.019777119,0.011943221,-0.010552227
2021-10-19,NKE,-0.024507403,0.018460512,0.0051128864
2021-10-19,VZ,-0.019341946,0.01083374,-0.0021876097
2021-10-19,WMT,-0.032674074,0.0180825,-0.00059777498
2021-10-20,AAPL,-0.011502445,0.016498685,-0.0028888583
2021-10-20,AMGN,-0.04728508,0.036805868,0.0015999079
2021-10-20,CRM,-0.031957448,0.0203017,-0.00045460463
2021-10-20,CSCO,-0.010709882,0.006336689,-0.007373035
2021-10-20,IBM,-0.016260207,0.012029648,0.00095355511
2021-10-20,INTC,-0.022996128,0.013859391,0.003590703
2021-10-20,MSFT,-0.025918007,0.010640502,-0.0052286983
2021-10-20,NKE,-0.02630651,0.020484805,0.0029691458
2021-10-20,VZ,-0.017029762,0.014599562,-0.0035898089
2021-10-20,WMT,-0.022112548,0.013308525,-0.0016441345
2021-10-21,AAPL,-0.01970613,0.015150905,-0.0058113933
2021-10-21,AMGN,-0.036096692,0.032175779,-0.00088536739
2021-10-21,CRM,-0.02986002,0.021745324,-0.0083296299
2021-10-21,CSCO,-0.010541797,0.0014746189,-0.01352495
2021-10-21,IBM,-0.0061046481,0.0041991472,-0.0045037866
2021-10-21,INTC,-0.016887486,0.010620117,-0.0037527084
2021-10-21,MSFT,-0.01779145,0.0092307329,-0.0095723271
2021-10-21,NKE,-0.005430162,0.0074771643,-0.0015140772
2021-10-21,VZ,-0.018719494,0.012157798,-0.0060113668
2021-10-21,WMT,-0.028339386,0.012611151,-0.002235353
2021-10-22,AAPL,-0.007697463,0.015989065,-0.0079612136
2021-10-22,AMGN,-0.030323565,0.030634999,-0.0024607778
2021-10-22,CRM,0.002828002,0.016859531,-0.013718963
2021-10-22,CSCO,0.0015138388,0.005379796,-0.0093945861
2021-10-22,IBM,0.00040757656,0.011272788,-0.0027354956
2021-10-22,INTC,-0.009954989,0.012728453,-0.0032373071
2021-10-22,MSFT,-0.006876111,0.0080709457,-0.0066417456
2021-10-22,NKE,-0.0078561902,0.0087203979,-0.0018725395
2021-10-22,VZ,-0.026494682,0.019066095,-0.0012924075
2021-10-22,WMT,-0.034081638,0.021728992,0.0060149431
2021-10-25,AAPL,-0.021362484,0.020979881,-0.0015595555
2021-10-25,AMGN,-0.0032193661,0.015913248,-0.0086284876
2021-10-25,CRM,0.029813766,0.0063493252,-0.022503912
2021-10-25,CSCO,-0.0023613572,0.0015113354,-0.0093777776
2021-10-25,IBM,-0.0052961111,0.010078788,-0.0027711391
2021-10-25,INTC,-0.012320817,0.014147162,0.0020081997
2021-10-25,MSFT,-0.0096775293,0.0077061653,-0.0059497356
2021-10-25,NKE,-0.0055461526,0.0055508614,-0.0038546324
2021-10-25,VZ,-0.019872904,0.0172019,0.00035858154
2021-10-25,WMT,-0.022712886,0.016146541,0.0023224354
2021-10-26,AAPL,-0.015162706,0.022252917,-0.007809639
2021-10-26,AMGN,-0.017153025,0.01780355,-0.0074044466
2021-10-26,CRM,-0.012493312,0.021267891,-0.0121665
2021-10-26,CSCO,-0.019736171,0.013633132,-0.0093537569
2021-10-26,IBM,-0.021604121,0.016385555,-0.0029478073
2021-10-26,INTC,-0.033269048,0.021474481,-0.0017695427
2021-10-26,MSFT,-0.028762162,0.015564799,-0.0038455129
2021-10-26,NKE,-0.0092048645,0.013173342,-0.0028076172
2021-10-26,VZ,-0.019956231,0.010029316,-0.0080567002
2021-10-26,WMT,-0.0097819567,0.011669874,-0.0060934424
2021-10-27,AAPL,-0.0096625686,0.027470827,-0.0038429499
2021-10-27,AMGN,-0.021179259,0.032429099,-0.0090135336
2021-10-27,CRM,-0.043051779,0.046387911,-0.011146665
2021-10-27,CSCO,-0.016445994,0.020995498,-0.010401726
2021-10-27,IBM,-0.019968569,0.018367529,-0.001670301
2021-10-27,INTC,-0.021320045,0.017445803,-0.00010943413
2021-10-27,MSFT,-0.025233865,0.022655368,-0.0060873628
2021-10-27,NKE,-0.02537626,0.025368452,0.0033220053
2021-10-27,VZ,-0.0017752051,0.0061410666,-0.0077281594
2021-10-27,WMT,-0.0098446012,0.011584401,-0.0056679845
2021-10-28,AAPL,-0.016991794,0.018375993,-0.028941572
2021-10-28,AMGN,-0.013709247,0.021592379,-0.022712469
2021-10-28,CRM,-0.080342531,0.060430288,-0.026697338
2021-10-28,CSCO,-0.037233591,0.016614318,-0.028356194
2021-10-28,IBM,-0.014355898,0.011278868,-0.019110441
2021-10-28,INTC,-0.028937936,0.014860392,-0.021985054
2021-10-28,MSFT,-0.030047655,0.023702383,-0.022767067
2021-10-28,NKE,-0.028299391,0.015993237,-0.022262514
2021-10-28,VZ,-0.013155639,0.0080573559,-0.027790308
2021-10-28,WMT,-0.01281631,0.011134148,-0.019225121
2021-10-29,AAPL,-0.033286631,0.039300442,-0.0077052712
2021-10-29,AMGN,-0.024044037,0.036094069,-0.0041672587
2021-10-29,CRM,-0.045897484,0.051539779,-0.013695478
2021-10-29,CSCO,-0.028773546,0.034741402,-0.012516022
2021-10-29,IBM,-0.028361559,0.02725327,-0.0046579242
2021-10-29,INTC,-0.029634178,0.037611127,-0.0063452125
2021-10-29,MSFT,-0.030316234,0.031686187,-0.0042520761
2021-10-29,NKE,-0.037997961,0.032330036,-0.0044378042
2021-10-29,VZ,-0.031058192,0.027512789,-0.0057551861
2021-10-29,WMT,-0.021418512,0.026607156,-0.0055215955
2021-11-01,AAPL,0.0055286884,0.0050666332,-0.006426394
2021-11-01,AMGN,0.0020297766,0.0016835928,-0.0094041824
2021-11-01,CRM,-0.0083001256,0.013149261,0.0028573275
2021-11-01,CSCO,0.0056331158,-0.0053708553,-0.0029523373
2021-11-01,IBM,-0.0030781031,0.0049391985,-0.0042918324
2021-11-01,INTC,-0.0046346188,-0.001460135,-0.0019561648
2021-11-01,MSFT,0.0029431581,-0.001029551,-0.0028555393
2021-11-01,NKE,0.003549695,0.0026581287,-1.8656254e-05
2021-11-01,VZ,0.00088000298,0.0043466091,-0.007335186
2021-11-01,WMT,0.002027154,-0.0008880496,-0.0058615804
2021-11-02,AAPL,-0.020042837,0.013913751,0.0047326088
2021-11-02,AMGN,-0.035567164,0.018328071,0.010208249
2021-11-02,CRM,-0.021400213,0.0065338612,0.012304664
2021-11-02,CSCO,0.0024052858,-0.0042959452,-0.0021371245
2021-11-02,IBM,-0.015838325,0.010175467,0.00041699409
2021-11-02,INTC,-0.0043469071,-0.0018594265,0.0071122646
2021-11-02,MSFT,-0.0054693818,0.0023112297,-0.0014852881
2021-11-02,NKE,-0.020580769,0.012660384,0.009427309
2021-11-02,VZ,-0.014259815,0.0064183474,0.0025345087
2021-11-02,WMT,-0.02090925,0.0054283142,0.00080752373
2021-11-03,AAPL,-0.021452427,0.016943932,-0.0026375055
2021-11-03,AMGN,-0.035294175,0.018985987,0.0057191849
2021-11-03,CRM,-0.03776598,0.02084744,0.017660737
2021-11-03,CSCO,-0.0061062574,-0.001314342,-0.0067117214
2021-11-03,IBM,-0.016008556,0.0080598593,0.0010381937
2021-11-03,INTC,-0.012815535,-0.0011575818,0.0079734325
2021-11-03,MSFT,-0.014704645,0.0073056221,-0.00035589933
2021-11-03,NKE,-0.023301959,0.010542989,0.0060157776
2021-11-03,VZ,-0.0019881129,0.0019880533,-0.0021296144
2021-11-03,WMT,-0.0093210936,0.0025621653,-0.002594173
2021-11-04,AAPL,-0.027925551,0.027566314,0.0034788847
2021-11-04,AMGN,-0.027607739,0.018840194,0.0050684214
2021-11-04,CRM,-0.047152221,0.02639246,0.015703321
2021-11-04,CSCO,-0.0044974685,0.0010802746,-0.0027814507
2021-11-04,IBM,-0.018414915,0.0082651377,0.0031017065
2021-11-04,INTC,-0.011552453,0.0024087429,0.0094350576
2021-11-04,MSFT,-0.0094453096,0.0046062469,0.00069510937
2021-11-04,NKE,-0.026941776,0.01826632,0.01486969
2021-11-04,VZ,0.002348423,0.00076580048,-0.0018230081
2021-11-04,WMT,-0.0014078021,0.001645565,-0.0040169358
2021-11-05,AAPL,-0.013994634,0.01358223,-0.01238811
2021-11-05,AMGN,-0.041971326,0.023429155,0.0013481379
2021-11-05,CRM,-0.039351642,0.018791318,-0.00090897083
2021-11-05,CSCO,-0.012998223,-0.0048937798,-0.008476615
2021-11-05,IBM,-0.024626791,0.0078451633,-0.00030368567
2021-11-05,INTC,-0.017716467,-0.00076133013,0.0042594671
2021-11-05,MSFT,-0.02308166,0.0065720081,-0.0044606924
2021-11-05,NKE,-0.02757597,0.013556004,0.0054581165
2021-11-05,VZ,-0.019340932,0.0060482025,-0.0020464063
2021-11-05,WMT,-0.030990362,0.011390328,0.0011435747
2021-11-08,AAPL,-0.011277974,0.013708115,0.00079214573
2021-11-08,AMGN,-0.027525723,0.018021584,0.00097250938
2021-11-08,CRM,-0.012654781,0.0093961954,0.0070587397
2021-11-08,CSCO,0.0011110306,-0.0092979074,-0.0053207278
2021-11-08,IBM,-0.012010038,0.011291027,0.00030434132
2021-11-08,INTC,-0.0048155189,-0.00067794323,0.0015655756
2021-11-08,MSFT,-0.0084850192,0.0010250807,-0.0075712204
2021-11-08,NKE,-0.019771993,0.010827303,0.0073407888
2021-11-08,VZ,-0.012122452,0.0075184107,0.0013873577
2021-11-08,WMT,-0.043403745,0.021617174,0.0056387186
2021-11-09,AAPL,-0.0028147101,0.013212919,-0.0042555928
2021-11-09,AMGN,-0.034184396,0.02488637,0.0066981316
2021-11-09,CRM,-0.011486769,0.014301062,0.0094385147
2021-11-09,CSCO,0.0030169487,-0.0051678419,-0.01042068
2021-11-09,IBM,-0.0090377927,0.0084832907,0.0021051168
2021-11-09,INTC,-0.0086075068,0.0019420385,0.0080007315
2021-11-09,MSFT,-0.018835306,0.0029224157,-0.0055251718
2021-11-09,NKE,-0.0087090731,0.015051246,0.010306954
2021-11-09,VZ,-0.0023154616,0.0042202473,-0.0049909949
2021-11-09,WMT,-0.01568377,0.0089851618,-0.0008443594
2021-11-10,AAPL,-0.014265358,0.016308069,-0.00056350231
2021-11-10,AMGN,-0.030104697,0.015795946,-0.00065356493
2021-11-10,CRM,-0.030087888,0.015926719,0.0049028397
2021-11-10,CSCO,-0.0083075166,-0.0066733956,-0.0084260702
2021-11-10,IBM,-0.021258712,0.0079671144,0.0014846325
2021-11-10,INTC,-0.016959667,-0.00032365322,0.0028551817
2021-11-10,MSFT,-0.022844553,0.0056866407,-0.0040284395
2021-11-10,NKE,-0.022694528,0.016402006,0.0072306395
2021-11-10,VZ,-0.0088922381,0.0087611675,-0.0035541058
2021-11-10,WMT,-0.024558544,0.0092338324,-0.00027740002
2021-11-11,AAPL,-0.0055058002,0.012809992,-0.0049129725
2021-11-11,AMGN,-0.038341343,0.026165247,-8.5234642e-05
2021-11-11,CRM,-0.038248718,0.013219237,0.0091245174
2021-11-11,CSCO,-0.0055009127,-0.0080439448,-0.0097400546
2021-11-11,IBM,-0.01883781,0.010353327,0.00037848949
2021-11-11,INTC,-0.013517678,0.0004774332,0.0036298037
2021-11-11,MSFT,-0.014066517,0.0026086569,-0.0081041455
2021-11-11,NKE,-0.029719293,0.017061949,0.010189056
2021-11-11,VZ,-0.01508671,0.0091186762,-0.0041216016
2021-11-11,WMT,-0.032630205,0.016215444,0.0014719963
2021-11-12,AAPL,-0.0051229,0.016929388,-0.0065379143
2021-11-12,AMGN,-0.028204799,0.020767689,-0.0031513572
2021-11-12,CRM,-0.015121579,0.0052734613,-0.0074726939
2021-11-12,CSCO,0.0010439157,-0.0087600946,-0.012553334
2021-11-12,IBM,-0.010419607,0.0063335896,-0.004001677
2021-11-12,INTC,-0.0046287179,-0.0015787482,-0.0046729445
2021-11-12,MSFT,-0.010781765,0.0034656525,-0.0097535849
2021-11-12,NKE,-0.017871439,0.015266418,0.0027073622
2021-11-12,VZ,-0.011431634,0.0080128908,-0.009796977
2021-11-12,WMT,-0.036479175,0.01576674,-0.0010724664
2021-11-15,AAPL,-0.013223588,0.019022465,-0.0098720789
2021-11-15,AMGN,-0.02836746,0.0273664,-0.0060043931
2021-11-15,CRM,-0.039618313,0.02062583,0.0014919043
2021-11-15,CSCO,-0.015488923,-0.0028876662,-0.0088011026
2021-11-15,IBM,-0.017154634,0.012765646,-0.0032812953
2021-11-15,INTC,-0.017868459,0.0028070211,-0.0010143518
2021-11-15,MSFT,-0.023611665,0.0080943108,-0.010625601
2021-11-15,NKE,-0.025061965,0.017558217,0.0060032606
2021-11-15,VZ,-0.0022424459,0.0068713427,-0.013202727
2021-11-15,WMT,-0.023178577,0.010842562,-0.0070485473
2021-11-16,AAPL,-0.021633804,0.021887183,0.00031459332
2021-11-16,AMGN,-0.001924336,0.011487722,-0.0050088167
2021-11-16,CRM,-0.021559298,0.010094643,0.0046769381
2021-11-16,CSCO,0.00041782856,-0.0002695322,-0.0072609782
2021-11-16,IBM,-0.013473392,0.0091772079,-0.0019492507
2021-11-16,INTC,-0.0062660575,0.0027141571,0.001342535
2021-11-16,MSFT,-0.010246813,0.007917285,-0.0083086491
2021-11-16,NKE,-0.019988656,0.014302969,0.012869835
2021-11-16,VZ,-0.0025972724,0.0062652826,-0.0049456954
2021-11-16,WMT,-0.013976693,0.0077129602,-0.0033731461
2021-11-17,AAPL,-0.030145466,0.02835238,-0.002361238
2021-11-17,AMGN,-0.027234793,0.020115137,-0.00081020594
2021-11-17,CRM,-0.029347777,0.016931534,0.0091087818
2021-11-17,CSCO,-0.010690033,-0.00057417154,-0.0037463903
2021-11-17,IBM,-0.026355326,0.012922525,0.0043652058
2021-11-17,INTC,-0.030492842,0.0083606243,0.0059469938
2021-11-17,MSFT,-0.021365285,0.010994196,0.00051498413
2021-11-17,NKE,-0.017682135,0.017424583,0.013142824
2021-11-17,VZ,-0.01670903,0.012488365,0.0022518635
2021-11-17,WMT,-0.022574961,0.013649225,0.0023980141
2021-11-18,AAPL,0.00010037422,0.004130125,-0.0092100501
2021-11-18,AMGN,-0.044651031,0.022815704,0.0015820265
2021-11-18,CRM,-0.016898215,-0.0018470883,0.0065894127
2021-11-18,CSCO,0.00066399574,-0.010740638,-0.010754526
2021-11-18,IBM,-0.018808782,0.0086468458,0.0025398731
2021-11-18,INTC,-0.019629776,-0.00043207407,-0.00026530027
2021-11-18,MSFT,-0.02506417,0.0031932592,-0.0069493651
2021-11-18,NKE,-0.017341614,0.008194685,0.0007301569
2021-11-18,VZ,-0.018705904,0.0049304962,-0.0016233325
2021-11-18,WMT,-0.036362886,0.018248439,0.0016690493
2021-11-19,AAPL,-0.011982083,0.010303497,-0.0010617971
2021-11-19,AMGN,-0.039108694,0.028363943,0.00051653385
2021-11-19,CRM,-0.029150307,0.0021662712,0.015052199
2021-11-19,CSCO,0.0069357157,-0.010671914,-0.0068776608
2021-11-19,IBM,-0.0078568459,0.006231904,-0.0030401945
2021-11-19,INTC,-0.015851498,-0.002671957,0.0012174845
2021-11-19,MSFT,-0.0096077323,-0.0013061762,-0.0067690015
2021-11-19,NKE,-0.010126114,0.0051341057,0.0061196089
2021-11-19,VZ,-0.0017189384,-0.00037014484,-0.0069711804
2021-11-19,WMT,-0.026619017,0.009919405,-0.0012170672
2021-11-22,AAPL,-0.0084482431,0.010158896,-0.008236289
2021-11-22,AMGN,-0.035879314,0.028998017,-0.00018435717
2021-11-22,CRM,-0.005032599,0.0083767176,0.010325432
2021-11-22,CSCO,0.0090092421,-0.0071299076,-0.0093960166
2021-11-22,IBM,-0.0011442304,0.0045551062,-0.0019375682
2021-11-22,INTC,0.00096285343,-0.0006801486,0.0014526844
2021-11-22,MSFT,-0.00097674131,0.0013602972,-0.0081365108
2021-11-22,NKE,-0.014328122,0.011965871,0.0072181225
2021-11-22,VZ,-0.00099426508,0.0040493011,-0.0048533082
2021-11-22,WMT,-0.020209372,0.01041925,0.0017145872
2021-11-23,AAPL,-0.026452422,0.022066712,-0.0012838244
2021-11-23,AMGN,-0.015204966,0.017447233,-0.0099778771
2021-11-23,CRM,-0.0020656586,0.0016120672,-0.0029210448
2021-11-23,CSCO,-0.010564625,-0.0027103424,-0.0023924112
2021-11-23,IBM,-0.023466468,0.0093252659,0.00012338161
2021-11-23,INTC,-0.021713257,0.0040228367,0.00039601326
2021-11-23,MSFT,-0.013802767,0.0039869547,-0.008390367
2021-11-23,NKE,-0.016048014,0.012085199,0.00051486492
2021-11-23,VZ,-0.01098609,0.0074315071,-0.0022119284
2021-11-23,WMT,-0.028244495,0.019523978,0.004742384
2021-11-24,AAPL,-0.012187064,0.018748999,-0.0079138875
2021-11-24,AMGN,-0.018087745,0.02130425,-0.0087054968
2021-11-24,CRM,-0.030968726,0.017198086,0.0085704327
2021-11-24,CSCO,-0.013451338,0.0039730072,-0.0073369145
2021-11-24,IBM,-0.023652256,0.010869265,0.0030465126
2021-11-24,INTC,-0.025982022,0.0060824156,0.0029717684
2021-11-24,MSFT,-0.030048847,0.011026859,-0.0044425726
2021-11-24,NKE,-0.015930951,0.0083419085,0.00324893
2021-11-24,VZ,-0.0078551769,6.3061714e-05,-0.0034601688
2021-11-24,WMT,-0.0045392513,0.0063716173,-0.0042922497
2021-11-26,AAPL,-0.013166487,0.027561665,0.0026993752
2021-11-26,AMGN,-0.040524781,0.038092613,-0.0057236552
2021-11-26,CRM,-0.059195459,0.041693687,0.00036728382
2021-11-26,CSCO,-0.028468788,0.014123082,-0.0016168952
2021-11-26,IBM,-0.028939068,0.01691854,0.00014638901
2021-11-26,INTC,-0.029632807,0.013641238,0.0003759861
2021-11-26,MSFT,-0.031382143,0.023184061,-0.0072425604
2021-11-26,NKE,-0.025134683,0.025024652,0.0062277317
2021-11-26,VZ,-0.01171124,0.0096241236,-0.0055385828
2021-11-26,WMT,-0.023694158,0.021070957,-0.0011085868
2021-11-29,AAPL,0.0086271763,0.0061930418,-0.019077957
2021-11-29,AMGN,-0.017960131,0.023028851,-0.01554811
2021-11-29,CRM,-0.050667286,0.030076265,-0.026452184
2021-11-29,CSCO,-0.020027995,0.0063085556,-0.020296216
2021-11-29,IBM,-0.011668444,0.008873105,-0.011916161
2021-11-29,INTC,-0.018687785,0.0044697523,-0.015575767
2021-11-29,MSFT,-0.025996029,0.017013192,-0.015668035
2021-11-29,NKE,-0.027169168,0.016537547,-0.011570454
2021-11-29,VZ,-0.011293888,0.0071803331,-0.021826267
2021-11-29,WMT,-0.020743668,0.017119288,-0.010368884
2021-11-30,AAPL,-0.029099524,0.033371329,0.0018047094
2021-11-30,AMGN,-0.030076265,0.036851883,-0.0018102527
2021-11-30,CRM,-0.028209031,0.041044235,-0.0079752803
2021-11-30,CSCO,-0.022651553,0.025061011,-0.0068810582
2021-11-30,IBM,-0.020962894,0.022969842,-0.0012254715
2021-11-30,INTC,-0.027169466,0.028635859,-0.0035781264
2021-11-30,MSFT,-0.030313492,0.02447176,-0.00094670057
2021-11-30,NKE,-0.029274225,0.024408102,-0.0052991509
2021-11-30,VZ,-0.018421292,0.022424459,-0.0060799122
2021-11-30,WMT,-0.013831139,0.020784616,-0.0044281483
2021-12-01,AAPL,0.0032339096,0.0057551861,-0.0063609481
2021-12-01,AMGN,-0.0027276278,-0.0012628436,-0.0061634183
2021-12-01,CRM,0.0021209717,0.011517048,-0.0020145178
2021-12-01,CSCO,0.004206419,-0.00031542778,-0.0018621087
2021-12-01,IBM,-0.0080398321,0.0067716837,-0.0012773871
2021-12-01,INTC,0.00029408932,0.00021541119,0.003292799
2021-12-01,MSFT,0.0003798008,0.00054967403,-0.0049819946
2021-12-01,NKE,0.0049269199,0.0021945238,-0.00025522709
2021-12-01,VZ,0.0013264418,0.0058766603,-0.0054593086
2021-12-01,WMT,0.00012040138,-0.00076562166,-0.0030090213
2021-12-02,AAPL,-0.030472517,0.014451027,0.0095376968
2021-12-02,AMGN,-0.028824329,0.016444564,0.009758234
2021-12-02,CRM,-0.048523724,0.022405505,0.019288301
2021-12-02,CSCO,-0.0071528554,0.00068032742,0.00054013729
2021-12-02,IBM,-0.020312428,0.0088819265,0.005520463
2021-12-02,INTC,-0.014297009,0.0021651983,0.010550857
2021-12-02,MSFT,-0.017539263,0.0075454712,0.0032801628
2021-12-02,NKE,-0.019290626,0.0098719597,0.013639927
2021-12-02,VZ,-0.011607766,0.0059155226,0.0035084486
2021-12-02,WMT,-0.010659993,-0.0038312078,-0.0021961927
2021-12-03,AAPL,-0.021298587,0.018178225,-0.00083506107
2021-12-03,AMGN,-0.057791054,0.031626105,0.015501142
2021-12-03,CRM,-0.027459681,0.020757437,0.0070455074
2021-12-03,CSCO,-0.0055740476,0.0010291338,-0.0042794943
2021-12-03,IBM,-0.017256081,0.012773395,0.0038771629
2021-12-03,INTC,-0.011062622,0.0046560764,0.0073212385
2021-12-03,MSFT,-0.013088882,0.0051237345,0.00071179867
2021-12-03,NKE,-0.019064069,0.014932036,0.0084898472
2021-12-03,VZ,-0.0057994723,0.0058259964,-0.0013030171
2021-12-03,WMT,-0.020996392,0.0040267706,0.0014746189
2021-12-06,AAPL,-0.01001668,0.012356758,0.0032354593
2021-12-06,AMGN,-0.024524033,0.014196754,0.0071446896
2021-12-06,CRM,-0.010743856,0.013451695,-5.0485134e-05
2021-12-06,CSCO,-0.0043699741,-0.006960392,-0.0041711926
2021-12-06,IBM,-0.017319143,0.010508418,0.0057364702
2021-12-06,INTC,-0.0027157664,-0.0029979944,0.0092560053
2021-12-06,MSFT,-0.0068359971,0.0015153885,0.0028959513
2021-12-06,NKE,-0.020547986,0.013793826,0.012696147
2021-12-06,VZ,-0.010842323,0.0045772791,0.0053708553
2021-12-06,WMT,-0.020698547,0.0064451694,0.0032023191
2021-12-07,AAPL,-0.02250576,0.0080749989,-0.00057566166
2021-12-07,AMGN,-0.045845151,0.021723628,0.0079090595
2021-12-07,CRM,-0.020239949,0.011296988,0.004003644
2021-12-07,CSCO,-0.010176957,-0.0099336505,-0.0047213435
2021-12-07,IBM,-0.021242797,0.0078897476,0.0025558472
2021-12-07,INTC,-0.012575686,-0.004042089,0.0066047907
2021-12-07,MSFT,-0.020626605,0.0015951395,-0.005009234
2021-12-07,NKE,-0.026132405,0.010401011,0.010536313
2021-12-07,VZ,-0.017774522,0.0083026886,0.0044394732
2021-12-07,WMT,-0.033918083,0.011076212,0.0026420355
2021-12-08,AAPL,-0.016936541,0.014253736,-0.0060026646
2021-12-08,AMGN,-0.03630805,0.019929886,0.0054713488
2021-12-08,CRM,-0.022070944,0.0044771433,0.0037351847
2021-12-08,CSCO,-0.0078810453,-0.0095154643,-0.0094096661
2021-12-08,IBM,-0.024953604,0.0099025965,0.0032500029
2021-12-08,INTC,-0.02226156,0.0019235611,0.0018707514
2021-12-08,MSFT,-0.023637056,-0.00051468611,-0.0078686476
2021-12-08,NKE,-0.020332158,0.0093280077,0.0031886101
2021-12-08,VZ,-0.018847585,0.0082147121,-0.003316164
2021-12-08,WMT,-0.037331641,0.01692903,0.0013315678
2021-12-09,AAPL,-0.013370454,0.015456676,-0.00040334463
2021-12-09,AMGN,-0.037838697,0.025112152,0.0049828291
2021-12-09,CRM,-0.022067606,0.014049768,0.009706378
2021-12-09,CSCO,-0.0010710359,-0.0052706599,-0.0078167319
2021-12-09,IBM,-0.016447067,0.012776971,0.0018882751
2021-12-09,INTC,-0.013882518,0.0032782555,0.0055348873
2021-12-09,MSFT,-0.024180233,0.006360054,-0.0030397773
2021-12-09,NKE,-0.013207197,0.013774276,0.01221633
2021-12-09,VZ,-0.0082112551,0.0077904463,-0.0031433105
2021-12-09,WMT,-0.024573326,0.01145494,-0.00031942129
2021-12-10,AAPL,-0.0080564618,0.010720849,-0.0057812929
2021-12-10,AMGN,-0.027113497,0.014724493,0.0016146898
2021-12-10,CRM,-0.018431962,0.0073982477,-0.00085943937
2021-12-10,CSCO,-0.0070281029,-0.011892915,-0.0092661381
2021-12-10,IBM,-0.018246174,0.0099269152,0.0027961731
2021-12-10,INTC,-0.013255775,-0.0015369654,0.0036979914
2021-12-10,MSFT,-0.01907444,-0.00086158514,-0.0067969561
2021-12-10,NKE,-0.014118731,0.008949399,0.0066726208
2021-12-10,VZ,-0.017449856,0.0096297264,-0.00023120642
2021-12-10,WMT,-0.034082234,0.011695027,-0.00017398596
2021-12-13,AAPL,-0.0034359097,0.014345765,-0.0046634674
2021-12-13,AMGN,-0.030889213,0.02046597,0.0010062456
2021-12-13,CRM,-0.02073127,0.013721466,0.0051193237
2021-12-13,CSCO,-0.0024673939,-0.01167345,-0.011749625
2021-12-13,IBM,-0.016082823,0.011522293,0.00077450275
2021-12-13,INTC,-0.01059109,-0.0014169216,0.0038639307
2021-12-13,MSFT,-0.016296864,0.0015428066,-0.0070918798
2021-12-13,NKE,-0.02036339,0.014997363,0.0090024471
2021-12-13,VZ,-0.012369096,0.0090944767,-0.0035782456
2021-12-13,WMT,-0.026582181,0.012686014,-0.0017091632
2021-12-14,AAPL,-0.0051648617,0.014644623,-0.0019207001
2021-12-14,AMGN,-0.042058647,0.028362274,0.0043205023
2021-12-14,CRM,-0.023559988,0.017261267,0.0074743032
2021-12-14,CSCO,0.00033032894,-0.010686219,-0.009675622
2021-12-14,IBM,-0.017881274,0.011575341,0.0015999079
2021-12-14,INTC,-0.011975884,-0.001188159,0.0069965124
2021-12-14,MSFT,-0.016171038,0.0015856028,-0.0060148239
2021-12-14,NKE,-0.023468137,0.018132687,0.012303233
2021-12-14,VZ,-0.0083675981,0.008024931,-0.0052720904
2021-12-14,WMT,-0.020403326,0.0086956024,-0.0024393201
2021-12-15,AAPL,-0.0035070181,0.013805032,-0.0062814355
2021-12-15,AMGN,-0.030956328,0.023720503,-0.00021874905
2021-12-15,CRM,-0.033551335,0.020214796,-0.00027263165
2021-12-15,CSCO,0.00020587444,-0.012141585,-0.012699962
2021-12-15,IBM,-0.017732739,0.0089905262,0.0027931929
2021-12-15,INTC,-0.0098163486,-0.0040602088,0.0014779568
2021-12-15,MSFT,-0.010578752,-0.0016141534,-0.0086354613
2021-12-15,NKE,-0.029820502,0.015326977,0.0098069906
2021-12-15,VZ,-0.0061135888,0.0055158138,-0.0061749816
2021-12-15,WMT,-0.029503703,0.010460854,-0.0023289323
2021-12-16,AAPL,-0.0022495985,0.0088325739,-0.005494833
2021-12-16,AMGN,-0.048061132,0.033475637,0.0021103621
2021-12-16,CRM,-0.038499117,0.021424174,0.00093853474
2021-12-16,CSCO,0.00047361851,-0.0098151565,-0.011271656
2021-12-16,IBM,-0.015740931,0.010599494,0.0006633997
2021-12-16,INTC,-0.0084135532,-0.002492547,0.0019338131
2021-12-16,MSFT,-0.017296612,0.0024183989,-0.0088402629
2021-12-16,NKE,-0.022529423,0.01629138,0.0083895922
2021-12-16,VZ,-0.010166585,0.0075502396,-0.0038834214
2021-12-16,WMT,-0.030520022,0.013930678,-0.00032389164
2021-12-17,AAPL,-0.00704813,0.0138762,-0.0058467388
2021-12-17,AMGN,-0.0087222457,0.011506796,-0.0074080229
2021-12-17,CRM,-0.011116982,0.010913849,-0.0070333481
2021-12-17,CSCO,-2.682209e-05,-0.010383368,-0.011359036
2021-12-17,IBM,-0.01641798,0.0078431368,-0.0019132495
2021-12-17,INTC,-0.011246741,0.001635313,0.00035512447
2021-12-17,MSFT,-0.016507387,0.0037491322,-0.0096404552
2021-12-17,NKE,-0.012309015,0.0092126131,0.0047521591
2021-12-17,VZ,-0.010236084,0.007258296,-0.0041945577
2021-12-17,WMT,-0.031519949,0.012568712,-0.0029760599
2021-12-20,AAPL,-0.0036914945,0.0095287561,-0.011633992
2021-12-20,AMGN,-0.031983733,0.025124192,-0.0032038689
2021-12-20,CRM,-0.029335499,0.013034582,-0.0019953251
2021-12-20,CSCO,-0.0062503815,-0.0022723079,-0.0076995492
2021-12-20,IBM,-0.020399153,0.012447476,0.00029480457
2021-12-20,INTC,-0.024154484,0.0061095953,0.0049687624
2021-12-20,MSFT,-0.020995975,0.008058548,-0.0085712075
2021-12-20,NKE,-0.025573373,0.015536904,0.0040749311
2021-12-20,VZ,-0.014954507,0.0068017244,-0.0043743253
2021-12-20,WMT,-0.019777417,0.0091820955,-0.0037173033
2021-12-21,AAPL,-0.01881808,0.017920613,-0.0053632259
2021-12-21,AMGN,-0.032804966,0.027953029,0.0029233694
2021-12-21,CRM,-0.021176815,0.015178084,-0.00068002939
2021-12-21,CSCO,-0.0062835813,-0.0051954389,-0.011518955
2021-12-21,IBM,-0.010095477,0.0061463118,-0.0030324459
2021-12-21,INTC,-0.0097911954,0.0029218197,-0.0009984374
2021-12-21,MSFT,-0.0093987584,0.0058870316,-0.010929465
2021-12-21,NKE,-0.023638308,0.012854695,0.007599473
2021-12-21,VZ,-0.013313055,0.0065807104,-0.0022857785
2021-12-21,WMT,-0.033589959,0.015067339,0.00067520142
2021-12-22,AAPL,-0.013089538,0.018997788,-0.0056045055
2021-12-22,AMGN,-0.033684492,0.033201814,0.0010522604
2021-12-22,CRM,-0.0032792091,0.017895699,-0.00036126375
2021-12-22,CSCO,-0.0032727122,0.0030764341,-0.0053360462
2021-12-22,IBM,-0.012323856,0.014091492,-0.00069183111
2021-12-22,INTC,-0.016904533,0.012019753,0.0059300661
2021-12-22,MSFT,-0.012999177,0.01101172,-0.0040137768
2021-12-22,NKE,-0.016226053,0.018052459,0.0046797991
2021-12-22,VZ,-0.01468277,0.016527176,-0.0015334487
2021-12-22,WMT,-0.027634978,0.020567179,0.0035092831
2021-12-23,AAPL,-0.022751153,0.019561648,4.5537949e-05
2021-12-23,AMGN,-0.012650192,0.017592072,-0.0093266964
2021-12-23,CRM,-0.0020992756,0.008677721,-0.012011349
2021-12-23,CSCO,-0.011159956,0.0015968084,-0.0077269077
2021-12-23,IBM,-0.018581212,0.012641072,-0.00050133467
2021-12-23,INTC,-0.018074036,0.0095044374,-0.00042337179
2021-12-23,MSFT,-0.018767178,0.0059341192,-0.0060114861
2021-12-23,NKE,-0.013562143,0.010719419,0.0016138554
2021-12-23,VZ,-0.01538837,0.011758924,-0.0025063753
2021-12-23,WMT,-0.029301465,0.017203212,0.0030015707
2021-12-27,AAPL,-0.012295306,0.022562504,-0.0092835426
2021-12-27,AMGN,-0.025063276,0.024261713,-0.0025330782
2021-12-27,CRM,-0.02475965,0.022631168,-0.0098226666
2021-12-27,CSCO,-0.014820099,0.0058903694,-0.012148142
2021-12-27,IBM,-0.019483984,0.016006231,-0.0033650994
2021-12-27,INTC,-0.025546312,0.011346102,-0.0044162273
2021-12-27,MSFT,-0.028219104,0.014124274,-0.0063393116
2021-12-27,NKE,-0.017163336,0.012646556,-0.0037332773
2021-12-27,VZ,-0.013360381,0.0064861774,-0.0076058507
2021-12-27,WMT,-0.01400876,0.011022568,-0.0047647357
2021-12-28,AAPL,-0.0016115308,0.020763516,0.00080144405
2021-12-28,AMGN,-0.023513079,0.029629111,-0.0052641034
2021-12-28,CRM,-0.024226964,0.029184103,-0.0098112822
2021-12-28,CSCO,-0.016824961,0.014667392,-0.0039216876
2021-12-28,IBM,-0.022460759,0.019358277,-0.00026428699
2021-12-28,INTC,-0.020146191,0.015058756,0.000852108
2021-12-28,MSFT,-0.022872984,0.020079851,-0.0051501393
2021-12-28,NKE,-0.021255016,0.026516438,0.0045127869
2021-12-28,VZ,-0.006224215,0.0098717213,-0.0050556064
2021-12-28,WMT,-0.021846235,0.020786643,0.00035381317
2021-12-29,AAPL,-0.0064018369,0.0078421831,-0.016537905
2021-12-29,AMGN,-0.019155324,0.023159742,-0.014369547
2021-12-29,CRM,-0.056640983,0.037756324,-0.024084151
2021-12-29,CSCO,-0.024702847,0.0066381693,-0.018157661
2021-12-29,IBM,-0.012407005,0.0097309351,-0.013497174
2021-12-29,INTC,-0.02429384,0.0079493523,-0.014404058
2021-12-29,MSFT,-0.027837992,0.017425299,-0.014626741
2021-12-29,NKE,-0.024145126,0.013358474,-0.01133287
2021-12-29,VZ,-0.011515796,0.0040678978,-0.020072639
2021-12-29,WMT,-0.012305439,0.011553168,-0.01403904
2021-12-30,AAPL,-0.037900865,0.036098599,-0.0017850995
2021-12-30,AMGN,-0.030139029,0.037238359,-0.0013960004
2021-12-30,CRM,-0.041612387,0.05025816,-0.0072416067
2021-12-30,CSCO,-0.030839562,0.03077209,-0.0081494451
2021-12-30,IBM,-0.025245667,0.026657462,-0.0026737452
2021-12-30,INTC,-0.029546082,0.03107357,-0.0046688914
2021-12-30,MSFT,-0.033074856,0.027411938,-0.00067436695
2021-12-30,NKE,-0.031119108,0.026892543,-0.0036637783
2021-12-30,VZ,-0.023360074,0.023942113,-0.0069157481
2021-12-30,WMT,-0.019152462,0.023502707,-0.0045290589
2021-12-31,AAPL,-0.0026247501,0.013628244,-0.0038747787
2021-12-31,AMGN,0.0030837059,0.0033013821,-0.0083729029
2021-12-31,CRM,0.017367482,0.0066851377,0.0015416145
2021-12-31,CSCO,0.015397191,-0.00017851591,-0.0025405884
2021-12-31,IBM,0.0015231371,0.0052078962,-0.00012820959
2021-12-31,INTC,0.0025552511,0.0024553537,0.00084352493
2021-12-31,MSFT,0.0040504932,-5.3584576e-05,0.00027287006
2021-12-31,NKE,0.012994528,-0.0007134676,0.0014526844
2021-12-31,VZ,-0.0069746375,0.0061637163,-0.0020133853
2021-12-31,WMT,0.0046002865,-0.00046515465,-0.0054909587
2022-01-03,AAPL,-0.033513725,0.024724603,-0.0044733286
2022-01-03,AMGN,-0.035183132,0.018025041,0.0051678419
2022-01-03,CRM,-0.046759427,0.01178813,0.017686605
2022-01-03,CSCO,-0.020062447,-0.0014546514,-0.0025705099
2022-01-03,IBM,-0.031682909,0.0093700886,0.0028262138
2022-01-03,INTC,-0.028708875,0.0042926073,0.0067900419
2022-01-03,MSFT,-0.033051193,0.0076595545,0.003932476
2022-01-03,NKE,-0.01093334,0.0039545298,-0.0011294484
2022-01-03,VZ,-0.022919238,0.0082504749,0.0014197826
2022-01-03,WMT,-0.014950454,-0.002471745,-0.0043044686
2022-01-04,AAPL,-0.015844762,0.025733471,-0.011305809
2022-01-04,AMGN,-0.036134183,0.022624612,0.0045820475
2022-01-04,CRM,-0.032811105,0.015041947,0.014588833
2022-01-04,CSCO,0.0085252523,-0.0069298744,-0.010286331
2022-01-04,IBM,-0.0025360584,0.0036398172,-0.0042749643
2022-01-04,INTC,0.011020303,-0.0053779483,-0.0031410456
2022-01-04,MSFT,-0.0063207746,-0.0033793449,-0.0073559284
2022-01-04,NKE,-0.019572735,0.0073516369,0.0072274208
2022-01-04,VZ,-0.00050109625,-0.00087583065,-0.005646944
2022-01-04,WMT,-0.0031465292,-0.0038146973,-0.0077137947
2022-01-05,AAPL,-0.014350474,0.016966105,-0.0019128919
2022-01-05,AMGN,-0.0099838972,0.0070806742,0.00036478043
2022-01-05,CRM,-0.01946485,0.0054482222,0.0069736242
2022-01-05,CSCO,0.0010416508,-0.011487424,-0.0062816143
2022-01-05,IBM,-0.0089034438,0.0023926497,0.00068795681
2022-01-05,INTC,0.0057191849,-0.0059907436,0.0023186207
2022-01-05,MSFT,-0.00034707785,-0.00023466349,-0.0028273463
2022-01-05,NKE,-0.018919468,0.01060915,0.01727891
2022-01-05,VZ,-0.0087553263,0.0038199425,0.0014683008
2022-01-05,WMT,-0.0086753368,0.0020561218,-0.0024811625
2022-01-06,AAPL,-0.035787284,0.025928736,-0.011183918
2022-01-06,AMGN,-0.034105003,0.018817425,0.004224658
2022-01-06,CRM,-0.034999967,0.015934587,0.005140543
2022-01-06,CSCO,-0.0033849478,-0.010055959,-0.0080810189
2022-01-06,IBM,-0.015475571,0.0048793554,0.00036668777
2022-01-06,INTC,-0.0054772496,-0.0049366355,0.0096291304
2022-01-06,MSFT,-0.0088461041,-0.00045841932,-0.0032767653
2022-01-06,NKE,-0.020068824,0.0068817139,0.011045814
2022-01-06,VZ,-0.0064249039,0.0049490929,-0.0065774322
2022-01-06,WMT,-0.0050050616,-0.0036739707,-0.0085788965
2022-01-07,AAPL,-0.017370224,0.017388105,-0.014149845
2022-01-07,AMGN,-0.028146565,0.018771172,0.0035331249
2022-01-07,CRM,-0.023087442,0.014324069,0.0041912794
2022-01-07,CSCO,-0.004101038,-0.014326394,-0.011481225
2022-01-07,IBM,-0.019790947,0.0078126192,0.000654459
2022-01-07,INTC,-0.0057182908,-0.0014485717,0.0026310682
2022-01-07,MSFT,-0.014061391,-6.6816807e-05,-0.0022906065
2022-01-07,NKE,-0.020304382,0.0068131685,0.0081551075
2022-01-07,VZ,-0.023184478,0.011521697,0.0011907816
2022-01-07,WMT,-0.0270015,0.0092779398,0.0016263723
2022-01-10,AAPL,-0.020344257,0.02098,-0.005775094
2022-01-10,AMGN,-0.021670699,0.012135386,-0.0031558871
2022-01-10,CRM,0.0025949478,0.0074032545,-0.0059811473
2022-01-10,CSCO,-0.0034857392,-0.011622787,-0.01105541
2022-01-10,IBM,-0.01614213,0.011430025,-0.0015640855
2022-01-10,INTC,-0.0072424412,-0.003293395,0.0012873411
2022-01-10,MSFT,-0.017970741,0.0054584742,-0.0024676919
2022-01-10,NKE,-0.016094089,0.0094326735,0.0082147121
2022-01-10,VZ,-0.023932159,0.013674259,-5.9187412e-05
2022-01-10,WMT,-0.027417183,0.011737704,0.0009304285
2022-01-11,AAPL,-0.013423085,0.017015696,-0.011560261
2022-01-11,AMGN,-0.027646601,0.014211059,-0.0021537542
2022-01-11,CRM,-0.020244122,0.0091911554,0.0024908781
2022-01-11,CSCO,-0.0075505972,-0.015526891,-0.010951459
2022-01-11,IBM,-0.025015831,0.0084592104,0.0013767481
2022-01-11,INTC,-0.012842238,0.00039732456,0.0021415949
2022-01-11,MSFT,-0.021977842,0.0046788454,-0.0013813972
2022-01-11,NKE,-0.014620781,0.0085158348,0.0058578253
2022-01-11,VZ,-0.027241468,0.011411786,0.001236558
2022-01-11,WMT,-0.017871082,0.0037456751,-0.0065413713
2022-01-12,AAPL,-0.010623336,0.017977238,-0.012419343
2022-01-12,AMGN,-0.03107971,0.019432068,-0.00079411268
2022-01-12,CRM,-0.02242136,0.0073262453,0.0022734404
2022-01-12,CSCO,-0.00040405989,-0.014425278,-0.016751826
2022-01-12,IBM,-0.010656536,0.006704092,-0.0033351183
2022-01-12,INTC,-0.0016766191,-0.0023632646,-0.0013660789
2022-01-12,MSFT,-0.0067716837,-0.0013117194,-0.0083233714
2022-01-12,NKE,-0.021521807,0.0096869469,0.007928133
2022-01-12,VZ,-0.02462399,0.0093934536,-7.3194504e-05
2022-01-12,WMT,-0.02807349,0.0068871975,-0.003238678
2022-01-13,AAPL,-0.0089714527,0.019853354,-0.020774722
2022-01-13,AMGN,-0.029962897,0.026138425,-0.0061053038
2022-01-13,CRM,-0.044150531,0.025557876,-0.0028210282
2022-01-13,CSCO,0.0031350851,-0.013856411,-0.017905056
2022-01-13,IBM,-0.0034269691,0.0027654171,-0.0047633052
2022-01-13,INTC,-0.0011565089,-0.0072345734,-0.00095021725
2022-01-13,MSFT,-0.010238409,-0.0013900399,-0.012544513
2022-01-13,NKE,-0.012508154,0.0068337917,0.00024235249
2022-01-13,VZ,-0.012343109,0.0042550564,-0.01110822
2022-01-13,WMT,-0.0032317638,-0.0041867495,-0.011855245
2022-01-14,AAPL,-0.010851324,0.018231988,-0.01529032
2022-01-14,AMGN,-0.02691865,0.017301798,-0.0012615323
2022-01-14,CRM,-0.035462558,0.020723224,-0.005589962
2022-01-14,CSCO,0.0015851259,-0.013523459,-0.017136276
2022-01-14,IBM,-0.016739547,0.0035859346,-0.00094926357
2022-01-14,INTC,0.0063471794,-0.0072247386,-0.0085534453
2022-01-14,MSFT,-0.0053204298,-0.0053913593,-0.013775885
2022-01-14,NKE,-0.029391885,0.0096848011,0.0058090687
2022-01-14,VZ,-0.010769486,0.0061304569,-0.008179009
2022-01-14,WMT,-0.012361169,9.727478e-05,-0.0078270435
2022-01-18,AAPL,-0.015841782,0.022789836,-0.0046283603
2022-01-18,AMGN,-0.028722107,0.020030737,-0.004494369
2022-01-18,CRM,-0.018745422,0.018519998,-0.004460156
2022-01-18,CSCO,0.0034217834,-0.0099149942,-0.0082243681
2022-01-18,IBM,-0.01280123,0.0062769651,-0.00013381243
2022-01-18,INTC,0.0056233406,-0.0019687414,-0.0015724897
2022-01-18,MSFT,-0.0060196519,0.0042649508,-0.006696403
2022-01-18,NKE,-0.027283549,0.017855883,0.011828303
2022-01-18,VZ,-0.014032066,0.0095404387,-0.0014487505
2022-01-18,WMT,-0.013264716,0.0017557144,-0.0082346797
2022-01-19,AAPL,-0.016730785,0.02108252,-0.015054584
2022-01-19,AMGN,-0.024076998,0.018282056,-0.008777678
2022-01-19,CRM,-0.033224463,0.021543503,-0.0066074133
2022-01-19,CSCO,-0.0065681934,-0.0084218979,-0.01451993
2022-01-19,IBM,-0.016815305,0.0084058046,-0.0055776834
2022-01-19,INTC,-0.0028208494,-0.0016222,-0.0084915161
2022-01-19,MSFT,-0.0097987056,0.0035808086,-0.011173248
2022-01-19,NKE,-0.026043773,0.010749459,0.0031903982
2022-01-19,VZ,-0.015066087,0.0072702169,-0.005386591
2022-01-19,WMT,-0.019123495,0.0045802593,-0.006696701
2022-01-20,AAPL,-0.031321943,0.025021315,-0.024337411
2022-01-20,AMGN,-0.029655278,0.020387888,-0.0084197521
2022-01-20,CRM,-0.059142053,0.026344419,-0.0075294375
2022-01-20,CSCO,-0.0091657043,-0.007496655,-0.018500626
2022-01-20,IBM,-0.015757322,0.0052767992,-0.0061715245
2022-01-20,INTC,-0.014017701,0.0011970997,-0.0089259148
2022-01-20,MSFT,-0.016999602,0.0069631338,-0.012111247
2022-01-20,NKE,-0.023671925,0.0097103119,-0.0022488236
2022-01-20,VZ,-0.012533784,0.0033911467,-0.012871563
2022-01-20,WMT,-0.011891842,0.003041029,-0.011754513
2022-01-21,AAPL,-0.023309588,0.028468132,-0.012927651
2022-01-21,AMGN,-0.034139335,0.037066698,0.0012772083
2022-01-21,CRM,-0.025164008,0.026753783,-0.0045737624
2022-01-21,CSCO,-0.016955793,0.010028005,-0.0086616278
2022-01-21,IBM,-0.012760699,0.010325074,-0.0035008788
2022-01-21,INTC,-0.0098271966,0.010762095,-0.0021628737
2022-01-21,MSFT,-0.0069234371,0.015350938,-0.0075041056
2022-01-21,NKE,-0.021496534,0.019780517,0.007101655
2022-01-21,VZ,-0.021652341,0.011390805,-0.006395936
2022-01-21,WMT,-0.023099542,0.012777448,-0.00066822767
2022-01-24,AAPL,-0.00015085936,0.009346962,-0.013823509
2022-01-24,AMGN,-0.037010252,0.031373382,0.0014383793
2022-01-24,CRM,0.016780615,0.0057125092,-0.010807216
2022-01-24,CSCO,0.0099310875,-0.0016162992,-0.014792204
2022-01-24,IBM,-0.0056909919,0.011197805,-0.003510952
2022-01-24,INTC,0.0039105415,0.0085062981,-0.0070700049
2022-01-24,MSFT,0.0071338415,0.0015047789,-0.0063328147
2022-01-24,NKE,-0.0088923573,0.0078681707,-0.004686892
2022-01-24,VZ,-0.016855061,0.01243794,-0.0043137074
2022-01-24,WMT,-0.03622961,0.022191286,0.0033107996
2022-01-25,AAPL,-0.0232656,0.015258908,-0.0011916161
2022-01-25,AMGN,0.0082623959,0.0030320883,-0.013854206
2022-01-25,CRM,0.0075727701,0.0061119795,-0.0061476827
2022-01-25,CSCO,-0.0065577626,-0.0020467639,-0.0099947453
2022-01-25,IBM,-0.0038003922,0.0074368715,-0.0079272389
2022-01-25,INTC,-0.013918042,0.0073572397,-0.0061353445
2022-01-25,MSFT,-0.0046434402,0.00027513504,-0.0060808063
2022-01-25,NKE,-0.0053657293,0.00077950954,-0.0019358397
2022-01-25,VZ,-0.0044590235,0.0047309399,-0.0026108027
2022-01-25,WMT,-0.022801399,0.008813262,0.0018333197
2022-01-26,AAPL,0.0033117533,0.009057641,-0.017380357
2022-01-26,AMGN,-0.028127968,0.020968437,-0.0044862032
2022-01-26,CRM,-0.023761272,0.024302363,-0.0080015659
2022-01-26,CSCO,-0.023004651,0.015104294,-0.0085152984
2022-01-26,IBM,-0.017881215,0.011508942,-0.0010256171
2022-01-26,INTC,-0.033855081,0.016326666,0.0035097599
2022-01-26,MSFT,-0.022861958,0.010245204,-0.0047634244
2022-01-26,NKE,-0.0096083879,0.014091849,-0.0014332533
2022-01-26,VZ,-0.016932845,0.0074775219,-0.0047004819
2022-01-26,WMT,-0.00072097778,0.010704637,-0.0067436099
2022-01-27,AAPL,-0.017222345,0.022351384,-0.0068876147
2022-01-27,AMGN,-0.012067914,0.017761111,-0.0074201822
2022-01-27,CRM,-0.04115206,0.040397882,-0.014392138
2022-01-27,CSCO,-0.020118892,0.015775323,-0.01027298
2022-01-27,IBM,-0.018394351,0.015846848,-0.0041107535
2022-01-27,INTC,-0.02073133,0.016431808,-0.0092332959
2022-01-27,MSFT,-0.028945327,0.023399591,0.0013362169
2022-01-27,NKE,-0.026054621,0.025920153,-0.0022904277
2022-01-27,VZ,-0.0051011443,0.0096350908,-0.0063276887
2022-01-27,WMT,-0.0097689629,0.010318637,-0.0063809156
2022-01-28,AAPL,-0.0062426329,0.018335938,-0.067694545
2022-01-28,AMGN,-0.0067106485,0.013864517,-0.024424851
2022-01-28,CRM,-0.060299456,0.045265317,-0.037754536
2022-01-28,CSCO,-0.028526247,0.014964104,-0.043689549
2022-01-28,IBM,-0.012214422,0.010251403,-0.025351942
2022-01-28,INTC,-0.0062537789,0.013943672,-0.03318733
2022-01-28,MSFT,-0.016557038,0.016378641,-0.033502281
2022-01-28,NKE,-0.025433242,0.020624757,-0.033315003
2022-01-28,VZ,-0.012885392,0.0064585209,-0.041272402
2022-01-28,WMT,-0.020906866,0.014217854,-0.018966556
2022-01-31,AAPL,-0.025432229,0.039339662,-0.0094342828
2022-01-31,AMGN,-0.022908092,0.033857822,-0.0017817616
2022-01-31,CRM,-0.028918922,0.047112823,-0.013427436
2022-01-31,CSCO,-0.025536835,0.033160806,-0.0095107555
2022-01-31,IBM,-0.026345789,0.028012395,-0.0028525591
2022-01-31,INTC,-0.030638933,0.040151,-0.004463613
2022-01-31,MSFT,-0.030456305,0.034327388,-0.0073362589
2022-01-31,NKE,-0.026576042,0.033298254,-0.0060812831
2022-01-31,VZ,-0.027885079,0.029387712,-0.0047442913
2022-01-31,WMT,-0.02294904,0.027168512,-0.0011203289
2022-02-01,AAPL,-0.0012478828,0.016587377,-0.0073928237
2022-02-01,AMGN,-0.012646735,0.0089831352,-0.0081444979
2022-02-01,CRM,0.01071763,0.014150143,0.0005235672
2022-02-01,CSCO,0.006482482,-0.0017063022,-0.0088071823
2022-02-01,IBM,-0.0069013238,0.0097793341,0.0018539429
2022-02-01,INTC,-0.0029440522,0.0070163012,-0.002212286
2022-02-01,MSFT,-0.0050150156,0.0050443411,-0.00040328503
2022-02-01,NKE,-0.010435402,0.011383533,0.0033484697
2022-02-01,VZ,-0.0066788197,0.00565207,0.00050365925
2022-02-01,WMT,-0.0025799274,0.0050014257,-0.0062940717
2022-02-02,AAPL,-0.031328917,0.03031671,0.0029996634
2022-02-02,AMGN,-0.037980676,0.020175934,-0.00068163872
2022-02-02,CRM,-0.02609247,0.011736512,0.0076845884
2022-02-02,CSCO,-0.015246332,0.0015244484,-0.005623281
2022-02-02,IBM,-0.015515327,0.010316849,-0.0043095946
2022-02-02,INTC,-0.01471734,0.0043922663,-0.0021130443
2022-02-02,MSFT,-0.029207945,0.014798641,-0.0037233233
2022-02-02,NKE,-0.019002438,0.011729717,0.0022805929
2022-02-02,VZ,-0.030458391,0.0090891123,0.00079965591
2022-02-02,WMT,-0.012174129,-8.6426735e-06,-0.0052262545
2022-02-03,AAPL,0.0106076,0.007676959,-0.027404904
2022-02-03,AMGN,-0.038841784,0.021098137,-0.0043063164
2022-02-03,CRM,0.0036919117,-0.0012875199,-0.012189329
2022-02-03,CSCO,0.0071605444,-0.016243279,-0.021622181
2022-02-03,IBM,-0.0052906275,0.0051058531,-0.0050102472
2022-02-03,INTC,0.0088890791,-0.0043478012,-0.017640591
2022-02-03,MSFT,-0.015787303,-0.0012337565,-0.018412471
2022-02-03,NKE,-0.017729402,0.0043333769,-0.006768465
2022-02-03,VZ,-0.020512521,0.0061455965,-0.0066919327
2022-02-03,WMT,-0.019261539,0.0017588139,-0.0086864829
2022-02-04,AAPL,-0.01545471,0.02509582,-0.00059455633
2022-02-04,AMGN,-0.0089149475,0.014086485,-0.0011880398
2022-02-04,CRM,-0.024423897,0.023950696,-0.00017660856
2022-02-04,CSCO,-0.0090212822,-0.0061115623,-0.0083422065
2022-02-04,IBM,-0.009719193,0.0071778297,-0.0051636696
2022-02-04,INTC,0.0056631565,0.0013129711,-0.0025959015
2022-02-04,MSFT,-0.014572442,0.013313174,-0.0091594458
2022-02-04,NKE,-0.024630129,0.020718098,0.0098323822
2022-02-04,VZ,-0.014402211,0.0076307058,1.0251999e-05
2022-02-04,WMT,-0.0064496994,-0.0016644597,-0.010662436
2022-02-07,AAPL,-0.003017962,0.0036661625,-0.017550826
2022-02-07,AMGN,-0.025435567,0.015254974,-0.00093889236
2022-02-07,CRM,-0.01663655,0.012818933,-0.0062266588
2022-02-07,CSCO,0.014044762,-0.016711414,-0.018219709
2022-02-07,IBM,-0.0049051046,0.0050765276,-0.0071842074
2022-02-07,INTC,0.01308465,-0.0083383918,-0.0099266171
2022-02-07,MSFT,0.0037947893,-0.0055980682,-0.016366541
2022-02-07,NKE,-0.021125495,0.0077749491,0.0022586584
2022-02-07,VZ,-0.021818697,0.0053480864,-0.0033181906
2022-02-07,WMT,-0.015820503,-0.00050675869,-0.011724472
2022-02-08,AAPL,-0.016536653,0.025954485,-0.0062973499
2022-02-08,AMGN,-0.025929332,0.020742655,-0.0003465414
2022-02-08,CRM,-0.010231316,0.016566157,-0.003729105
2022-02-08,CSCO,0.00101161,-0.010124385,-0.0095583797
2022-02-08,IBM,-0.012357175,0.011594534,-2.8252602e-05
2022-02-08,INTC,-0.0015948415,0.0020176172,-0.00390172
2022-02-08,MSFT,-0.014100552,0.0058277845,-0.0085166693
2022-02-08,NKE,-0.032993495,0.017311215,0.010273218
2022-02-08,VZ,-0.020438552,0.0098809004,0.00058066845
2022-02-08,WMT,-0.014315546,0.0026249886,-0.0074341893
2022-02-09,AAPL,-0.010819316,0.016754389,-0.0062453151
2022-02-09,AMGN,-0.045109153,0.0235641,0.0080422163
2022-02-09,CRM,0.002394557,0.0012284517,-0.0050422549
2022-02-09,CSCO,0.0014362335,-0.012841284,-0.012662649
2022-02-09,IBM,-0.015378296,0.010197401,0.0017824173
2022-02-09,INTC,0.0053226948,-0.005089283,-0.0063172579
2022-02-09,MSFT,-0.019518316,0.0050529242,-0.0022200346
2022-02-09,NKE,-0.026147068,0.012317538,0.0087296963
2022-02-09,VZ,-0.02534312,0.0090237856,0.0011866093
2022-02-09,WMT,-0.032643378,0.0086482763,-0.0041223764
2022-02-10,AAPL,-0.005693078,0.011795521,-0.01513356
2022-02-10,AMGN,-0.017404377,0.0073994398,-0.0076289773
2022-02-10,CRM,-0.011391342,-0.00040513277,-0.0035614371
2022-02-10,CSCO,-0.0026059747,-0.01811713,-0.014934361
2022-02-10,IBM,-0.013025045,0.0071228743,-0.0034566522
2022-02-10,INTC,0.0021328926,-0.0059391856,-0.014857888
2022-02-10,MSFT,-0.020513356,0.0010957718,-0.007817626
2022-02-10,NKE,-0.019198239,0.0068938732,-0.0022571087
2022-02-10,VZ,-0.026445448,0.0069025755,-0.0023239851
2022-02-10,WMT,-0.031281948,0.0059078932,-0.0077854395
2022-02-11,AAPL,-0.0073037744,0.01636529,-0.010540903
2022-02-11,AMGN,-0.021899402,0.014119744,-0.011060059
2022-02-11,CRM,-0.013710678,0.002874732,-0.0077645779
2022-02-11,CSCO,0.0024933815,-0.016650498,-0.013653696
2022-02-11,IBM,-0.011250675,0.0030770302,-0.0029066205
2022-02-11,INTC,0.0016498566,-0.0037741065,-0.013038933
2022-02-11,MSFT,-0.014654577,0.0027052164,-0.0079045892
2022-02-11,NKE,-0.023582757,0.014698982,0.0028140545
2022-02-11,VZ,-0.023095131,0.0059691668,-0.0045580268
2022-02-11,WMT,-0.018701315,0.00018930435,-0.010878444
2022-02-14,AAPL,-0.018397868,0.019379258,-0.018376172
2022-02-14,AMGN,-0.015708268,0.016409636,-0.015405238
2022-02-14,CRM,-0.046348035,0.023628473,-0.0062143207
2022-02-14,CSCO,-0.0079017282,-0.0081062317,-0.020050108
2022-02-14,IBM,-0.0077362061,0.0056041479,-0.0077221394
2022-02-14,INTC,-0.0045480132,-0.00091832876,-0.011830509
2022-02-14,MSFT,-0.010911584,0.0064026117,-0.015664339
2022-02-14,NKE,-0.027345836,0.010347009,-0.0033125877
2022-02-14,VZ,-0.020033717,0.0032994747,-0.00373739
2022-02-14,WMT,-0.010318995,-0.0021938682,-0.014361143
2022-02-15,AAPL,-0.020543814,0.019143939,-0.028302193
2022-02-15,AMGN,-0.031501651,0.020324707,-0.01032722
2022-02-15,CRM,-0.057049513,0.039137721,-0.01459986
2022-02-15,CSCO,-0.022250593,0.00024163723,-0.018064618
2022-02-15,IBM,-0.0064385533,0.0074093342,-0.0079146028
2022-02-15,INTC,-0.006257236,0.00016844273,-0.016971231
2022-02-15,MSFT,-0.017739058,0.010201335,-0.018986464
2022-02-15,NKE,-0.034446239,0.015807152,-0.0058851838
2022-02-15,VZ,-0.023754895,0.0086951256,-0.012021601
2022-02-15,WMT,-0.0055731535,-0.0050598979,-0.016587555
2022-02-16,AAPL,-0.02271229,0.025321484,-0.010665476
2022-02-16,AMGN,-0.027409017,0.018148899,2.1219254e-05
2022-02-16,CRM,-0.019253433,0.026702046,-0.015555263
2022-02-16,CSCO,-0.013573587,0.00025606155,-0.01148814
2022-02-16,IBM,-0.012272775,0.0093384981,-0.0048959851
2022-02-16,INTC,0.0015580654,0.0016893148,-0.013993382
2022-02-16,MSFT,-0.01944983,0.0084437132,-0.013797462
2022-02-16,NKE,-0.023599088,0.016643405,1.5258789e-05
2022-02-16,VZ,-0.014657259,0.0099999905,-0.0074036717
2022-02-16,WMT,-0.022311628,0.0069144964,-0.0062483549
2022-02-17,AAPL,-0.021572173,0.024427652,-0.0079011321
2022-02-17,AMGN,-0.0070238709,0.0099725723,-0.0084477663
2022-02-17,CRM,-0.0063884258,0.025637746,-0.010841668
2022-02-17,CSCO,-0.0037406087,0.0032583475,-0.010760367
2022-02-17,IBM,-0.0071121454,0.0094063282,-0.0062294602
2022-02-17,INTC,-0.0041646957,0.010052323,-0.00359869
2022-02-17,MSFT,-0.016462386,0.018920183,-0.0068947673
2022-02-17,NKE,-0.013711274,0.018529058,-0.00022476912
2022-02-17,VZ,-0.010932505,0.0086220503,-0.0018546581
2022-02-17,WMT,-0.0026634932,0.0011861324,-0.012822032
2022-02-18,AAPL,0.0013636351,0.019994259,-0.012819231
2022-02-18,AMGN,-0.0054247379,0.0048804283,-0.0091782212
2022-02-18,CRM,-0.0043206811,0.0051947832,-0.012209594
2022-02-18,CSCO,0.0074806213,-0.0061761141,-0.011992931
2022-02-18,IBM,-0.013484955,0.011088848,-0.0033338666
2022-02-18,INTC,-0.0019536018,0.00095069408,-0.0024889112
2022-02-18,MSFT,-0.0052503943,0.00659132,-0.0061442852
2022-02-18,NKE,-0.020949244,0.015921235,0.001991868
2022-02-18,VZ,-0.021224141,0.008280158,0.00038325787
2022-02-18,WMT,-0.017541647,0.0042588711,-0.0038226247
2022-02-22,AAPL,-0.025586784,0.029569387,-0.012192607
2022-02-22,AMGN,-0.039108276,0.028278828,0.0035851002
2022-02-22,CRM,-0.030706048,0.017303824,0.0024430752
2022-02-22,CSCO,-0.0030742884,2.0742416e-05,-0.013839006
2022-02-22,IBM,-0.014167309,0.011901379,-0.0032605529
2022-02-22,INTC,-0.012696922,0.0021893978,-0.011476934
2022-02-22,MSFT,-0.018711269,0.011389971,-0.0098179579
2022-02-22,NKE,-0.026835978,0.011968493,0.00097334385
2022-02-22,VZ,-0.014502764,0.0051519871,-0.0061504245
2022-02-22,WMT,-0.015047669,0.0063170195,-0.0057318211
2022-02-23,AAPL,-0.0019263029,0.018543005,-0.015568793
2022-02-23,AMGN,-0.026240647,0.020697832,-0.0019633174
2022-02-23,CRM,0.011712193,0.0067247152,-0.014186144
2022-02-23,CSCO,0.0038212538,-0.0014815927,-0.016258717
2022-02-23,IBM,-0.0090752244,0.01139605,-0.004496634
2022-02-23,INTC,0.0015400648,0.0036387444,-0.010252059
2022-02-23,MSFT,-0.0054466128,0.0015708208,-0.012280822
2022-02-23,NKE,-0.023974001,0.013440847,0.0021307468
2022-02-23,VZ,-0.017909348,0.013247848,-0.003660202
2022-02-23,WMT,-0.038718879,0.016297102,0.00012028217
2022-02-24,AAPL,0.0023286343,0.010562897,-0.015011489
2022-02-24,AMGN,-0.0049858093,0.004324317,-0.010318637
2022-02-24,CRM,0.031223416,0.0001424551,-0.022922218
2022-02-24,CSCO,0.0069704056,-0.0076825023,-0.015678763
2022-02-24,IBM,-0.0085929036,0.0073775053,-0.0047517419
2022-02-24,INTC,-0.0010435581,0.003582716,-0.0087223053
2022-02-24,MSFT,0.0020359755,0.003149271,-0.014185786
2022-02-24,NKE,-0.010038972,0.010575533,-0.0013326406
2022-02-24,VZ,-0.020138443,0.0087376833,-0.0022779107
2022-02-24,WMT,-0.03230387,0.015257597,0.0025225878
2022-02-25,AAPL,0.011686087,0.011398911,-0.014570296
2022-02-25,AMGN,-0.031135857,0.018021107,-0.0019891262
2022-02-25,CRM,-0.012797654,0.01524806,-0.015507579
2022-02-25,CSCO,-0.0073921084,-0.0062487721,-0.018097639
2022-02-25,IBM,-0.01141572,0.0073248148,-0.0091784
2022-02-25,INTC,-0.01085645,0.0025573969,-0.0083425641
2022-02-25,MSFT,-0.011645555,0.0063337088,-0.011374056
2022-02-25,NKE,-0.015363276,0.01012814,-0.0048732162
2022-02-25,VZ,-0.011755049,0.0019618273,-0.0037225485
2022-02-25,WMT,-0.014686286,0.0069767237,-0.0055652857
2022-02-28,AAPL,-0.0098137856,0.016489029,-0.012129903
2022-02-28,AMGN,-0.013184667,0.024290204,-0.0084520578
2022-02-28,CRM,-0.048209369,0.051104188,-0.018674552
2022-02-28,CSCO,-0.024060011,0.015965939,-0.0095872283
2022-02-28,IBM,-0.022191703,0.012980819,-0.0052169561
2022-02-28,INTC,-0.024769723,0.018594384,-0.0059432387
2022-02-28,MSFT,-0.024174631,0.019433737,-0.0051307678
2022-02-28,NKE,-0.023296416,0.02711165,-0.0027276874
2022-02-28,VZ,-0.013841987,0.011276245,-0.0073243976
2022-02-28,WMT,-0.015035629,0.014487505,-0.0073882341
2022-03-01,AAPL,1.2159348e-05,0.0099443197,-0.030782759
2022-03-01,AMGN,-0.018705785,0.02665484,-0.010658324
2022-03-01,CRM,-0.051374197,0.047958136,-0.034789264
2022-03-01,CSCO,-0.019885302,0.012847424,-0.02288121
2022-03-01,IBM,-0.0032034516,0.011547208,-0.018808007
2022-03-01,INTC,-0.017971158,0.015170813,-0.01636219
2022-03-01,MSFT,-0.015471697,0.014393568,-0.021355569
2022-03-01,NKE,-0.018923521,0.019451022,-0.014377654
2022-03-01,VZ,-0.018029869,0.011791706,-0.019343376
2022-03-01,WMT,-0.013781667,0.013528943,-0.015220821
2022-03-02,AAPL,-0.044167399,0.041164517,-0.010097921
2022-03-02,AMGN,-0.036856771,0.040087938,-0.00062012672
2022-03-02,CRM,-0.062156141,0.070384622,-0.01411134
2022-03-02,CSCO,-0.042863607,0.04231143,-0.012661338
2022-03-02,IBM,-0.034687102,0.032597899,-0.0048838258
2022-03-02,INTC,-0.040121734,0.040579677,-0.0045998096
2022-03-02,MSFT,-0.043897629,0.038323879,-0.0022292137
2022-03-02,NKE,-0.03271085,0.034115195,-0.011278927
2022-03-02,VZ,-0.033924341,0.030566335,-0.007350266
2022-03-02,WMT,-0.030373454,0.027114391,-0.0065509081
2022-03-03,AAPL,0.0022456646,0.010571837,-0.0042414069
2022-03-03,AMGN,-0.0098413825,0.0057382584,-0.0019987226
2022-03-03,CRM,0.016025424,0.011498809,-0.0057221055
2022-03-03,CSCO,0.00481987,-0.0047830343,-0.0061615109
2022-03-03,IBM,-0.0012835264,0.0078312159,0.00055325031
2022-03-03,INTC,0.00027787685,0.0029635429,-0.0092828274
2022-03-03,MSFT,-0.0053424835,-0.00090962648,-0.0025600791
2022-03-03,NKE,-0.0060315728,0.0059251785,0.0024526119
2022-03-03,VZ,-0.012350202,0.0038746595,0.00038540363
2022-03-03,WMT,-0.0052580833,0.0017516613,-0.0028096437
2022-03-04,AAPL,-0.015162587,0.019488335,0.0025397539
2022-03-04,AMGN,-0.031653941,0.012412548,0.0014822483
2022-03-04,CRM,-0.023318172,0.0037429333,0.0008995533
2022-03-04,CSCO,-0.013993025,-0.00057214499,-0.0044199228
2022-03-04,IBM,-0.016945839,0.0059530735,-0.00073260069
2022-03-04,INTC,-0.021388412,0.0021944046,0.0018025637
2022-03-04,MSFT,-0.042590141,0.015306473,-6.1810017e-05
2022-03-04,NKE,-0.012029231,0.0059119463,-0.002592206
2022-03-04,VZ,-0.020933867,0.0069502592,0.0014388561
2022-03-04,WMT,-0.013323188,0.00040507317,-0.0044216514
2022-03-07,AAPL,0.0056790113,0.0062185526,-0.017231405
2022-03-07,AMGN,-0.023138225,0.0088794231,-0.011031985
2022-03-07,CRM,-0.048545897,0.026370406,-0.0016517043
2022-03-07,CSCO,-0.012075067,-0.0076845288,-0.017313719
2022-03-07,IBM,-0.00073337555,0.0017492771,-0.007623136
2022-03-07,INTC,-0.0023295879,-0.0018450022,-0.012944996
2022-03-07,MSFT,-0.019137859,-0.0014551282,-0.012231648
2022-03-07,NKE,-0.029743254,0.005081296,-0.0078810453
2022-03-07,VZ,-0.012927353,0.0025303364,-0.006272018
2022-03-07,WMT,-0.00033068657,-0.0098920465,-0.018009067
2022-03-08,AAPL,-0.0063824058,0.011662602,-0.0075113773
2022-03-08,AMGN,-0.012477458,0.008140564,-0.0034683347
2022-03-08,CRM,-0.04591161,0.033749223,0.00035262108
2022-03-08,CSCO,-0.01040405,-0.010964155,-0.013567984
2022-03-08,IBM,0.0007969141,0.0031036139,-0.010369122
2022-03-08,INTC,0.0052858591,-0.0045958757,-0.0099486709
2022-03-08,MSFT,-0.01052779,0.0079669952,-0.0088664889
2022-03-08,NKE,-0.02867645,0.013617516,0.0015003681
2022-03-08,VZ,-0.013790488,0.0040583611,-0.00066041946
2022-03-08,WMT,0.0022542477,-0.006750524,-0.015583515
2022-03-09,AAPL,-0.023861766,0.017699122,-0.011561871
2022-03-09,AMGN,-0.023391783,0.013296962,0.00096595287
2022-03-09,CRM,-0.03936106,0.036620855,-0.006141603
2022-03-09,CSCO,-0.012927353,-0.0063624978,-0.015649259
2022-03-09,IBM,-0.0073980093,0.0085499287,-0.0057945251
2022-03-09,INTC,-0.00052988529,-0.0034685731,-0.0081934333
2022-03-09,MSFT,-0.01856333,0.0089592934,-0.010514379
2022-03-09,NKE,-0.041282356,0.015893102,0.00408566
2022-03-09,VZ,-0.018298388,0.0099167824,-0.004580915
2022-03-09,WMT,-0.013324022,-0.00087189674,-0.010779679
2022-03-10,AAPL,-0.0050849915,0.015272141,-0.0070928931
2022-03-10,AMGN,-0.020620644,0.015274167,-0.0016307831
2022-03-10,CRM,0.0046111345,0.015232563,-0.0097418427
2022-03-10,CSCO,0.0028249025,-0.010142028,-0.012586296
2022-03-10,IBM,-0.0076801777,0.010995984,-0.0028113127
2022-03-10,INTC,0.012049556,-0.0024340153,-0.0070871115
2022-03-10,MSFT,-0.0067259669,0.0026865005,-0.0088157654
2022-03-10,NKE,-0.028067172,0.013177395,0.0021532774
2022-03-10,VZ,-0.028305709,0.011172533,0.0015100241
2022-03-10,WMT,-0.017640233,0.0030845404,-0.0067908764
2022-03-11,AAPL,-0.015082419,0.016039968,-0.00071173906
2022-03-11,AMGN,-0.031784356,0.016769886,0.0035450459
2022-03-11,CRM,-0.0060092211,0.01191926,-0.0045664907
2022-03-11,CSCO,-0.00024980307,-0.010956168,-0.0099411011
2022-03-11,IBM,-0.010745287,0.010536432,-0.0014584064
2022-03-11,INTC,-0.0014175773,-0.0022357702,-0.0018183589
2022-03-11,MSFT,-0.017071247,0.008058548,-0.0040372014
2022-03-11,NKE,-0.021210074,0.011977673,0.0061689615
2022-03-11,VZ,-0.026087165,0.011293173,0.0021687746
2022-03-11,WMT,-0.018522024,-0.00046110153,-0.0076959133
2022-03-14,AAPL,-0.014544129,0.017396808,-0.012804449
2022-03-14,AMGN,-0.016956449,0.0083496571,-0.0084062219
2022-03-14,CRM,-0.02532506,0.014923215,-0.0062246323
2022-03-14,CSCO,-0.012978196,-0.012315154,-0.015018523
2022-03-14,IBM,-0.024125278,0.012612343,-0.00092208385
2022-03-14,INTC,0.00066864491,0.0004709959,-0.012337148
2022-03-14,MSFT,-0.02318579,0.0025968552,-0.0079364777
2022-03-14,NKE,-0.031129837,0.012680054,-0.00034236908
2022-03-14,VZ,-0.028992891,0.010490775,-0.0028988719
2022-03-14,WMT,-0.024393559,0.0047574043,-0.010327637
2022-03-15,AAPL,-0.0073044896,0.017321467,-0.0094750524
2022-03-15,AMGN,-0.013005614,0.0099103451,-0.0078211427
2022-03-15,CRM,-0.010922134,0.01544404,-0.0084252357
2022-03-15,CSCO,-0.0011864901,-0.011429071,-0.011553347
2022-03-15,IBM,-0.0092694759,0.011111617,-0.0011287332
2022-03-15,INTC,0.0024316311,-0.0026924014,-0.011426508
2022-03-15,MSFT,-0.011127353,0.0012791157,-0.0096324682
2022-03-15,NKE,-0.02460736,0.013132691,0.0049915314
2022-03-15,VZ,-0.03083998,0.0077588558,-0.0012167096
2022-03-15,WMT,-0.022424281,0.0011314154,-0.0078263283
2022-03-16,AAPL,-0.004493475,0.014402628,-0.0075142384
2022-03-16,AMGN,-0.021027327,0.013622999,-0.0016705394
2022-03-16,CRM,-0.018049419,0.015301585,-0.0021970868
2022-03-16,CSCO,-0.0045337677,-0.013239026,-0.013120949
2022-03-16,IBM,-0.009105742,0.010275602,-0.0035780668
2022-03-16,INTC,-0.0048909187,-0.00092977285,-0.0080262423
2022-03-16,MSFT,-0.019263804,0.0056263208,-0.0089313984
2022-03-16,NKE,-0.016791165,0.0074343681,-0.001508832
2022-03-16,VZ,-0.024429321,0.0088880062,-0.002679646
2022-03-16,WMT,-0.0084232688,-0.0050771236,-0.012395442
2022-03-17,AAPL,-0.0096490979,0.014502048,-0.017832756
2022-03-17,AMGN,-0.028449833,0.015072942,-0.00394243
2022-03-17,CRM,-0.033531427,0.025253415,-0.010436654
2022-03-17,CSCO,-0.0027514696,-0.0092574954,-0.01872915
2022-03-17,IBM,-0.01201719,0.0089114904,-0.0039272308
2022-03-17,INTC,0.00068223476,6.7591667e-05,-0.014452457
2022-03-17,MSFT,-0.019484758,0.0051653385,-0.015112519
2022-03-17,NKE,-0.032127619,0.011776686,0.00096225739
2022-03-17,VZ,-0.02687794,0.01076889,-0.0050114393
2022-03-17,WMT,-0.018402278,0.0046322346,-0.011167169
2022-03-18,AAPL,0.0022358894,0.016627789,-0.0074601173
2022-03-18,AMGN,-0.025330067,0.016382217,0.001155138
2022-03-18,CRM,0.0079653263,0.0068041086,-0.012402534
2022-03-18,CSCO,0.009516716,-0.013427854,-0.012835741
2022-03-18,IBM,-0.008435607,0.010160089,-0.0024635196
2022-03-18,INTC,0.0089253187,-0.0020345449,-0.0057629943
2022-03-18,MSFT,-0.0087479949,0.0020365715,-0.006385386
2022-03-18,NKE,-0.023126066,0.012696981,0.0038018227
2022-03-18,VZ,-0.022330582,0.0085827112,-0.0023863316
2022-03-18,WMT,-0.012705445,-0.00086903572,-0.010252297
2022-03-21,AAPL,-0.0060398579,0.014097214,-0.013054311
2022-03-21,AMGN,-0.028414369,0.015062094,-0.0028538704
2022-03-21,CRM,-0.045286298,0.026583672,0.0028749704
2022-03-21,CSCO,-0.0085276961,-0.013285637,-0.016490281
2022-03-21,IBM,-0.018949568,0.0116359,-0.0031870604
2022-03-21,INTC,0.007009387,-0.002810657,-0.013895035
2022-03-21,MSFT,-0.011267245,0.0033512115,-0.010630667
2022-03-21,NKE,-0.034956157,0.014782548,0.0058820248
2022-03-21,VZ,-0.027488589,0.0065587759,0.001740098
2022-03-21,WMT,-0.024538755,0.004986763,-0.0060727
2022-03-22,AAPL,-0.015686572,0.024400234,-0.001558423
2022-03-22,AMGN,-0.025215507,0.025100708,0.0015753508
2022-03-22,CRM,-0.0037268996,0.017342448,-0.0091343522
2022-03-22,CSCO,0.011577368,-0.0095034838,-0.0098364949
2022-03-22,IBM,-0.0034030676,0.010415554,-0.001570642
2022-03-22,INTC,0.004630208,0.0042732954,-0.00065934658
2022-03-22,MSFT,-0.0080111027,0.0075213909,-0.0084006786
2022-03-22,NKE,-0.02391696,0.015439272,0.011518359
2022-03-22,VZ,-0.021704018,0.0094059706,0.004000783
2022-03-22,WMT,-0.0085183382,-0.0014093518,-0.0074123144
2022-03-23,AAPL,-0.010966122,0.011053801,-0.022893667
2022-03-23,AMGN,-0.04346931,0.025830626,0.0018460751
2022-03-23,CRM,-0.00029397011,-0.0016291142,-0.014446855
2022-03-23,CSCO,-0.0034865737,-0.015298724,-0.016989708
2022-03-23,IBM,-0.010122359,0.0059746504,-0.003495574
2022-03-23,INTC,0.0067714453,-0.0058342814,-0.012272716
2022-03-23,MSFT,-0.010433674,0.0020947456,-0.016737103
2022-03-23,NKE,-0.023716331,0.0052093267,-0.00055837631
2022-03-23,VZ,-0.034501731,0.0078098774,0.0011478662
2022-03-23,WMT,-0.039641023,0.014191031,-0.0003708005
2022-03-24,AAPL,0.00050246716,0.017658234,-0.011383593
2022-03-24,AMGN,-0.038719773,0.034756184,-0.0022875071
2022-03-24,CRM,-0.011321604,0.0096914768,-0.0053815842
2022-03-24,CSCO,0.011051297,-0.012251675,-0.01356411
2022-03-24,IBM,0.00073182583,0.0091583729,-0.0027828217
2022-03-24,INTC,0.0065045357,-0.00061368942,-0.0091317892
2022-03-24,MSFT,-0.0095489025,0.0063505173,-0.014573514
2022-03-24,NKE,-0.023268759,0.013924599,0.00854671
2022-03-24,VZ,-0.01479733,0.0086214542,-0.0040972233
2022-03-24,WMT,-0.021078765,0.0044254065,-0.0091947913
2022-03-25,AAPL,8.5711479e-05,0.0068792105,-0.010733247
2022-03-25,AMGN,-0.01042676,0.015853405,-0.012091041
2022-03-25,CRM,0.0042222738,0.0043303967,-0.021480858
2022-03-25,CSCO,-0.0014084578,-0.014373779,-0.011579037
2022-03-25,IBM,-0.0089826584,0.0033551455,-0.0047089458
2022-03-25,INTC,0.00086116791,-0.0034000874,-0.011587322
2022-03-25,MSFT,-0.0073125958,0.00025212765,-0.013469994
2022-03-25,NKE,-0.020618856,0.013298154,0.00015878677
2022-03-25,VZ,-0.020177841,0.0085191727,-0.0045609474
2022-03-25,WMT,-0.017765403,0.0025048256,-0.0057784915
2022-03-28,AAPL,-0.0056774616,0.014888048,-0.022276163
2022-03-28,AMGN,-0.017643273,0.017617822,-0.011006236
2022-03-28,CRM,-0.050539613,0.032453537,-0.011102974
2022-03-28,CSCO,-0.019137979,-0.0093994737,-0.021319568
2022-03-28,IBM,-0.010837138,0.0043911934,-0.0093980432
2022-03-28,INTC,-0.0048250556,-0.0036238432,-0.01609993
2022-03-28,MSFT,-0.0057239532,0.0027428865,-0.014314711
2022-03-28,NKE,-0.031889498,0.012629271,-0.0079020262
2022-03-28,VZ,-0.016473413,0.0015089512,-0.0070974827
2022-03-28,WMT,-0.007882297,0.00011730194,-0.015041292
2022-03-29,AAPL,-0.020222187,0.022109866,-0.010171115
2022-03-29,AMGN,-0.018623948,0.025053382,-0.0078139305
2022-03-29,CRM,-0.066276908,0.06415832,-0.017680407
2022-03-29,CSCO,-0.018758655,0.0090433359,-0.011927366
2022-03-29,IBM,-0.019850194,0.012544751,-0.0084429979
2022-03-29,INTC,-0.016189635,0.013741016,-0.0061923265
2022-03-29,MSFT,-0.016652167,0.017323375,-0.0060690045
2022-03-29,NKE,-0.027470887,0.027231336,-0.0019121766
2022-03-29,VZ,-0.011062086,0.010330081,-0.0023126006
2022-03-29,WMT,-0.0067255497,0.0086116791,-0.0092983842
2022-03-30,AAPL,-0.0056684017,0.007789135,-0.02946794
2022-03-30,AMGN,-0.019047081,0.020992756,-0.011195719
2022-03-30,CRM,-0.05215019,0.043040156,-0.035995841
2022-03-30,CSCO,-0.016315281,0.0060703754,-0.022910237
2022-03-30,IBM,-0.0068251491,0.014368415,-0.017550707
2022-03-30,INTC,-0.0125494,0.0091651678,-0.018110871
2022-03-30,MSFT,-0.011542201,0.015326023,-0.023633122
2022-03-30,NKE,-0.025052726,0.020000815,-0.0098669529
2022-03-30,VZ,-0.019349754,0.012533426,-0.013932407
2022-03-30,WMT,-0.016525149,0.0098202229,-0.015433252
2022-03-31,AAPL,-0.04960835,0.040625811,-0.0026808977
2022-03-31,AMGN,-0.036413312,0.040113211,-0.00095188618
2022-03-31,CRM,-0.056856871,0.067041397,-0.015418768
2022-03-31,CSCO,-0.042800725,0.036944032,-0.010488629
2022-03-31,IBM,-0.034232438,0.034569263,-0.0033572316
2022-03-31,INTC,-0.040510237,0.041998029,-0.0016384721
2022-03-31,MSFT,-0.047125816,0.038831592,-0.00041729212
2022-03-31,NKE,-0.03631413,0.034752011,-0.0068411827
2022-03-31,VZ,-0.036760092,0.033103466,-0.0060945749
2022-03-31,WMT,-0.033554196,0.027488828,-0.0052227378
2022-04-01,AAPL,0.011441231,0.0064408779,-0.013390958
2022-04-01,AMGN,-0.0013961196,0.0032775402,-0.0099899769
2022-04-01,CRM,0.030142903,-0.00013524294,-0.017233968
2022-04-01,CSCO,0.019192576,-0.0062512755,-0.012144089
2022-04-01,IBM,0.0072315931,0.0065053701,-0.0055748224
2022-04-01,INTC,0.014547229,-0.0019127131,-0.0123474
2022-04-01,MSFT,0.011339545,-0.0044338703,-0.0092910528
2022-04-01,NKE,-0.0030272007,0.0044773817,0.00080406666
2022-04-01,VZ,-0.0024365783,-0.00046926737,-0.0069013834
2022-04-01,WMT,-0.0079479218,0.003937006,-0.0046378374
2022-04-04,AAPL,-0.023579955,0.029808521,0.0074561834
2022-04-04,AMGN,-0.036889672,0.022250772,0.0054783821
2022-04-04,CRM,-0.048527896,0.026996851,0.013384581
2022-04-04,CSCO,-0.015863955,0.0035514832,-0.0021902323
2022-04-04,IBM,-0.018795192,0.011618972,-0.00084209442
2022-04-04,INTC,-0.020747125,0.0076621771,0.0049676895
2022-04-04,MSFT,-0.041681767,0.020893574,0.003070116
2022-04-04,NKE,-0.027873516,0.016474485,0.0056655407
2022-04-04,VZ,-0.0098211765,0.0028672218,-0.00046062469
2022-04-04,WMT,0.00042247772,-0.0023655295,-0.011094809
2022-04-05,AAPL,-0.00030422211,0.01439631,-0.012059391
2022-04-05,AMGN,-0.036412179,0.022701263,-0.0023693442
2022-04-05,CRM,-0.031322718,0.019914389,0.0013920069
2022-04-05,CSCO,0.0089820623,-0.006646812,-0.014411271
2022-04-05,IBM,0.0010887384,0.0045012236,-0.0082603693
2022-04-05,INTC,0.0079119205,-0.0042948723,-0.009149611
2022-04-05,MSFT,-0.0099680424,0.0040761232,-0.010290682
2022-04-05,NKE,-0.034823835,0.01532793,-0.00085610151
2022-04-05,VZ,-0.010064662,-0.00056117773,-0.0049026608
2022-04-05,WMT,-0.007747829,-0.0050625205,-0.012286186
2022-04-06,AAPL,-0.010781407,0.015398979,-0.016136169
2022-04-06,AMGN,-0.022524595,0.017181516,-0.0032073855
2022-04-06,CRM,-0.029618919,0.02132833,-0.0051924586
2022-04-06,CSCO,-0.0042263269,-0.012690485,-0.016824782
2022-04-06,IBM,-0.0030444264,0.006616354,-0.0094053149
2022-04-06,INTC,0.0074108839,-0.0074932575,-0.013641715
2022-04-06,MSFT,-0.01080966,0.01340878,-0.0083249807
2022-04-06,NKE,-0.035213709,0.016448855,-0.0019876957
2022-04-06,VZ,-0.017197788,0.0038950443,-0.003061831
2022-04-06,WMT,-0.014526367,8.1181526e-05,-0.013538122
2022-04-07,AAPL,-0.018995643,0.018086672,-0.016980827
2022-04-07,AMGN,-0.019506395,0.015699625,-0.0037103295
2022-04-07,CRM,-0.029937923,0.020775199,-0.0054776073
2022-04-07,CSCO,-0.0055824518,-0.010235369,-0.018118799
2022-04-07,IBM,-0.0085225105,0.0091747046,-0.0085390806
2022-04-07,INTC,-0.0073646903,-0.0050692558,-0.016664267
2022-04-07,MSFT,-0.024059713,0.0070288181,-0.014888465
2022-04-07,NKE,-0.026734889,0.012193203,-0.0032470822
2022-04-07,VZ,-0.014903665,0.0052131414,-0.010907114
2022-04-07,WMT,-0.012877226,0.0013284683,-0.016926348
2022-04-08,AAPL,-0.0030540824,0.012658358,-0.012313962
2022-04-08,AMGN,-0.0011076927,0.0075263977,-0.0080454946
2022-04-08,CRM,0.015813351,0.0080049038,-0.0082238317
2022-04-08,CSCO,0.010997295,-0.012844503,-0.01437068
2022-04-08,IBM,-0.00097572803,0.0073751211,-0.0066272616
2022-04-08,INTC,0.018974781,-0.0038542747,-0.0098997355
2022-04-08,MSFT,-0.0044646263,0.0051410198,-0.011061251
2022-04-08,NKE,-0.018818378,0.01233983,0.0061035156
2022-04-08,VZ,-0.01278162,0.003745079,-0.0013706684
2022-04-08,WMT,-0.016866565,0.0030454397,-0.010825217
2022-04-11,AAPL,-0.026934206,0.029552698,0.00098323822
2022-04-11,AMGN,-0.025436282,0.016653895,0.001377821
2022-04-11,CRM,-0.026908696,0.019444108,0.0026367903
2022-04-11,CSCO,-0.011924565,-0.0034105182,-0.0087106228
2022-04-11,IBM,-0.017125249,0.015278459,-0.0053808689
2022-04-11,INTC,-0.013634861,0.0050244331,-0.0027217269
2022-04-11,MSFT,-0.019580424,0.015300512,-0.0082770586
2022-04-11,NKE,-0.029388547,0.020661235,0.0072137117
2022-04-11,VZ,-0.018706679,0.0098296404,0.001945138
2022-04-11,WMT,-0.013801575,0.0033082962,-0.011761308
2022-04-12,AAPL,0.0050542355,0.0093383789,-0.013180792
2022-04-12,AMGN,-0.020300627,0.012268186,-0.0022896528
2022-04-12,CRM,-0.0068678856,0.0038510561,-0.0080106258
2022-04-12,CSCO,0.012729287,-0.010052562,-0.01832056
2022-04-12,IBM,-0.018735588,0.013860941,-0.0027989149
2022-04-12,INTC,0.003128767,-0.0020978451,-0.010813832
2022-04-12,MSFT,-0.019891798,0.0042319298,-0.0078048706
2022-04-12,NKE,-0.028203785,0.012168288,0.00076699257
2022-04-12,VZ,-0.024082661,0.0070658922,-0.0036929846
2022-04-12,WMT,-0.024721146,0.0071730614,-0.0095244646
2022-04-13,AAPL,-0.014152706,0.023393631,-0.0030140281
2022-04-13,AMGN,-0.0095815063,0.013570309,-0.0056602359
2022-04-13,CRM,0.0071839094,0.0083121061,-0.0025510192
2022-04-13,CSCO,0.0016087294,-0.0077487826,-0.012402296
2022-04-13,IBM,-0.0096310377,0.010575533,-0.0057279468
2022-04-13,INTC,-0.0001886487,-0.0018845797,-0.0066988468
2022-04-13,MSFT,-0.013232112,0.011692762,-0.0067725778
2022-04-13,NKE,-0.018151462,0.012257338,0.0021673441
2022-04-13,VZ,-0.016511083,0.0059353113,0.00030565262
2022-04-13,WMT,-0.019514501,0.003877759,-0.008625865
2022-04-14,AAPL,-0.0039363503,0.0062260628,-0.02927357
2022-04-14,AMGN,-0.028429568,0.014429331,-0.0067138076
2022-04-14,CRM,-0.014386654,0.0037645102,-0.01517725
2022-04-14,CSCO,-0.010845423,-0.011419952,-0.023750544
2022-04-14,IBM,-0.014536738,0.010259271,-0.0077098608
2022-04-14,INTC,-0.0059891343,0.00036537647,-0.021068633
2022-04-14,MSFT,-0.025054038,0.0078457594,-0.017668426
2022-04-14,NKE,-0.020464838,0.0071864128,-0.011719227
2022-04-14,VZ,-0.027880132,0.008438468,-0.0092587471
2022-04-14,WMT,-0.017622948,0.0039100647,-0.01447171
2022-04-18,AAPL,0.0019934177,0.018977284,-0.0096685886
2022-04-18,AMGN,-0.01368624,0.01125443,-0.0064322352
2022-04-18,CRM,0.0084234476,-0.0022218227,-0.0078135133
2022-04-18,CSCO,0.011085868,-0.0082342625,-0.014549673
2022-04-18,IBM,-0.011016667,0.010366678,-0.00089579821
2022-04-18,INTC,0.005363822,0.0045998096,-0.0075061917
2022-04-18,MSFT,-0.014040887,0.0095313787,-0.013196707
2022-04-18,NKE,-0.026163936,0.019105434,0.0044373274
2022-04-18,VZ,-0.021966398,0.012995005,-0.0011953712
2022-04-18,WMT,-0.019596875,0.0082726479,-0.0079008937
2022-04-19,AAPL,0.0021510124,0.014829278,-0.014763176
2022-04-19,AMGN,-0.023003757,0.013542771,-0.0045821071
2022-04-19,CRM,-0.017376125,0.0089844465,-0.0033666492
2022-04-19,CSCO,0.0016450882,-0.0081931949,-0.015733957
2022-04-19,IBM,-0.010168254,0.0062501431,-0.0077254772
2022-04-19,INTC,0.0067417622,-0.001185596,-0.0086815357
2022-04-19,MSFT,-0.0077729821,0.0090357065,-0.013244212
2022-04-19,NKE,-0.030945599,0.019246101,0.0051019192
2022-04-19,VZ,-0.019563258,0.0092179775,-0.0058543086
2022-04-19,WMT,-0.017004669,0.00013244152,-0.012425661
2022-04-20,AAPL,-0.0088297129,0.02056253,-0.014014602
2022-04-20,AMGN,-0.012528539,0.0084457397,-0.013375044
2022-04-20,CRM,-0.055818558,0.031217694,-0.0026492476
2022-04-20,CSCO,-0.005708158,-0.0057340264,-0.020078123
2022-04-20,IBM,-0.012327075,0.0077947378,-0.011030376
2022-04-20,INTC,0.0075125694,-0.0037447214,-0.019383073
2022-04-20,MSFT,-0.012551248,0.0075410604,-0.01845932
2022-04-20,NKE,-0.034037948,0.014579892,0.00063514709
2022-04-20,VZ,-0.022038579,0.0068309307,-0.0021592379
2022-04-20,WMT,-0.014815629,0.001175642,-0.012408137
2022-04-21,AAPL,-0.0088527203,0.02319932,-0.01327318
2022-04-21,AMGN,-0.03216821,0.022269011,0.0010082722
2022-04-21,CRM,-0.01753068,0.01862824,-0.015789747
2022-04-21,CSCO,0.010704756,-0.0029197931,-0.017108321
2022-04-21,IBM,-0.0045173764,0.0097080469,-0.0026268959
2022-04-21,INTC,0.0086312294,0.00098621845,-0.0052148104
2022-04-21,MSFT,0.0032423735,0.0052058697,-0.016459107
2022-04-21,NKE,-0.026161551,0.01623559,0.012485027
2022-04-21,VZ,-0.015792727,0.010331392,-0.0016082525
2022-04-21,WMT,-0.013845384,0.0045261383,-0.0088157058
2022-04-22,AAPL,-0.013559103,0.020881653,-0.023152292
2022-04-22,AMGN,-0.031760097,0.023007631,-0.0052391887
2022-04-22,CRM,0.00010561943,0.0052582026,-0.030216277
2022-04-22,CSCO,-0.0078897476,-0.00053441525,-0.015745044
2022-04-22,IBM,-0.009213686,0.013724685,-0.0031890273
2022-04-22,INTC,-0.0010284185,0.0042338371,-0.0071213245
2022-04-22,MSFT,-0.002196312,0.014757752,-0.017809331
2022-04-22,NKE,-0.0137164,0.012031913,-0.0039328933
2022-04-22,VZ,-0.030723333,0.017461181,-0.0038207769
2022-04-22,WMT,-0.03667593,0.017768979,-0.0030543208
2022-04-25,AAPL,-0.0033887029,0.012126088,-0.018648624
2022-04-25,AMGN,-0.03418231,0.027635455,-0.0032243133
2022-04-25,CRM,-0.011484742,0.015987396,-0.016716301
2022-04-25,CSCO,-0.0037856698,0.00062632561,-0.022807896
2022-04-25,IBM,-0.003472209,0.012387276,-0.0072579384
2022-04-25,INTC,-0.00094032288,0.0050675869,-0.015794516
2022-04-25,MSFT,0.003704071,0.0058104992,-0.016716003
2022-04-25,NKE,-0.0054422617,0.010495782,-0.0094388127
2022-04-25,VZ,-0.024710655,0.016822338,-0.0042788982
2022-04-25,WMT,-0.039761782,0.019072413,-0.0025673509
2022-04-26,AAPL,-0.013087451,0.012709856,-0.0092871785
2022-04-26,AMGN,0.00098240376,0.010296345,-0.010670781
2022-04-26,CRM,0.0040858984,0.0078133345,-0.021270394
2022-04-26,CSCO,-0.0081983805,0.0076079369,-0.0089706182
2022-04-26,IBM,-0.012677908,0.012619495,-0.0052697062
2022-04-26,INTC,-0.016637802,0.012100697,-0.010222673
2022-04-26,MSFT,-0.010308564,0.0052140951,-0.0082332492
2022-04-26,NKE,-0.0072375536,0.010205507,-0.0083440542
2022-04-26,VZ,-0.017359197,0.013186336,-0.0029168129
2022-04-26,WMT,-0.021815538,0.010902762,-0.0034059882
2022-04-27,AAPL,0.0015542507,0.010330081,-0.0086731911
2022-04-27,AMGN,-0.012619734,0.013685107,-0.0098358989
2022-04-27,CRM,-0.02378422,0.030565023,-0.012826145
2022-04-27,CSCO,-0.016951978,0.014422774,-0.0098525286
2022-04-27,IBM,-0.01999408,0.01330471,-0.0037927628
2022-04-27,INTC,-0.027402818,0.018092275,-0.0026189685
2022-04-27,MSFT,-0.017950296,0.014760852,-0.0068747997
2022-04-27,NKE,-0.011395454,0.013698697,0.0018066168
2022-04-27,VZ,-0.021708846,0.010623217,-0.0032615662
2022-04-27,WMT,-0.0063953996,0.01224196,-0.0041330457
2022-04-28,AAPL,-0.018177509,0.017562985,-0.0082094669
2022-04-28,AMGN,-0.012425721,0.019580841,-0.009657383
2022-04-28,CRM,-0.033816516,0.04134798,-0.014576793
2022-04-28,CSCO,-0.017135918,0.017923832,-0.0066956878
2022-04-28,IBM,-0.017548323,0.019190669,-0.0047767758
2022-04-28,INTC,-0.022338629,0.016564131,-0.0077431798
2022-04-28,MSFT,-0.028015733,0.024036646,0.0036447048
2022-04-28,NKE,-0.025419772,0.028234005,-0.00032866001
2022-04-28,VZ,-0.0067667961,0.012240052,-0.0040297508
2022-04-28,WMT,-0.0090557933,0.0092463493,-0.0073075294
2022-04-29,AAPL,-0.017595708,0.019952059,-0.081042111
2022-04-29,AMGN,-0.008705616,0.016218543,-0.029650033
2022-04-29,CRM,-0.049350977,0.037124753,-0.043268383
2022-04-29,CSCO,-0.037583172,0.019827485,-0.048903465
2022-04-29,IBM,-0.021544218,0.015359163,-0.024254978
2022-04-29,INTC,-0.015971065,0.021074772,-0.035462141
2022-04-29,MSFT,-0.023283422,0.020060182,-0.034349084
2022-04-29,NKE,-0.024424314,0.022863388,-0.042369187
2022-04-29,VZ,-0.023195744,0.014668703,-0.049291074
2022-04-29,WMT,-0.028656125,0.015668154,-0.020018756
2022-05-02,AAPL,-0.032140672,0.046362996,-0.011696577
2022-05-02,AMGN,-0.016008317,0.028363705,-0.0032842755
2022-05-02,CRM,-0.035178483,0.052561283,-0.011924326
2022-05-02,CSCO,-0.032776475,0.035122633,-0.0086425543
2022-05-02,IBM,-0.026937008,0.027407646,-0.0038115978
2022-05-02,INTC,-0.028681815,0.037226677,-0.0086989403
2022-05-02,MSFT,-0.032137632,0.039892673,-0.0083545446
2022-05-02,NKE,-0.024424374,0.034410477,-0.0090876818
2022-05-02,VZ,-0.020278931,0.031372428,-0.0077211857
2022-05-02,WMT,-0.021665394,0.028461099,-0.0029595494
2022-05-03,AAPL,0.0021996498,0.01105547,-0.0050421953
2022-05-03,AMGN,-0.0021890998,-0.0014637113,-0.0080635548
2022-05-03,CRM,0.024837732,0.00033533573,-0.0086593628
2022-05-03,CSCO,0.013880968,-0.004204452,-0.0097720027
2022-05-03,IBM,-0.00022768974,0.0067664385,-0.0017587543
2022-05-03,INTC,0.0070650578,0.002379775,-0.0078621507
2022-05-03,MSFT,-0.0017613769,0.003867507,-0.0030409694
2022-05-03,NKE,-0.0010535121,0.0074989796,0.0004349947
2022-05-03,VZ,-0.0044592619,0.0018657446,-0.0072998405
2022-05-03,WMT,-0.0045102835,0.0027983189,-0.0055259466
2022-05-04,AAPL,-0.037487566,0.029907465,-0.0046797991
2022-05-04,AMGN,-0.021815836,0.015853047,-0.001760602
2022-05-04,CRM,-0.05756259,0.021435618,0.010267258
2022-05-04,CSCO,-0.025852501,0.0036770105,-0.0061261058
2022-05-04,IBM,-0.023701727,0.012543082,-0.00070399046
2022-05-04,INTC,-0.024103224,0.0092127323,-0.0014526844
2022-05-04,MSFT,-0.038237274,0.024504304,-0.0029825568
2022-05-04,NKE,-0.030289531,0.013014197,0.0060715675
2022-05-04,VZ,-0.015762389,0.0036914349,-0.0033468008
2022-05-04,WMT,-0.0068361759,-0.0028469563,-0.010259569
2022-05-05,AAPL,-0.010448217,0.02073884,-0.016968012
2022-05-05,AMGN,-0.034092963,0.0211308,-0.0021400452
2022-05-05,CRM,-0.039694071,0.024660826,0.0012731552
2022-05-05,CSCO,-0.016876936,-9.5963478e-05,-0.017263293
2022-05-05,IBM,-0.0056264997,0.0039932728,-0.0096134543
2022-05-05,INTC,-0.00065267086,-0.0029693842,-0.017321289
2022-05-05,MSFT,-0.024237633,0.0082194805,-0.014956772
2022-05-05,NKE,-0.027207315,0.012822628,-0.0090561509
2022-05-05,VZ,-0.0090999007,0.00062584877,-0.010892212
2022-05-05,WMT,-0.010956168,-0.0048461556,-0.013565898
2022-05-06,AAPL,-0.017799973,0.021226406,-0.0017727017
2022-05-06,AMGN,-0.014760137,0.011783719,0.0019818544
2022-05-06,CRM,-0.01662159,0.014313579,-0.0080376863
2022-05-06,CSCO,-0.01068449,-0.0050335526,-0.0097235441
2022-05-06,IBM,-0.0079464316,0.0099323988,-0.0068836808
2022-05-06,INTC,0.002256155,-0.00019007921,-0.0083854198
2022-05-06,MSFT,-0.022722661,0.017416358,-0.0045653582
2022-05-06,NKE,-0.023910105,0.013627768,0.00067734718
2022-05-06,VZ,-0.01428777,0.0070723295,-0.0037471652
2022-05-06,WMT,-0.0024992228,-0.0025526285,-0.01282841
2022-05-09,AAPL,-0.012855232,0.020486236,-0.0091197491
2022-05-09,AMGN,-0.021182358,0.015747547,0.0051088333
2022-05-09,CRM,-0.0026783943,0.0079079866,-0.0046306849
2022-05-09,CSCO,0.0034646988,-0.0087846518,-0.013923049
2022-05-09,IBM,-0.011314988,0.011755824,-0.0051410198
2022-05-09,INTC,-0.00014644861,0.00029909611,-0.0069530606
2022-05-09,MSFT,-0.014764547,0.010427713,-0.010323226
2022-05-09,NKE,-0.018727303,0.010152936,0.0044275522
2022-05-09,VZ,-0.0073472857,0.0053286552,-0.003534615
2022-05-09,WMT,-0.013498485,0.0026425123,-0.012912631
2022-05-10,AAPL,-0.017101526,0.023503184,-0.0053981543
2022-05-10,AMGN,-0.023441017,0.0088118315,-0.0017354488
2022-05-10,CRM,-0.023913026,0.01503253,-0.0086374283
2022-05-10,CSCO,-0.0064254999,-0.010371089,-0.014906704
2022-05-10,IBM,-0.017505825,0.013242722,-0.0042795539
2022-05-10,INTC,-0.003318727,0.00023031235,-0.0064442754
2022-05-10,MSFT,-0.028414488,0.01104188,-0.0058788657
2022-05-10,NKE,-0.032441378,0.011721015,0.0044950247
2022-05-10,VZ,-0.021785796,0.0075460672,-0.0033029914
2022-05-10,WMT,-0.020666838,0.006056428,-0.0085080266
2022-05-11,AAPL,-0.0040201545,0.022382498,-0.0072368383
2022-05-11,AMGN,-0.03092283,0.015856147,0.0059816837
2022-05-11,CRM,-0.0099337697,0.010356903,-0.002827704
2022-05-11,CSCO,0.0033545494,-0.013246953,-0.013868272
2022-05-11,IBM,-0.014952481,0.014157176,0.0010185242
2022-05-11,INTC,-0.0019525886,1.8358231e-05,-0.0060268641
2022-05-11,MSFT,-0.017627537,0.01022768,-0.00248909
2022-05-11,NKE,-0.034273744,0.015855312,0.0078270435
2022-05-11,VZ,-0.019770265,0.00956285,0.0010540485
2022-05-11,WMT,-0.024222493,0.01012516,-0.0067000985
2022-05-12,AAPL,-0.013273478,0.018980861,-0.0081092119
2022-05-12,AMGN,-0.030316532,0.018342972,-0.00098180771
2022-05-12,CRM,-0.018364847,0.014675856,-0.0031563044
2022-05-12,CSCO,-0.008275032,-0.015091419,-0.015143037
2022-05-12,IBM,-0.018152833,0.0081939697,-0.00084036589
2022-05-12,INTC,-0.0072882771,-0.00038594007,-0.0049311519
2022-05-12,MSFT,-0.025618732,0.01083982,-0.0040851235
2022-05-12,NKE,-0.027018905,0.010346293,0.0028096437
2022-05-12,VZ,-0.021846592,0.0080438852,-0.00061893463
2022-05-12,WMT,-0.021746397,0.0042549372,-0.0095816851
2022-05-13,AAPL,-0.0048908591,0.012035608,-0.019409895
2022-05-13,AMGN,-0.035054564,0.019975305,-0.0078902245
2022-05-13,CRM,-0.031102717,0.0083745718,-0.012883544
2022-05-13,CSCO,-0.0083619952,-0.014149725,-0.022093475
2022-05-13,IBM,-0.0082634687,0.0020868778,-0.0069509745
2022-05-13,INTC,0.003801465,-0.0060850382,-0.01944381
2022-05-13,MSFT,-0.019633412,0.0051617622,-0.016497791
2022-05-13,NKE,-0.024861634,0.0043791533,-0.0048571229
2022-05-13,VZ,-0.029646456,0.0053976774,-0.0061177611
2022-05-13,WMT,-0.031840861,0.0024523735,-0.011333287
2022-05-16,AAPL,0.00062298775,0.012509465,-0.016372204
2022-05-16,AMGN,-0.013802171,0.017792583,-0.013388932
2022-05-16,CRM,0.0024045706,0.0023100376,-0.02559495
2022-05-16,CSCO,0.00068295002,-0.01158458,-0.015313685
2022-05-16,IBM,-0.0066787601,0.005756855,-0.0049033761
2022-05-16,INTC,0.0045676231,-0.0033390522,-0.013050914
2022-05-16,MSFT,-0.017679036,0.0075067282,-0.015690625
2022-05-16,NKE,-0.017961323,0.0059612989,-0.0017920136
2022-05-16,VZ,-0.028056741,0.0061900616,-0.0042961836
2022-05-16,WMT,-0.014310718,0.0005658865,-0.010662973
2022-05-17,AAPL,-0.0089246035,0.015710354,-0.014593005
2022-05-17,AMGN,-0.032514334,0.021447659,-0.0032962561
2022-05-17,CRM,-0.020734012,0.013379693,-0.012189865
2022-05-17,CSCO,-0.0097910166,-0.0078035593,-0.015065312
2022-05-17,IBM,-0.0163908,0.0091081858,-0.0037704706
2022-05-17,INTC,-0.0064929128,0.0022721291,-0.011088252
2022-05-17,MSFT,-0.019406617,0.011282325,-0.012788236
2022-05-17,NKE,-0.020472467,0.0091186762,-0.0016334653
2022-05-17,VZ,-0.02359134,0.011262774,-0.0052479506
2022-05-17,WMT,-0.0083574057,0.0012774467,-0.016096592
2022-05-18,AAPL,-0.017398,0.027244568,-0.0082862973
2022-05-18,AMGN,-0.027388871,0.020501137,-0.0007314086
2022-05-18,CRM,-0.046279073,0.027133822,-0.0059835315
2022-05-18,CSCO,-0.011753201,-0.003338933,-0.01379782
2022-05-18,IBM,-0.017165244,0.013729811,-0.0051765442
2022-05-18,INTC,-0.0034568906,0.004172802,-0.0096814632
2022-05-18,MSFT,-0.016325533,0.017296672,-0.010558128
2022-05-18,NKE,-0.044401944,0.021627784,0.0062073469
2022-05-18,VZ,-0.015062571,0.010146737,-0.0080254078
2022-05-18,WMT,-0.016260862,0.0045250654,-0.011956751
2022-05-19,AAPL,-0.0022773743,0.016518712,-0.018377125
2022-05-19,AMGN,-0.032581925,0.026616454,-0.0013052821
2022-05-19,CRM,-0.031451762,0.026346922,-0.015192926
2022-05-19,CSCO,-0.001285851,-0.001327455,-0.016516984
2022-05-19,IBM,-0.014693201,0.012431741,-0.0022765994
2022-05-19,INTC,0.013901591,-0.00056111813,-0.0098214746
2022-05-19,MSFT,-0.012352467,0.009904027,-0.011452675
2022-05-19,NKE,-0.03669405,0.022688866,0.0071873665
2022-05-19,VZ,-0.020835876,0.0097756386,-0.0056033134
2022-05-19,WMT,-0.020540297,0.0070201159,-0.0092551708
2022-05-20,AAPL,-0.011628151,0.018761635,-0.011651099
2022-05-20,AMGN,-0.014284194,0.01064992,-0.0073432922
2022-05-20,CRM,-0.0085483193,0.0089998245,-0.014163852
2022-05-20,CSCO,-0.0084176064,-0.0074257255,-0.016115844
2022-05-20,IBM,-0.0086090565,0.0086810589,-0.0061896443
2022-05-20,INTC,0.00062453747,0.0027351379,-0.011460423
2022-05-20,MSFT,-0.011154473,0.0064963102,-0.012483835
2022-05-20,NKE,-0.022893608,0.010177255,0.0018270016
2022-05-20,VZ,-0.021541238,0.0085830688,-4.8339367e-05
2022-05-20,WMT,-0.029515505,0.005592227,-0.0064131618
2022-05-23,AAPL,-0.0078456998,0.021670938,-0.01218915
2022-05-23,AMGN,-0.03383702,0.025148153,0.0066982508
2022-05-23,CRM,0.014881253,-0.0011612177,-0.019562781
2022-05-23,CSCO,-0.0021691322,-0.003253758,-0.01127249
2022-05-23,IBM,-0.0031427145,0.0098698139,-0.00401932
2022-05-23,INTC,-0.0085075498,0.0046525002,-0.0057380199
2022-05-23,MSFT,-0.017518461,0.015341997,-0.01363188
2022-05-23,NKE,-0.0068635345,0.0051044226,0.0044877529
2022-05-23,VZ,-0.015967667,0.009758234,-0.0027322173
2022-05-23,WMT,-0.012399971,0.0041761398,-0.0051570535
2022-05-24,AAPL,0.0051660538,0.013817191,-0.0098978281
2022-05-24,AMGN,-0.029191434,0.021515012,0.001889348
2022-05-24,CRM,0.018801212,-0.0071558952,-0.010197878
2022-05-24,CSCO,0.0058591366,-0.009174943,-0.011681974
2022-05-24,IBM,-0.0074234605,0.0090612173,-0.0027961135
2022-05-24,INTC,-0.0033617616,0.001175642,-0.0050739646
2022-05-24,MSFT,-0.010262668,0.0052927732,-0.0083163977
2022-05-24,NKE,-0.012920499,0.0078741312,0.0038452148
2022-05-24,VZ,-0.022242606,0.01210022,0.0028797388
2022-05-24,WMT,-0.037353098,0.015305161,-0.0014536977
2022-05-25,AAPL,-0.0057774186,0.011053085,-0.010178626
2022-05-25,AMGN,-0.010873675,0.0061182976,-0.0083380342
2022-05-25,CRM,-0.0069713593,-0.00032877922,-0.0081516504
2022-05-25,CSCO,-0.009834826,-0.010939538,-0.016013026
2022-05-25,IBM,-0.015882373,0.0079346895,-0.0038538575
2022-05-25,INTC,-0.015782833,0.0019065142,-0.009092629
2022-05-25,MSFT,-0.018969238,0.0048859119,-0.0086483359
2022-05-25,NKE,-0.022518575,0.014114261,-0.003739357
2022-05-25,VZ,-0.022526801,0.0065156221,-0.0077764988
2022-05-25,WMT,-0.027765572,0.0084174871,-0.0043036938
2022-05-26,AAPL,-0.0014409423,0.011583686,-0.011589706
2022-05-26,AMGN,-0.018722475,0.013233185,-0.0064637661
2022-05-26,CRM,-0.021318734,0.010940671,-0.0047160983
2022-05-26,CSCO,-0.0066008568,-0.0082626343,-0.016296685
2022-05-26,IBM,-0.012453973,0.0060745478,-0.0078353286
2022-05-26,INTC,-0.003172338,0.00069141388,-0.0097437501
2022-05-26,MSFT,-0.010018647,0.0017763376,-0.011033952
2022-05-26,NKE,-0.020666957,0.013809323,-0.00030994415
2022-05-26,VZ,-0.010310352,0.00029158592,-0.006590724
2022-05-26,WMT,-0.0051722527,0.0022244453,-0.008690536
2022-05-27,AAPL,-0.018419981,0.02038765,-0.0079093575
2022-05-27,AMGN,-0.014286101,0.01941812,-0.010267437
2022-05-27,CRM,-0.049995244,0.051162481,-0.018076837
2022-05-27,CSCO,-0.018679678,0.0085532665,-0.010774553
2022-05-27,IBM,-0.014831424,0.013168931,-0.0055169463
2022-05-27,INTC,-0.020460606,0.013084412,-0.0049185753
2022-05-27,MSFT,-0.02393657,0.021957159,-0.0052655935
2022-05-27,NKE,-0.02393508,0.025157809,-0.0018731952
2022-05-27,VZ,-0.010183632,0.010461092,-0.005089283
2022-05-27,WMT,-0.0057275891,0.0065844059,-0.012010038
2022-05-31,AAPL,-0.0058788657,0.0081748962,-0.041809857
2022-05-31,AMGN,-0.018005192,0.019426703,-0.013504267
2022-05-31,CRM,-0.052157879,0.037507772,-0.040929437
2022-05-31,CSCO,-0.027564466,0.012071609,-0.028080344
2022-05-31,IBM,-0.014823914,0.013196707,-0.018560469
2022-05-31,INTC,-0.023323774,0.015461206,-0.02347368
2022-05-31,MSFT,-0.024393439,0.017736316,-0.023813367
2022-05-31,NKE,-0.022932708,0.01673913,-0.026765943
2022-05-31,VZ,-0.028259754,0.014122844,-0.024555147
2022-05-31,WMT,-0.028052509,0.018195152,-0.014805138
2022-06-01,AAPL,-0.042040765,0.041397214,-0.0073708296
2022-06-01,AMGN,-0.02926755,0.036344409,-0.0036242604
2022-06-01,CRM,-0.043670058,0.055696011,-0.018598855
2022-06-01,CSCO,-0.032388628,0.033447266,-0.01371479
2022-06-01,IBM,-0.029633045,0.03279376,-0.0032769442
2022-06-01,INTC,-0.036070466,0.04019022,-0.0067327619
2022-06-01,MSFT,-0.04364717,0.036894798,-0.0046819448
2022-06-01,NKE,-0.031148911,0.03194654,-0.01010114
2022-06-01,VZ,-0.033531308,0.030869484,-0.0078798532
2022-06-01,WMT,-0.02747947,0.026968122,-0.0057934523
2022-06-02,AAPL,0.010842562,0.012442827,-0.0084614754
2022-06-02,AMGN,-0.012745798,0.0062462091,-0.0045937896
2022-06-02,CRM,0.0054738522,0.012981415,-0.0093460679
2022-06-02,CSCO,0.00088024139,-0.0015722513,-0.010458708
2022-06-02,IBM,0.0010145903,0.0098336935,-0.0030009747
2022-06-02,INTC,0.0028324127,0.007298708,-0.010064125
2022-06-02,MSFT,-0.0039129853,0.0065196753,-0.0040146112
2022-06-02,NKE,-0.0081648827,0.015598297,-0.0034610629
2022-06-02,VZ,-0.00891155,0.0044230223,-0.0043401122
2022-06-02,WMT,-0.0040358305,0.0052765608,-0.0042720437
2022-06-03,AAPL,-0.0025779009,0.017480969,-0.010703325
2022-06-03,AMGN,-0.033704579,0.020332813,-0.0022552013
2022-06-03,CRM,-0.040367186,0.025676847,0.00059711933
2022-06-03,CSCO,-0.008222878,-0.0024369359,-0.011656702
2022-06-03,IBM,-0.01042825,0.0095570087,-0.0037429929
2022-06-03,INTC,-0.01659137,0.001999259,-0.0069398284
2022-06-03,MSFT,-0.036896944,0.015437245,-0.0049459934
2022-06-03,NKE,-0.030002236,0.014656305,-0.0013621449
2022-06-03,VZ,-0.014460981,0.0047081709,8.6069107e-05
2022-06-03,WMT,-0.011557341,0.0016883612,-0.00544554
2022-06-06,AAPL,0.0034170151,0.0045841932,-0.011808932
2022-06-06,AMGN,-0.03720504,0.016818643,-0.0039362907
2022-06-06,CRM,-0.043010056,0.034764647,-0.006077826
2022-06-06,CSCO,-0.011033416,-0.0077982545,-0.020467341
2022-06-06,IBM,0.0075416565,9.6797943e-05,-0.012340784
2022-06-06,INTC,-0.0059349537,0.0011333227,-0.019722641
2022-06-06,MSFT,-0.018376589,0.0048551559,-0.018626928
2022-06-06,NKE,-0.033828616,0.010381222,-0.006049335
2022-06-06,VZ,-0.013910711,0.0062832832,-0.0061476231
2022-06-06,WMT,-0.0047816038,-0.0037935972,-0.017187417
2022-06-07,AAPL,0.011183739,-0.002165556,-0.017227471
2022-06-07,AMGN,-0.021998525,0.012815237,-0.0038027167
2022-06-07,CRM,-0.020688176,0.016832948,-0.016507745
2022-06-07,CSCO,-0.010491252,-0.016926825,-0.018794477
2022-06-07,IBM,-0.0093326569,0.00776577,-0.010268033
2022-06-07,INTC,0.0052483082,-0.0052804947,-0.017658591
2022-06-07,MSFT,-0.01559335,0.0059267282,-0.0084596872
2022-06-07,NKE,-0.029388011,0.01861465,-0.0067945123
2022-06-07,VZ,-0.016525269,0.0081288815,-0.004491508
2022-06-07,WMT,-0.011899531,-0.00065559149,-0.014809251
2022-06-08,AAPL,-0.017789721,0.013430238,0.0029503107
2022-06-08,AMGN,-0.031933069,0.023361564,-0.0003234148
2022-06-08,CRM,-0.05780524,0.044343352,0.0068554878
2022-06-08,CSCO,-0.015228093,-0.004229784,-0.014787078
2022-06-08,IBM,-0.0030133724,0.0074141026,-0.0054191947
2022-06-08,INTC,-0.0078957677,0.0084747076,-0.0094209313
2022-06-08,MSFT,-0.015242517,0.016201019,-0.0070559382
2022-06-08,NKE,-0.044008374,0.025535822,0.0090769529
2022-06-08,VZ,-0.012496769,0.008949399,0.0016716719
2022-06-08,WMT,0.0008251667,-0.0067227483,-0.016628385
2022-06-09,AAPL,-0.0092754364,0.0039517879,-0.029758453
2022-06-09,AMGN,-0.030350149,0.019354939,-0.0073450208
2022-06-09,CRM,-0.036572695,0.02974999,-0.02241236
2022-06-09,CSCO,-0.0056204796,-0.0072281361,-0.023743808
2022-06-09,IBM,-0.008656919,0.011213541,-0.012938917
2022-06-09,INTC,0.0016102791,-0.0050243139,-0.021488905
2022-06-09,MSFT,-0.010623574,0.0047695637,-0.014061272
2022-06-09,NKE,-0.034730434,0.015774965,-0.014633119
2022-06-09,VZ,-0.025179446,0.0084342957,-0.0036866665
2022-06-09,WMT,-0.020266652,0.0018624067,-0.012872577
2022-06-10,AAPL,-0.024907768,0.02703321,-0.011502862
2022-06-10,AMGN,-0.030157387,0.021773815,-0.00099617243
2022-06-10,CRM,-0.043160379,0.04807055,-0.010828733
2022-06-10,CSCO,-0.01753515,0.00099754333,-0.016083419
2022-06-10,IBM,-0.0075942278,0.010337591,-0.008246541
2022-06-10,INTC,-0.0023342371,0.0050098896,-0.014077902
2022-06-10,MSFT,-0.01696527,0.01951313,-0.013309896
2022-06-10,NKE,-0.040071249,0.026635408,0.00091695786
2022-06-10,VZ,-0.017260432,0.013039827,-0.0067837834
2022-06-10,WMT,-0.014234364,0.003336072,-0.012869179
2022-06-13,AAPL,-0.0078085661,0.01561594,-0.0064347386
2022-06-13,AMGN,-0.02324903,0.017377615,0.0018084049
2022-06-13,CRM,-0.016478181,0.024368048,-0.0089086294
2022-06-13,CSCO,-0.0067099333,-0.0057505369,-0.014649928
2022-06-13,IBM,-0.0091263652,0.0099366903,-0.0065317154
2022-06-13,INTC,0.013125658,-0.0017166734,-0.011464715
2022-06-13,MSFT,-0.014397383,0.0070537329,-0.0058581233
2022-06-13,NKE,-0.030156255,0.021173954,0.00082850456
2022-06-13,VZ,-0.011457384,0.0074250698,0.00080645084
2022-06-13,WMT,-0.015375376,0.0016618967,-0.0097908378
2022-06-14,AAPL,-0.0043625832,0.016700625,-0.011027038
2022-06-14,AMGN,-0.014474154,0.010788321,-0.0047390461
2022-06-14,CRM,-0.02159065,0.022711754,-0.003336668
2022-06-14,CSCO,-0.0048069954,-0.010078371,-0.012811959
2022-06-14,IBM,-0.0042832494,0.0077753067,-0.0089262724
2022-06-14,INTC,0.00032114983,-0.0013782978,-0.010222614
2022-06-14,MSFT,-0.012408495,0.011574149,-0.013175964
2022-06-14,NKE,-0.031797171,0.017675996,0.0040602684
2022-06-14,VZ,-0.018702507,0.010508657,0.00021851063
2022-06-14,WMT,-0.0098867416,-0.0036546588,-0.014828563
2022-06-15,AAPL,-0.0058546662,0.018355489,-0.0058441758
2022-06-15,AMGN,-0.028321207,0.023290396,-0.00069087744
2022-06-15,CRM,-0.010019243,0.011123776,-0.0039653182
2022-06-15,CSCO,-0.0063889027,-0.0012809038,-0.010023475
2022-06-15,IBM,-0.013500333,0.015137672,-0.0027676821
2022-06-15,INTC,-0.0012613535,-0.0059499741,-0.0089526176
2022-06-15,MSFT,-0.022198558,0.010254145,-0.0071294904
2022-06-15,NKE,-0.029626071,0.015745163,0.0016165972
2022-06-15,VZ,-0.017928541,0.0073903799,0.0042072535
2022-06-15,WMT,-0.022500575,0.00070345402,-0.0067861676
2022-06-16,AAPL,-0.023565829,0.013740182,-0.027581692
2022-06-16,AMGN,-0.016238689,0.012177229,-0.017371237
2022-06-16,CRM,-0.058544159,0.03851068,-0.006603539
2022-06-16,CSCO,-0.016979516,-0.0049746037,-0.025353491
2022-06-16,IBM,-0.0063072443,0.0088851452,-0.010434091
2022-06-16,INTC,-0.0020082593,0.00051021576,-0.02263093
2022-06-16,MSFT,-0.019591272,0.006388545,-0.02034384
2022-06-16,NKE,-0.039395511,0.010689974,-0.0071234107
2022-06-16,VZ,-0.019267142,0.0056449175,-0.0084973574
2022-06-16,WMT,-0.0092380047,-0.0026545525,-0.017745852
2022-06-17,AAPL,-0.0053014159,0.018977046,-0.0070634484
2022-06-17,AMGN,-0.02556026,0.023512125,-0.0047534704
2022-06-17,CRM,0.0040951967,0.015816212,-0.011217117
2022-06-17,CSCO,0.013560414,-0.011898875,-0.015004635
2022-06-17,IBM,-0.0040712357,0.012101889,-0.004006505
2022-06-17,INTC,0.024740458,-0.0019056797,-0.012509346
2022-06-17,MSFT,0.0014812946,0.0063881874,-0.015933692
2022-06-17,NKE,-0.024527073,0.021232128,0.0056027174
2022-06-17,VZ,-0.0088782907,0.011553049,-0.0034518838
2022-06-17,WMT,-0.014882922,0.0051345825,-0.0099948049
2022-06-21,AAPL,-0.0024511814,0.013719797,-0.01631391
2022-06-21,AMGN,-0.032213271,0.019644141,-0.0098907351
2022-06-21,CRM,-0.042446494,0.019969463,-0.011225283
2022-06-21,CSCO,-0.0018125772,-0.013365984,-0.02398777
2022-06-21,IBM,-0.0079397559,0.0062981844,-0.011093795
2022-06-21,INTC,0.0049523115,-0.00090581179,-0.0140028
2022-06-21,MSFT,-0.0037246943,0.008754015,-0.012835264
2022-06-21,NKE,-0.02548486,0.0089720488,-0.0039168
2022-06-21,VZ,-0.017483234,0.0040645599,-0.0015536547
2022-06-21,WMT,-0.0075358152,-0.0059604645,-0.017802536
2022-06-22,AAPL,0.0040434599,0.0095766783,-0.02651
2022-06-22,AMGN,-0.028126597,0.023016095,-0.011877418
2022-06-22,CRM,-0.044948936,0.026520729,-0.017504334
2022-06-22,CSCO,-0.0023595095,-0.0092654824,-0.01852572
2022-06-22,IBM,-0.0015364885,0.005338192,-0.0094757676
2022-06-22,INTC,0.0028269291,-0.0040070415,-0.01495105
2022-06-22,MSFT,-0.010648966,0.011039138,-0.013200462
2022-06-22,NKE,-0.022078693,0.016679525,-0.00032895803
2022-06-22,VZ,-0.026106954,0.0065672398,-0.00017940998
2022-06-22,WMT,-0.013653278,-0.0010139346,-0.014462233
2022-06-23,AAPL,-0.012952089,0.022884846,-0.02394551
2022-06-23,AMGN,-0.04891783,0.041466951,0.00031650066
2022-06-23,CRM,-0.021426618,0.025492072,-0.013508201
2022-06-23,CSCO,-0.0021070242,0.0021711588,-0.018882394
2022-06-23,IBM,0.0021888018,0.0080163479,-0.0046780705
2022-06-23,INTC,0.0015023947,0.0030751228,-0.012972295
2022-06-23,MSFT,-0.016486287,0.012662053,-0.012195528
2022-06-23,NKE,-0.024139285,0.01565063,-0.0039813519
2022-06-23,VZ,-0.025823534,0.013342023,-0.0063780546
2022-06-23,WMT,-0.017317593,0.0076392889,-0.011172771
2022-06-24,AAPL,-0.012166858,0.02258873,-0.018191457
2022-06-24,AMGN,-0.046485245,0.038498759,0.0050855875
2022-06-24,CRM,-0.020343363,0.039782643,-0.0085841417
2022-06-24,CSCO,-0.016403496,0.012949824,-0.018115461
2022-06-24,IBM,-0.015095651,0.015916586,-0.0038919449
2022-06-24,INTC,-0.01425916,0.01375711,-0.013218522
2022-06-24,MSFT,-0.014755368,0.018560767,-0.008181572
2022-06-24,NKE,-0.018732369,0.021133184,-0.005995214
2022-06-24,VZ,-0.026926816,0.019460082,-0.0062017441
2022-06-24,WMT,-0.021472991,0.013050437,-0.010239542
2022-06-27,AAPL,-0.006406486,0.017171621,-0.014909387
2022-06-27,AMGN,0.0017673969,0.0041584969,-0.0069382191
2022-06-27,CRM,-0.0030972362,0.02056706,-0.022732556
2022-06-27,CSCO,0.00027799606,-0.00045019388,-0.017410457
2022-06-27,IBM,-0.0075626969,0.012054563,-0.010151982
2022-06-27,INTC,-0.0026009083,0.0073269606,-0.013474226
2022-06-27,MSFT,-0.0093391538,0.0051438808,-0.0094963908
2022-06-27,NKE,-0.027606905,0.016287088,-0.0058972836
2022-06-27,VZ,-0.017605424,0.01175952,-0.0079291463
2022-06-27,WMT,-0.016636431,0.0066312551,-0.0040875077
2022-06-28,AAPL,0.0059968233,0.012385011,-0.015130639
2022-06-28,AMGN,-0.017128289,0.0164783,-0.0019327998
2022-06-28,CRM,-0.013678372,0.024644971,-0.016578555
2022-06-28,CSCO,-0.00724262,0.0030516386,-0.012753725
2022-06-28,IBM,-0.0099371076,0.009521842,-0.010242105
2022-06-28,INTC,-0.0016963482,0.008150816,-0.010223627
2022-06-28,MSFT,-0.0039519668,0.0064362288,-0.0096490979
2022-06-28,NKE,-0.018241048,0.020614982,-7.4386597e-05
2022-06-28,VZ,-0.014974773,0.0065801144,-0.0034732819
2022-06-28,WMT,-0.0081076026,0.0072642565,-0.0077501535
2022-06-29,AAPL,-0.01647687,0.018299103,-0.011315823
2022-06-29,AMGN,-0.01748997,0.0121907,-0.0071694851
2022-06-29,CRM,-0.047116458,0.056302547,-0.018208683
2022-06-29,CSCO,-0.015315175,0.012428284,-0.01442039
2022-06-29,IBM,-0.0092506409,0.011516094,-0.0084369779
2022-06-29,INTC,-0.017079413,0.011364579,-0.012221813
2022-06-29,MSFT,-0.032320499,0.019103885,0.0039266348
2022-06-29,NKE,-0.026098907,0.028283,-0.0037792921
2022-06-29,VZ,-0.0074394345,0.011083126,-0.002820611
2022-06-29,WMT,-0.0064614415,0.0057518482,-0.0090010762
2022-06-30,AAPL,-0.018055856,0.015424371,-0.059913754
2022-06-30,AMGN,-0.0093911886,0.015064478,-0.02162993
2022-06-30,CRM,-0.062235057,0.050511003,-0.036239266
2022-06-30,CSCO,-0.022146821,0.013258934,-0.039426327
2022-06-30,IBM,-0.0098580122,0.012259603,-0.023789525
2022-06-30,INTC,-0.01642108,0.011675358,-0.027404368
2022-06-30,MSFT,-0.016617835,0.015237808,-0.028592765
2022-06-30,NKE,-0.023928761,0.022202492,-0.024265349
2022-06-30,VZ,-0.016676664,0.012672544,-0.035420418
2022-06-30,WMT,-0.014493585,0.0071377754,-0.020333409
2022-07-01,AAPL,-0.043239295,0.045443535,-0.010799348
2022-07-01,AMGN,-0.023132265,0.034647822,-0.0025606751
2022-07-01,CRM,-0.043475568,0.061132789,-0.013205469
2022-07-01,CSCO,-0.043279886,0.036890388,-0.007704854
2022-07-01,IBM,-0.031976819,0.031336427,-0.0037685633
2022-07-01,INTC,-0.039792597,0.03937912,-0.0048156381
2022-07-01,MSFT,-0.042682886,0.041988254,-0.006763339
2022-07-01,NKE,-0.026970685,0.036096931,-0.007751286
2022-07-01,VZ,-0.029808879,0.033635378,-0.0049253702
2022-07-01,WMT,-0.028593659,0.028775334,-0.0020697713
2022-07-05,AAPL,-0.0039919019,0.017389536,-0.0074446797
2022-07-05,AMGN,-0.0050629377,0.0021812916,-0.008525908
2022-07-05,CRM,-0.0008880496,0.01819253,-0.00024050474
2022-07-05,CSCO,-0.0075125694,0.0030460358,-0.0068414807
2022-07-05,IBM,-0.011542559,0.014091372,-0.0023272038
2022-07-05,INTC,-0.010267973,0.0097839832,-0.004380703
2022-07-05,MSFT,-0.014492631,0.00987041,-0.0027538538
2022-07-05,NKE,-0.0097637773,0.013728499,-0.00093793869
2022-07-05,VZ,-0.014051974,0.0061962605,0.0013314486
2022-07-05,WMT,-0.0033870339,0.0026540756,-0.0077565312
2022-07-06,AAPL,-0.014050424,0.01907146,-0.0074028969
2022-07-06,AMGN,-0.027173221,0.020186901,-0.0027133822
2022-07-06,CRM,-0.035189867,0.01750803,-0.0036805272
2022-07-06,CSCO,0.0085712671,-0.0036870837,-0.019126952
2022-07-06,IBM,-0.0081204176,0.0096880198,-0.0088198185
2022-07-06,INTC,-0.003808558,-0.00062978268,-0.0050247312
2022-07-06,MSFT,-0.017852843,0.011058688,-0.011461616
2022-07-06,NKE,-0.020749688,0.009632349,-0.0022934079
2022-07-06,VZ,-0.013200104,0.0025159121,-0.0023139715
2022-07-06,WMT,0.00060486794,-0.0044879317,-0.011826038
2022-07-07,AAPL,0.0033099651,0.015518785,-0.024724364
2022-07-07,AMGN,-0.037133932,0.022193909,-0.0017536283
2022-07-07,CRM,-0.034146428,0.027020454,-0.011818469
2022-07-07,CSCO,-0.0019227862,-0.0071265101,-0.024414301
2022-07-07,IBM,-0.0016342998,0.0067952871,-0.009324491
2022-07-07,INTC,0.0080077648,-0.0040928721,-0.017777562
2022-07-07,MSFT,-0.01738441,0.0066342354,-0.019005597
2022-07-07,NKE,-0.028055906,0.013397932,-0.009036839
2022-07-07,VZ,-0.020583749,0.004535675,-0.0062974095
2022-07-07,WMT,-0.011061192,-0.0033908486,-0.016755819
2022-07-08,AAPL,-0.0071406364,0.011898875,-0.010871649
2022-07-08,AMGN,-0.022185326,0.016456962,2.8967857e-05
2022-07-08,CRM,-0.012739718,0.018493176,-0.013519824
2022-07-08,CSCO,-0.0018854737,-0.012380242,-0.020379543
2022-07-08,IBM,-0.0034813881,0.0044384003,-0.0080284476
2022-07-08,INTC,0.014476418,-0.0063832402,-0.017418444
2022-07-08,MSFT,-0.011419713,0.0048189163,-0.013580143
2022-07-08,NKE,-0.02348417,0.010505438,-0.0059754252
2022-07-08,VZ,-0.011945307,0.0042284727,-0.004891336
2022-07-08,WMT,-0.017471135,-0.0016923547,-0.009632349
2022-07-11,AAPL,-0.0049054623,0.018236637,-0.010940254
2022-07-11,AMGN,-0.036265612,0.022969723,0.0050981045
2022-07-11,CRM,-0.023936391,0.024643421,-0.0033403039
2022-07-11,CSCO,-0.014371991,-0.007438004,-0.01326859
2022-07-11,IBM,-0.013906896,0.013058186,-0.0040999651
2022-07-11,INTC,0.00031328201,0.0018725395,-0.012831926
2022-07-11,MSFT,-0.01923871,0.01196754,-0.016496599
2022-07-11,NKE,-0.032827199,0.021417379,0.0042793751
2022-07-11,VZ,-0.015955448,0.010737896,-0.0025604963
2022-07-11,WMT,-0.011866748,0.002169013,-0.014395595
2022-07-12,AAPL,-0.0023934841,0.012956023,-0.0089846849
2022-07-12,AMGN,-0.014542699,0.014732838,-0.0033931136
2022-07-12,CRM,0.014418602,0.0055230856,-0.015183032
2022-07-12,CSCO,0.0077143908,-0.014968097,-0.013291538
2022-07-12,IBM,-0.013693571,0.010677576,-0.0013059974
2022-07-12,INTC,0.0092464685,-0.0013165474,-0.003380537
2022-07-12,MSFT,-0.012889147,0.0063583851,-0.0068746209
2022-07-12,NKE,-0.033064783,0.015347004,0.0021749735
2022-07-12,VZ,-0.027072966,0.0090754032,0.0044716597
2022-07-12,WMT,-0.026068985,0.0064538717,-0.0062637925
2022-07-13,AAPL,-0.0054576993,0.012116313,-0.019497395
2022-07-13,AMGN,-0.038946331,0.019154549,0.0019991398
2022-07-13,CRM,-0.019266307,0.014770389,-0.007058382
2022-07-13,CSCO,-0.010276973,-0.016265094,-0.019368052
2022-07-13,IBM,-0.017496407,0.0097821951,-0.0039704442
2022-07-13,INTC,0.0067830086,-0.0084704757,-0.016122401
2022-07-13,MSFT,-0.013379097,0.0040122271,-0.01285696
2022-07-13,NKE,-0.025333285,0.0096310377,-0.0010777712
2022-07-13,VZ,-0.024858475,0.006596446,-0.0021291971
2022-07-13,WMT,-0.030611515,0.0073519945,-0.0060666203
2022-07-14,AAPL,-0.0047489405,0.01579237,-0.014171004
2022-07-14,AMGN,-0.04062289,0.020839334,-0.0031812787
2022-07-14,CRM,-0.023592949,0.023736477,-0.0063756108
2022-07-14,CSCO,-0.014391184,-0.011500478,-0.015458405
2022-07-14,IBM,-0.01050961,0.010418653,-0.0039506555
2022-07-14,INTC,0.0058658123,-0.0012788177,-0.018484831
2022-07-14,MSFT,-0.025812924,0.0058306456,-0.0077902675
2022-07-14,NKE,-0.027921498,0.013621807,-0.0013641715
2022-07-14,VZ,-0.015725374,0.0063937902,-0.0079283118
2022-07-14,WMT,-0.023897946,0.0022116899,-0.011659384
2022-07-15,AAPL,-0.0031701922,0.0087811947,-0.013233721
2022-07-15,AMGN,-0.022225678,0.016816735,-0.0043096542
2022-07-15,CRM,0.021123409,0.0057333708,-0.016311944
2022-07-15,CSCO,0.0015714169,-0.013179183,-0.012399316
2022-07-15,IBM,-0.0087295175,0.0089658499,0.00012683868
2022-07-15,INTC,-0.0046973228,-0.0013414025,-0.010327935
2022-07-15,MSFT,-0.012991905,0.0055724382,-0.010739028
2022-07-15,NKE,-0.016425371,0.0050498247,0.00064194202
2022-07-15,VZ,-0.032919228,0.011345863,0.0038167238
2022-07-15,WMT,-0.020823061,0.003964901,-0.010013044
2022-07-18,AAPL,0.0078173876,-0.001020968,-0.023348212
2022-07-18,AMGN,-0.026263654,0.011371374,-0.010092139
2022-07-18,CRM,-0.0059238076,-7.3075294e-05,-0.020381272
2022-07-18,CSCO,-0.010540724,-0.016320527,-0.020985186
2022-07-18,IBM,-0.022559583,0.010202885,-0.0043594241
2022-07-18,INTC,-0.0057817698,-0.0017635226,-0.017489672
2022-07-18,MSFT,-0.017828822,0.0038363934,-0.016919017
2022-07-18,NKE,-0.019845545,0.0031450987,-0.0083914399
2022-07-18,VZ,-0.02967608,0.0094057322,-0.0061174035
2022-07-18,WMT,-0.028345108,0.0046021938,-0.010197818
2022-07-19,AAPL,-0.008590281,0.014092445,-0.010049939
2022-07-19,AMGN,-0.020904779,0.018633008,-0.011080027
2022-07-19,CRM,-0.066918731,0.040937066,-0.0022553802
2022-07-19,CSCO,-0.015672684,-0.0046742558,-0.014119089
2022-07-19,IBM,-0.0021443367,0.0084820986,-0.0074973106
2022-07-19,INTC,-0.0014151931,-0.00094658136,-0.012043893
2022-07-19,MSFT,-0.02547425,0.013994932,-0.009085834
2022-07-19,NKE,-0.030064106,0.019067526,0.00075733662
2022-07-19,VZ,-0.0067142248,0.0026031733,-0.0092996359
2022-07-19,WMT,0.0058467388,-0.0061868429,-0.017183185
2022-07-20,AAPL,0.0085088015,0.0058861971,-0.01940769
2022-07-20,AMGN,-0.036604047,0.020632863,-0.0022819042
2022-07-20,CRM,-0.049090326,0.025438309,-0.0065231919
2022-07-20,CSCO,0.0025763512,-0.015119493,-0.020840704
2022-07-20,IBM,-0.0027543306,-0.00066703558,-0.0096980333
2022-07-20,INTC,0.016380668,-0.0048134923,-0.015888453
2022-07-20,MSFT,-0.0019956827,0.0053459406,-0.015223324
2022-07-20,NKE,-0.042954803,0.016857028,-0.0011584759
2022-07-20,VZ,-0.01169461,0.0036381483,-0.0079904795
2022-07-20,WMT,-0.0079340339,-0.0020132661,-0.016186178
2022-07-21,AAPL,-0.029136598,0.029899955,-0.015232921
2022-07-21,AMGN,-0.03436482,0.023700953,-0.0090123415
2022-07-21,CRM,-0.079740345,0.052706122,-0.0065767169
2022-07-21,CSCO,-0.027690947,0.006893158,-0.018004239
2022-07-21,IBM,-0.01014328,0.01204896,-0.010713041
2022-07-21,INTC,-0.0068981051,0.00651443,-0.016563952
2022-07-21,MSFT,-0.024985611,0.021578789,-0.010044932
2022-07-21,NKE,-0.052145064,0.027724862,-0.00023508072
2022-07-21,VZ,-0.01394105,0.00806427,-0.0098490715
2022-07-21,WMT,-0.0025151372,-0.0029036999,-0.016306281
2022-07-22,AAPL,-0.022756279,0.023871183,-0.022575378
2022-07-22,AMGN,-0.023880482,0.025998235,-0.0060440302
2022-07-22,CRM,-0.032189131,0.039941072,-0.021926284
2022-07-22,CSCO,-0.0029408336,0.0019205809,-0.018126309
2022-07-22,IBM,-0.0035732388,0.0094314814,-0.0066690445
2022-07-22,INTC,0.0086954832,0.0010170937,-0.010172784
2022-07-22,MSFT,-0.009083271,0.0098154545,-0.015142262
2022-07-22,NKE,-0.036377549,0.016943693,0.0047359467
2022-07-22,VZ,-0.019928098,0.010966301,-0.0033373833
2022-07-22,WMT,-0.0080105662,0.0013253689,-0.013615966
2022-07-25,AAPL,-0.018505037,0.027479768,-0.029659688
2022-07-25,AMGN,-0.037063301,0.030666351,-0.0020380616
2022-07-25,CRM,-0.018313587,0.024089217,-0.024641871
2022-07-25,CSCO,-0.016970098,0.0056958199,-0.019142747
2022-07-25,IBM,-0.010477066,0.012266278,-0.0086572766
2022-07-25,INTC,-0.0049163103,0.0090702772,-0.016989112
2022-07-25,MSFT,-0.01385349,0.01980269,-0.017962992
2022-07-25,NKE,-0.014758766,0.013952374,-0.015185773
2022-07-25,VZ,-0.028953493,0.016509533,-0.0060031414
2022-07-25,WMT,-0.028959692,0.01587534,-0.0094001293
2022-07-26,AAPL,-0.0014573336,0.019733548,-0.016270101
2022-07-26,AMGN,-0.033560336,0.034019709,-0.0038022399
2022-07-26,CRM,-0.0098282099,0.020300865,-0.013920605
2022-07-26,CSCO,0.0024762154,0.0020244122,-0.020861626
2022-07-26,IBM,-5.1259995e-06,0.012621522,-0.010408044
2022-07-26,INTC,-0.00028556585,0.0042603016,-0.01509738
2022-07-26,MSFT,-0.00021064281,0.013596892,-0.014265656
2022-07-26,NKE,-0.011172771,0.012234926,-0.0075625777
2022-07-26,VZ,-0.017714381,0.016479254,-0.0085191727
2022-07-26,WMT,-0.020710945,0.013926983,-0.0073626637
2022-07-27,AAPL,-0.013460755,0.020757318,-0.011813402
2022-07-27,AMGN,0.0047361851,0.0088988543,-0.0095965862
2022-07-27,CRM,0.0047734976,0.0068740845,-0.016982615
2022-07-27,CSCO,-0.00039839745,0.0057982206,-0.011295557
2022-07-27,IBM,-0.0052444339,0.01006639,-0.010311723
2022-07-27,INTC,-0.002505362,0.0096627474,-0.0089255571
2022-07-27,MSFT,0.0029027462,0.0044180155,-0.0069349408
2022-07-27,NKE,-0.010050654,0.017566562,-0.0089973211
2022-07-27,VZ,-0.0098640323,0.01018405,-0.0045830607
2022-07-27,WMT,-0.01636833,0.013655782,-0.0083560348
2022-07-28,AAPL,-0.0063717365,0.014183402,-0.015236735
2022-07-28,AMGN,-0.021851897,0.019327402,-0.010799944
2022-07-28,CRM,-0.031906486,0.026659966,-0.010649323
2022-07-28,CSCO,-0.015632629,0.009006381,-0.011237085
2022-07-28,IBM,-0.019360662,0.0121665,-0.0073286891
2022-07-28,INTC,-0.022578478,0.014919877,-0.0053549409
2022-07-28,MSFT,-0.017513037,0.0097981691,-0.0071007609
2022-07-28,NKE,-0.017396748,0.023898363,-0.0026467443
2022-07-28,VZ,-0.023645937,0.0092999935,-0.0075289607
2022-07-28,WMT,0.0012807846,0.0072000027,-0.0096061826
2022-07-29,AAPL,-0.024359584,0.023274302,-0.0152933
2022-07-29,AMGN,-0.014167428,0.018191934,-0.0089008212
2022-07-29,CRM,-0.027334452,0.045474172,-0.013966858
2022-07-29,CSCO,-0.010944903,0.014677405,-0.011046767
2022-07-29,IBM,-0.0057733059,0.015309691,-0.0088691711
2022-07-29,INTC,-0.011398554,0.010093808,-0.013425946
2022-07-29,MSFT,-0.02511698,0.02270925,0.00099539757
2022-07-29,NKE,-0.030454159,0.029053807,-0.0043171644
2022-07-29,VZ,-0.0080187917,0.010076761,-0.0051416159
2022-07-29,WMT,-0.0068038106,0.0057886839,-0.010190189
2022-08-01,AAPL,-0.016376615,0.023388863,-0.086639881
2022-08-01,AMGN,-0.011693597,0.020658135,-0.030382752
2022-08-01,CRM,-0.060399055,0.04322803,-0.0442276
2022-08-01,CSCO,-0.035998285,0.020741582,-0.052710533
2022-08-01,IBM,-0.020085454,0.015263319,-0.026947141
2022-08-01,INTC,-0.020264208,0.021880627,-0.039781451
2022-08-01,MSFT,-0.025680065,0.021487713,-0.037943065
2022-08-01,NKE,-0.02745235,0.028015852,-0.044678867
2022-08-01,VZ,-0.0281322,0.016636968,-0.053021848
2022-08-01,WMT,-0.026482105,0.016407371,-0.02386862
2022-08-02,AAPL,-0.035063446,0.050499201,-0.01064235
2022-08-02,AMGN,-0.016123056,0.033450961,-0.0036984086
2022-08-02,CRM,-0.0351668,0.058251023,-0.013122261
2022-08-02,CSCO,-0.031726241,0.036965609,-0.0076173544
2022-08-02,IBM,-0.030552208,0.030256271,-0.003746748
2022-08-02,INTC,-0.031049132,0.038098216,-0.0089759827
2022-08-02,MSFT,-0.034194529,0.045331597,-0.0089120269
2022-08-02,NKE,-0.025242984,0.039325714,-0.0067737103
2022-08-02,VZ,-0.022445142,0.036098719,-0.0076040626
2022-08-02,WMT,-0.023477614,0.030502796,-0.001996398
2022-08-03,AAPL,-0.0027781129,0.015487909,9.8109245e-05
2022-08-03,AMGN,-0.01736182,0.010091424,0.0010519028
2022-08-03,CRM,0.0012694597,0.020120978,0.0081570148
2022-08-03,CSCO,0.0023919344,0.001611352,-0.00093960762
2022-08-03,IBM,-0.0026073456,0.010735035,0.0025351048
2022-08-03,INTC,-0.0057858825,0.010483027,0.0047491789
2022-08-03,MSFT,-0.01163286,0.0041263103,0.0042622089
2022-08-03,NKE,-0.0083193183,0.0097318888,0.005091548
2022-08-03,VZ,-0.0082969069,0.0050222874,0.00026249886
2022-08-03,WMT,-0.00085544586,0.0029923916,-0.0030691624
2022-08-04,AAPL,-0.018525958,0.021978974,-0.0030101538
2022-08-04,AMGN,-0.033128083,0.010913014,0.0022732019
2022-08-04,CRM,-0.034713864,0.010853767,0.0071195364
2022-08-04,CSCO,-0.020976543,-0.0014342666,-0.0069515109
2022-08-04,IBM,-0.022112191,0.011271596,-0.0021889806
2022-08-04,INTC,-0.022342622,0.0042561293,-0.00030499697
2022-08-04,MSFT,-0.042329371,0.013500214,0.0042271614
2022-08-04,NKE,-0.027518868,0.0076298714,-0.0040527582
2022-08-04,VZ,-0.025663435,0.0056241751,-0.0011009574
2022-08-04,WMT,-0.016830742,0.0048754215,-0.0037125945
2022-08-05,AAPL,0.0049978495,0.0089462996,-0.011723459
2022-08-05,AMGN,-0.02737993,0.013403773,-0.00021642447
2022-08-05,CRM,-0.0029110312,0.0081082582,-0.00051593781
2022-08-05,CSCO,0.0086750984,-0.015843809,-0.014576018
2022-08-05,IBM,0.0022907257,0.0040938854,-0.0049794316
2022-08-05,INTC,0.012404084,-0.0061032176,-0.012919724
2022-08-05,MSFT,-0.012189329,-0.0068116188,-0.010770559
2022-08-05,NKE,-0.023635805,0.0083434582,0.0017369986
2022-08-05,VZ,-0.014563739,-0.0012053251,6.6399574e-05
2022-08-05,WMT,-0.011871696,-0.002502799,-0.0089834929
2022-08-08,AAPL,0.0007070303,0.0087867975,-0.0078340769
2022-08-08,AMGN,-0.001650393,-0.0013985038,-0.0063267946
2022-08-08,CRM,-0.0026896596,0.010440946,-0.0057592988
2022-08-08,CSCO,-0.0032752752,-0.016896188,-0.0090340972
2022-08-08,IBM,-0.0063070655,0.0071699619,-0.0051389933
2022-08-08,INTC,0.016207695,-0.0063666105,-0.010005534
2022-08-08,MSFT,-0.0058589578,0.001937151,-0.0137465
2022-08-08,NKE,-0.032071471,0.015360355,0.010623932
2022-08-08,VZ,-0.018939912,0.0085099936,0.0045062304
2022-08-08,WMT,-0.023274779,0.0024815798,-0.0058793426
2022-08-09,AAPL,-0.01423955,0.01519084,-0.0027529597
2022-08-09,AMGN,-0.024539769,0.013636827,-0.0017604232
2022-08-09,CRM,-0.022904813,0.024938822,0.0012385845
2022-08-09,CSCO,0.0010472536,-0.011961877,-0.0090845823
2022-08-09,IBM,-3.516674e-06,0.0097488165,-0.0050204396
2022-08-09,INTC,0.0027525425,-0.0029148459,-0.0025129914
2022-08-09,MSFT,-0.011891365,0.004540205,-0.01044488
2022-08-09,NKE,-0.025149465,0.014285564,0.0075572729
2022-08-09,VZ,-0.01299721,0.005898118,0.0020817518
2022-08-09,WMT,-0.0084157586,-0.003559351,-0.013204157
2022-08-10,AAPL,5.877018e-05,0.0068891048,-0.010716558
2022-08-10,AMGN,-0.025806129,0.013923526,-0.0040480494
2022-08-10,CRM,-0.017146349,0.013106346,-0.0035536289
2022-08-10,CSCO,0.014579654,-0.019708693,-0.013977051
2022-08-10,IBM,-0.0069659352,0.0083259344,-0.0023742318
2022-08-10,INTC,0.014938116,-0.011354744,-0.0081528425
2022-08-10,MSFT,-0.0036228895,-0.0028734207,-0.012747407
2022-08-10,NKE,-0.028139055,0.01144278,0.0042537451
2022-08-10,VZ,-0.018641233,0.0026355982,0.0015521049
2022-08-10,WMT,-0.021575689,0.0012382269,-0.0056920648
2022-08-11,AAPL,-0.0096135139,0.016194105,-0.0080164075
2022-08-11,AMGN,-0.037866235,0.017840862,-0.0017350316
2022-08-11,CRM,-0.017362475,0.012678742,-0.0018234253
2022-08-11,CSCO,-0.0054048896,-0.013456762,-0.012655437
2022-08-11,IBM,-0.011184871,0.014250636,-0.00030702353
2022-08-11,INTC,-0.0013279319,-0.0061066151,-0.010592043
2022-08-11,MSFT,-0.019923568,0.0033334494,-0.0099146366
2022-08-11,NKE,-0.029577971,0.012245059,0.00017642975
2022-08-11,VZ,-0.024594665,0.0071135759,-0.00071185827
2022-08-11,WMT,-0.019304693,-0.00054585934,-0.010588765
2022-08-12,AAPL,-0.015555382,0.016065001,-0.0071050525
2022-08-12,AMGN,-0.027279794,0.012633085,-0.0026334524
2022-08-12,CRM,-0.032617927,0.027077556,-0.0018588305
2022-08-12,CSCO,-0.0098300576,-0.011624634,-0.01433593
2022-08-12,IBM,-0.010735393,0.01023066,-0.0031214356
2022-08-12,INTC,-0.0049328804,-0.00021356344,-0.0075514913
2022-08-12,MSFT,-0.024190724,0.0031869411,-0.011227489
2022-08-12,NKE,-0.031818986,0.013628364,0.0015717745
2022-08-12,VZ,-0.022085011,0.0080062151,0.00047659874
2022-08-12,WMT,-0.016504765,-0.0012011528,-0.010373652
2022-08-15,AAPL,-0.0040662885,0.01116848,-0.0084733963
2022-08-15,AMGN,-0.021733642,0.014558911,0.00056755543
2022-08-15,CRM,-0.0039463639,0.014408588,-0.0048415661
2022-08-15,CSCO,0.010430098,-0.017728448,-0.010718822
2022-08-15,IBM,-0.0044778585,0.010014653,-0.00064831972
2022-08-15,INTC,0.01489985,-0.0096443892,-0.0091878772
2022-08-15,MSFT,-0.0078276396,-0.00057601929,-0.010299802
2022-08-15,NKE,-0.026608825,0.015286088,0.0090482235
2022-08-15,VZ,-0.024173856,0.0066312551,0.0058640242
2022-08-15,WMT,-0.029255033,0.0045586824,-0.0075222254
2022-08-16,AAPL,-0.0075320601,0.0091408491,-0.020323575
2022-08-16,AMGN,-0.015674412,0.0028127432,-0.010956526
2022-08-16,CRM,-0.014306009,0.015555978,-0.011175752
2022-08-16,CSCO,-0.0095052123,-0.016346335,-0.015516102
2022-08-16,IBM,-0.0093502998,0.011644125,-0.0086060762
2022-08-16,INTC,0.0061724186,-0.0057903528,-0.017705023
2022-08-16,MSFT,-0.014892101,0.0018923283,-0.015513599
2022-08-16,NKE,-0.028663099,0.011221528,-0.0036477447
2022-08-16,VZ,-0.024974644,0.007855773,-0.0014815927
2022-08-16,WMT,-0.029779255,0.0035740137,-0.0099380016
2022-08-17,AAPL,-0.0038692355,0.0088911057,-0.01247251
2022-08-17,AMGN,-0.019968212,0.010920525,-0.0055179
2022-08-17,CRM,-0.013347208,0.01782012,-0.0051721931
2022-08-17,CSCO,0.0036044121,-0.01575774,-0.011420786
2022-08-17,IBM,-0.0051998496,0.0099444389,-0.0025500059
2022-08-17,INTC,0.0099393129,-0.010789633,-0.012637496
2022-08-17,MSFT,-0.014424622,0.00017166138,-0.013868511
2022-08-17,NKE,-0.021010816,0.012839437,0.0012464523
2022-08-17,VZ,-0.017885447,0.0059387684,-0.00079393387
2022-08-17,WMT,-0.017649949,-0.00033164024,-0.011825204
2022-08-18,AAPL,-0.0098004341,0.015346289,-0.0027419329
2022-08-18,AMGN,-0.038881302,0.021992922,0.0040432215
2022-08-18,CRM,-0.020211816,0.019708157,0.0077341795
2022-08-18,CSCO,0.00041818619,-0.010109782,-0.0097411871
2022-08-18,IBM,-0.0058059096,0.0087105036,-0.0052586794
2022-08-18,INTC,0.0033888817,-0.0077267885,-0.006213665
2022-08-18,MSFT,-0.010301292,0.003625989,-0.010707915
2022-08-18,NKE,-0.034725368,0.015290737,0.0059081316
2022-08-18,VZ,-0.016603053,0.0066030025,0.0031747818
2022-08-18,WMT,-0.0099310279,-0.0054534078,-0.012252212
2022-08-19,AAPL,-0.0011380911,0.012032151,-0.0048174262
2022-08-19,AMGN,-0.034086704,0.021860003,0.0010453463
2022-08-19,CRM,-0.017740667,0.019045591,0.0046937466
2022-08-19,CSCO,0.005954504,-0.012803197,-0.015179276
2022-08-19,IBM,-0.010375321,0.012945414,-0.0024595261
2022-08-19,INTC,0.0064442158,-0.0058940053,-0.0085604191
2022-08-19,MSFT,-0.014968395,0.0060483217,-0.012572706
2022-08-19,NKE,-0.027994871,0.021207094,0.0060087442
2022-08-19,VZ,-0.014786124,0.0051646233,0.0017609596
2022-08-19,WMT,-0.019178867,0.002738595,-0.006801188
2022-08-22,AAPL,-0.0092226863,0.013996482,-0.0052025318
2022-08-22,AMGN,-0.011092067,0.00989151,-0.0085264444
2022-08-22,CRM,-0.012263417,0.014672041,-0.0042106509
2022-08-22,CSCO,0.0052312613,-0.014165163,-0.0093587637
2022-08-22,IBM,0.00045382977,0.0074419975,-0.0024092197
2022-08-22,INTC,0.0066328049,-0.0092007518,-0.0055131316
2022-08-22,MSFT,-0.012422562,0.0037299395,-0.0054140687
2022-08-22,NKE,-0.029017627,0.013385653,0.0071731806
2022-08-22,VZ,-0.015518725,0.0010941029,0.004912734
2022-08-22,WMT,-0.013998449,-0.0052993298,-0.0073726773
2022-08-23,AAPL,-0.0017738938,0.0077754259,-0.026024163
2022-08-23,AMGN,-0.037186384,0.01238966,0.0019938946
2022-08-23,CRM,-0.038159549,0.022494793,-0.0077116489
2022-08-23,CSCO,-0.0091799498,-0.016523957,-0.017097056
2022-08-23,IBM,-0.0078702569,0.0099323988,-0.0076785684
2022-08-23,INTC,-0.0047040582,-0.0043865442,-0.017385662
2022-08-23,MSFT,-0.016739607,0.0041853189,-0.012031794
2022-08-23,NKE,-0.03084439,0.016225338,-0.0048701167
2022-08-23,VZ,-0.023064733,0.0041658878,-0.0045779347
2022-08-23,WMT,-0.018224835,0.0044355392,-0.010617137
2022-08-24,AAPL,-0.010703444,0.022130847,-0.0082944036
2022-08-24,AMGN,-0.026160181,0.017645717,0.0013787746
2022-08-24,CRM,-0.034742117,0.032011271,0.0041267872
2022-08-24,CSCO,0.0033231974,-0.0086814761,-0.014916897
2022-08-24,IBM,-0.0033840537,0.010455966,-0.0037559271
2022-08-24,INTC,0.00042676926,-0.00054138899,-0.0047035813
2022-08-24,MSFT,-0.021149933,0.0052477121,-0.0070364475
2022-08-24,NKE,-0.038761377,0.023822069,0.0067470074
2022-08-24,VZ,-0.016190231,0.010192156,0.00039172173
2022-08-24,WMT,-0.012371302,0.0016924143,-0.0089424253
2022-08-25,AAPL,-0.019479156,0.012702346,-0.014016747
2022-08-25,AMGN,-0.01851058,0.0089554787,-0.0085310936
2022-08-25,CRM,-0.048154712,0.04173553,-0.0039075017
2022-08-25,CSCO,-0.023843706,-0.0050423741,-0.012243688
2022-08-25,IBM,-0.0093147159,0.005043745,-0.010975838
2022-08-25,INTC,-0.0086891651,-0.003934145,-0.0080971122
2022-08-25,MSFT,-0.027548254,0.009577632,-0.0077952743
2022-08-25,NKE,-0.040572226,0.020086884,0.0025478601
2022-08-25,VZ,-0.017751276,0.0091661215,-0.0030738115
2022-08-25,WMT,-0.009693861,-0.0049996972,-0.013675094
2022-08-26,AAPL,0.0038570166,0.0083165169,-0.024892986
2022-08-26,AMGN,-0.015001595,0.0071570873,-0.0077458024
2022-08-26,CRM,-0.034101129,0.031538486,-0.026887357
2022-08-26,CSCO,-0.014893413,-0.010403037,-0.022969842
2022-08-26,IBM,-0.013868034,0.0066303015,-0.013976932
2022-08-26,INTC,-0.0038864613,-0.0041267276,-0.018689752
2022-08-26,MSFT,-0.001401186,0.0023472309,-0.01428479
2022-08-26,NKE,-0.036889553,0.019506574,-0.0083208084
2022-08-26,VZ,-0.022887886,0.0086289644,-0.01118505
2022-08-26,WMT,-0.026266396,0.0055299997,-0.0084346533
2022-08-29,AAPL,-0.021408558,0.019349217,0.0010144711
2022-08-29,AMGN,0.01151228,0.0074801445,-0.0076426864
2022-08-29,CRM,-0.045338452,0.058339715,-0.015848994
2022-08-29,CSCO,-0.011833489,0.01130712,-0.0087936521
2022-08-29,IBM,-0.0078250766,0.014967442,-0.0056292415
2022-08-29,INTC,-0.0043158531,0.01237905,-0.0033084154
2022-08-29,MSFT,-0.010551214,0.012639523,0.00022959709
2022-08-29,NKE,-0.031581283,0.028353572,0.0071338415
2022-08-29,VZ,-0.0042439103,0.0060346127,-0.0041428208
2022-08-29,WMT,0.0011050701,0.0038478374,-0.0060557127
2022-08-30,AAPL,-0.0029442906,0.0032807589,-0.036309898
2022-08-30,AMGN,-0.012923419,0.01499176,-0.0057685971
2022-08-30,CRM,-0.05626148,0.053312063,-0.032915831
2022-08-30,CSCO,-0.021160662,0.0054101944,-0.017953098
2022-08-30,IBM,-0.010336876,0.016624093,-0.01828444
2022-08-30,INTC,-0.015501618,0.0093966722,-0.018888831
2022-08-30,MSFT,-0.014044583,0.013738155,-0.024443328
2022-08-30,NKE,-0.026562095,0.018581271,-0.012861371
2022-08-30,VZ,-0.018008471,0.012987375,-0.013986588
2022-08-30,WMT,-0.013440073,0.0069699287,-0.01789844
2022-08-31,AAPL,-0.05422622,0.040810347,-0.0035970211
2022-08-31,AMGN,-0.02750206,0.031731486,-0.0020793676
2022-08-31,CRM,-0.057305217,0.063981056,-0.010081053
2022-08-31,CSCO,-0.045794129,0.038709402,-0.0088604689
2022-08-31,IBM,-0.039110839,0.035552502,-0.0030478835
2022-08-31,INTC,-0.045279384,0.042404652,-0.00025773048
2022-08-31,MSFT,-0.052305818,0.037933469,0.00023674965
2022-08-31,NKE,-0.042847753,0.038512349,-0.0032176375
2022-08-31,VZ,-0.03641957,0.035951734,-0.00038945675
2022-08-31,WMT,-0.03679055,0.029700041,-0.0035668015
2022-09-01,AAPL,0.00095462799,0.012353778,-0.0013177991
2022-09-01,AMGN,-0.0088133812,0.0045945644,-0.0037635565
2022-09-01,CRM,0.011229038,0.01154542,0.0049273968
2022-09-01,CSCO,0.0076301098,-0.00014919043,-0.0051665306
2022-09-01,IBM,-0.0038523674,0.0081720352,5.6743622e-05
2022-09-01,INTC,0.0033962727,0.0026576519,-0.0021518469
2022-09-01,MSFT,-0.0051315427,0.0017647743,-0.00076979399
2022-09-01,NKE,-0.0050282478,0.0086187124,0.0049382448
2022-09-01,VZ,-0.004411757,0.0010371208,0.0021051168
2022-09-01,WMT,-0.0032957196,0.0025265217,-0.0053223968
2022-09-02,AAPL,-0.017702043,0.015498042,0.0094587803
2022-09-02,AMGN,-0.050209105,0.026136279,0.01038444
2022-09-02,CRM,-0.030116498,0.0095696449,0.010629654
2022-09-02,CSCO,0.013560295,-0.0083650947,-0.0077815056
2022-09-02,IBM,-0.016087115,0.0072225332,-0.00035148859
2022-09-02,INTC,-0.0014703274,-0.003521204,0.0035595894
2022-09-02,MSFT,-0.018078685,0.0072566271,-0.0023397803
2022-09-02,NKE,-0.02188164,0.0091904402,0.0081597567
2022-09-02,VZ,-0.0067013502,-0.0045260787,0.0017675161
2022-09-02,WMT,-0.0049362183,-0.00079596043,-0.0092523098
2022-09-06,AAPL,-0.0022892356,0.013637066,-0.0060074329
2022-09-06,AMGN,-0.044060826,0.029773474,0.00030195713
2022-09-06,CRM,-0.032691121,0.015838146,0.0008430481
2022-09-06,CSCO,0.0094577074,-0.012006879,-0.018233836
2022-09-06,IBM,-0.002169013,0.0040882826,-0.0048139095
2022-09-06,INTC,0.01066792,-0.0069448948,-0.0041360855
2022-09-06,MSFT,-0.023926497,0.0034776926,-0.0081970692
2022-09-06,NKE,-0.026890278,0.0095379353,0.0032672882
2022-09-06,VZ,-0.0020118952,-0.0071565509,-0.0051151514
2022-09-06,WMT,-0.0066378713,-0.0057845712,-0.011413455
2022-09-07,AAPL,-0.010125577,0.011655927,-0.0076786876
2022-09-07,AMGN,-0.025567234,0.020368695,0.0022990704
2022-09-07,CRM,-0.014001846,0.010591507,-0.0085771084
2022-09-07,CSCO,0.0036765337,-0.013445616,-0.016360104
2022-09-07,IBM,-0.0038970709,0.0020766258,-0.0040671229
2022-09-07,INTC,0.013524532,-0.0064527392,-0.005803287
2022-09-07,MSFT,-0.016329944,0.0054026842,-0.0085707307
2022-09-07,NKE,-0.023257554,0.011591792,0.002981782
2022-09-07,VZ,-0.0087768435,-0.0027105808,-0.002050817
2022-09-07,WMT,-0.011848032,-0.0019809008,-0.010614991
2022-09-08,AAPL,-0.013215721,0.018542171,-0.015138566
2022-09-08,AMGN,-0.026008606,0.019147754,0.00063884258
2022-09-08,CRM,-0.0067263842,0.014463782,-0.013047576
2022-09-08,CSCO,-0.0042483211,-0.012133062,-0.016438246
2022-09-08,IBM,-0.010793149,0.010510802,-0.004016459
2022-09-08,INTC,0.00080263615,-0.0033152699,-0.0061064363
2022-09-08,MSFT,-0.015554011,0.0053495169,-0.011162043
2022-09-08,NKE,-0.02374655,0.0095765591,0.0016751289
2022-09-08,VZ,-0.015930116,0.0029634237,-0.0068398714
2022-09-08,WMT,-0.019017756,0.0051469803,-0.0096228123
2022-09-09,AAPL,-0.016591609,0.018640637,-0.0049340129
2022-09-09,AMGN,-0.01597017,0.012756705,-0.001725018
2022-09-09,CRM,-0.0086840987,0.01188767,-0.012391269
2022-09-09,CSCO,-0.0088423491,-0.0075765252,-0.0081743598
2022-09-09,IBM,-0.027552128,0.015642762,0.0026299953
2022-09-09,INTC,-0.0016946793,0.0015842915,-0.0016033053
2022-09-09,MSFT,-0.0288167,0.011782408,-0.0063755512
2022-09-09,NKE,-0.039663613,0.018310905,0.010728002
2022-09-09,VZ,-0.029278457,0.011297345,0.0033812523
2022-09-09,WMT,-0.037015259,0.014614463,-0.0034891963
2022-09-12,AAPL,-0.014054954,0.016815066,-0.0078939795
2022-09-12,AMGN,-0.031830907,0.019134521,0.0040435791
2022-09-12,CRM,-0.017534614,0.011308551,-0.0031868219
2022-09-12,CSCO,-0.0079546571,-0.0077539086,-0.011941254
2022-09-12,IBM,-0.016957521,0.012062192,-0.0011394024
2022-09-12,INTC,-0.011024475,0.0020499229,0.00032520294
2022-09-12,MSFT,-0.022451222,0.0076825619,-0.003313899
2022-09-12,NKE,-0.022930562,0.012898445,0.0084117651
2022-09-12,VZ,-0.021541774,0.0082136393,0.00029587746
2022-09-12,WMT,-0.023237705,0.0061914921,-0.0095311999
2022-09-13,AAPL,-0.00057625771,0.0061978102,-0.015078962
2022-09-13,AMGN,-0.032604218,0.016893983,0.0018165112
2022-09-13,CRM,-0.0047269464,-0.0021747947,-0.01151073
2022-09-13,CSCO,-0.002363205,-0.017393172,-0.018615246
2022-09-13,IBM,-0.025075853,0.010574341,-0.002168417
2022-09-13,INTC,-0.0034363866,-0.004470706,-0.010434091
2022-09-13,MSFT,-0.019392192,0.00082170963,-0.0090273619
2022-09-13,NKE,-0.017673075,0.005980134,0.00054323673
2022-09-13,VZ,-0.024929762,0.0080913305,-0.004858017
2022-09-13,WMT,-0.03679806,0.01277864,-0.0046082139
2022-09-14,AAPL,-0.016004622,0.024526119,-0.0035008788
2022-09-14,AMGN,-0.022352219,0.02113843,-0.0048511624
2022-09-14,CRM,-0.0036041141,0.010611653,-0.0021838546
2022-09-14,CSCO,-0.0018559098,-0.0082514882,-0.01101011
2022-09-14,IBM,-0.015694618,0.0070598125,0.00082921982
2022-09-14,INTC,-0.005297482,0.00055217743,-0.0042283535
2022-09-14,MSFT,-0.024172962,0.014092445,-0.0051091313
2022-09-14,NKE,-0.023945093,0.011359453,0.0037548542
2022-09-14,VZ,-0.016197562,0.0064709187,-0.0077530146
2022-09-14,WMT,-0.014634013,4.4226646e-05,-0.012313426
2022-09-15,AAPL,-0.0016694665,0.014457345,-0.0145123
2022-09-15,AMGN,-0.035207152,0.026682138,-0.0021312237
2022-09-15,CRM,0.0022132397,-0.0020967722,-0.019907296
2022-09-15,CSCO,-0.0061630011,-0.011203885,-0.010976255
2022-09-15,IBM,-0.020274162,0.0091874599,0.00057315826
2022-09-15,INTC,-0.003457129,-0.0010066628,-0.0063573122
2022-09-15,MSFT,-0.014526784,0.0045564175,-0.016415834
2022-09-15,NKE,-0.026620686,0.0087817907,0.0014035702
2022-09-15,VZ,-0.032684684,0.010521531,-0.0028310418
2022-09-15,WMT,-0.033001661,0.011279821,-0.0074292421
2022-09-16,AAPL,0.0022314787,0.013174295,-0.0055856109
2022-09-16,AMGN,-0.029066861,0.021321654,0.00014209747
2022-09-16,CRM,-0.017948627,0.010064721,-0.0070963502
2022-09-16,CSCO,0.004953146,-0.014178276,-0.015462816
2022-09-16,IBM,-0.013440967,0.0089352131,0.00074911118
2022-09-16,INTC,0.008248806,-0.0080872774,-0.01162678
2022-09-16,MSFT,-0.01733315,0.0032311678,-0.0078417659
2022-09-16,NKE,-0.024320364,0.013167143,0.0055555105
2022-09-16,VZ,-0.014870822,0.0028415918,-0.0062206388
2022-09-16,WMT,-0.019815564,0.0055325031,-0.0091826916
2022-09-19,AAPL,-0.012131691,0.018388629,-0.0034889579
2022-09-19,AMGN,-0.022413373,0.015438914,0.0015717745
2022-09-19,CRM,-0.032500327,0.01590538,0.0043028593
2022-09-19,CSCO,-0.0086366534,-0.011671185,-0.0088474154
2022-09-19,IBM,-0.013018847,0.0069304705,-0.003647387
2022-09-19,INTC,-0.0048399568,0.0045336485,-0.0010179281
2022-09-19,MSFT,-0.021397352,0.0076235533,-0.0032538176
2022-09-19,NKE,-0.024194002,0.015153527,0.0082803965
2022-09-19,VZ,-0.0067746639,-0.00074774027,-0.0044354796
2022-09-19,WMT,-0.003005743,-0.0018894076,-0.013356388
2022-09-20,AAPL,-0.0072281361,0.01897645,-0.016124725
2022-09-20,AMGN,-0.030464292,0.021983027,-0.00081914663
2022-09-20,CRM,-0.02809453,0.020117402,-0.011520267
2022-09-20,CSCO,0.0041755438,-0.0076190233,-0.017145336
2022-09-20,IBM,-0.012266755,0.010283709,-0.0010591149
2022-09-20,INTC,0.00032806396,-0.00011998415,0.0011752844
2022-09-20,MSFT,-0.0079696178,0.0046869516,-0.0088045597
2022-09-20,NKE,-0.03651154,0.016003728,0.011746407
2022-09-20,VZ,-0.010122657,0.0019602776,-0.0037743449
2022-09-20,WMT,-0.010994256,0.0012983084,-0.011236668
2022-09-21,AAPL,-0.025321722,0.025971055,-0.01241672
2022-09-21,AMGN,-0.046651661,0.033581972,0.0016756058
2022-09-21,CRM,-0.03863579,0.025714993,-0.014259219
2022-09-21,CSCO,-0.017438471,-0.0040872097,-0.01238203
2022-09-21,IBM,-0.019826353,0.01081419,-0.00340873
2022-09-21,INTC,-0.0066908002,0.0011392832,-0.01148051
2022-09-21,MSFT,-0.02267313,0.011581063,-0.0084690452
2022-09-21,NKE,-0.02964896,0.014968514,-0.00028640032
2022-09-21,VZ,-0.028526723,0.0066746473,-0.0011190772
2022-09-21,WMT,-0.03357619,0.012413263,-0.0062413216
2022-09-22,AAPL,-0.0096498132,0.0207479,-0.013701916
2022-09-22,AMGN,-0.035297871,0.024602771,0.00059354305
2022-09-22,CRM,0.0010578632,0.012440085,-0.015045583
2022-09-22,CSCO,-0.0010365248,-0.0016342402,-0.016789496
2022-09-22,IBM,-0.0088381767,0.009380579,-0.0044060349
2022-09-22,INTC,-0.014450848,0.003385067,-0.0072032213
2022-09-22,MSFT,-0.021909356,0.0077309608,-0.011665285
2022-09-22,NKE,-0.014511108,0.0066370964,-0.0012612939
2022-09-22,VZ,-0.022322059,0.0093227625,-0.0041980743
2022-09-22,WMT,-0.029468238,0.012101054,-0.0049854517
2022-09-23,AAPL,0.0077776909,0.0067179203,-0.01068908
2022-09-23,AMGN,-0.023871481,0.01985693,-0.00051790476
2022-09-23,CRM,0.028722167,0.00088572502,-0.019461036
2022-09-23,CSCO,0.01728785,-0.01376617,-0.015092254
2022-09-23,IBM,0.00032997131,0.011413574,-0.0055981874
2022-09-23,INTC,0.0014990568,0.0030781031,-0.0066526532
2022-09-23,MSFT,-0.004365623,0.0046358109,-0.0099204183
2022-09-23,NKE,-0.0054606795,0.0054786205,0.00086212158
2022-09-23,VZ,-0.02145189,0.014154673,0.0016598701
2022-09-23,WMT,-0.030212462,0.0097978115,-0.0012823939
2022-09-26,AAPL,-0.0047096014,0.0075314045,-0.01322943
2022-09-26,AMGN,-0.0099954605,0.0090923309,-0.0091335773
2022-09-26,CRM,0.01094079,-0.0051146746,-0.014386177
2022-09-26,CSCO,-0.0041760206,-0.014584005,-0.014757991
2022-09-26,IBM,-0.015728235,0.0071038008,-0.0045795441
2022-09-26,INTC,-0.0091659427,0.0013655424,-0.0097236037
2022-09-26,MSFT,-0.0099625587,0.00036346912,-0.010324955
2022-09-26,NKE,-0.018072248,0.012954116,-0.0026134849
2022-09-26,VZ,-0.025679648,0.0068454742,-0.0044528842
2022-09-26,WMT,-0.034055769,0.014564514,-0.00060147047
2022-09-27,AAPL,-0.014826477,0.01730001,-0.017210543
2022-09-27,AMGN,-0.028200865,0.019831419,-0.0096234083
2022-09-27,CRM,-0.049480975,0.019530416,-0.0044037104
2022-09-27,CSCO,-0.0200544,-0.0058480501,-0.017000437
2022-09-27,IBM,-0.020879984,0.0083684921,-0.0068523288
2022-09-27,INTC,-0.023374081,0.0029205084,-0.0071639419
2022-09-27,MSFT,-0.02535665,0.0082280636,-0.0080262423
2022-09-27,NKE,-0.022047043,0.013332129,-0.0043764114
2022-09-27,VZ,-0.017440856,0.0012573004,-0.0097703338
2022-09-27,WMT,-0.0034142733,0.0035171509,-0.015251815
2022-09-28,AAPL,-0.022071064,0.023654699,-0.013132393
2022-09-28,AMGN,-0.016635478,0.025303602,-0.011621654
2022-09-28,CRM,-0.063030958,0.056005239,-0.018508911
2022-09-28,CSCO,-0.014252543,0.010181904,-0.011140943
2022-09-28,IBM,-0.01254338,0.012552381,-0.0099077821
2022-09-28,INTC,-0.013475776,0.0098990202,-0.010041058
2022-09-28,MSFT,-0.02471149,0.019595742,-0.0087491274
2022-09-28,NKE,-0.023031592,0.02291441,-0.0057809353
2022-09-28,VZ,-0.008880496,0.0071936846,-0.0072173476
2022-09-28,WMT,-0.006516695,0.0074958801,-0.012506723
2022-09-29,AAPL,-0.0065214634,0.0080827475,-0.0406546
2022-09-29,AMGN,-0.017629743,0.020561934,-0.013876557
2022-09-29,CRM,-0.055058241,0.042616606,-0.036347508
2022-09-29,CSCO,-0.02446872,0.013007402,-0.029131472
2022-09-29,IBM,-0.011824787,0.013014436,-0.015605927
2022-09-29,INTC,-0.012427449,0.013160944,-0.023337185
2022-09-29,MSFT,-0.015253425,0.017882705,-0.026065886
2022-09-29,NKE,-0.028012335,0.020434141,-0.021455288
2022-09-29,VZ,-0.029120684,0.01464951,-0.022865891
2022-09-29,WMT,-0.025745869,0.014702201,-0.015220761
2022-09-30,AAPL,-0.04039818,0.040269971,-0.0029028058
2022-09-30,AMGN,-0.023934066,0.035694003,-0.0060249567
2022-09-30,CRM,-0.040989935,0.058181047,-0.016051352
2022-09-30,CSCO,-0.034352422,0.035283327,-0.010803342
2022-09-30,IBM,-0.030091405,0.031453967,-0.004899919
2022-09-30,INTC,-0.03511256,0.038748622,-0.0069504976
2022-09-30,MSFT,-0.040489018,0.035654187,-0.0040621161
2022-09-30,NKE,-0.029433131,0.034242868,-0.0085220933
2022-09-30,VZ,-0.027919471,0.031015873,-0.0081407428
2022-09-30,WMT,-0.025721431,0.026730418,-0.0060752034
2022-10-03,AAPL,0.003012538,0.011192322,-0.0068268776
2022-10-03,AMGN,0.0003528595,-0.0017828941,-0.00800246
2022-10-03,CRM,0.0093119144,0.0099196434,-0.0030135512
2022-10-03,CSCO,0.0076828003,0.001003623,-0.0087686777
2022-10-03,IBM,-0.012029767,0.010566235,0.0014215708
2022-10-03,INTC,-0.0042975545,0.0070713758,6.0915947e-05
2022-10-03,MSFT,-0.0061994791,0.00200665,-0.002463758
2022-10-03,NKE,-0.0027768016,0.0094001293,0.0015717745
2022-10-03,VZ,-0.0025393963,0.0019325018,-0.0033947229
2022-10-03,WMT,-0.002579689,0.00094819069,-0.0034992695
2022-10-04,AAPL,-0.027353406,0.020994544,-0.0041037202
2022-10-04,AMGN,-0.048772752,0.027374983,0.005751729
2022-10-04,CRM,-0.063077092,0.030780911,0.012419939
2022-10-04,CSCO,-0.010930359,0.0009919405,-0.010917068
2022-10-04,IBM,-0.025335193,0.0109272,0.00038671494
2022-10-04,INTC,-0.019533575,0.0020536184,0.0016847849
2022-10-04,MSFT,-0.028686106,0.012949944,-0.0019348264
2022-10-04,NKE,-0.033536911,0.01837647,0.0069363117
2022-10-04,VZ,-0.013358414,0.00017166138,-0.0015553236
2022-10-04,WMT,-0.0069817901,-0.00016391277,-0.0094641447
2022-10-05,AAPL,0.0029124022,0.010747313,-0.016249359
2022-10-05,AMGN,-0.063135862,0.034460306,0.010469794
2022-10-05,CRM,-0.02041775,0.011882901,-0.0017610788
2022-10-05,CSCO,0.0046931505,-0.0095933676,-0.017038882
2022-10-05,IBM,-0.0056831241,0.0056365728,-0.0052526593
2022-10-05,INTC,0.0062178373,-0.0015186667,-0.0089060664
2022-10-05,MSFT,-0.017498791,0.00073862076,-0.0083719492
2022-10-05,NKE,-0.019082308,0.010214686,0.0010426044
2022-10-05,VZ,-0.010203362,-0.0015417337,-0.0019313097
2022-10-05,WMT,-0.023839891,0.0084859133,-0.0050219297
2022-10-06,AAPL,0.0012151003,0.010216355,-0.0069169402
2022-10-06,AMGN,-0.028654814,0.015070081,0.0064758062
2022-10-06,CRM,0.016709924,0.0023247004,-0.010440886
2022-10-06,CSCO,0.0069106817,-0.014135301,-0.012813747
2022-10-06,IBM,-0.013083041,0.0063371658,-0.0017725825
2022-10-06,INTC,0.0045770407,0.00074565411,0.0010360479
2022-10-06,MSFT,-0.016985595,0.0027424097,-0.0031864047
2022-10-06,NKE,-0.019122541,0.010954976,0.0077381134
2022-10-06,VZ,-0.012356639,0.0014127493,0.0012450218
2022-10-06,WMT,-0.022461534,0.0047473907,-0.0027903318
2022-10-07,AAPL,-0.017369032,0.012394428,-0.010738015
2022-10-07,AMGN,-0.03235954,0.019679546,0.0047177076
2022-10-07,CRM,-0.0068048239,0.011192679,-0.012301385
2022-10-07,CSCO,-0.0064979792,-0.012706041,-0.010204792
2022-10-07,IBM,-0.020989418,0.00951612,-0.00013720989
2022-10-07,INTC,-0.010125577,-0.0030397177,-0.0042721629
2022-10-07,MSFT,-0.028691411,0.0079232454,-0.0051599741
2022-10-07,NKE,-0.018364012,0.010427237,0.0074301958
2022-10-07,VZ,-0.020234942,0.0045479536,-0.0025347471
2022-10-07,WMT,-0.031092882,0.0076295137,-0.0061966181
2022-10-10,AAPL,-0.0034372807,0.006251812,-0.015452266
2022-10-10,AMGN,-0.025947511,0.016896486,-0.0034645796
2022-10-10,CRM,-0.0050569177,-0.0013036132,-0.015980601
2022-10-10,CSCO,-0.021885872,-0.00772053,-0.011154294
2022-10-10,IBM,-0.02202338,0.010285378,-0.00024133921
2022-10-10,INTC,-0.01828599,0.0001398325,-0.0045199394
2022-10-10,MSFT,-0.033218205,0.0032169819,-0.0096727014
2022-10-10,NKE,-0.015998662,0.008382678,0.00063538551
2022-10-10,VZ,-0.029585123,0.0076985359,0.0010136366
2022-10-10,WMT,-0.044868767,0.017221808,-0.0030298233
2022-10-11,AAPL,-0.0068788528,0.010797143,-0.0033389926
2022-10-11,AMGN,-0.035454273,0.019291759,0.0086375475
2022-10-11,CRM,-0.012887061,0.0082628727,-0.0065267086
2022-10-11,CSCO,-0.0079296231,-0.0070936084,-0.012288988
2022-10-11,IBM,-0.020236373,0.011445999,-0.0015254617
2022-10-11,INTC,-0.01565069,0.0027779341,-0.00049811602
2022-10-11,MSFT,-0.031631291,0.0078374147,-0.0026311278
2022-10-11,NKE,-0.021997869,0.014828563,0.0058090687
2022-10-11,VZ,-0.018461049,0.0086336136,-0.0019009113
2022-10-11,WMT,-0.025755167,0.006236434,-0.0066362619
2022-10-12,AAPL,-0.0097790956,0.013075113,-0.0033165216
2022-10-12,AMGN,-0.025482595,0.013945818,0.0084172487
2022-10-12,CRM,-0.011657536,0.013720632,0.00087213516
2022-10-12,CSCO,-0.0020978451,-0.0063512921,-0.0072259307
2022-10-12,IBM,-0.02665031,0.015043616,0.0069087744
2022-10-12,INTC,-0.015260041,0.0090930462,0.0027929544
2022-10-12,MSFT,-0.030081749,0.011928916,0.0040149689
2022-10-12,NKE,-0.021766484,0.01533854,0.010763645
2022-10-12,VZ,-0.015158236,0.0093830824,-0.0015790462
2022-10-12,WMT,-0.016000807,0.0078699589,-0.0041428804
2022-10-13,AAPL,-0.0074698925,0.013355255,-0.0045354366
2022-10-13,AMGN,-0.030277967,0.015795469,0.0021634102
2022-10-13,CRM,-0.00025302172,0.0043457747,-0.0091803074
2022-10-13,CSCO,-0.0084383488,-0.0057137609,-0.0098236203
2022-10-13,IBM,-0.021661162,0.011276722,0.003660202
2022-10-13,INTC,-0.014240086,0.0038753748,0.00096833706
2022-10-13,MSFT,-0.025460362,0.0056018829,-0.0043597221
2022-10-13,NKE,-0.028325319,0.011999249,0.0075294971
2022-10-13,VZ,-0.023434401,0.0045932531,0.0015125275
2022-10-13,WMT,-0.0303002,0.014121175,-0.0032757521
2022-10-14,AAPL,-0.00097584724,0.0066941977,-0.013908505
2022-10-14,AMGN,-0.066854596,0.036886215,0.0064986944
2022-10-14,CRM,-0.026423872,0.007263422,-0.0099341869
2022-10-14,CSCO,-0.0050157905,-0.015838444,-0.017160356
2022-10-14,IBM,-0.01866132,0.00855124,0.00016057491
2022-10-14,INTC,-0.021309376,-0.0038832426,-0.0093433261
2022-10-14,MSFT,-0.032022893,0.0079096556,-0.0080512166
2022-10-14,NKE,-0.025848508,0.007956028,-0.0069332123
2022-10-14,VZ,-0.029301584,0.0018771887,-0.0085812807
2022-10-14,WMT,-0.031735122,0.011414886,-0.0079795718
2022-10-17,AAPL,0.0016022921,0.010189652,-0.010569513
2022-10-17,AMGN,-0.039708436,0.028331995,0.0072276592
2022-10-17,CRM,-0.005682826,0.0058619976,-0.0089716911
2022-10-17,CSCO,0.0028771162,-0.014387906,-0.015085757
2022-10-17,IBM,-0.0067948103,0.0072710514,5.197525e-05
2022-10-17,INTC,0.010290623,-0.00349617,-0.013437092
2022-10-17,MSFT,-0.014369488,-0.00295645,-0.010755599
2022-10-17,NKE,-0.01796186,0.012987614,0.0038596392
2022-10-17,VZ,-0.012443602,0.0034464598,-0.0058642626
2022-10-17,WMT,-0.031933606,0.01164341,-0.0065774918
2022-10-18,AAPL,-0.00063472986,0.0084162951,-0.01158458
2022-10-18,AMGN,-0.021511197,0.014024019,0.00010550022
2022-10-18,CRM,-0.0056906939,0.007291913,-0.006888926
2022-10-18,CSCO,0.0042539835,-0.013768315,-0.011285245
2022-10-18,IBM,-0.0084452033,0.0064576864,-0.00043553114
2022-10-18,INTC,0.0067887306,0.00091004372,-0.0036726594
2022-10-18,MSFT,-0.01009959,-0.00021344423,-0.0083650351
2022-10-18,NKE,-0.0231722,0.012988567,0.012248516
2022-10-18,VZ,-0.0061620474,0.0027666092,-0.001783967
2022-10-18,WMT,-0.014461577,0.0043412447,-0.008254528
2022-10-19,AAPL,-0.011654615,0.019878507,-0.0073460937
2022-10-19,AMGN,-0.030375123,0.01925993,0.0015451908
2022-10-19,CRM,-0.015531778,0.012937903,-0.0053506494
2022-10-19,CSCO,0.00056266785,-0.010522544,-0.010781109
2022-10-19,IBM,-0.01906538,0.011208653,0.0055520535
2022-10-19,INTC,-0.013289452,0.0039516687,0.0056079626
2022-10-19,MSFT,-0.020848989,0.0094579458,-0.0040008426
2022-10-19,NKE,-0.029899359,0.017678976,0.017177582
2022-10-19,VZ,-0.017487824,0.0049599409,2.5868416e-05
2022-10-19,WMT,-0.011256158,0.0030992031,-0.0064502954
2022-10-20,AAPL,-0.017062545,0.011923432,-0.02297765
2022-10-20,AMGN,-0.052946329,0.032119751,-0.0023801923
2022-10-20,CRM,-0.039478362,0.0077166557,-0.017107904
2022-10-20,CSCO,-0.021917105,-0.0066737533,-0.016541064
2022-10-20,IBM,-0.022296488,0.0088298321,-0.001073122
2022-10-20,INTC,-0.019251466,-0.0036338568,-0.014842272
2022-10-20,MSFT,-0.033978164,0.0072413683,-0.0083572268
2022-10-20,NKE,-0.031817675,0.010779262,-0.0074488521
2022-10-20,VZ,-0.035239458,0.0071816444,-0.0038947463
2022-10-20,WMT,-0.043183088,0.019498348,-0.0071410537
2022-10-21,AAPL,-0.0094646811,0.020507216,-0.018636763
2022-10-21,AMGN,-0.035201073,0.024505973,-0.0037107468
2022-10-21,CRM,-0.0060507059,0.010220885,-0.022718549
2022-10-21,CSCO,-0.0095059872,-0.0017180443,-0.01856482
2022-10-21,IBM,-0.0036319494,0.0060567856,-0.0064341426
2022-10-21,INTC,-0.014122128,0.003115654,-0.013750255
2022-10-21,MSFT,-0.026919305,0.0089856386,-0.013793945
2022-10-21,NKE,-0.0088247657,0.0053811073,-0.0094316602
2022-10-21,VZ,-0.026200473,0.0087449551,-0.0073502064
2022-10-21,WMT,-0.032276154,0.01474309,-0.006672442
2022-10-24,AAPL,0.011559248,0.0028316975,-0.012329042
2022-10-24,AMGN,-0.024989486,0.023308039,6.5088272e-05
2022-10-24,CRM,0.026486158,0.0067845583,-0.01959765
2022-10-24,CSCO,0.0085974932,-0.0026020408,-0.013625741
2022-10-24,IBM,0.0038167238,0.0090545416,-0.0032376051
2022-10-24,INTC,0.0057175159,0.0062727928,-0.0097464919
2022-10-24,MSFT,0.0011248589,0.0011930466,-0.0092833042
2022-10-24,NKE,3.2544136e-05,0.0094566345,-6.4730644e-05
2022-10-24,VZ,-0.020935893,0.015223026,-1.5616417e-05
2022-10-24,WMT,-0.013744891,0.0060431957,-0.0069295168
2022-10-25,AAPL,-0.020253479,0.01640296,-0.0091764927
2022-10-25,AMGN,-0.0054041743,0.0085572004,-0.0073958039
2022-10-25,CRM,0.015002131,0.0052927732,-0.022944629
2022-10-25,CSCO,-0.0059056282,-0.0068597198,-0.011998832
2022-10-25,IBM,-0.013750196,0.0083831549,-0.0082871318
2022-10-25,INTC,-0.015414655,0.0074596405,-0.0078591704
2022-10-25,MSFT,-0.011991501,0.0029240847,-0.0075460076
2022-10-25,NKE,-0.014531553,0.0088217258,-0.0066469312
2022-10-25,VZ,-0.02121973,0.0080533028,-0.0043426752
2022-10-25,WMT,-0.022578359,0.0079087019,-0.0040907264
2022-10-26,AAPL,-0.015893757,0.017752051,-0.016659975
2022-10-26,AMGN,-0.032904088,0.019897819,-0.0039492846
2022-10-26,CRM,-0.034085095,0.024618626,-0.018908322
2022-10-26,CSCO,-0.025384843,0.0042374134,-0.0176121
2022-10-26,IBM,-0.021908224,0.012693644,-0.0058079958
2022-10-26,INTC,-0.028900921,0.012826085,-0.010849237
2022-10-26,MSFT,-0.028820455,0.013209581,-0.0080981255
2022-10-26,NKE,-0.025218248,0.018641114,-0.0064499378
2022-10-26,VZ,-0.027817786,0.0068393946,-0.0082832575
2022-10-26,WMT,-0.012127638,0.0092747211,-0.007512331
2022-10-27,AAPL,-0.015929639,0.021162868,-0.0096449256
2022-10-27,AMGN,-0.013047934,0.021948576,-0.0093826056
2022-10-27,CRM,-0.043517649,0.043745399,-0.013756573
2022-10-27,CSCO,-0.017868042,0.013664365,-0.010047853
2022-10-27,IBM,-0.013850868,0.015995383,-0.0088767409
2022-10-27,INTC,-0.010402262,0.01141572,-0.0088682175
2022-10-27,MSFT,-0.031572819,0.02528584,-0.0033804178
2022-10-27,NKE,-0.031369507,0.030080557,-0.0034450889
2022-10-27,VZ,-0.0063350201,0.01134479,-0.0052973628
2022-10-27,WMT,-0.0078761578,0.0090332031,-0.0089406967
2022-10-28,AAPL,-0.0082575679,0.0090500116,-0.051032305
2022-10-28,AMGN,-0.012927413,0.021290183,-0.020661891
2022-10-28,CRM,-0.067978859,0.049396038,-0.0418396
2022-10-28,CSCO,-0.031970203,0.019788742,-0.036476731
2022-10-28,IBM,-0.014786601,0.01281023,-0.0194453
2022-10-28,INTC,-0.019618511,0.017239809,-0.027339995
2022-10-28,MSFT,-0.02227062,0.016402006,-0.029060483
2022-10-28,NKE,-0.029005826,0.020708323,-0.030348003
2022-10-28,VZ,-0.022664487,0.01233232,-0.035347462
2022-10-28,WMT,-0.019822419,0.010509491,-0.021449327
2022-10-31,AAPL,-0.041795075,0.046824694,-0.0080148578
2022-10-31,AMGN,-0.021331429,0.033965111,-0.0056295395
2022-10-31,CRM,-0.048242927,0.060308218,-0.016576707
2022-10-31,CSCO,-0.037328601,0.036793232,-0.010854483
2022-10-31,IBM,-0.034926057,0.031793594,-0.004891336
2022-10-31,INTC,-0.036500752,0.040529251,-0.0073453784
2022-10-31,MSFT,-0.041998565,0.039726019,-0.0067202449
2022-10-31,NKE,-0.03044647,0.036178827,-0.0097893476
2022-10-31,VZ,-0.030935466,0.033340931,-0.0078814626
2022-10-31,WMT,-0.026293695,0.028334737,-0.0050416589
2022-11-01,AAPL,-0.0055403113,0.018457651,-0.0029219389
2022-11-01,AMGN,-0.01620239,0.0079725981,-0.00022518635
2022-11-01,CRM,0.0072668791,0.0193156,0.0067926645
2022-11-01,CSCO,0.00139153,0.0028182268,-0.0034164786
2022-11-01,IBM,-0.0087321401,0.013285279,0.0021498203
2022-11-01,INTC,-0.0098177195,0.011579275,0.0045899153
2022-11-01,MSFT,-0.0086784959,0.0059447289,0.0050926208
2022-11-01,NKE,-0.0096235871,0.011758566,0.003455162
2022-11-01,VZ,-0.0099869967,0.00616467,-0.0016573071
2022-11-01,WMT,-0.0021374822,0.0037341118,-0.0043724775
2022-11-02,AAPL,-0.026476264,0.024588227,0.0068457127
2022-11-02,AMGN,-0.047329485,0.024246097,0.010748148
2022-11-02,CRM,-0.03682059,0.014107943,0.011193752
2022-11-02,CSCO,-0.015444338,0.00095331669,-0.0047035217
2022-11-02,IBM,-0.026756704,0.013912678,0.0033546686
2022-11-02,INTC,-0.022114277,0.0048224926,0.0030794144
2022-11-02,MSFT,-0.03531456,0.014378786,0.0052005053
2022-11-02,NKE,-0.032244503,0.012897849,0.0022161007
2022-11-02,VZ,-0.03065443,0.0087014437,0.0026952028
2022-11-02,WMT,-0.017653167,0.0062826872,-0.0013998151
2022-11-03,AAPL,0.0056746006,0.015398741,-0.014982224
2022-11-03,AMGN,-0.041265666,0.025585055,0.0052496195
2022-11-03,CRM,-0.0042942762,0.011413574,-0.0075994134
2022-11-03,CSCO,0.008530736,-0.013285577,-0.015084088
2022-11-03,IBM,-0.00022739172,0.0060014725,-0.0040926933
2022-11-03,INTC,0.0091856718,-0.0050840378,-0.0095088482
2022-11-03,MSFT,-0.019564569,-0.0016182661,-0.0090175867
2022-11-03,NKE,-0.025500894,0.012760162,-0.00017464161
2022-11-03,VZ,-0.013118982,-0.0021992922,-0.0035502911
2022-11-03,WMT,-0.020482361,0.0022804737,-0.0061436892
2022-11-04,AAPL,-0.008079946,0.015763879,-0.0036821961
2022-11-04,AMGN,-0.007635355,0.0086548328,0.002315402
2022-11-04,CRM,-0.0058550835,0.013037086,-0.010131359
2022-11-04,CSCO,-0.011957049,-0.0098721981,-0.0083804727
2022-11-04,IBM,-0.010200799,0.0039161444,-0.0052278638
2022-11-04,INTC,0.010388732,-0.005353272,-0.0058149099
2022-11-04,MSFT,-0.016611397,0.0023217201,-0.0060850382
2022-11-04,NKE,-0.021574438,0.014731288,0.0057303905
2022-11-04,VZ,-0.015217662,0.0023320913,0.0025733709
2022-11-04,WMT,-0.025689483,0.0024900436,-0.006498456
2022-11-07,AAPL,-0.0076859593,0.010819674,-0.0097303391
2022-11-07,AMGN,-0.026997566,0.014435649,0.005243063
2022-11-07,CRM,-0.024624586,0.021264672,0.00028562546
2022-11-07,CSCO,-0.0018485188,-0.013410091,-0.01017952
2022-11-07,IBM,-0.016946614,0.011837125,-0.00022435188
2022-11-07,INTC,-0.0030198693,-0.0019145608,-0.0033769608
2022-11-07,MSFT,-0.014496446,0.0034967661,-0.012705207
2022-11-07,NKE,-0.028320312,0.011621237,0.0074301958
2022-11-07,VZ,-0.013657928,0.0069125891,0.0022486448
2022-11-07,WMT,-0.012004375,-0.0031574965,-0.012516677
2022-11-08,AAPL,-0.020659149,0.023282647,0.00024807453
2022-11-08,AMGN,-0.021353245,0.016693711,0.0014723539
2022-11-08,CRM,-0.0087425709,0.01280582,-0.014435887
2022-11-08,CSCO,-0.00027221441,-0.0063225031,-0.0081119537
2022-11-08,IBM,-0.019046426,0.015101671,0.00017237663
2022-11-08,INTC,-0.0044624805,0.004237771,-0.0011117458
2022-11-08,MSFT,-0.026862562,0.010788202,-0.0027867556
2022-11-08,NKE,-0.032291114,0.018655062,0.0093860626
2022-11-08,VZ,-0.024212539,0.012884736,0.0054622889
2022-11-08,WMT,-0.027788579,0.0089697838,-0.0045756698
2022-11-09,AAPL,-0.0036936998,0.0086419582,-0.021243691
2022-11-09,AMGN,-0.039864421,0.020601034,0.0014631748
2022-11-09,CRM,-0.0077728033,0.00049984455,-0.012861311
2022-11-09,CSCO,-0.0042327046,-0.015040457,-0.018607318
2022-11-09,IBM,-0.014413893,0.011605978,-0.0027624369
2022-11-09,INTC,-0.0034072399,-0.0059745908,-0.013208449
2022-11-09,MSFT,-0.016395092,0.004032135,-0.011091232
2022-11-09,NKE,-0.024091423,0.0089322329,-0.0071578622
2022-11-09,VZ,-0.027617395,0.0055330992,-0.0012050867
2022-11-09,WMT,-0.038477659,0.0090590715,-0.0070983171
2022-11-10,AAPL,-0.011619925,0.017276287,-0.0076963305
2022-11-10,AMGN,-0.024968326,0.013998747,-0.0016303658
2022-11-10,CRM,-0.010476053,0.0094060898,-0.004442811
2022-11-10,CSCO,-0.0068422556,-0.0075347424,-0.01399529
2022-11-10,IBM,-0.014760733,0.012415409,-0.0038662553
2022-11-10,INTC,0.0025362968,-0.0018120408,-0.010691762
2022-11-10,MSFT,-0.018225133,0.0035387278,-0.0093946457
2022-11-10,NKE,-0.02324158,0.014033675,0.0052165985
2022-11-10,VZ,-0.014982581,0.0069731474,-0.0033934712
2022-11-10,WMT,-0.028374195,0.0075235367,-0.0070353746
2022-11-11,AAPL,-0.00062316656,0.0099817514,-0.0094787478
2022-11-11,AMGN,-0.012553871,0.0089478493,-0.0018259883
2022-11-11,CRM,0.0043772459,0.0062428713,-0.0064183474
2022-11-11,CSCO,0.017695546,-0.013531387,-0.012369275
2022-11-11,IBM,-0.0067698956,0.0071519613,-0.0013685226
2022-11-11,INTC,0.015289068,-0.002499938,-0.0066761971
2022-11-11,MSFT,-0.006197691,0.00055491924,-0.011421442
2022-11-11,NKE,-0.019482374,0.014109135,0.0076316595
2022-11-11,VZ,-0.0099206567,0.0018296242,-0.0012800097
2022-11-11,WMT,-0.015812635,0.0033525229,-0.01057148
2022-11-14,AAPL,-0.013423383,0.017375469,-0.0036072731
2022-11-14,AMGN,-0.036884904,0.019203424,0.0032173395
2022-11-14,CRM,-0.011530161,0.002841115,-0.00017738342
2022-11-14,CSCO,-0.0016598105,-0.015793324,-0.012764931
2022-11-14,IBM,-0.022146106,0.01115942,-0.0028541684
2022-11-14,INTC,-0.0016857982,-0.0029325485,-0.0024000406
2022-11-14,MSFT,-0.011727571,0.0053954124,-0.012867332
2022-11-14,NKE,-0.024831057,0.01096487,0.0087622404
2022-11-14,VZ,-0.018537879,0.0038274527,0.0026373863
2022-11-14,WMT,-0.027197361,0.00563097,-0.0085962415
2022-11-15,AAPL,0.00018501282,0.0090380907,-0.015138268
2022-11-15,AMGN,-0.050301254,0.025642633,0.0056934357
2022-11-15,CRM,-0.030749321,0.010031819,-0.0065037608
2022-11-15,CSCO,0.0093131065,-0.019400597,-0.021391809
2022-11-15,IBM,-0.0078914762,0.008179307,-0.0049491525
2022-11-15,INTC,0.010360003,-0.012122333,-0.012479782
2022-11-15,MSFT,-0.018596709,-0.00053614378,-0.011645675
2022-11-15,NKE,-0.026911676,0.011042833,0.0031131506
2022-11-15,VZ,-0.018985391,0.0024383068,-0.0033524632
2022-11-15,WMT,-0.029740393,0.0060253143,-0.0085706115
2022-11-16,AAPL,0.0018657446,0.010043263,-0.0028476715
2022-11-16,AMGN,-0.036379933,0.020641685,0.0074626207
2022-11-16,CRM,0.01595366,-0.0054137111,-0.0013296008
2022-11-16,CSCO,0.01622808,-0.022329509,-0.013515532
2022-11-16,IBM,-0.011093378,0.0067706108,0.0010271072
2022-11-16,INTC,0.014918566,-0.0060574412,-0.0008944869
2022-11-16,MSFT,-0.011244357,0.0021054745,-0.0060709715
2022-11-16,NKE,-0.024635971,0.011894584,0.0098327398
2022-11-16,VZ,-0.018200994,0.0014081001,0.0064637661
2022-11-16,WMT,-0.03181237,0.0074967146,-0.0035723448
2022-11-17,AAPL,-0.01134479,0.011762857,-0.017407298
2022-11-17,AMGN,-0.044877172,0.022217274,-0.002114296
2022-11-17,CRM,-0.02624768,0.010356545,-0.0062080026
2022-11-17,CSCO,-0.0067613125,-0.016252577,-0.019809663
2022-11-17,IBM,-0.018926561,0.0091650486,-0.00076425076
2022-11-17,INTC,-0.0040876865,-0.003719449,-0.0053269267
2022-11-17,MSFT,-0.018767238,0.0060433149,-0.013147831
2022-11-17,NKE,-0.028181255,0.011563301,0.0084968805
2022-11-17,VZ,-0.027066886,0.0058928728,0.00070691109
2022-11-17,WMT,-0.027653098,0.0013775826,-0.0093386769
2022-11-18,AAPL,-0.0092092752,0.015567541,-0.0097806454
2022-11-18,AMGN,-0.047062159,0.028395295,0.003123045
2022-11-18,CRM,-0.023044705,0.004429698,-0.014018059
2022-11-18,CSCO,-0.0018644929,-0.017100632,-0.018462479
2022-11-18,IBM,-0.015356481,0.011078,0.0020564795
2022-11-18,INTC,0.0013974905,-0.0064566135,-0.010157108
2022-11-18,MSFT,-0.023734748,0.0018399954,-0.0076501369
2022-11-18,NKE,-0.02725625,0.0099090338,0.0077556372
2022-11-18,VZ,-0.035158455,0.0090872049,0.0026370287
2022-11-18,WMT,-0.03690505,0.0068398714,-0.0040146708
2022-11-21,AAPL,-0.011515141,0.016559482,-0.019537807
2022-11-21,AMGN,-0.043774545,0.034586668,0.00018119812
2022-11-21,CRM,-0.00142169,0.0057085752,-0.017662764
2022-11-21,CSCO,-0.0073717237,-0.0073084831,-0.016990602
2022-11-21,IBM,-0.011080503,0.010032773,-0.0030323863
2022-11-21,INTC,-0.0054008365,0.0009855032,-0.0051926374
2022-11-21,MSFT,-0.016019106,0.010524273,-0.012250781
2022-11-21,NKE,-0.0082578063,0.0049754381,-0.0015403628
2022-11-21,VZ,-0.033848405,0.012942553,-0.0009958148
2022-11-21,WMT,-0.030434728,0.0089133978,-0.0043854713
2022-11-22,AAPL,0.012882829,0.0036736727,-0.026007533
2022-11-22,AMGN,-0.051511765,0.038218737,0.0022844076
2022-11-22,CRM,-0.008936882,0.0083333254,-0.020338833
2022-11-22,CSCO,0.00034201145,-0.0091305375,-0.022806108
2022-11-22,IBM,0.0011113882,0.0051785707,-0.0076432824
2022-11-22,INTC,0.0011626482,0.002091527,-0.014561951
2022-11-22,MSFT,0.0028190613,-0.0015444756,-0.014496505
2022-11-22,NKE,-0.014573038,0.0065512657,-0.0068000555
2022-11-22,VZ,-0.026806951,0.012745261,-0.0064963698
2022-11-22,WMT,-0.039052546,0.01057744,-0.0056219101
2022-11-23,AAPL,-0.0086042881,0.012036443,-0.01677072
2022-11-23,AMGN,-0.0060553551,0.013321877,-0.008760035
2022-11-23,CRM,0.0055896044,0.011355042,-0.018194616
2022-11-23,CSCO,-0.011170149,-0.0026776791,-0.0087128282
2022-11-23,IBM,-0.01039058,0.008122921,-0.0074957609
2022-11-23,INTC,-0.0028882027,-7.6115131e-05,-0.01225847
2022-11-23,MSFT,-0.005530417,0.00058019161,-0.010577977
2022-11-23,NKE,-0.013583601,0.012452483,-0.0050728321
2022-11-23,VZ,-0.013671696,0.010106921,-0.0031732321
2022-11-23,WMT,-0.02477622,0.01249063,-0.0044053793
2022-11-25,AAPL,-0.011715114,0.016639233,-0.0083286166
2022-11-25,AMGN,-0.021491289,0.018111467,-0.0029664636
2022-11-25,CRM,-0.029436946,0.031542897,-0.0087326765
2022-11-25,CSCO,-0.01403302,0.0089223385,-0.0083905458
2022-11-25,IBM,-0.015122473,0.010221601,-0.0026264191
2022-11-25,INTC,-0.023669541,0.011465788,-0.0030657053
2022-11-25,MSFT,-0.017448604,0.0073519945,-0.010030746
2022-11-25,NKE,-0.017122269,0.013433456,-0.001286149
2022-11-25,VZ,-0.010674477,0.0049504042,-0.0074750781
2022-11-25,WMT,0.0013076067,0.0051586628,-0.0080288649
2022-11-28,AAPL,-0.031602621,0.025860906,0.00078904629
2022-11-28,AMGN,-0.020578206,0.022311568,-0.0043407083
2022-11-28,CRM,-0.050792575,0.04934597,-0.014440894
2022-11-28,CSCO,-0.023214817,0.019031525,-0.0048827529
2022-11-28,IBM,-0.025621414,0.020587206,-0.0051493049
2022-11-28,INTC,-0.031607211,0.019854426,-0.0021273494
2022-11-28,MSFT,-0.03866601,0.027091265,0.0029082298
2022-11-28,NKE,-0.032744467,0.030272603,0.0005749464
2022-11-28,VZ,-0.0095447302,0.012696505,-0.0026747584
2022-11-28,WMT,-0.0062574148,0.012681127,-0.0054789186
2022-11-29,AAPL,-0.019121885,0.015644312,-0.065008223
2022-11-29,AMGN,-0.0056623816,0.012370825,-0.030860305
2022-11-29,CRM,-0.062491,0.037181377,-0.038405299
2022-11-29,CSCO,-0.030865848,0.014522672,-0.042618275
2022-11-29,IBM,-0.017246306,0.013371587,-0.024534345
2022-11-29,INTC,-0.023576021,0.018738747,-0.026938617
2022-11-29,MSFT,-0.025010884,0.016824841,-0.031154633
2022-11-29,NKE,-0.026658714,0.021600604,-0.035602927
2022-11-29,VZ,-0.022161603,0.010795474,-0.041181266
2022-11-29,WMT,-0.025443554,0.016465545,-0.019709945
2022-11-30,AAPL,-0.039005399,0.046375871,-0.010699093
2022-11-30,AMGN,-0.017812669,0.031118035,-0.0042720437
2022-11-30,CRM,-0.048423171,0.055037975,-0.01219517
2022-11-30,CSCO,-0.035785973,0.032663107,-0.0057980418
2022-11-30,IBM,-0.03359133,0.028995872,-0.0046546459
2022-11-30,INTC,-0.034145534,0.039392233,-0.0073208809
2022-11-30,MSFT,-0.036053956,0.040420532,-0.0075256824
2022-11-30,NKE,-0.028676271,0.033177614,-0.0090767741
2022-11-30,VZ,-0.026921153,0.031824112,-0.0069443583
2022-11-30,WMT,-0.022261083,0.026786804,-0.0039330125
2022-12-01,AAPL,0.0025744438,0.012197018,-0.006996274
2022-12-01,AMGN,-0.0064857602,0.0039712191,-0.010254383
2022-12-01,CRM,0.02069211,0.008148551,-0.0052729845
2022-12-01,CSCO,0.014575243,-0.0039891005,-0.009759903
2022-12-01,IBM,0.0016105175,0.0058766603,-0.00066703558
2022-12-01,INTC,0.0067173243,0.0030149221,-0.0059378743
2022-12-01,MSFT,0.0084182024,-0.0021499395,-0.0044144392
2022-12-01,NKE,-0.0063048601,0.0082637072,0.0024529696
2022-12-01,VZ,-0.0057938099,0.0017476082,-2.3424625e-05
2022-12-01,WMT,0.00018906593,0.0013219118,-0.0036308169
2022-12-02,AAPL,-0.014577866,0.016926289,-0.0072369576
2022-12-02,AMGN,-0.042085528,0.022702694,0.0033481121
2022-12-02,CRM,-0.01195699,0.0065475702,-0.00029379129
2022-12-02,CSCO,-0.004073143,-0.0036531687,-0.0051487684
2022-12-02,IBM,-0.010536134,0.0084354877,-0.0012553334
2022-12-02,INTC,-0.0082246661,3.3378601e-05,-0.0047593117
2022-12-02,MSFT,-0.015774548,0.0092842579,-0.0081675649
2022-12-02,NKE,-0.013473451,0.0071775913,-0.00038194656
2022-12-02,VZ,-0.022230685,0.0048948526,0.0020653009
2022-12-02,WMT,-0.0061766505,-0.0023928285,-0.005592823
2022-12-05,AAPL,0.0015126467,0.0061520338,-0.025123477
2022-12-05,AMGN,-0.029695868,0.0096137524,-0.009478569
2022-12-05,CRM,-0.021098375,0.011473417,-0.0086357594
2022-12-05,CSCO,-0.0050036907,-0.013489306,-0.021422684
2022-12-05,IBM,-0.0075794458,0.0045130253,-0.0097888708
2022-12-05,INTC,0.0076391697,-0.0069036484,-0.021778643
2022-12-05,MSFT,-0.015232503,-0.0061202049,-0.021840096
2022-12-05,NKE,-0.019718051,-9.304285e-05,-0.0089272261
2022-12-05,VZ,-0.01656127,0.0037536621,-0.0084021091
2022-12-05,WMT,-0.026809156,0.0058562756,-0.0058038235
2022-12-06,AAPL,-0.011637449,0.018003702,-0.0052009821
2022-12-06,AMGN,0.00096535683,0.008251071,-0.0044741035
2022-12-06,CRM,-0.016413093,0.024977446,-0.0014633536
2022-12-06,CSCO,0.00090110302,-0.0084166527,-0.0098025799
2022-12-06,IBM,-0.0013403893,0.0086084604,-0.0034788847
2022-12-06,INTC,0.0046018362,0.0015083551,-0.0026623607
2022-12-06,MSFT,-0.015468001,0.0080187321,-0.007995069
2022-12-06,NKE,-0.018684506,0.016948342,0.006334424
2022-12-06,VZ,-0.0099864602,0.0080853701,-0.00086337328
2022-12-06,WMT,-0.0013424754,-0.00095105171,-0.010319293
2022-12-07,AAPL,0.00088870525,0.0104599,-0.015534818
2022-12-07,AMGN,-0.022284567,0.0065634251,-0.0035948157
2022-12-07,CRM,-0.028970122,0.019665122,0.00049889088
2022-12-07,CSCO,-0.003025949,-0.012549937,-0.01251775
2022-12-07,IBM,-0.0052654743,0.0081484318,-0.0029364228
2022-12-07,INTC,0.0074414015,-0.0060005784,-0.0091700554
2022-12-07,MSFT,-0.0092613697,-0.00017738342,-0.010612607
2022-12-07,NKE,-0.033183873,0.010815859,0.0071754456
2022-12-07,VZ,-0.026313186,0.012025833,0.00082242489
2022-12-07,WMT,-0.020593107,-0.0011126995,-0.0086112618
2022-12-08,AAPL,-0.0052774549,0.01039958,-0.014316499
2022-12-08,AMGN,-0.016384125,0.0059731007,-0.009741962
2022-12-08,CRM,-0.023350716,0.019824505,-0.011651278
2022-12-08,CSCO,-0.010255992,-0.012590051,-0.013569713
2022-12-08,IBM,-0.019616485,0.010478735,-0.0054201484
2022-12-08,INTC,-0.008492589,-0.0047658086,-0.014453828
2022-12-08,MSFT,-0.022733748,0.0074725151,-0.0094866753
2022-12-08,NKE,-0.030358553,0.0092824697,-0.0034723878
2022-12-08,VZ,-0.033814728,0.013224721,-0.00076818466
2022-12-08,WMT,-0.025730312,0.0038312674,-0.0084966421
2022-12-09,AAPL,-0.018830657,0.021350861,-0.0041984916
2022-12-09,AMGN,-0.027421534,0.012473226,-0.0044929981
2022-12-09,CRM,-0.040677905,0.029855013,0.0043256283
2022-12-09,CSCO,-0.0091431141,-0.0061057806,-0.010101914
2022-12-09,IBM,-0.011591434,0.011800289,-0.0011242628
2022-12-09,INTC,-0.0067882538,0.00040543079,-0.0043088198
2022-12-09,MSFT,-0.024983943,0.0064952374,-0.0053453445
2022-12-09,NKE,-0.03413111,0.017726302,0.011337996
2022-12-09,VZ,-0.024408281,0.012559295,-0.0030558705
2022-12-09,WMT,-0.011027515,-0.0027341843,-0.011983573
2022-12-12,AAPL,-0.011583149,0.012407303,-0.01756072
2022-12-12,AMGN,-0.026203573,0.0091719627,-0.0060919523
2022-12-12,CRM,-0.038049221,0.024577498,-0.0076481104
2022-12-12,CSCO,-0.0083130002,-0.014280558,-0.018034935
2022-12-12,IBM,-0.015715778,0.011612773,-0.0029908419
2022-12-12,INTC,-0.0014853477,-0.005223453,-0.013252318
2022-12-12,MSFT,-0.020439327,0.0057266951,-0.0061469674
2022-12-12,NKE,-0.034382463,0.013215899,0.0028717518
2022-12-12,VZ,-0.028426826,0.012321711,-0.0053665042
2022-12-12,WMT,-0.022816837,0.00040853024,-0.010911107
2022-12-13,AAPL,-0.0049082637,0.016261935,-0.015960813
2022-12-13,AMGN,-0.0094069839,0.0052429438,-0.0085045695
2022-12-13,CRM,-0.03116554,0.022113323,-0.0099436045
2022-12-13,CSCO,-0.0089839101,-0.01101923,-0.014429569
2022-12-13,IBM,-0.013399422,0.008102417,-0.0059098005
2022-12-13,INTC,-0.00056183338,-0.0046910048,-0.013474703
2022-12-13,MSFT,-0.015757382,0.0037691593,-0.0076560974
2022-12-13,NKE,-0.025912642,0.008531332,-0.0013720989
2022-12-13,VZ,-0.025268435,0.011000633,-0.007384181
2022-12-13,WMT,-0.018948317,-0.003354013,-0.013245523
2022-12-14,AAPL,-0.014951646,0.016937852,-0.017883956
2022-12-14,AMGN,-0.019367814,0.01108551,-0.0065482259
2022-12-14,CRM,-0.051933646,0.032612443,-0.0023485422
2022-12-14,CSCO,-0.026146889,-0.0043578148,-0.015147269
2022-12-14,IBM,-0.016265929,0.011791945,-0.0073322654
2022-12-14,INTC,-0.011698365,2.1457672e-05,-0.011775374
2022-12-14,MSFT,-0.024114609,0.0083713531,-0.01115942
2022-12-14,NKE,-0.030812621,0.011975408,0.00072920322
2022-12-14,VZ,-0.017357826,0.0090882778,-0.0099284649
2022-12-14,WMT,-0.0062107444,-0.0046911836,-0.016200244
2022-12-15,AAPL,-0.012699366,0.02305162,-0.0019283295
2022-12-15,AMGN,-0.020609915,0.018844366,0.0043085814
2022-12-15,CRM,-0.028340518,0.034805536,0.0021311045
2022-12-15,CSCO,-0.0028383732,0.0038216114,-0.0092154145
2022-12-15,IBM,-0.005209744,0.0087679625,-0.0019691586
2022-12-15,INTC,-0.0075327754,0.0058708191,-0.0026705861
2022-12-15,MSFT,-0.020657539,0.016568422,-0.00044620037
2022-12-15,NKE,-0.031640291,0.021642923,0.0070945024
2022-12-15,VZ,-0.003259778,0.010786295,-0.0056310296
2022-12-15,WMT,-0.0014581084,-0.00020349026,-0.013871014
2022-12-16,AAPL,-0.014384925,0.017186165,-0.0088104606
2022-12-16,AMGN,-0.021532595,0.012515306,0.0014555454
2022-12-16,CRM,-0.034777284,0.026386857,-0.0025760531
2022-12-16,CSCO,-0.0121364,-0.0027369261,-0.014541268
2022-12-16,IBM,-0.01792556,0.013504505,-0.0055731535
2022-12-16,INTC,-0.011657417,0.001159668,-0.0072023273
2022-12-16,MSFT,-0.016466439,0.0090326071,-0.002338171
2022-12-16,NKE,-0.044473886,0.020365119,0.0029883385
2022-12-16,VZ,-0.01437521,0.0095906258,-0.0061480403
2022-12-16,WMT,-0.014815271,0.00041627884,-0.010366142
2022-12-19,AAPL,-0.015409768,0.021321893,-0.0059957504
2022-12-19,AMGN,-0.012884557,0.0059380531,-0.0054914951
2022-12-19,CRM,-0.068124592,0.048629522,0.0072581768
2022-12-19,CSCO,-0.01933223,-0.00087320805,-0.015428066
2022-12-19,IBM,-0.01415354,0.014392495,-0.0084301829
2022-12-19,INTC,-0.0071063042,0.00049972534,-0.013980687
2022-12-19,MSFT,-0.022541642,0.012226224,-0.0030346513
2022-12-19,NKE,-0.050209701,0.022958636,0.0049176216
2022-12-19,VZ,-0.013378918,0.0062283278,-0.0036811233
2022-12-19,WMT,-0.011257887,0.00057673454,-0.0129143
2022-12-20,AAPL,-0.01429987,0.019680381,-0.010535061
2022-12-20,AMGN,-0.013963461,0.012773037,0.0007096529
2022-12-20,CRM,-0.020214796,0.022875905,-0.0082798004
2022-12-20,CSCO,0.0028402805,-0.0013179779,-0.012390614
2022-12-20,IBM,-0.003657341,0.0090858936,-0.0073028803
2022-12-20,INTC,0.0053116083,-0.0013659,-0.0061320662
2022-12-20,MSFT,-0.0083892345,0.0058095455,-0.0056990385
2022-12-20,NKE,-0.028840899,0.019682527,0.0042760372
2022-12-20,VZ,-0.015793145,0.0063450336,0.0016041994
2022-12-20,WMT,-0.014872134,0.0018415451,-0.0097225308
2022-12-21,AAPL,-0.021522641,0.018297553,-0.035282314
2022-12-21,AMGN,-0.03222543,0.012005091,-0.00368613
2022-12-21,CRM,-0.03659606,0.023086071,-0.01674515
2022-12-21,CSCO,-0.0148862,-0.0073826909,-0.022994578
2022-12-21,IBM,-0.004532516,0.0091817379,-0.012125432
2022-12-21,INTC,-0.0079630017,-0.0039594173,-0.017895818
2022-12-21,MSFT,-0.014036179,0.012203336,-0.014475107
2022-12-21,NKE,-0.020052552,0.010373354,-0.010522604
2022-12-21,VZ,-0.020745814,0.0086916685,-0.0083231926
2022-12-21,WMT,-0.021154404,0.0077347755,-0.0084919333
2022-12-22,AAPL,-0.0056887865,0.016437292,-0.0038100481
2022-12-22,AMGN,-0.014253378,0.015809417,-0.0042820573
2022-12-22,CRM,-0.0010933876,0.014446139,-0.0024950504
2022-12-22,CSCO,0.013746142,-0.0081079006,-0.01261133
2022-12-22,IBM,-0.0053679943,0.011051893,-0.0030769706
2022-12-22,INTC,0.0089498758,-0.00048661232,-0.0060371161
2022-12-22,MSFT,-0.0088763237,0.0057407618,-0.011600494
2022-12-22,NKE,-0.023391843,0.015378952,0.0073904991
2022-12-22,VZ,-0.018704176,0.0095202923,0.00064194202
2022-12-22,WMT,-0.027295291,0.010519505,-0.003035903
2022-12-23,AAPL,-0.012220562,0.013169765,-0.010690987
2022-12-23,AMGN,-0.003724575,0.0072250366,-0.0098054409
2022-12-23,CRM,0.01332736,0.0074981451,-0.012060523
2022-12-23,CSCO,0.0028543472,-0.0084495544,-0.011948645
2022-12-23,IBM,-0.0068116784,0.0061950684,-0.0050618649
2022-12-23,INTC,-0.0036290288,-0.0030344725,-0.0028957725
2022-12-23,MSFT,0.0028951168,0.0033259392,-0.010793865
2022-12-23,NKE,-0.012720883,0.010762811,0.010659814
2022-12-23,VZ,-0.016033888,0.0047267675,-0.0019274354
2022-12-23,WMT,-0.013516307,-0.00078523159,-0.0047178268
2022-12-27,AAPL,0.0030674934,0.0099534988,-0.011424661
2022-12-27,AMGN,-0.022042632,0.011085987,-0.001809895
2022-12-27,CRM,-0.013111413,0.013190508,-0.018508017
2022-12-27,CSCO,-0.0092175603,-0.008713603,-0.016987681
2022-12-27,IBM,-0.021997035,0.011411309,-0.0054157972
2022-12-27,INTC,0.0019308329,-0.0075906515,-0.0078853369
2022-12-27,MSFT,-0.010596275,0.0015878677,-0.006906569
2022-12-27,NKE,-0.025042236,0.01299262,0.0026257038
2022-12-27,VZ,-0.016218781,0.0027848482,-0.0035142303
2022-12-27,WMT,-0.026510835,0.0068490505,-0.00053322315
2022-12-28,AAPL,-0.027078092,0.020024061,0.0091514587
2022-12-28,AMGN,-0.0095216036,0.018881202,-0.0067667961
2022-12-28,CRM,-0.046961069,0.054157495,-0.0083901286
2022-12-28,CSCO,-0.027634144,0.014486432,-0.0037269592
2022-12-28,IBM,-0.030576169,0.01967454,-0.0015913248
2022-12-28,INTC,-0.032988489,0.017631412,0.0055254698
2022-12-28,MSFT,-0.026312113,0.019187927,0.0016505718
2022-12-28,NKE,-0.029597044,0.033922553,0.011268497
2022-12-28,VZ,-0.0095438957,0.0087435246,-0.0047674775
2022-12-28,WMT,-0.0063504577,0.0078642368,-0.0054503083
2022-12-29,AAPL,0.0043417215,-0.0018216372,-0.034015238
2022-12-29,AMGN,-0.009816587,0.015253901,-0.009949863
2022-12-29,CRM,-0.043048978,0.039285779,-0.038197875
2022-12-29,CSCO,-0.019505024,0.0029188395,-0.025711775
2022-12-29,IBM,-0.006355226,0.013646364,-0.019498408
2022-12-29,INTC,-0.025503814,0.012128115,-0.016052246
2022-12-29,MSFT,-0.020680428,0.015065789,-0.021551251
2022-12-29,NKE,-0.0245924,0.011822343,-0.018608809
2022-12-29,VZ,-0.022867024,0.010840297,-0.012015641
2022-12-29,WMT,-0.022118807,0.014014959,-0.012373745
2022-12-30,AAPL,-0.05423373,0.039467096,-0.0033048391
2022-12-30,AMGN,-0.037140965,0.035795689,0.0017315149
2022-12-30,CRM,-0.059745431,0.062335968,-0.012360454
2022-12-30,CSCO,-0.044241607,0.035384536,-0.0097107291
2022-12-30,IBM,-0.038841248,0.033876061,-0.0025509
2022-12-30,INTC,-0.050000429,0.040734172,-0.0010011196
2022-12-30,MSFT,-0.051679552,0.034804702,0.0001065731
2022-12-30,NKE,-0.038976789,0.032325149,-0.0092868209
2022-12-30,VZ,-0.036660254,0.029554129,-0.0059792995
2022-12-30,WMT,-0.036192477,0.026429534,-0.0078645945
2023-01-03,AAPL,0.014121532,0.0061490536,-0.0092734098
2023-01-03,AMGN,-0.0033229589,-0.0016722679,-0.01043272
2023-01-03,CRM,0.01462853,0.0096335411,-0.0087057948
2023-01-03,CSCO,0.012535334,-0.0061977506,-0.0087425113
2023-01-03,IBM,0.0048469305,0.0056433678,-0.0014104843
2023-01-03,INTC,0.010880113,0.00076532364,-0.0065536499
2023-01-03,MSFT,0.00033473969,-0.0043896437,-0.0026453733
2023-01-03,NKE,-0.0054328442,0.0039809942,0.0031965971
2023-01-03,VZ,-0.010187209,0.0032154322,0.00040853024
2023-01-03,WMT,-0.0011997819,-0.00015681982,-0.0027549863
2023-01-04,AAPL,-0.022113502,0.027155638,0.002114296
2023-01-04,AMGN,-0.038915157,0.018103719,0.0050293207
2023-01-04,CRM,-0.059668958,0.034119487,0.0085021257
2023-01-04,CSCO,-0.015760005,-0.0031129718,-0.0038276911
2023-01-04,IBM,-0.012328982,0.0073106289,-0.0025861859
2023-01-04,INTC,-0.014919579,-0.00016790628,0.0020217896
2023-01-04,MSFT,-0.032325804,0.014795184,0.0010219812
2023-01-04,NKE,-0.027732313,0.011083364,0.0069998503
2023-01-04,VZ,-0.019447505,0.0019309521,0.0030767918
2023-01-04,WMT,0.00036370754,-0.0087203979,-0.0057328939
2023-01-05,AAPL,-6.3359737e-05,0.012010217,-0.021335423
2023-01-05,AMGN,-0.040481448,0.017026901,-0.0047778487
2023-01-05,CRM,-0.052227557,0.032907128,0.0036995411
2023-01-05,CSCO,-0.012639999,-0.010386884,-0.014788389
2023-01-05,IBM,-0.00674963,0.0044920444,-0.0050218701
2023-01-05,INTC,-0.00098198652,-0.0079388022,-0.0119012
2023-01-05,MSFT,-0.021540999,-0.00091600418,-0.013533115
2023-01-05,NKE,-0.046791255,0.012958169,0.0047038794
2023-01-05,VZ,-0.017336249,0.003366828,-0.003811717
2023-01-05,WMT,-0.014023125,-0.0044929981,-0.0079451799
2023-01-06,AAPL,-0.020120621,0.019596457,-0.0083796978
2023-01-06,AMGN,-0.019700408,0.0094773769,-0.0016524196
2023-01-06,CRM,-0.02910161,0.030743003,-0.002282083
2023-01-06,CSCO,-0.0081851482,-0.01252389,-0.014941752
2023-01-06,IBM,0.0015227795,0.0030254126,-0.010316968
2023-01-06,INTC,0.014498591,-0.0072361231,-0.010415494
2023-01-06,MSFT,-0.0033974648,0.0038174391,-0.015134513
2023-01-06,NKE,-0.030055046,0.019859195,0.0075737238
2023-01-06,VZ,-0.019705534,0.010911107,0.0010578632
2023-01-06,WMT,-0.01323247,-0.0024296641,-0.0063720942
2023-01-09,AAPL,-0.011314511,0.018490911,-0.010423243
2023-01-09,AMGN,-0.037077725,0.019617677,0.0057703257
2023-01-09,CRM,-0.021122158,0.021151185,-0.0034496784
2023-01-09,CSCO,0.0030703545,-0.015898645,-0.010253251
2023-01-09,IBM,-0.0073348284,0.011962533,-0.0015540719
2023-01-09,INTC,0.011127472,-0.0061730146,-0.0042083263
2023-01-09,MSFT,-0.0037723184,0.00076150894,-0.011548936
2023-01-09,NKE,-0.03681463,0.016888618,0.019512773
2023-01-09,VZ,-0.025919616,0.012327194,0.0065618753
2023-01-09,WMT,-0.022107422,-0.00011563301,-0.0036008358
2023-01-10,AAPL,-0.017448783,0.014815331,-0.0073289275
2023-01-10,AMGN,-0.03072387,0.011138916,0.00097322464
2023-01-10,CRM,0.0046900511,0.0094583035,-0.0095734
2023-01-10,CSCO,0.0047302246,-0.019231141,-0.011416614
2023-01-10,IBM,-0.01440084,0.0092102289,0.0025392771
2023-01-10,INTC,0.0099861622,-0.0071998239,-0.0046309829
2023-01-10,MSFT,-0.013684094,-0.002738893,-0.0066358447
2023-01-10,NKE,-0.027339697,0.010458708,0.010729313
2023-01-10,VZ,-0.032342851,0.010685563,0.0075291395
2023-01-10,WMT,-0.032742381,0.0066556931,0.00095152855
2023-01-11,AAPL,-0.021613777,0.025091648,-0.0053496957
2023-01-11,AMGN,-0.032199681,0.014765859,-0.001122117
2023-01-11,CRM,-0.011805058,0.0091639757,-0.0015231371
2023-01-11,CSCO,-0.0081760287,-0.014385879,-0.010725617
2023-01-11,IBM,-0.011862397,0.0092686415,0.00089812279
2023-01-11,INTC,-0.0077104568,-0.0042139888,0.0018385649
2023-01-11,MSFT,-0.016497314,0.004327178,-0.0050887465
2023-01-11,NKE,-0.023968279,0.0096827745,0.012704372
2023-01-11,VZ,-0.031691313,0.011797905,0.0043096542
2023-01-11,WMT,-0.020452976,0.00031626225,0.00097942352
2023-01-12,AAPL,-0.0078806877,0.014973283,-0.017480731
2023-01-12,AMGN,-0.030718744,0.011699677,-0.0035832524
2023-01-12,CRM,-0.012829125,0.0036529303,-0.0062330961
2023-01-12,CSCO,-0.0083249807,-0.021627963,-0.013324142
2023-01-12,IBM,-0.01639688,0.0070918798,0.0026170015
2023-01-12,INTC,0.0013306141,-0.0064619184,-0.007807672
2023-01-12,MSFT,-0.017417252,-0.0043815374,-0.0072863102
2023-01-12,NKE,-0.026718438,0.0082570314,0.0068970919
2023-01-12,VZ,-0.038318396,0.013896227,0.0023411512
2023-01-12,WMT,-0.027001977,0.00013208389,-0.004177928
2023-01-13,AAPL,-0.010026753,0.01864922,-0.013053179
2023-01-13,AMGN,-0.028165221,0.011587858,-0.002011776
2023-01-13,CRM,-0.01220125,0.011123896,-0.0061581135
2023-01-13,CSCO,-0.002679646,-0.020765126,-0.015398741
2023-01-13,IBM,-0.0079300404,0.0051647425,-0.0028563142
2023-01-13,INTC,0.007671833,-0.0046249032,-0.010398686
2023-01-13,MSFT,-0.018339097,-0.0013431907,-0.009784162
2023-01-13,NKE,-0.025717735,0.007422924,0.0065852404
2023-01-13,VZ,-0.031321764,0.010025024,-0.0017957687
2023-01-13,WMT,-0.020777166,-0.0032726526,-0.0081170797
2023-01-17,AAPL,-0.0056706071,0.017193437,-0.016265333
2023-01-17,AMGN,-0.022826552,0.015152931,-0.0079930425
2023-01-17,CRM,-0.034584701,0.023365974,-0.0082775354
2023-01-17,CSCO,-0.014618278,-0.0079345703,-0.013617992
2023-01-17,IBM,-0.010714769,0.008871913,-0.0033152699
2023-01-17,INTC,0.0013920069,-0.002048552,-0.0080592632
2023-01-17,MSFT,-0.01888746,0.0038499832,-0.010899425
2023-01-17,NKE,-0.025402725,0.0094329119,0.0058178902
2023-01-17,VZ,-0.032138407,0.0099570751,-0.00046414137
2023-01-17,WMT,-0.015673995,-0.0056836009,-0.010243773
2023-01-18,AAPL,-0.0045630932,0.014148593,-0.022340477
2023-01-18,AMGN,-0.028328896,0.017656684,-0.0064985156
2023-01-18,CRM,-0.041448593,0.027921557,-0.0083831549
2023-01-18,CSCO,-0.0025895238,-0.017565072,-0.016717732
2023-01-18,IBM,-0.004379034,0.005096674,-0.0070431828
2023-01-18,INTC,0.0099184513,-0.0085415244,-0.013234854
2023-01-18,MSFT,-0.013638258,-0.00025397539,-0.018178821
2023-01-18,NKE,-0.034800828,0.0095734596,0.00050485134
2023-01-18,VZ,-0.028826475,0.0075976849,-0.0016486049
2023-01-18,WMT,-0.010096133,-0.0075544715,-0.013309181
2023-01-19,AAPL,-0.017216444,0.02611649,-0.0068582892
2023-01-19,AMGN,-0.033197761,0.019844532,0.0016468763
2023-01-19,CRM,-0.030652165,0.026512265,-0.0089184046
2023-01-19,CSCO,0.0015890598,-0.0093833208,-0.014640152
2023-01-19,IBM,-0.015576243,0.01106441,-0.0020201802
2023-01-19,INTC,0.005907774,-0.0029756427,-0.0087212324
2023-01-19,MSFT,-0.012864649,0.0028232336,-0.014835536
2023-01-19,NKE,-0.033544421,0.017275453,0.0061103106
2023-01-19,VZ,-0.024522781,0.010729194,-0.00034987926
2023-01-19,WMT,-0.021948218,0.002117753,-0.010412276
2023-01-20,AAPL,-0.0082806945,0.019816279,-0.0083302855
2023-01-20,AMGN,-0.024196506,0.016550064,-0.0054940581
2023-01-20,CRM,-0.030108571,0.024873972,-0.0058066249
2023-01-20,CSCO,0.0050928593,-0.0094692707,-0.011741519
2023-01-20,IBM,-0.0078264475,0.012024999,0.0006891489
2023-01-20,INTC,0.00642097,-0.001100719,-0.0056573153
2023-01-20,MSFT,-0.0092302561,0.0070701838,-0.0038741231
2023-01-20,NKE,-0.029284716,0.017640591,0.012192607
2023-01-20,VZ,-0.024885654,0.0076491833,0.0067440271
2023-01-20,WMT,-0.01121527,-0.0045064688,-0.0082556605
2023-01-23,AAPL,-0.0029209852,0.015540481,-0.025876641
2023-01-23,AMGN,-0.037867486,0.017065406,-0.003596127
2023-01-23,CRM,-0.02782625,0.011308432,-0.012563169
2023-01-23,CSCO,0.0037732124,-0.018306971,-0.020580173
2023-01-23,IBM,-0.0026369095,0.007075429,-0.0070175529
2023-01-23,INTC,0.0071201324,-0.010126412,-0.011514306
2023-01-23,MSFT,-0.0028961301,0.0021437407,-0.011834621
2023-01-23,NKE,-0.025558174,0.0082939863,0.003647089
2023-01-23,VZ,-0.034821928,0.011275887,0.0025171041
2023-01-23,WMT,-0.026658177,0.0041148663,-0.0094836354
2023-01-24,AAPL,-0.026222348,0.023906112,-0.027109385
2023-01-24,AMGN,-0.047345877,0.036352992,0.0012197495
2023-01-24,CRM,-0.022984624,0.016083241,-0.014820397
2023-01-24,CSCO,-0.010157943,-0.0021264553,-0.019440889
2023-01-24,IBM,-0.0050541759,0.011011481,-0.0065627694
2023-01-24,INTC,-0.0015366673,0.0014590025,-0.017892838
2023-01-24,MSFT,-0.020119786,0.0094715357,-0.014747739
2023-01-24,NKE,-0.013988078,0.010340929,-0.0033509731
2023-01-24,VZ,-0.025057733,0.012054324,-0.011024356
2023-01-24,WMT,-0.024112165,0.011619806,-0.0066956282
2023-01-25,AAPL,-0.003611207,0.011940122,-0.01565522
2023-01-25,AMGN,-0.015444398,0.017561555,-0.0093955994
2023-01-25,CRM,0.0020872355,0.014830351,-0.0077306628
2023-01-25,CSCO,0.0023514032,-0.0072618723,-0.017668843
2023-01-25,IBM,-0.00021225214,0.0039583445,-0.0062615871
2023-01-25,INTC,0.014453173,6.9141388e-05,-0.011211574
2023-01-25,MSFT,0.0049824715,-0.00010818243,-0.012313724
2023-01-25,NKE,-0.01334697,0.011407733,0.0046732426
2023-01-25,VZ,-0.013940573,0.011394739,-0.0043433309
2023-01-25,WMT,-0.0255512,0.0085132122,-0.0041838884
2023-01-26,AAPL,-0.017807543,0.014394403,-0.01205045
2023-01-26,AMGN,0.0034248829,0.0052629709,-0.014666736
2023-01-26,CRM,-0.0029081702,0.010739565,-0.01594311
2023-01-26,CSCO,-0.017305493,-0.0017566085,-0.0092727542
2023-01-26,IBM,-0.017213941,0.010049582,-0.0079248548
2023-01-26,INTC,-0.013004959,0.002441287,-0.0096056461
2023-01-26,MSFT,-0.0049645901,0.0053658485,-0.0085191131
2023-01-26,NKE,-0.015775621,0.011034131,-0.0029469132
2023-01-26,VZ,-0.013897538,0.0099555254,-0.004484117
2023-01-26,WMT,-0.02201426,0.0069060326,-0.0043325424
2023-01-27,AAPL,-0.002666235,0.014582396,-0.0071755648
2023-01-27,AMGN,-0.016995668,0.011816859,-0.0055423975
2023-01-27,CRM,-0.03803426,0.025782108,-0.0078419447
2023-01-27,CSCO,-0.02109617,0.0044239759,-0.012225211
2023-01-27,IBM,-0.020660162,0.010785699,-0.005656004
2023-01-27,INTC,-0.020801783,0.0076475143,-0.001100421
2023-01-27,MSFT,-0.022234678,0.005151391,-0.010914922
2023-01-27,NKE,-0.023449183,0.015398264,-0.0013995767
2023-01-27,VZ,-0.018731594,0.0057817698,-0.0037014484
2023-01-27,WMT,-0.00097674131,0.0060062408,-0.0064656734
2023-01-30,AAPL,-0.028436422,0.024034381,-0.0031991005
2023-01-30,AMGN,-0.015812337,0.017870069,-0.0053603649
2023-01-30,CRM,-0.048950434,0.047533274,-0.0096797347
2023-01-30,CSCO,-0.022015214,0.016655326,-0.0091039538
2023-01-30,IBM,-0.018468261,0.01583159,-0.0045908689
2023-01-30,INTC,-0.024618208,0.015318274,-0.0049390793
2023-01-30,MSFT,-0.033088923,0.025906086,0.00474298
2023-01-30,NKE,-0.024228692,0.029265761,0.00016200542
2023-01-30,VZ,-0.0049942136,0.011153817,-0.0033213496
2023-01-30,WMT,-0.0042302012,0.0072368383,-0.0071433187
2023-01-31,AAPL,-0.01156193,0.018330216,-0.068743348
2023-01-31,AMGN,-0.0023164749,0.013439894,-0.023102045
2023-01-31,CRM,-0.057993591,0.04325068,-0.041296005
2023-01-31,CSCO,-0.027725875,0.016885519,-0.042753875
2023-01-31,IBM,-0.01466471,0.014448404,-0.025390685
2023-01-31,INTC,-0.015869915,0.017151713,-0.02811265
2023-01-31,MSFT,-0.016781449,0.017681122,-0.034296036
2023-01-31,NKE,-0.022465885,0.025063038,-0.033493936
2023-01-31,VZ,-0.025039732,0.011592269,-0.03711313
2023-01-31,WMT,-0.027781069,0.01587224,-0.017574847
2023-02-01,AAPL,-0.03954041,0.04584825,-0.0095258355
2023-02-01,AMGN,-0.022441208,0.034249425,-0.0022961497
2023-02-01,CRM,-0.04118365,0.056971192,-0.01547116
2023-02-01,CSCO,-0.036012471,0.037426114,-0.01128751
2023-02-01,IBM,-0.035407603,0.033501983,-0.0044767261
2023-02-01,INTC,-0.041019797,0.043206096,-0.0056318045
2023-02-01,MSFT,-0.043796778,0.039808154,-0.0077476501
2023-02-01,NKE,-0.030097961,0.034820676,-0.010981083
2023-02-01,VZ,-0.030717194,0.03371489,-0.005726099
2023-02-01,WMT,-0.026194632,0.028424501,-0.0040615201
2023-02-02,AAPL,0.0028470755,0.014329553,-0.0032510757
2023-02-02,AMGN,-0.014859796,0.0082266331,-0.0051463246
2023-02-02,CRM,-0.0083959103,0.020543933,0.0022144318
2023-02-02,CSCO,0.0033259392,-0.0035305023,-0.0069830418
2023-02-02,IBM,-0.0021178126,0.0097308159,0.0026774406
2023-02-02,INTC,0.00061988831,0.0080410242,0.00095951557
2023-02-02,MSFT,-0.0017660856,0.00047421455,-0.00019770861
2023-02-02,NKE,-0.015765429,0.012904882,0.0074576139
2023-02-02,VZ,-0.012750745,0.0061379671,0.0037840605
2023-02-02,WMT,-0.0022578835,0.0023562908,-0.0030776858
2023-02-03,AAPL,-0.01538974,0.021929502,0.00205338
2023-02-03,AMGN,-0.051979184,0.022611976,0.011791229
2023-02-03,CRM,-0.023893118,0.019347429,0.0065747499
2023-02-03,CSCO,-0.0024338365,-0.0050594211,-0.0057104826
2023-02-03,IBM,-0.0027285814,0.0054193735,-0.0029557347
2023-02-03,INTC,0.002848506,-0.00089466572,0.0021636486
2023-02-03,MSFT,-0.01772964,0.007799983,-0.0010243654
2023-02-03,NKE,-0.018695354,0.0074042082,0.0063716173
2023-02-03,VZ,-0.026554585,0.009814024,0.0045342445
2023-02-03,WMT,-0.018953264,0.0020809174,0.00011563301
2023-02-06,AAPL,0.00063025951,0.0078642368,-0.014065504
2023-02-06,AMGN,-0.031815648,0.010537982,0.0005698204
2023-02-06,CRM,-0.010785758,0.011699915,-0.0009406805
2023-02-06,CSCO,-0.010507941,-0.015800357,-0.013940692
2023-02-06,IBM,-0.013142169,0.0044358969,-0.0012001395
2023-02-06,INTC,0.002584219,-0.0031799674,-0.007938385
2023-02-06,MSFT,-0.018938601,-0.0050462484,-0.010772347
2023-02-06,NKE,-0.028474092,0.0078234673,0.0023970604
2023-02-06,VZ,-0.026305974,0.0081495047,0.0046261549
2023-02-06,WMT,-0.028207481,0.0063928366,0.0021454096
2023-02-07,AAPL,-0.010152578,0.012996674,-0.0096069574
2023-02-07,AMGN,-0.012978315,-0.00017952919,-0.0068691969
2023-02-07,CRM,-0.017894208,0.021102071,-0.0060372353
2023-02-07,CSCO,-0.015507936,-0.017145038,-0.0064718723
2023-02-07,IBM,-0.0075010657,0.0053222179,-0.0040491819
2023-02-07,INTC,0.0021559,-0.0032355189,-0.00046426058
2023-02-07,MSFT,-0.013845325,0.0066971779,-0.009986937
2023-02-07,NKE,-0.029041171,0.013209939,0.0096976757
2023-02-07,VZ,-0.02492696,0.012533665,0.001991272
2023-02-07,WMT,-0.014078021,-0.0032545328,-0.0073368549
2023-02-08,AAPL,-0.010854959,0.016651154,-0.011821926
2023-02-08,AMGN,-0.027184784,0.009698391,0.0025013685
2023-02-08,CRM,-0.031836152,0.023422241,0.00087177753
2023-02-08,CSCO,-0.016729653,-0.016843736,-0.011640847
2023-02-08,IBM,-0.016638517,0.0091810226,-0.00074768066
2023-02-08,INTC,0.004003644,-0.005525887,-0.0060899258
2023-02-08,MSFT,-0.019289315,0.0032761097,-0.0080581903
2023-02-08,NKE,-0.032051027,0.013304114,0.010658741
2023-02-08,VZ,-0.031657517,0.012936831,0.001160264
2023-02-08,WMT,-0.028122783,0.0046287775,-0.0017186999
2023-02-09,AAPL,-0.0081170201,0.014097929,-0.010036886
2023-02-09,AMGN,-0.025938153,0.015300035,0.00024199486
2023-02-09,CRM,-0.027050853,0.022794724,0.0012334585
2023-02-09,CSCO,-0.0028628707,-0.017637789,-0.010981977
2023-02-09,IBM,-0.0061405301,0.0075688362,-0.0024651885
2023-02-09,INTC,0.007199049,-0.0048103929,-0.0031552315
2023-02-09,MSFT,-0.011718988,-0.0027507544,-0.00504601
2023-02-09,NKE,-0.035051286,0.011900067,0.014535189
2023-02-09,VZ,-0.026967406,0.010714531,0.002497077
2023-02-09,WMT,-0.015339732,-0.0033720732,-0.0035873652
2023-02-10,AAPL,-0.0072976351,0.011272073,-0.011075616
2023-02-10,AMGN,-0.034235835,0.017529488,0.0025451183
2023-02-10,CRM,-0.015832126,0.011045933,-0.0086511374
2023-02-10,CSCO,-0.0050942898,-0.018517971,-0.011596799
2023-02-10,IBM,-0.013393462,0.010277152,-0.00014573336
2023-02-10,INTC,0.001028657,-0.0051143765,-0.0051953793
2023-02-10,MSFT,-0.010420024,0.0013978481,-0.0080616474
2023-02-10,NKE,-0.030118525,0.012531281,0.0089378357
2023-02-10,VZ,-0.031134546,0.014529943,0.0041130781
2023-02-10,WMT,-0.032589972,0.0062861443,0.0022851229
2023-02-13,AAPL,-0.021736324,0.016021967,-0.0091295242
2023-02-13,AMGN,-0.017561615,0.01044023,-0.0061903596
2023-02-13,CRM,-0.044938087,0.022976518,4.9948692e-05
2023-02-13,CSCO,-0.0099337101,-0.019150138,-0.0083133578
2023-02-13,IBM,-0.0086573958,0.0058281422,-0.0013158321
2023-02-13,INTC,-0.0022197962,-0.0072709322,-0.005081892
2023-02-13,MSFT,-0.022746563,-0.0013717413,-0.0039561987
2023-02-13,NKE,-0.033941448,0.011286139,0.0067648888
2023-02-13,VZ,-0.021744251,0.0072072744,-0.0035411716
2023-02-13,WMT,-0.016395211,-0.0036059618,-0.0081148148
2023-02-14,AAPL,-0.0010993481,0.011886716,-0.014296353
2023-02-14,AMGN,-0.020307124,0.01535821,-0.0081889033
2023-02-14,CRM,-0.044343352,0.022443533,-0.003293097
2023-02-14,CSCO,-0.012872875,-0.014670074,-0.0078914165
2023-02-14,IBM,-0.014414489,0.0069772005,-0.0022540689
2023-02-14,INTC,-0.0041183829,-0.0057759285,-0.0055975914
2023-02-14,MSFT,-0.011776865,0.00082075596,-0.0061665773
2023-02-14,NKE,-0.035064101,0.013492823,0.0080908537
2023-02-14,VZ,-0.024397612,0.010090232,-0.0024793744
2023-02-14,WMT,-0.015883505,-0.0034221411,-0.0066133738
2023-02-15,AAPL,-0.01104635,0.022316456,-0.0094516873
2023-02-15,AMGN,-0.024523199,0.014500499,-0.0063557625
2023-02-15,CRM,-0.062183559,0.03811276,-0.00049352646
2023-02-15,CSCO,-0.013529897,-0.0093501806,-0.012766778
2023-02-15,IBM,-0.0085009933,0.0061450005,-0.0068844557
2023-02-15,INTC,-0.00015312433,-0.0074906349,-0.0084232688
2023-02-15,MSFT,-0.014201164,0.0025997162,-0.0083310008
2023-02-15,NKE,-0.04664731,0.016884208,0.008869648
2023-02-15,VZ,-0.017816246,0.0073943138,-0.0038593411
2023-02-15,WMT,-0.0085532665,-0.007963419,-0.01157999
2023-02-16,AAPL,-0.02033788,0.023240447,-0.0074945688
2023-02-16,AMGN,-0.026592016,0.022947788,0.00177598
2023-02-16,CRM,-0.057737112,0.047606945,0.0038387775
2023-02-16,CSCO,-0.0076690316,-0.0056295991,-0.012545824
2023-02-16,IBM,-0.003962636,0.0076531172,-0.0040473938
2023-02-16,INTC,0.0033597946,-0.0040747523,-0.0043789148
2023-02-16,MSFT,-0.010358632,0.0031967163,-0.009300828
2023-02-16,NKE,-0.043233514,0.018478751,0.009952426
2023-02-16,VZ,-0.010568202,0.0052478313,-0.0044048429
2023-02-16,WMT,-0.0013313293,-0.0086725354,-0.01226455
2023-02-17,AAPL,-0.018890977,0.021397233,-0.0036990643
2023-02-17,AMGN,-0.022892416,0.014456749,0.0012201071
2023-02-17,CRM,-0.021945179,0.026746035,-0.0073620081
2023-02-17,CSCO,0.00092768669,-0.011519134,-0.011767089
2023-02-17,IBM,-0.0094538331,0.0087157488,-0.0033624172
2023-02-17,INTC,0.010091424,-0.0059632659,-0.0051056147
2023-02-17,MSFT,-0.006924808,0.00092899799,-0.010256588
2023-02-17,NKE,-0.036379158,0.017578244,0.011528134
2023-02-17,VZ,-0.016489625,0.0080708265,-0.00092637539
2023-02-17,WMT,-0.018411815,-0.00013023615,-0.0070034862
2023-02-21,AAPL,-0.0081050396,0.019370317,-0.0090737343
2023-02-21,AMGN,-0.028285921,0.010229349,-0.0047506094
2023-02-21,CRM,-0.035649598,0.0208956,-0.0046418309
2023-02-21,CSCO,0.0036197901,-0.016934395,-0.016587853
2023-02-21,IBM,-0.0054067969,0.0093730688,-0.0071177483
2023-02-21,INTC,0.01285696,-0.01145649,-0.010248423
2023-02-21,MSFT,-0.014328539,0.002707243,-0.0088351369
2023-02-21,NKE,-0.034785688,0.014072299,0.0055634975
2023-02-21,VZ,-0.017266691,0.0056648254,0.00027990341
2023-02-21,WMT,-0.014691889,-0.0033827424,-0.010199726
2023-02-22,AAPL,-0.011016786,0.019858479,-0.01058048
2023-02-22,AMGN,-0.02344662,0.013156056,-0.004132688
2023-02-22,CRM,-0.025289655,0.011239767,-7.9929829e-05
2023-02-22,CSCO,0.0026757717,-0.015526295,-0.016562343
2023-02-22,IBM,-0.011224866,0.0061166286,-0.00028961897
2023-02-22,INTC,0.0014930964,-0.0084774494,-0.0061178803
2023-02-22,MSFT,-0.011717319,0.0024200678,-0.0054781437
2023-02-22,NKE,-0.029055119,0.015956879,0.0057038069
2023-02-22,VZ,-0.025161982,0.0066385269,0.0026633739
2023-02-22,WMT,-0.02084744,-0.00059580803,-0.0042107105
2023-02-23,AAPL,-0.028476834,0.028149128,-0.026738524
2023-02-23,AMGN,-0.044478714,0.029032111,-0.0088091493
2023-02-23,CRM,-0.035656691,0.022408605,0.00081133842
2023-02-23,CSCO,-0.0082702637,-0.0080682635,-0.016854703
2023-02-23,IBM,-0.0044491291,0.0066189766,-0.008312583
2023-02-23,INTC,-0.0070554018,-0.0036100745,-0.010441065
2023-02-23,MSFT,-0.024878621,0.010556459,-0.010367155
2023-02-23,NKE,-0.030774772,0.013865471,0.0015277863
2023-02-23,VZ,-0.024194002,0.0070255995,-0.003719449
2023-02-23,WMT,-0.015539587,0.00048542023,-0.011173427
2023-02-24,AAPL,-0.016677082,0.018708944,-0.025633037
2023-02-24,AMGN,-0.020688593,0.021728754,-0.012709796
2023-02-24,CRM,-0.022409737,0.014283538,-0.0046905875
2023-02-24,CSCO,0.00096440315,-0.0089950562,-0.021575749
2023-02-24,IBM,-0.0078895092,0.0092937946,-0.0063410401
2023-02-24,INTC,0.0092612505,-0.0005864501,-0.013107479
2023-02-24,MSFT,-0.0034234524,0.0013475418,-0.016818166
2023-02-24,NKE,-0.023082078,0.012740731,0.0019991398
2023-02-24,VZ,-0.022345603,0.01178658,-0.0091038346
2023-02-24,WMT,-0.035710752,0.01045692,-0.00075995922
2023-02-27,AAPL,-0.013242006,0.016971946,-0.010012746
2023-02-27,AMGN,-0.015159965,0.014442444,-0.011529863
2023-02-27,CRM,0.0021104813,0.006834507,-0.0099627376
2023-02-27,CSCO,-0.0039631724,-0.0087596178,-0.010557592
2023-02-27,IBM,-0.011099756,0.0082623959,-0.0037608147
2023-02-27,INTC,-0.0038276911,0.0016863346,-0.0077151656
2023-02-27,MSFT,-0.0021256208,0.00075602531,-0.0096632838
2023-02-27,NKE,-0.024287045,0.012357831,0.0061290264
2023-02-27,VZ,-0.016804755,0.0083768368,-0.0042735338
2023-02-27,WMT,-0.020746589,0.0054061413,0.00085043907
2023-02-28,AAPL,0.0047125816,0.011648178,-0.011104763
2023-02-28,AMGN,-0.03132689,0.018527269,-0.0026879311
2023-02-28,CRM,-0.031837702,0.01944685,0.0032374859
2023-02-28,CSCO,-0.005115509,-0.0073872209,-0.0098626018
2023-02-28,IBM,-0.019478202,0.0082678795,-0.0042913556
2023-02-28,INTC,-0.013980389,-0.00067776442,-0.0011324883
2023-02-28,MSFT,-0.013347745,0.0065437555,-0.0054468513
2023-02-28,NKE,-0.030719697,0.011778712,0.007948041
2023-02-28,VZ,-0.017482758,0.0025671721,-0.00012135506
2023-02-28,WMT,-0.0065346956,0.00074875355,-0.0060444474
2023-03-01,AAPL,-0.013661444,0.021700621,-0.0026897788
2023-03-01,AMGN,-0.024370372,0.027769923,-0.0030231476
2023-03-01,CRM,-0.06129235,0.058384895,-0.0050269365
2023-03-01,CSCO,-0.02243346,0.011891007,-0.0079468489
2023-03-01,IBM,-0.019861698,0.015328646,-0.0064105988
2023-03-01,INTC,-0.016156256,0.00931108,-0.0018073916
2023-03-01,MSFT,-0.026151717,0.017772317,-0.00067424774
2023-03-01,NKE,-0.035060406,0.031997919,0.0048748255
2023-03-01,VZ,-0.0015153289,0.0070273876,-0.0025470257
2023-03-01,WMT,-0.011361718,0.005235076,-0.0044786334
2023-03-02,AAPL,-0.014861524,0.011235356,-0.054527283
2023-03-02,AMGN,-0.011710644,0.018625379,-0.017180562
2023-03-02,CRM,-0.072057784,0.058630109,-0.032382369
2023-03-02,CSCO,-0.026009083,0.0079307556,-0.036478817
2023-03-02,IBM,-0.0011087656,0.010560632,-0.02603817
2023-03-02,INTC,-0.012950778,0.0058809519,-0.021229804
2023-03-02,MSFT,-0.022073984,0.01184845,-0.0277794
2023-03-02,NKE,-0.030540466,0.02076292,-0.023467779
2023-03-02,VZ,-0.010859489,0.0041298866,-0.031154513
2023-03-02,WMT,-0.0045986772,0.0038598776,-0.018260121
2023-03-03,AAPL,-0.043566883,0.043390751,-0.0079305172
2023-03-03,AMGN,-0.031190217,0.038429737,-0.00051492453
2023-03-03,CRM,-0.05646354,0.066830277,-0.011950076
2023-03-03,CSCO,-0.041413426,0.035607576,-0.0080174804
2023-03-03,IBM,-0.034688413,0.031858921,-0.0045721531
2023-03-03,INTC,-0.042889953,0.042038321,0.00027239323
2023-03-03,MSFT,-0.047343254,0.038133502,-0.0044782162
2023-03-03,NKE,-0.042506635,0.035820484,-0.0025417209
2023-03-03,VZ,-0.038936496,0.029232025,-0.00065612793
2023-03-03,WMT,-0.028488815,0.025966287,-0.0023528337
2023-03-06,AAPL,0.0062704086,0.0087599754,-0.002476871
2023-03-06,AMGN,-0.01033926,0.0071038008,-0.00054883957
2023-03-06,CRM,0.010491371,0.013975978,0.0048935413
2023-03-06,CSCO,0.010761976,-0.0027430654,-0.0013161898
2023-03-06,IBM,0.0012755394,0.005616188,-1.7702579e-05
2023-03-06,INTC,0.0032974482,0.0027549267,0.002347827
2023-03-06,MSFT,0.0035307407,-0.0059245825,0.00051224232
2023-03-06,NKE,-0.0010704994,0.0060352087,0.0097416639
2023-03-06,VZ,-0.0066090226,0.0031591654,-0.00027090311
2023-03-06,WMT,0.0055733919,-0.00012415648,-0.00088202953
2023-03-07,AAPL,-0.025376499,0.018025517,0.0022987127
2023-03-07,AMGN,-0.035707653,0.01733315,0.005218029
2023-03-07,CRM,-0.027446926,0.014262319,0.0099856853
2023-03-07,CSCO,-0.016867578,-0.005045712,-0.0026250482
2023-03-07,IBM,-0.020202637,0.014079094,0.00020515919
2023-03-07,INTC,-0.026471674,0.0027003288,0.0083293915
2023-03-07,MSFT,-0.023632824,0.011799932,0.002492547
2023-03-07,NKE,-0.017633855,0.0053950548,0.0050994158
2023-03-07,VZ,-0.027302563,0.008066535,0.0077933073
2023-03-07,WMT,-0.024268746,0.0048015118,0.0013176203
2023-03-08,AAPL,-0.0063822269,0.013476133,-0.0047169328
2023-03-08,AMGN,-0.044795692,0.026795626,0.0064669847
2023-03-08,CRM,-0.035995126,0.022683501,0.0054270029
2023-03-08,CSCO,0.0012404919,-0.01080972,-0.0076649189
2023-03-08,IBM,-0.011648297,0.010265589,-0.00089669228
2023-03-08,INTC,0.0035521984,-0.0045303106,0.0017818213
2023-03-08,MSFT,-0.013117492,-0.0029488206,-0.0028517842
2023-03-08,NKE,-0.026337624,0.011769176,0.014594555
2023-03-08,VZ,-0.0090055466,-0.0013533831,-0.0010485649
2023-03-08,WMT,-0.011839867,-4.1365623e-05,-0.0018697977
2023-03-09,AAPL,0.0051914454,0.0044649839,0.0032067299
2023-03-09,AMGN,-0.022660375,0.011052012,0.0061014891
2023-03-09,CRM,0.0097174644,0.0074119568,0.0021605492
2023-03-09,CSCO,0.011081576,-0.017225385,-0.0049336553
2023-03-09,IBM,-0.0043093562,0.0058531761,0.00085401535
2023-03-09,INTC,0.012693167,-0.0061225891,0.0058122873
2023-03-09,MSFT,-0.0021204352,-0.0042110085,0.0019499063
2023-03-09,NKE,-0.018720806,0.011485934,0.021022558
2023-03-09,VZ,-0.01083827,0.0052183867,0.010194778
2023-03-09,WMT,-0.018862069,0.0054709911,0.0027393103
2023-03-10,AAPL,-0.019719243,0.01883626,-0.0071902871
2023-03-10,AMGN,-0.02962333,0.018352628,0.0030596256
2023-03-10,CRM,-0.026924551,0.013074517,-0.0035505891
2023-03-10,CSCO,-0.0055704117,-0.01918304,-0.012232184
2023-03-10,IBM,-0.015453279,0.0068874359,-0.0012953877
2023-03-10,INTC,-0.0070539117,-0.0054334402,0.0066221952
2023-03-10,MSFT,-0.011254311,0.0033745766,-0.0036501884
2023-03-10,NKE,-0.028317332,0.0091276169,0.012673378
2023-03-10,VZ,-0.025846064,0.0078877211,0.00090324879
2023-03-10,WMT,-0.016972363,-0.00027871132,-0.0053052306
2023-03-13,AAPL,-0.022140205,0.017640591,-0.011451364
2023-03-13,AMGN,-0.037811756,0.025163293,0.0022796392
2023-03-13,CRM,-0.027847946,0.012654781,-0.0015095472
2023-03-13,CSCO,-0.0076681972,-0.016492724,-0.010865629
2023-03-13,IBM,-0.024466872,0.013344049,0.0042862892
2023-03-13,INTC,-0.0036545396,-0.0016488433,-0.0036326647
2023-03-13,MSFT,-0.013737679,0.0010434389,-0.0058463216
2023-03-13,NKE,-0.036494136,0.015468955,0.012303829
2023-03-13,VZ,-0.028522134,0.012153745,-0.0014541149
2023-03-13,WMT,-0.038299024,0.012718678,0.00083529949
2023-03-14,AAPL,-0.021966696,0.022441626,-0.0059391856
2023-03-14,AMGN,-0.027134061,0.018382192,0.0002707243
2023-03-14,CRM,-0.020734727,0.014043689,0.0039037466
2023-03-14,CSCO,-0.0047646761,-0.01262629,-0.0076195598
2023-03-14,IBM,-0.013198972,0.011291862,0.0006814003
2023-03-14,INTC,0.0050793886,-0.0079231262,-0.0024724007
2023-03-14,MSFT,-0.013421297,0.0019930601,-0.0076566935
2023-03-14,NKE,-0.021750748,0.010988474,0.014496088
2023-03-14,VZ,-0.018958211,0.0076668262,-0.0023080111
2023-03-14,WMT,-0.02810216,0.010066509,-0.0024273992
2023-03-15,AAPL,-0.0022957325,0.01106143,-0.0046386719
2023-03-15,AMGN,-0.022659302,0.012493849,0.005432725
2023-03-15,CRM,-0.0052278042,-0.00048971176,-0.0053184628
2023-03-15,CSCO,-0.0016587973,-0.019923866,-0.0084178448
2023-03-15,IBM,-0.015657544,0.0092072487,-0.00036925077
2023-03-15,INTC,-0.0037966967,-0.0028720498,0.0031439066
2023-03-15,MSFT,-0.017923295,-0.0025519729,-0.0023067594
2023-03-15,NKE,-0.011698008,0.0049908161,0.0095795393
2023-03-15,VZ,-0.024306178,0.012910724,0.0006736517
2023-03-15,WMT,-0.028915465,0.0075269938,-0.0032281876
2023-03-16,AAPL,-0.0054119825,0.010966301,-0.0023351908
2023-03-16,AMGN,-0.0099796057,0.0093706846,0.0024944544
2023-03-16,CRM,0.0016494989,0.0029078722,0.0081553459
2023-03-16,CSCO,0.010196924,-0.021074057,-0.0084295869
2023-03-16,IBM,-0.012836933,0.0099115372,0.0043764114
2023-03-16,INTC,-0.0008918643,-0.0039329529,0.005589962
2023-03-16,MSFT,-0.010918379,-0.002220571,-0.0017373562
2023-03-16,NKE,-0.020973861,0.012500048,0.018082142
2023-03-16,VZ,-0.011715949,0.0072197914,0.00095200539
2023-03-16,WMT,-0.022192478,0.0046769381,-0.0023815632
2023-03-17,AAPL,-0.0073218346,0.013789654,-0.0028554797
2023-03-17,AMGN,-0.036725461,0.017988324,0.0062177181
2023-03-17,CRM,-0.014379442,0.0038743019,0.00052452087
2023-03-17,CSCO,-0.0045043826,-0.013825238,-0.0053068399
2023-03-17,IBM,-0.016504824,0.009753108,-0.0001989603
2023-03-17,INTC,-0.0043177605,-0.0080037713,0.002396822
2023-03-17,MSFT,-0.023489058,0.00064897537,-0.00017744303
2023-03-17,NKE,-0.028972805,0.011205673,0.011781573
2023-03-17,VZ,-0.020558536,0.0064694881,0.00018239021
2023-03-17,WMT,-0.025003672,0.00015127659,-0.0051337481
2023-03-20,AAPL,-0.0049836636,0.0064110756,-0.016995847
2023-03-20,AMGN,-0.031718194,0.011984348,-0.0030644536
2023-03-20,CRM,-0.035201848,0.013138175,-0.0011163354
2023-03-20,CSCO,0.0026700497,-0.017887533,-0.018565893
2023-03-20,IBM,-0.019069612,0.006739974,-0.0030721426
2023-03-20,INTC,0.0035061836,-0.014272809,-0.011557639
2023-03-20,MSFT,-0.019023597,-0.0065020919,-0.010542035
2023-03-20,NKE,-0.031301856,0.0081864595,0.0063333511
2023-03-20,VZ,-0.020725965,0.00051796436,-0.0010126829
2023-03-20,WMT,-0.0355708,0.0069936514,-0.0031254292
2023-03-21,AAPL,-0.010008276,0.016769528,0.0033017397
2023-03-21,AMGN,-0.029384434,0.020531535,0.004253149
2023-03-21,CRM,-0.023746371,0.017403841,0.0062611103
2023-03-21,CSCO,0.015271068,-0.012982845,-0.0098869205
2023-03-21,IBM,-0.0070490241,0.0060085058,0.001414299
2023-03-21,INTC,0.010897398,-0.0055916905,0.003513217
2023-03-21,MSFT,-0.0038410425,-0.0020578504,-0.0050321221
2023-03-21,NKE,-0.035462856,0.018585443,0.019003987
2023-03-21,VZ,-0.0077449083,0.002404809,0.0017161369
2023-03-21,WMT,-0.011496484,-0.004832387,-0.007155478
2023-03-22,AAPL,-0.017409861,0.015624404,-0.010229349
2023-03-22,AMGN,-0.037286043,0.02077961,0.0016593933
2023-03-22,CRM,-0.04663825,0.026101351,-0.00078397989
2023-03-22,CSCO,-0.0026724339,-0.012296677,-0.014392197
2023-03-22,IBM,-0.013788939,0.0091637373,-0.0036097169
2023-03-22,INTC,0.00342834,-0.0066245198,0.00014555454
2023-03-22,MSFT,-0.0070393085,0.0038534403,-0.0099710822
2023-03-22,NKE,-0.039031684,0.013711214,0.012495041
2023-03-22,VZ,-0.016730607,0.0036149025,0.0019080639
2023-03-22,WMT,-0.022450566,-0.00077283382,-0.005512774
2023-03-23,AAPL,-0.024473488,0.017132163,-0.0089107156
2023-03-23,AMGN,-0.038290322,0.028477192,0.0028430223
2023-03-23,CRM,-0.027222455,0.015340805,-0.0086253881
2023-03-23,CSCO,0.0062961578,-0.015114307,-0.014042377
2023-03-23,IBM,-0.012015283,0.008253336,0.00024425983
2023-03-23,INTC,0.0034191608,-0.0086321831,-0.0036100745
2023-03-23,MSFT,-0.0036324263,-0.0011416078,-0.012878001
2023-03-23,NKE,-0.036425948,0.010980129,0.011685729
2023-03-23,VZ,-0.025548875,0.005759716,-0.0014618039
2023-03-23,WMT,-0.027140975,0.0017014742,-0.003421545
2023-03-24,AAPL,-0.021496594,0.014191389,-0.010219812
2023-03-24,AMGN,-0.039541066,0.030260921,0.0061395168
2023-03-24,CRM,0.0052993298,0.0019016266,-0.014189005
2023-03-24,CSCO,-0.0087580681,-0.012318909,-0.0083858371
2023-03-24,IBM,-0.011181533,0.011523962,-0.0015484691
2023-03-24,INTC,0.0012308359,-0.0038565993,-0.00050425529
2023-03-24,MSFT,-0.0079791546,0.0057998896,-0.010253727
2023-03-24,NKE,-0.016854286,0.0087790489,0.010503531
2023-03-24,VZ,-0.025333345,0.010064244,0.0046519041
2023-03-24,WMT,-0.039426327,0.012556791,0.0023406744
2023-03-27,AAPL,-0.0070691109,0.006768465,-0.0031959414
2023-03-27,AMGN,-0.016889215,0.015375972,-0.0033905506
2023-03-27,CRM,0.0044704676,0.0019860268,-0.0038801432
2023-03-27,CSCO,0.0044741631,-0.013695955,-0.0092028975
2023-03-27,IBM,-0.012102485,0.010364771,-0.001036644
2023-03-27,INTC,0.0036927462,-0.0010749102,0.0010188818
2023-03-27,MSFT,-0.0075263977,0.0010515451,-0.0065075755
2023-03-27,NKE,-0.017082572,0.008520484,0.0096076727
2023-03-27,VZ,-0.021451056,0.012019634,0.0038822889
2023-03-27,WMT,-0.038212359,0.015338063,0.001499176
2023-03-28,AAPL,-0.0030038953,0.0094110966,-0.0057182908
2023-03-28,AMGN,-0.0035503507,0.0082768202,-0.0071628094
2023-03-28,CRM,0.010806441,-0.0070260167,-0.0090403557
2023-03-28,CSCO,0.0053017139,-0.011895239,-0.0066375136
2023-03-28,IBM,-0.013914287,0.010631561,-0.0035910606
2023-03-28,INTC,-0.0093163848,-0.00027948618,-0.00029039383
2023-03-28,MSFT,-0.0042840838,-0.0049669147,-0.0053518414
2023-03-28,NKE,-0.016258895,0.0099362135,0.0097281933
2023-03-28,VZ,-0.018773556,0.004707098,0.00099670887
2023-03-28,WMT,-0.027938366,0.0078876019,0.00095081329
2023-03-29,AAPL,-0.0014007688,0.013311982,-0.012482285
2023-03-29,AMGN,-0.030598223,0.026906729,-0.0013872385
2023-03-29,CRM,-0.03062731,0.015231848,-0.0019720793
2023-03-29,CSCO,-0.012141168,-0.0052343011,-0.011503279
2023-03-29,IBM,-0.024639845,0.014455795,-0.001537919
2023-03-29,INTC,-0.01353389,0.00073492527,0.0004298687
2023-03-29,MSFT,-0.021324694,0.004201293,-0.0047789216
2023-03-29,NKE,-0.026370883,0.0093307495,0.0037072897
2023-03-29,VZ,-0.020992756,0.0034170151,-0.00096493959
2023-03-29,WMT,-0.012632072,0.0029819012,-0.0049566031
2023-03-30,AAPL,-0.019773126,0.02097559,-0.0015881658
2023-03-30,AMGN,-0.028372169,0.033695698,-0.0037918091
2023-03-30,CRM,-0.055927694,0.051273584,-0.01730144
2023-03-30,CSCO,-0.022866964,0.010721564,-0.0060933232
2023-03-30,IBM,-0.025621533,0.01553607,-0.0050547719
2023-03-30,INTC,-0.025794148,0.013065815,-0.0026825666
2023-03-30,MSFT,-0.0264678,0.01882422,-0.0097913742
2023-03-30,NKE,-0.025193572,0.025626779,-0.00092238188
2023-03-30,VZ,-0.010360777,0.0072940588,-0.0056023598
2023-03-30,WMT,-0.020970523,0.015571952,-0.0025859475
2023-03-31,AAPL,0.0019698143,0.0071390867,-0.026517332
2023-03-31,AMGN,-0.011966288,0.021168709,-0.013726294
2023-03-31,CRM,-0.044393718,0.041390419,-0.03140974
2023-03-31,CSCO,-0.022070587,0.0085331202,-0.019764721
2023-03-31,IBM,-0.0027087927,0.012809634,-0.014228821
2023-03-31,INTC,-0.013427198,0.0085724592,-0.012515604
2023-03-31,MSFT,-0.021059632,0.019400716,-0.019137561
2023-03-31,NKE,-0.023422956,0.016687274,-0.0095817447
2023-03-31,VZ,-0.014716029,0.0086680651,-0.015892029
2023-03-31,WMT,-0.021780789,0.017067075,-0.010006189
2023-04-03,AAPL,-0.034936726,0.03387773,-0.0039994121
2023-04-03,AMGN,-0.034797788,0.039717674,0.0020308495
2023-04-03,CRM,-0.045077801,0.056379557,-0.012688398
2023-04-03,CSCO,-0.031300902,0.031804562,-0.010270417
2023-04-03,IBM,-0.031793594,0.030724168,-0.0015881658
2023-04-03,INTC,-0.038859129,0.03666079,0.00031936169
2023-04-03,MSFT,-0.03867197,0.031493664,-0.0003798008
2023-04-03,NKE,-0.034672558,0.029177547,-0.0051492453
2023-04-03,VZ,-0.033127069,0.026206613,-0.0026648641
2023-04-03,WMT,-0.024672985,0.023474932,-0.0062747002
2023-04-04,AAPL,-0.0025929809,0.016844511,0.0007379055
2023-04-04,AMGN,-0.014731109,0.0090821981,0.0018345118
2023-04-04,CRM,-0.0086753964,0.018628359,0.013227701
2023-04-04,CSCO,0.010472417,-0.00031524897,0.00018763542
2023-04-04,IBM,0.0010597706,0.0053297281,0.0017435551
2023-04-04,INTC,0.0025428534,0.0051018,0.0055218935
2023-04-04,MSFT,0.0036380291,0.00034689903,0.0052170753
2023-04-04,NKE,-0.009734571,0.010496974,0.0088763237
2023-04-04,VZ,-0.0082021952,0.0050908327,-0.00051987171
2023-04-04,WMT,0.0031647682,-0.00024211407,-0.0024664998
2023-04-05,AAPL,-0.025380552,0.026459575,-0.0023537278
2023-04-05,AMGN,-0.050927162,0.029927373,0.011686444
2023-04-05,CRM,-0.066677511,0.027694106,0.020085573
2023-04-05,CSCO,-0.0080533028,-0.0031270981,-0.0046423078
2023-04-05,IBM,-0.019198418,0.010951161,-0.0001578927
2023-04-05,INTC,-0.014412642,0.00035762787,0.0097669363
2023-04-05,MSFT,-0.017852306,0.0051478148,0.0026005507
2023-04-05,NKE,-0.030472696,0.014228582,0.007021904
2023-04-05,VZ,-0.017146766,0.0052790642,0.0041760206
2023-04-05,WMT,-0.013253212,-0.0015500784,-0.0053511262
2023-04-06,AAPL,-0.014906645,0.017351866,-0.009532094
2023-04-06,AMGN,-0.025855601,0.016842365,0.002823472
2023-04-06,CRM,-0.039334655,0.022741914,0.013870001
2023-04-06,CSCO,0.007521987,-0.0098711848,-0.0092583299
2023-04-06,IBM,-0.0042952895,0.007948041,-0.0022578239
2023-04-06,INTC,0.007138133,-0.0059408545,0.00203228
2023-04-06,MSFT,0.0039738417,-0.0059486032,-0.0079043508
2023-04-06,NKE,-0.029972672,0.011355996,0.011202216
2023-04-06,VZ,-0.0045104623,0.0020526648,-0.0018872619
2023-04-06,WMT,-0.019499481,0.0022900105,-0.0011711121
2023-04-10,AAPL,-0.015990376,0.016679287,-0.0065507889
2023-04-10,AMGN,-0.010932982,0.0072484016,-0.00082200766
2023-04-10,CRM,-0.023631632,0.010082603,0.0016866922
2023-04-10,CSCO,-0.0090630651,-0.010505497,-0.0066215396
2023-04-10,IBM,-0.013349712,0.0048321486,-0.00165236
2023-04-10,INTC,0.00053191185,-0.0058380961,0.00012993813
2023-04-10,MSFT,-0.0064278245,0.003544569,-0.0064941049
2023-04-10,NKE,-0.01588887,0.011529088,0.013014436
2023-04-10,VZ,-0.015438437,0.012956381,0.0020852089
2023-04-10,WMT,-0.021356106,0.0073503256,-0.0031251311
2023-04-11,AAPL,-0.022262514,0.017463207,-0.0055909157
2023-04-11,AMGN,-0.029488087,0.018309236,0.0051677227
2023-04-11,CRM,-0.029632926,0.0127424,0.0081431866
2023-04-11,CSCO,-0.0098373294,-0.011429429,-0.0062988997
2023-04-11,IBM,-0.013423502,0.011741519,0.0018041134
2023-04-11,INTC,-0.0058722496,-0.00030678511,0.0058623552
2023-04-11,MSFT,-0.0050286651,0.0043082237,-0.0045221448
2023-04-11,NKE,-0.018274307,0.013174176,0.015515327
2023-04-11,VZ,-0.018681705,0.013472795,0.00067865849
2023-04-11,WMT,-0.02650708,0.0090302229,-0.0059151649
2023-04-12,AAPL,-0.020290673,0.015934467,-0.0063587427
2023-04-12,AMGN,-0.018406093,0.013142586,0.0043225288
2023-04-12,CRM,-0.019573569,0.0036860704,0.0037943125
2023-04-12,CSCO,-0.0025318265,-0.014923275,-0.0073642731
2023-04-12,IBM,-0.016377985,0.0099750757,0.0021005869
2023-04-12,INTC,-0.0067654848,-0.002540946,0.0052137375
2023-04-12,MSFT,-0.008841455,0.00060808659,-0.0029190183
2023-04-12,NKE,-0.020517588,0.0079737902,0.012713552
2023-04-12,VZ,-0.027472317,0.013667703,-0.00031590462
2023-04-12,WMT,-0.03200525,0.0090749264,-0.0023822784
2023-04-13,AAPL,-0.021207809,0.018051147,-0.0085539818
2023-04-13,AMGN,-0.016327381,0.0099128485,-0.00060921907
2023-04-13,CRM,-0.029760957,0.0040766001,0.0078556538
2023-04-13,CSCO,-0.0069316626,-0.01158464,-0.009540379
2023-04-13,IBM,-0.016910195,0.014182329,0.0012713671
2023-04-13,INTC,-0.0073695779,-0.0056194067,0.0022505522
2023-04-13,MSFT,-0.014262319,0.00078320503,-0.0047426224
2023-04-13,NKE,-0.02276057,0.01048398,0.011727095
2023-04-13,VZ,-0.024611115,0.014284849,-0.00091397762
2023-04-13,WMT,-0.027809024,0.0097495317,-0.0042802095
2023-04-14,AAPL,-0.017353773,0.016571641,-0.0062280893
2023-04-14,AMGN,-0.011761844,0.0057965517,0.000400424
2023-04-14,CRM,-0.030656815,0.0089228153,0.010975122
2023-04-14,CSCO,0.0028678179,-0.020218968,-0.011036277
2023-04-14,IBM,-0.0098774433,0.0066788197,0.00018155575
2023-04-14,INTC,0.0029153824,-0.0089863539,0.0010380745
2023-04-14,MSFT,-0.0088535547,-0.0049862862,-0.0039519668
2023-04-14,NKE,-0.021656215,0.010113478,0.015514851
2023-04-14,VZ,-0.014613152,0.0069557428,-0.0012463927
2023-04-14,WMT,-0.023879111,0.0050925016,-0.0054969788
2023-04-17,AAPL,-0.007986486,0.015696287,-0.0077494979
2023-04-17,AMGN,-0.025609195,0.014322639,0.0085170269
2023-04-17,CRM,-0.029826581,0.012672544,0.010232568
2023-04-17,CSCO,-0.0056794286,-0.015547454,-0.01025933
2023-04-17,IBM,-0.017428696,0.0094436407,-0.0011864901
2023-04-17,INTC,-0.0042309761,-0.0093396306,0.0016776323
2023-04-17,MSFT,-0.011834741,-0.0035035014,-0.005130589
2023-04-17,NKE,-0.022984684,0.013224125,0.016158581
2023-04-17,VZ,-0.022503853,0.011994243,-0.0023013353
2023-04-17,WMT,-0.023299813,0.0044956207,-0.0051605701
2023-04-18,AAPL,-0.011159897,0.015284896,-0.00058829784
2023-04-18,AMGN,-0.031248391,0.016613603,0.006509304
2023-04-18,CRM,-0.034208715,0.01007092,0.014251709
2023-04-18,CSCO,0.0087661743,-0.018275082,-0.0081100464
2023-04-18,IBM,-0.012269437,0.0096905231,0.0017815828
2023-04-18,INTC,-0.003323853,-0.0082384348,0.0073928833
2023-04-18,MSFT,-0.0086470246,-0.0038238764,-0.0020949841
2023-04-18,NKE,-0.022058785,0.0085190535,0.020896912
2023-04-18,VZ,-0.016666293,0.0088412762,-0.00032287836
2023-04-18,WMT,-0.018643379,-0.0020193458,-0.0051945448
2023-04-19,AAPL,-0.01422298,0.011810184,-0.0076987147
2023-04-19,AMGN,-0.022335231,0.0097640753,0.0029525757
2023-04-19,CRM,-0.028336346,0.0087531805,0.005279541
2023-04-19,CSCO,0.0083110332,-0.021230161,-0.012794912
2023-04-19,IBM,-0.014730215,0.0072754622,0.001377821
2023-04-19,INTC,0.0070115328,-0.011789978,0.0018072128
2023-04-19,MSFT,-0.0079385042,-0.010868013,-0.0066800117
2023-04-19,NKE,-0.030109227,0.0045577288,0.019186974
2023-04-19,VZ,-0.020244658,0.0099802017,0.0029082298
2023-04-19,WMT,-0.02922821,0.0047712326,0.00043356419
2023-04-20,AAPL,-0.015096426,0.012420297,-0.010141611
2023-04-20,AMGN,-0.031153738,0.011905193,0.0016559362
2023-04-20,CRM,-0.01986903,0.0055713654,0.0038471222
2023-04-20,CSCO,0.0040338039,-0.019474864,-0.011671782
2023-04-20,IBM,-0.016336143,0.0065264702,0.0013941526
2023-04-20,INTC,0.0032173395,-0.0094648004,-0.0016400218
2023-04-20,MSFT,-0.010029435,-0.0013121963,-0.0040098429
2023-04-20,NKE,-0.025565565,0.0090879202,0.012447476
2023-04-20,VZ,-0.024119735,0.0105443,0.0027117729
2023-04-20,WMT,-0.031330824,0.0059860945,-0.0029874444
2023-04-21,AAPL,-0.018686056,0.020847797,-0.013209462
2023-04-21,AMGN,-0.028107166,0.01365757,-0.0045267344
2023-04-21,CRM,-0.049239874,0.022254586,0.0095955133
2023-04-21,CSCO,-0.012012124,-0.013367236,-0.012492478
2023-04-21,IBM,-0.013237715,0.0084391832,-0.0044018626
2023-04-21,INTC,0.00046789646,-0.0089271665,5.3048134e-05
2023-04-21,MSFT,-0.005319953,0.0016921759,-0.011202872
2023-04-21,NKE,-0.033914804,0.011210799,0.013988495
2023-04-21,VZ,-0.020045519,0.0078963041,0.00099849701
2023-04-21,WMT,-0.017950833,-0.00068539381,-0.0050396323
2023-04-24,AAPL,-0.015622854,0.015362859,-0.015438318
2023-04-24,AMGN,-0.040138364,0.026316762,0.0020539761
2023-04-24,CRM,-0.046880186,0.021890759,0.0011796951
2023-04-24,CSCO,0.0013823509,-0.012315691,-0.015402496
2023-04-24,IBM,-0.0086969733,0.0063267946,-0.00038588047
2023-04-24,INTC,0.0036720037,-0.007194519,-0.0041228533
2023-04-24,MSFT,-0.0067034364,-0.0033168197,-0.014840126
2023-04-24,NKE,-0.031122267,0.011690497,0.010864377
2023-04-24,VZ,-0.020553589,0.0075924397,-0.0042772889
2023-04-24,WMT,-0.021907628,0.00046765804,-0.0067173839
2023-04-25,AAPL,-0.041255295,0.025453568,-0.010994732
2023-04-25,AMGN,-0.025752842,0.0252074,0.001341939
2023-04-25,CRM,-0.04313159,0.02846992,0.0025058985
2023-04-25,CSCO,-0.019856393,-0.0022066832,-0.0084812641
2023-04-25,IBM,-0.0082708597,0.0090286732,-0.00063788891
2023-04-25,INTC,-0.00952667,0.0012577772,-0.00073224306
2023-04-25,MSFT,-0.0092517138,0.0098102093,-0.010864973
2023-04-25,NKE,-0.024632514,0.012909889,0.010553479
2023-04-25,VZ,-0.02097398,0.012489676,0.00011086464
2023-04-25,WMT,-0.024681568,0.00570786,-0.0045354366
2023-04-26,AAPL,-0.00974828,0.006519556,-0.022267103
2023-04-26,AMGN,-0.013260722,0.011434674,-0.011698008
2023-04-26,CRM,-0.014524758,0.0065490007,-0.0072858334
2023-04-26,CSCO,-0.0022796392,-0.015532255,-0.014123619
2023-04-26,IBM,-0.015212536,0.009537816,-0.0061847568
2023-04-26,INTC,0.0090306997,-0.0045242906,-0.010061264
2023-04-26,MSFT,0.0039401054,-0.0017449856,-0.016822636
2023-04-26,NKE,-0.017902613,0.0068873167,0.0020765066
2023-04-26,VZ,-0.025753856,0.011526942,-0.0029243827
2023-04-26,WMT,-0.042020202,0.011747837,-0.00075638294
2023-04-27,AAPL,-0.023061752,0.015530825,-0.0033862591
2023-04-27,AMGN,0.0037345886,0.0034230947,-0.014460027
2023-04-27,CRM,0.00079250336,-0.0023434162,-0.00033420324
2023-04-27,CSCO,0.00092816353,-0.0059616566,-0.0029366016
2023-04-27,IBM,-0.012946963,0.012615681,-0.0012810826
2023-04-27,INTC,-0.0064477324,-0.0012623072,-0.0022926331
2023-04-27,MSFT,-0.0014199615,0.0014247894,-0.0063094497
2023-04-27,NKE,-0.0096647739,0.0071581602,0.011121869
2023-04-27,VZ,-0.017645001,0.010532022,-0.00011056662
2023-04-27,WMT,-0.028188348,0.0098794699,0.0044922829
2023-04-28,AAPL,-0.0071078539,0.017156839,-0.010969996
2023-04-28,AMGN,-0.020360112,0.01898396,-0.0015244484
2023-04-28,CRM,-0.026122928,0.010465264,0.0093097687
2023-04-28,CSCO,-0.008153379,-0.001698792,-0.0065767169
2023-04-28,IBM,-0.023153961,0.013985991,0.0032866001
2023-04-28,INTC,-0.020345449,0.0041078329,0.0099761486
2023-04-28,MSFT,-0.017096758,0.0057967901,-0.0023345351
2023-04-28,NKE,-0.016009867,0.0087225437,0.0086776018
2023-04-28,VZ,-0.014535964,0.0036125183,0.0014927387
2023-04-28,WMT,-0.00066167116,0.0022829771,-0.0013192296
2023-05-01,AAPL,-0.0089335442,0.021953583,-0.0019990206
2023-05-01,AMGN,-0.038985968,0.035050631,0.0042231083
2023-05-01,CRM,-0.053343832,0.039983511,-0.0045890212
2023-05-01,CSCO,-0.027671218,0.01241684,-0.0032538176
2023-05-01,IBM,-0.033389926,0.019432187,0.0012524128
2023-05-01,INTC,-0.033282399,0.013892174,0.0093386173
2023-05-01,MSFT,-0.023457348,0.023268461,-0.0016368032
2023-05-01,NKE,-0.027565956,0.029764652,0.0085599422
2023-05-01,VZ,-0.013028383,0.0075877905,-9.2089176e-05
2023-05-01,WMT,-0.020349562,0.015541911,0.001031518
2023-05-02,AAPL,0.0022425652,0.0051492453,-0.032883465
2023-05-02,AMGN,-0.015156209,0.02104795,-0.013889313
2023-05-02,CRM,-0.045088947,0.02410686,-0.027976453
2023-05-02,CSCO,-0.029098213,0.0031495094,-0.024453998
2023-05-02,IBM,-0.010467291,0.008076787,-0.015819907
2023-05-02,INTC,-0.012613654,0.0015232563,-0.020260155
2023-05-02,MSFT,-0.03066051,0.013249993,-0.01494211
2023-05-02,NKE,-0.023235679,0.013711572,-0.014974117
2023-05-02,VZ,-0.012686253,0.0063147545,-0.021119535
2023-05-02,WMT,-0.033717811,0.023185134,-0.0078229904
2023-05-03,AAPL,-0.03653115,0.031674147,-0.0092823505
2023-05-03,AMGN,-0.037859619,0.037398934,-0.0038619637
2023-05-03,CRM,-0.045887232,0.045288563,-0.014639139
2023-05-03,CSCO,-0.033876956,0.02401793,-0.010642886
2023-05-03,IBM,-0.026616037,0.022707224,-0.0062103868
2023-05-03,INTC,-0.035109758,0.034698844,-0.0060847998
2023-05-03,MSFT,-0.041942775,0.02504456,-0.0058676004
2023-05-03,NKE,-0.032267034,0.022945881,-0.0095099211
2023-05-03,VZ,-0.02350378,0.019091725,-0.010910273
2023-05-03,WMT,-0.01676482,0.01758182,-0.0064394474
2023-05-04,AAPL,0.011390686,0.002872467,-0.0014268756
2023-05-04,AMGN,-0.011605263,0.0012249947,-0.00023633242
2023-05-04,CRM,0.011612415,0.0063467026,-0.00028419495
2023-05-04,CSCO,0.010181189,-0.0057401657,-0.0033531785
2023-05-04,IBM,-0.0019996166,0.0054457188,0.0012626648
2023-05-04,INTC,0.0078549385,-0.0024503469,-0.00074481964
2023-05-04,MSFT,0.0025529861,-0.0050547719,-0.0022214651
2023-05-04,NKE,-0.0035658479,0.008308053,0.0045113564
2023-05-04,VZ,0.00093865395,0.0026189089,-0.0014237761
2023-05-04,WMT,-0.0040876269,0.0024653673,-0.0042660832
2023-05-05,AAPL,-0.016672313,0.012538671,0.0092482567
2023-05-05,AMGN,-0.043041468,0.017362118,0.014732361
2023-05-05,CRM,-0.038145423,0.01491046,0.01963377
2023-05-05,CSCO,0.0090429783,-0.0072600245,-0.0025478601
2023-05-05,IBM,-0.018529356,0.010957599,0.0020143986
2023-05-05,INTC,-0.0027735829,-0.0051609278,0.0076779127
2023-05-05,MSFT,-0.01461345,0.00095510483,0.0015288591
2023-05-05,NKE,-0.023471534,0.015609503,0.013341308
2023-05-05,VZ,-0.0038744807,0.0004863739,0.002224803
2023-05-05,WMT,-0.013359964,-0.00081175566,-0.0021357536
2023-05-08,AAPL,-0.015209854,0.012079358,-0.00047427416
2023-05-08,AMGN,-0.040223241,0.013798833,0.0042723417
2023-05-08,CRM,-0.035169899,0.019209862,0.016254425
2023-05-08,CSCO,0.00039803982,-0.011441469,-0.0092642307
2023-05-08,IBM,-0.015208662,0.0075631142,0.00077331066
2023-05-08,INTC,-0.0060354471,-0.0068711042,0.0083856583
2023-05-08,MSFT,-0.022994459,0.00062417984,-0.0016961694
2023-05-08,NKE,-0.029469907,0.0091112852,0.010555625
2023-05-08,VZ,0.004134655,-0.0020740628,-0.0035118461
2023-05-08,WMT,-0.012598634,-0.002633214,-0.0051558614
2023-05-09,AAPL,-0.010198474,0.0092220306,-0.0069957972
2023-05-09,AMGN,-0.027050376,0.012150168,0.0021312237
2023-05-09,CRM,-0.030298531,0.0099366903,0.0029462576
2023-05-09,CSCO,0.0037612915,-0.018001676,-0.01120466
2023-05-09,IBM,-0.010516465,0.0047535896,-0.0017518401
2023-05-09,INTC,-0.0024244189,-0.01129669,0.0046247244
2023-05-09,MSFT,-0.010095954,-0.003059566,-0.0037901998
2023-05-09,NKE,-0.025079131,0.011367559,0.013175249
2023-05-09,VZ,-0.0065282583,0.0033490658,-0.0034311414
2023-05-09,WMT,-0.0062577724,-0.0026000142,-0.0092817545
2023-05-10,AAPL,-0.013552248,0.0074344873,-0.0011068583
2023-05-10,AMGN,-0.036902368,0.018387198,0.0094348192
2023-05-10,CRM,-0.010170281,-0.0018867254,-0.00029742718
2023-05-10,CSCO,0.0021893978,-0.018074453,-0.0080610514
2023-05-10,IBM,-0.021768987,0.0096839666,0.0016008615
2023-05-10,INTC,0.0012853146,-0.011182427,0.0025992393
2023-05-10,MSFT,-0.011271179,-0.0011307001,-0.0064406395
2023-05-10,NKE,-0.02567929,0.010074615,0.016715407
2023-05-10,VZ,-0.016829252,0.0083432198,0.0039942265
2023-05-10,WMT,-0.033299387,0.0090384483,0.00088822842
2023-05-11,AAPL,-0.026422381,0.015804291,-0.0054666996
2023-05-11,AMGN,-0.027383268,0.014108777,0.0024553537
2023-05-11,CRM,-0.020641863,0.0066461563,0.0023424625
2023-05-11,CSCO,0.0032653809,-0.020594299,-0.0092555881
2023-05-11,IBM,-0.017386436,0.0092368126,0.00203228
2023-05-11,INTC,-0.0040284395,-0.0086937547,0.0045250654
2023-05-11,MSFT,-0.015511453,-0.0036797523,-0.0046063066
2023-05-11,NKE,-0.021861613,0.0079936981,0.012025237
2023-05-11,VZ,-0.010908425,0.0057481527,-0.0018544197
2023-05-11,WMT,-0.019132912,0.0028356314,-0.005880177
2023-05-12,AAPL,-0.021701813,0.016029358,-0.0032008886
2023-05-12,AMGN,-0.047261119,0.028726816,0.013092279
2023-05-12,CRM,-0.017459333,0.0019843578,0.0063608885
2023-05-12,CSCO,0.0031034946,-0.019578934,-0.0099461675
2023-05-12,IBM,-0.017368197,0.0096716881,0.0018247366
2023-05-12,INTC,-0.0015905499,-0.011690974,0.0045239925
2023-05-12,MSFT,-0.013365149,-0.0053527355,-0.0046595931
2023-05-12,NKE,-0.026683033,0.0096917152,0.01398921
2023-05-12,VZ,-0.01212579,0.006239295,-0.00036168098
2023-05-12,WMT,-0.026318252,0.0061872005,-0.0029882193
2023-05-15,AAPL,-0.015986741,0.013527274,-0.0093963742
2023-05-15,AMGN,-0.040958226,0.023008585,0.00015163422
2023-05-15,CRM,-0.026662707,0.0038104057,2.348423e-05
2023-05-15,CSCO,-0.0036571622,-0.018490851,-0.014960587
2023-05-15,IBM,-0.023247302,0.011450052,0.0026212931
2023-05-15,INTC,-0.012338281,-0.0087329149,-0.00034689903
2023-05-15,MSFT,-0.027656674,0.00021874905,-0.0028762817
2023-05-15,NKE,-0.022227287,0.0092035532,0.0074483156
2023-05-15,VZ,-0.019711196,0.0075417757,-0.0049428344
2023-05-15,WMT,-0.030225396,0.008392334,-0.0066940188
2023-05-16,AAPL,-0.018984914,0.01861012,-0.0050128102
2023-05-16,AMGN,-0.021636248,0.013767123,-0.0018152595
2023-05-16,CRM,-0.0072109103,0.00033283234,0.0035752058
2023-05-16,CSCO,0.012539506,-0.01829809,-0.011187255
2023-05-16,IBM,-0.016261756,0.0058268309,0.002399683
2023-05-16,INTC,-0.0034584403,-0.0060843825,0.0036149025
2023-05-16,MSFT,-0.013905168,-0.0015033484,-0.0047430396
2023-05-16,NKE,-0.018210649,0.0097328424,0.0091305971
2023-05-16,VZ,-0.012994945,0.0064580441,-0.0043275952
2023-05-16,WMT,-0.024268925,0.0036761761,-0.0060608387
2023-05-17,AAPL,-0.015123129,0.015160799,-0.013714373
2023-05-17,AMGN,-0.03219825,0.022302032,-0.0038148761
2023-05-17,CRM,-0.034462452,0.0094379187,0.0018706322
2023-05-17,CSCO,0.0052300692,-0.018714547,-0.011748493
2023-05-17,IBM,-0.018590808,0.0049564838,8.2015991e-05
2023-05-17,INTC,-0.0050489902,-0.010074914,0.0024635792
2023-05-17,MSFT,-0.012108982,-0.0031392574,-0.0088162422
2023-05-17,NKE,-0.016683757,0.0089792013,0.0092287064
2023-05-17,VZ,-0.0068785548,-0.00036209822,-0.0070661306
2023-05-17,WMT,-0.015236378,-0.00027024746,-0.0082634091
2023-05-18,AAPL,-0.0076208115,0.018285871,-0.0057410598
2023-05-18,AMGN,-0.036242902,0.026001334,0.0042873621
2023-05-18,CRM,-0.03518343,0.012555003,0.0043672323
2023-05-18,CSCO,0.012257695,-0.017375708,-0.010565519
2023-05-18,IBM,-0.015968978,0.0066300631,0.0028123856
2023-05-18,INTC,0.0044438839,-0.011565387,-0.0001937747
2023-05-18,MSFT,-0.0081028938,-0.0047152042,-0.010843158
2023-05-18,NKE,-0.029673934,0.012035608,0.015803337
2023-05-18,VZ,-0.003736794,0.0030499697,-0.0067412853
2023-05-18,WMT,-0.020685852,0.0043524504,-0.0047964454
2023-05-19,AAPL,-0.02266252,0.020943284,-0.0022736788
2023-05-19,AMGN,-0.034307539,0.02106452,0.0042897463
2023-05-19,CRM,-0.028693557,0.011620283,0.0038224459
2023-05-19,CSCO,0.0022960901,-0.017466426,-0.0083203912
2023-05-19,IBM,-0.016473651,0.0064764023,-0.00025832653
2023-05-19,INTC,0.00057840347,-0.008395195,0.0073090792
2023-05-19,MSFT,-0.0095059276,-0.0013003349,-0.0075320601
2023-05-19,NKE,-0.025250077,0.010206103,0.017186522
2023-05-19,VZ,-0.0027825236,0.0034503937,-0.0030862093
2023-05-19,WMT,-0.014840782,-0.00052922964,-0.0044720173
2023-05-22,AAPL,-0.017983556,0.01847589,-0.012088835
2023-05-22,AMGN,-0.037686288,0.025209427,0.0053544044
2023-05-22,CRM,-0.027678072,0.015709162,0.0029578209
2023-05-22,CSCO,0.00015044212,-0.015425086,-0.010254383
2023-05-22,IBM,-0.019858897,0.01006341,0.0021420717
2023-05-22,INTC,0.0011053085,-0.0084334612,0.007353425
2023-05-22,MSFT,-0.010028899,0.00253582,-0.0059527159
2023-05-22,NKE,-0.027850449,0.012113929,0.017441273
2023-05-22,VZ,-0.011652827,0.0048314333,0.0019086599
2023-05-22,WMT,-0.028061986,0.0099912882,0.00044834614
2023-05-23,AAPL,-0.014536977,0.014773726,-0.0034062266
2023-05-23,AMGN,-0.043861747,0.023967624,0.0060302019
2023-05-23,CRM,-0.012679815,0.0038710833,-0.0039544702
2023-05-23,CSCO,0.0068368912,-0.019205868,-0.011940181
2023-05-23,IBM,-0.015211344,0.0069396496,-0.00039720535
2023-05-23,INTC,-0.0045627952,-0.0056896806,0.0052953959
2023-05-23,MSFT,-0.014011204,-0.0038215518,-0.0046724081
2023-05-23,NKE,-0.023546159,0.0093992949,0.010489702
2023-05-23,VZ,-0.020812929,0.0072362423,0.0017652512
2023-05-23,WMT,-0.032491982,0.0081377029,0.0032571554
2023-05-24,AAPL,-0.0049293041,0.01060605,-0.014192939
2023-05-24,AMGN,-0.043043673,0.030742168,0.0044630766
2023-05-24,CRM,-0.01330018,0.0090218782,0.0019836426
2023-05-24,CSCO,0.0082116127,-0.020302892,-0.017343521
2023-05-24,IBM,-0.010649621,0.0057288408,-0.0029581785
2023-05-24,INTC,-0.0012817383,-0.0086453557,-0.00028431416
2023-05-24,MSFT,-0.0076135397,-0.0024099946,-0.01072824
2023-05-24,NKE,-0.016218007,0.005161643,0.010326862
2023-05-24,VZ,-0.01913923,0.0045959949,-0.0013312101
2023-05-24,WMT,-0.025463402,0.0029293299,-0.00015050173
2023-05-25,AAPL,-0.0075908303,0.013470054,-0.0082117915
2023-05-25,AMGN,-0.044149518,0.035470963,0.0021841526
2023-05-25,CRM,-0.0095824003,0.010825872,-0.0085541606
2023-05-25,CSCO,0.003272295,-0.014879763,-0.012103379
2023-05-25,IBM,-0.0093249679,0.0080384016,-0.0025323629
2023-05-25,INTC,-0.0054783225,-0.0037589073,0.00084447861
2023-05-25,MSFT,-0.0090319514,0.00018942356,-0.0078818798
2023-05-25,NKE,-0.022929788,0.01180017,0.0083529949
2023-05-25,VZ,-0.018327475,0.0094101429,-0.0015614629
2023-05-25,WMT,-0.031208038,0.010366797,-0.0013534427
2023-05-26,AAPL,-0.011518598,0.0057787895,-0.015727818
2023-05-26,AMGN,-0.022699118,0.017426133,-0.014834106
2023-05-26,CRM,-0.0023863912,0.0010824203,-0.017608881
2023-05-26,CSCO,-0.0071707964,-0.018573582,-0.015967667
2023-05-26,IBM,-0.023922801,0.0060610771,-0.0031961799
2023-05-26,INTC,-0.011087894,-0.0049136877,-0.0096129179
2023-05-26,MSFT,-0.011364222,-0.0020214915,-0.012079298
2023-05-26,NKE,-0.020736158,0.0093201399,-0.00055962801
2023-05-26,VZ,-0.022975147,0.0067349672,-0.0057631731
2023-05-26,WMT,-0.03877908,0.013693094,5.2571297e-05
2023-05-30,AAPL,-0.0057777166,0.014620185,-0.018415034
2023-05-30,AMGN,-0.027559638,0.026554942,-0.0098698735
2023-05-30,CRM,-0.041810453,0.022574544,-0.0070291758
2023-05-30,CSCO,-0.011347115,-0.0085528493,-0.015560031
2023-05-30,IBM,-0.017145455,0.0077000856,-0.0039097071
2023-05-30,INTC,-0.01393801,-0.0031947494,-0.0041650534
2023-05-30,MSFT,-0.017196834,0.0043373108,-0.011299789
2023-05-30,NKE,-0.023239136,0.011291385,0.00096201897
2023-05-30,VZ,-0.013290167,0.0019744635,-0.0069881082
2023-05-30,WMT,-0.011446178,0.00081562996,-0.0093806982
2023-05-31,AAPL,-0.015081942,0.020640016,-0.0037927032
2023-05-31,AMGN,-0.033791363,0.03292346,-0.0028437376
2023-05-31,CRM,-0.052489877,0.048412442,-0.0073485374
2023-05-31,CSCO,-0.013829112,0.0049200058,-0.01165843
2023-05-31,IBM,-0.022804141,0.013281226,-0.0026260018
2023-05-31,INTC,-0.017769814,0.010125041,-0.0018375516
2023-05-31,MSFT,-0.013061583,0.012061596,-0.0099788308
2023-05-31,NKE,-0.025243402,0.025274873,0.00089633465
2023-05-31,VZ,-0.0038717389,0.0063886642,-0.0069032311
2023-05-31,WMT,-0.013743877,0.0096039772,-0.003231287
2023-06-01,AAPL,-0.0077190995,0.0086020231,-0.022685111
2023-06-01,AMGN,-0.020526052,0.022470832,-0.013644695
2023-06-01,CRM,-0.059325039,0.042840719,-0.028177857
2023-06-01,CSCO,-0.025270522,0.0060397387,-0.021500647
2023-06-01,IBM,-0.01025933,0.012083411,-0.014020264
2023-06-01,INTC,-0.020048678,0.0064760447,-0.013630629
2023-06-01,MSFT,-0.019373477,0.017289519,-0.018829584
2023-06-01,NKE,-0.032840371,0.019841552,-0.010513484
2023-06-01,VZ,-0.020463049,0.0075104237,-0.016065419
2023-06-01,WMT,-0.017954826,0.01407063,-0.012234509
2023-06-02,AAPL,-0.035410762,0.034591198,-0.0065305233
2023-06-02,AMGN,-0.038790286,0.041538596,0.00064611435
2023-06-02,CRM,-0.041606724,0.051187992,-0.011392236
2023-06-02,CSCO,-0.029660106,0.030398488,-0.011404693
2023-06-02,IBM,-0.026265025,0.028601408,-0.0022467375
2023-06-02,INTC,-0.035450757,0.033203721,-0.0036762357
2023-06-02,MSFT,-0.035665989,0.0298208,-0.0012409091
2023-06-02,NKE,-0.037860453,0.030093312,-0.0051195621
2023-06-02,VZ,-0.031916082,0.024991989,-0.0050502419
2023-06-02,WMT,-0.027441025,0.02609551,-0.0050156713
2023-06-05,AAPL,-0.00033324957,0.012411594,-0.0054755211
2023-06-05,AMGN,-0.0068897009,0.0048849583,-0.0073351264
2023-06-05,CRM,-0.0065430999,0.010769606,0.0035921335
2023-06-05,CSCO,0.010530949,-0.0016269684,-0.0054599047
2023-06-05,IBM,-0.0037631989,0.0074369907,-0.0026219487
2023-06-05,INTC,-0.00089681149,0.00062251091,-0.0027988553
2023-06-05,MSFT,0.001718998,0.00035822392,-0.0016233921
2023-06-05,NKE,-0.0017755032,0.0082256794,0.00066483021
2023-06-05,VZ,-0.0024316311,0.0056277514,-0.0087662935
2023-06-05,WMT,0.0020065308,0.0016713142,-0.0078891516
2023-06-06,AAPL,-0.022866189,0.021079063,-0.0021759868
2023-06-06,AMGN,-0.035344422,0.023237348,0.0093747377
2023-06-06,CRM,-0.028778195,0.0078017712,0.012901068
2023-06-06,CSCO,0.0038131475,-0.0023732781,-0.0071927905
2023-06-06,IBM,-0.020534217,0.0093445778,-0.0005184412
2023-06-06,INTC,0.002237916,-0.00071650743,-0.0014651418
2023-06-06,MSFT,-0.0079043508,0.0042811632,-0.0051836967
2023-06-06,NKE,-0.015276492,0.015480518,0.0052291155
2023-06-06,VZ,-0.013011515,0.010702491,-0.0003336668
2023-06-06,WMT,-0.026364028,0.0093609095,-0.00061404705
2023-06-07,AAPL,-0.012060642,0.017773628,-0.011163533
2023-06-07,AMGN,-0.026753485,0.013246655,0.0038349628
2023-06-07,CRM,-0.030362546,0.014014125,0.014429569
2023-06-07,CSCO,0.005790472,-0.008615613,-0.010866821
2023-06-07,IBM,-0.011143982,0.0072101355,-0.0021482706
2023-06-07,INTC,-0.00080776215,-0.0052928329,0.0067144632
2023-06-07,MSFT,-0.0080658197,-0.00025761127,-0.005333364
2023-06-07,NKE,-0.017748117,0.0076136589,0.0059216022
2023-06-07,VZ,-0.0097845197,0.0052319765,-0.0047826171
2023-06-07,WMT,-0.015569746,0.0020468235,-0.004483223
2023-06-08,AAPL,-0.011443496,0.017724872,0.0014271736
2023-06-08,AMGN,-0.021768391,0.013217807,0.013097286
2023-06-08,CRM,-0.016555727,0.0027432442,0.0098651648
2023-06-08,CSCO,0.0050617456,-0.01308614,-0.0064083934
2023-06-08,IBM,-0.0098481774,0.0087007284,0.0025337934
2023-06-08,INTC,0.0082455873,-0.0027911067,0.0090706348
2023-06-08,MSFT,0.0026025772,0.0007982254,-0.0033428669
2023-06-08,NKE,-0.018612266,0.01307416,0.018368363
2023-06-08,VZ,-0.013096988,0.0084056854,-0.00024354458
2023-06-08,WMT,-0.017199993,0.0047060251,-0.0028890371
2023-06-09,AAPL,-0.023477554,0.018291473,-0.005685389
2023-06-09,AMGN,-0.040201843,0.02400279,0.014876127
2023-06-09,CRM,-0.038047135,0.013167977,0.012908578
2023-06-09,CSCO,-0.0035943389,-0.0077195764,-0.0068798065
2023-06-09,IBM,-0.017174184,0.0081609488,0.0023571253
2023-06-09,INTC,0.0014275312,-0.0052390099,0.0082601309
2023-06-09,MSFT,-0.0047373772,-0.00073605776,-0.00045514107
2023-06-09,NKE,-0.026876271,0.013573527,0.016093731
2023-06-09,VZ,-0.0085750818,0.0080174208,-0.0021902919
2023-06-09,WMT,-0.02031368,0.0058755875,-0.0045983791
2023-06-12,AAPL,-0.020588458,0.015545487,-0.0083420873
2023-06-12,AMGN,-0.021706164,0.01176703,0.0050697327
2023-06-12,CRM,-0.017927706,0.00035560131,-0.00047451258
2023-06-12,CSCO,0.0046788454,-0.016330719,-0.0076664686
2023-06-12,IBM,-0.015531182,0.0067112446,0.0031847954
2023-06-12,INTC,0.0057832003,-0.0087146163,0.0048998594
2023-06-12,MSFT,-0.0010177493,-0.0062336326,-0.0048455596
2023-06-12,NKE,-0.025686085,0.007722497,0.011820912
2023-06-12,VZ,-0.017243803,0.0089589357,-0.0033177137
2023-06-12,WMT,-0.029329717,0.0075626373,-0.0011039972
2023-06-13,AAPL,-0.021906257,0.017488599,-0.0035034418
2023-06-13,AMGN,-0.036942482,0.02341342,0.010396957
2023-06-13,CRM,-0.026225746,0.004314661,0.0095300674
2023-06-13,CSCO,-0.0028048754,-0.011556089,-0.0085312724
2023-06-13,IBM,-0.016293049,0.009188056,0.0017052889
2023-06-13,INTC,-0.0063704252,-0.0080361962,0.0041311979
2023-06-13,MSFT,-0.0061281919,-0.0011749268,-0.0026146173
2023-06-13,NKE,-0.016273558,0.0099973679,0.013187528
2023-06-13,VZ,-0.020336688,0.012166858,0.00033187866
2023-06-13,WMT,-0.029623628,0.012013197,-0.0012080669
2023-06-14,AAPL,-0.011870623,0.018152475,-0.0094835758
2023-06-14,AMGN,-0.021811306,0.013752103,0.0014882088
2023-06-14,CRM,-0.027947307,0.0085428953,0.002603054
2023-06-14,CSCO,-0.00099390745,-0.010869384,-0.011492789
2023-06-14,IBM,-0.014518619,0.010584593,0.0016440153
2023-06-14,INTC,-0.0063159466,-0.0063450933,0.0010815859
2023-06-14,MSFT,-0.01165235,-0.00015431643,-0.0064300299
2023-06-14,NKE,-0.014189661,0.0071914196,0.0085343122
2023-06-14,VZ,-0.01269573,0.010605693,-0.0068103075
2023-06-14,WMT,-0.018552244,0.0050024986,-0.0077984929
2023-06-15,AAPL,-0.0061799884,0.015265226,-0.0041802526
2023-06-15,AMGN,-0.019362867,0.011653781,0.0043025017
2023-06-15,CRM,-0.0095350742,0.0045824051,0.0029184818
2023-06-15,CSCO,0.011883974,-0.014135122,-0.011737764
2023-06-15,IBM,-0.0094009638,0.0046755075,0.0015572309
2023-06-15,INTC,0.003874898,-0.0064865351,0.0050257444
2023-06-15,MSFT,-0.0013669133,-0.0019825697,-0.0040255189
2023-06-15,NKE,-0.018322706,0.008146286,0.011828661
2023-06-15,VZ,-0.016013026,0.0090743303,-0.004166007
2023-06-15,WMT,-0.022953331,0.0063755512,-0.0049167275
2023-06-16,AAPL,-0.0061274171,0.017933846,-0.0073134899
2023-06-16,AMGN,-0.032204986,0.021285653,0.011232972
2023-06-16,CRM,-0.026268423,0.010533214,0.0065572262
2023-06-16,CSCO,0.0047791004,-0.014037311,-0.010614693
2023-06-16,IBM,-0.018321395,0.0089337826,0.0012478828
2023-06-16,INTC,0.0021406412,-0.0074145794,0.0058997869
2023-06-16,MSFT,0.00024831295,-0.002251029,-0.0055671334
2023-06-16,NKE,-0.016981423,0.011399627,0.012221932
2023-06-16,VZ,-0.011862636,0.0068211555,-0.0057931542
2023-06-16,WMT,-0.019083023,0.003013134,-0.0046716928
2023-06-20,AAPL,-0.0099455118,0.016438365,-0.0098239779
2023-06-20,AMGN,-0.027634501,0.016862273,0.0024605989
2023-06-20,CRM,-0.033312619,0.014463425,0.0053802729
2023-06-20,CSCO,0.0023599863,-0.012333572,-0.013611674
2023-06-20,IBM,-0.017234921,0.007856369,0.0023159981
2023-06-20,INTC,0.00066828728,-0.0082336068,0.0023019314
2023-06-20,MSFT,-0.0037636161,-0.0054405332,-0.0065894723
2023-06-20,NKE,-0.02433598,0.0088658333,0.00994277
2023-06-20,VZ,-0.0087505579,0.0068687201,-0.0096357465
2023-06-20,WMT,-0.018733501,0.0036004782,-0.0071415901
2023-06-21,AAPL,-0.017860472,0.018812895,-0.0048114061
2023-06-21,AMGN,-0.020168543,0.013831258,0.0034872293
2023-06-21,CRM,-0.027158201,0.012122035,-0.0014618039
2023-06-21,CSCO,-0.002112627,-0.012342989,-0.013117731
2023-06-21,IBM,-0.018026829,0.0086388588,0.001609087
2023-06-21,INTC,-0.0037659407,-0.0058054924,9.2148781e-05
2023-06-21,MSFT,-0.0040704608,0.0014328957,-0.0083818436
2023-06-21,NKE,-0.02355963,0.012045264,0.011523604
2023-06-21,VZ,-0.017088652,0.013289571,-0.0042536259
2023-06-21,WMT,-0.026803792,0.0075929165,-0.0058682561
2023-06-22,AAPL,-0.0045171976,0.014148593,-0.017089427
2023-06-22,AMGN,-0.019599795,0.012550354,-0.00054872036
2023-06-22,CRM,-0.012952447,0.010116816,-0.0041028261
2023-06-22,CSCO,0.0031119585,-0.011346221,-0.013804138
2023-06-22,IBM,-0.012270689,0.012260795,0.00023245811
2023-06-22,INTC,-0.00030434132,-0.0025241971,0.0013890266
2023-06-22,MSFT,-0.0074964166,0.0053288937,-0.0057845712
2023-06-22,NKE,-0.021053612,0.011570454,0.010411263
2023-06-22,VZ,-0.018413663,0.014527082,-0.001013577
2023-06-22,WMT,-0.021845341,0.0099263191,-0.0077463388
2023-06-23,AAPL,-0.005885601,0.018466592,-0.0067337155
2023-06-23,AMGN,-0.015782475,0.012324452,0.00059485435
2023-06-23,CRM,-0.011738598,0.0062749386,-0.0020419359
2023-06-23,CSCO,0.007835865,-0.015178025,-0.014468849
2023-06-23,IBM,-0.013565898,0.0081156492,-0.0013054013
2023-06-23,INTC,0.00081419945,-0.0028698444,-0.0016932487
2023-06-23,MSFT,-0.0017214417,0.0012500286,-0.0079216361
2023-06-23,NKE,-0.027578592,0.012253404,0.010543466
2023-06-23,VZ,-0.015710294,0.010337472,-0.0031619072
2023-06-23,WMT,-0.02445209,0.0078980923,-0.0050571561
2023-06-26,AAPL,-0.013329804,0.021731973,-0.013939381
2023-06-26,AMGN,-0.045088828,0.033944845,0.011432648
2023-06-26,CRM,-0.029608428,0.022401094,0.004147768
2023-06-26,CSCO,0.0010101795,-0.0072903037,-0.014537811
2023-06-26,IBM,-0.00979954,0.0091196299,-0.0046314597
2023-06-26,INTC,-0.0051487684,-0.0025531054,-0.0031833649
2023-06-26,MSFT,-0.0076581836,0.0044596195,-0.011137366
2023-06-26,NKE,-0.01873982,0.011250496,0.0092829466
2023-06-26,VZ,-0.011899769,0.0065857172,-0.0073561668
2023-06-26,WMT,-0.015628815,0.0062680244,-0.0069944859
2023-06-27,AAPL,-0.005064249,0.0133214,-0.017010093
2023-06-27,AMGN,-0.031306803,0.0252316,-0.00082284212
2023-06-27,CRM,-0.011897206,0.0041812658,-0.013716459
2023-06-27,CSCO,0.0086263418,-0.010808825,-0.018136799
2023-06-27,IBM,0.0019441843,0.0066108704,-0.0071726441
2023-06-27,INTC,0.0032007694,-0.0018246174,-0.0068935156
2023-06-27,MSFT,-0.0007982254,0.00024592876,-0.01462853
2023-06-27,NKE,-0.01366365,0.003097415,0.0047477484
2023-06-27,VZ,-0.020721734,0.012175798,-0.0074457526
2023-06-27,WMT,-0.0339939,0.01226151,-0.0035352707
2023-06-28,AAPL,-0.0072376132,0.013139844,-0.011380374
2023-06-28,AMGN,-0.0031115413,0.0041953325,-0.013517678
2023-06-28,CRM,0.021193027,-0.0022149086,-0.014816999
2023-06-28,CSCO,-0.0021603107,-0.0058498383,-0.011832178
2023-06-28,IBM,-0.013534427,0.0092847347,-0.0046728253
2023-06-28,INTC,-0.0064406395,-0.00031632185,-0.0035960674
2023-06-28,MSFT,-0.0087180138,0.0018008947,-0.011760354
2023-06-28,NKE,-0.015185714,0.0055142641,0.0022835732
2023-06-28,VZ,-0.023699701,0.01584053,-0.0013689995
2023-06-28,WMT,-0.044781387,0.019248724,0.0037446022
2023-06-29,AAPL,-0.0031994581,0.014784575,-0.0081626773
2023-06-29,AMGN,-0.010496676,0.0094293356,-0.0098976493
2023-06-29,CRM,-0.032568932,0.023078322,0.0037404299
2023-06-29,CSCO,-0.0099835992,0.0042328835,-0.013087034
2023-06-29,IBM,-0.016640604,0.011647701,-0.00013405085
2023-06-29,INTC,-0.025938213,0.0053288937,0.0017927885
2023-06-29,MSFT,-0.018434942,0.011380196,-0.0063377023
2023-06-29,NKE,-0.013797045,0.0088506937,0.0022045374
2023-06-29,VZ,-0.015531063,0.0052915812,-0.0034649968
2023-06-29,WMT,0.0055431128,0.0018408298,-0.011721373
2023-06-30,AAPL,-0.015036345,0.024408817,-0.0056611896
2023-06-30,AMGN,-0.020433009,0.025537133,-0.0070095062
2023-06-30,CRM,-0.05261296,0.043631792,-0.0065912008
2023-06-30,CSCO,-0.02332437,0.015042186,-0.0086578727
2023-06-30,IBM,-0.027339995,0.016147733,-0.0033480525
2023-06-30,INTC,-0.035979807,0.014733672,0.0022256374
2023-06-30,MSFT,-0.023052752,0.021612525,-0.0029011965
2023-06-30,NKE,-0.029319048,0.026806474,0.0048209429
2023-06-30,VZ,-0.013861477,0.011348248,-0.0042889714
2023-06-30,WMT,-0.014813721,0.014208436,-0.0045037866
2023-07-03,AAPL,-0.011470318,0.01055491,-0.050709486
2023-07-03,AMGN,-0.0038368702,0.014680028,-0.02287209
2023-07-03,CRM,-0.071338594,0.03888905,-0.035718739
2023-07-03,CSCO,-0.037450016,0.0092470646,-0.035015762
2023-07-03,IBM,-0.014720917,0.0080813169,-0.020097792
2023-07-03,INTC,-0.018399298,0.0082731247,-0.031831205
2023-07-03,MSFT,-0.02708292,0.01638639,-0.026801705
2023-07-03,NKE,-0.026401222,0.012718797,-0.027641714
2023-07-03,VZ,-0.021188915,0.0071153641,-0.03070122
2023-07-03,WMT,-0.025945008,0.019295096,-0.017913282
2023-07-05,AAPL,-0.038132668,0.043882847,-0.0064601898
2023-07-05,AMGN,-0.032390714,0.038993359,-0.0030272603
2023-07-05,CRM,-0.042264104,0.05046308,-0.015901566
2023-07-05,CSCO,-0.030206263,0.031591654,-0.01163435
2023-07-05,IBM,-0.027321339,0.02813983,-0.0026974678
2023-07-05,INTC,-0.035213232,0.038346171,-0.0017214417
2023-07-05,MSFT,-0.039116025,0.028897047,-0.0041698217
2023-07-05,NKE,-0.035408139,0.028882384,-0.0022557974
2023-07-05,VZ,-0.026050925,0.025878906,-0.0089312196
2023-07-05,WMT,-0.017986357,0.022457361,-0.0056315064
2023-07-06,AAPL,-0.00026780367,0.012673497,-0.0059933662
2023-07-06,AMGN,-0.0071260929,0.0045546293,-0.0022374988
2023-07-06,CRM,0.0080230236,0.0017052889,0.00048184395
2023-07-06,CSCO,0.012877584,-0.0032195449,-0.0023984313
2023-07-06,IBM,0.0043438673,0.0023714304,-0.0016337633
2023-07-06,INTC,0.0088133812,0.00022232533,-0.0012661219
2023-07-06,MSFT,0.0068641901,-0.0029383302,-0.0013821721
2023-07-06,NKE,0.0052512884,0.0027924776,0.0049738884
2023-07-06,VZ,-0.0013372898,0.0016103983,-0.0055769682
2023-07-06,WMT,0.002669096,-0.0022436976,-0.0058183074
2023-07-07,AAPL,-0.01814425,0.018445015,0.00081908703
2023-07-07,AMGN,-0.033369064,0.015218854,0.014877439
2023-07-07,CRM,-0.022169769,0.0079256296,0.015622258
2023-07-07,CSCO,0.00057709217,-0.0055152774,-0.0025987625
2023-07-07,IBM,-0.017699063,0.0083543062,0.0014630556
2023-07-07,INTC,-0.013591051,-0.0012532473,0.0079753399
2023-07-07,MSFT,-0.018659472,0.0037732124,0.003147006
2023-07-07,NKE,-0.011327922,0.0077614784,0.0059728622
2023-07-07,VZ,-0.0079249144,0.0046144724,0.000172019
2023-07-07,WMT,-0.01483953,0.001568675,-0.0006890893
2023-07-10,AAPL,-0.020103633,0.022617579,0.0074757338
2023-07-10,AMGN,-0.023085892,0.010063291,0.0074883699
2023-07-10,CRM,-0.025973618,0.012470245,0.028599381
2023-07-10,CSCO,0.0093165636,-0.0085458159,-0.0050733089
2023-07-10,IBM,-0.0054383278,0.0062001944,0.0014523268
2023-07-10,INTC,-0.00088357925,-0.0096453428,0.01028645
2023-07-10,MSFT,-0.011544049,-0.0011685491,-0.00067085028
2023-07-10,NKE,-0.023168445,0.0099945068,0.013070226
2023-07-10,VZ,0.0082486868,-0.0053924322,0.0004183054
2023-07-10,WMT,-0.0021395087,-0.0047278404,-0.002666533
2023-07-11,AAPL,-0.016308069,0.013280272,-0.0011582971
2023-07-11,AMGN,-0.028572083,0.0083850622,0.0032339096
2023-07-11,CRM,-0.032546997,0.0092849731,0.013142109
2023-07-11,CSCO,-9.0897083e-05,-0.011850655,-0.0065907836
2023-07-11,IBM,-0.016076624,0.0043793917,0.00037360191
2023-07-11,INTC,-0.0087783337,-0.0076467991,0.00778687
2023-07-11,MSFT,-0.014549851,0.0022634268,-0.0013035536
2023-07-11,NKE,-0.026694894,0.011372685,0.013536572
2023-07-11,VZ,-0.0068087578,-0.00062179565,-0.00043934584
2023-07-11,WMT,-0.0055531263,-0.00083869696,-0.0078633428
2023-07-12,AAPL,-0.021811664,0.020025969,-0.0092740655
2023-07-12,AMGN,-0.025646448,0.016058207,0.0031195879
2023-07-12,CRM,-0.019640148,0.006673336,-0.0007968545
2023-07-12,CSCO,0.01057303,-0.015123725,-0.015594363
2023-07-12,IBM,-0.011571765,0.0060824156,-0.0013388395
2023-07-12,INTC,0.0060704947,-0.0092428327,0.00074362755
2023-07-12,MSFT,-0.0059509277,-0.0013750792,-0.0057075024
2023-07-12,NKE,-0.034511745,0.01022768,0.0095951557
2023-07-12,VZ,-0.013717294,0.0029153824,-0.0054966807
2023-07-12,WMT,-0.025127709,0.0049564838,-0.0048665404
2023-07-13,AAPL,-0.031996965,0.022298455,-0.0086956024
2023-07-13,AMGN,-0.024541259,0.021231294,0.00040721893
2023-07-13,CRM,-0.02317518,0.012208819,0.0021505356
2023-07-13,CSCO,-0.0031766295,-0.011234939,-0.010742426
2023-07-13,IBM,-0.019012213,0.0080304146,0.0014400482
2023-07-13,INTC,-0.0041452646,-0.0055631399,-0.0012780428
2023-07-13,MSFT,-0.014514863,0.0031601191,-0.0059042573
2023-07-13,NKE,-0.019037902,0.0085308552,0.0081021786
2023-07-13,VZ,-0.01622659,0.0054386854,-0.0038203001
2023-07-13,WMT,-0.024037004,0.0076366663,-0.005734086
2023-07-14,AAPL,-0.023477137,0.020268559,-0.018008113
2023-07-14,AMGN,-0.021520555,0.011766195,-0.0044081807
2023-07-14,CRM,-0.013567328,0.0040090084,-0.0023022294
2023-07-14,CSCO,-0.0068086386,-0.013609171,-0.01553762
2023-07-14,IBM,-0.014710188,0.0079299212,-0.0029234886
2023-07-14,INTC,-0.0034757257,-0.0061607361,-0.0065273046
2023-07-14,MSFT,-0.011450768,0.0024799109,-0.013695121
2023-07-14,NKE,-0.021351278,0.0062285662,0.0039322376
2023-07-14,VZ,-0.021977425,0.010605574,-0.0047636628
2023-07-14,WMT,-0.029021382,0.010992289,-0.0068831444
2023-07-17,AAPL,-0.007158041,0.019893289,-0.0034614801
2023-07-17,AMGN,-0.014512777,0.015970111,0.0001013279
2023-07-17,CRM,-0.012403369,0.0057085752,0.0016636848
2023-07-17,CSCO,0.0084890127,-0.0071536303,-0.0098215342
2023-07-17,IBM,-0.011118472,0.012646556,0.0023047924
2023-07-17,INTC,0.0027210712,-0.0014212728,0.00090122223
2023-07-17,MSFT,-0.0091444254,0.0069159269,-0.0065275431
2023-07-17,NKE,-0.0228706,0.013107181,0.012262821
2023-07-17,VZ,-0.020735204,0.014365792,-0.0042027831
2023-07-17,WMT,-0.01451689,0.0072883368,-0.0091607571
2023-07-18,AAPL,-0.024398088,0.019461632,-0.0017166734
2023-07-18,AMGN,-0.025098622,0.022159815,0.005551219
2023-07-18,CRM,-0.01158464,0.0057575703,0.012338877
2023-07-18,CSCO,0.0045797825,-0.0094367266,-0.0082346797
2023-07-18,IBM,-0.016774893,0.0094975233,0.00060200691
2023-07-18,INTC,-0.0077362061,-0.0035841465,0.0049344301
2023-07-18,MSFT,-0.013043225,0.0023299456,-0.0021650791
2023-07-18,NKE,-0.026094258,0.015377283,0.010767221
2023-07-18,VZ,-0.01052469,0.0080932379,-0.0036040545
2023-07-18,WMT,-0.021942377,0.0060036182,-0.0044009089
2023-07-19,AAPL,-0.018445253,0.024186134,-0.017424822
2023-07-19,AMGN,-0.019656956,0.015230417,-0.0061722398
2023-07-19,CRM,-0.050108314,0.017210126,0.0035293102
2023-07-19,CSCO,-0.010041058,-0.010447383,-0.015249252
2023-07-19,IBM,-0.015393913,0.00704813,-0.0049806237
2023-07-19,INTC,-0.0097407699,-0.0094766617,-0.009152472
2023-07-19,MSFT,-0.020731747,0.0013833046,-0.0091343522
2023-07-19,NKE,-0.025795758,0.0065242052,0.0013817549
2023-07-19,VZ,-0.012779653,0.0039097071,-0.015154958
2023-07-19,WMT,-0.015902936,0.0014432669,-0.011061668
2023-07-20,AAPL,-0.010963559,0.021609902,-0.004183352
2023-07-20,AMGN,-0.014799356,0.015245199,0.0020563602
2023-07-20,CRM,-0.010033429,0.00097584724,-0.00066709518
2023-07-20,CSCO,0.022791505,-0.010101557,-0.011362553
2023-07-20,IBM,-0.0047340989,0.0079977512,-0.0018684268
2023-07-20,INTC,0.0081746578,-0.0082861781,-0.0043511391
2023-07-20,MSFT,-0.004850328,-0.0051767826,-0.011118889
2023-07-20,NKE,-0.011609912,0.008232832,0.011478662
2023-07-20,VZ,-0.0071856976,0.0045651197,-0.0063991547
2023-07-20,WMT,-0.016662419,0.0034139156,-0.0085711479
2023-07-21,AAPL,-0.019945621,0.018389702,-0.0059458017
2023-07-21,AMGN,-0.0046448112,0.0049791336,0.0003657341
2023-07-21,CRM,0.012294292,-0.0021039844,-0.0021104813
2023-07-21,CSCO,0.0061745644,-0.011605561,-0.0094900131
2023-07-21,IBM,-0.01685822,0.0091022253,0.00018119812
2023-07-21,INTC,-0.0083724856,-0.00190413,0.0023536682
2023-07-21,MSFT,-0.010244787,0.0023671389,-0.0058295727
2023-07-21,NKE,-0.0091494918,0.0075355768,0.013200641
2023-07-21,VZ,-0.0082885623,0.0048251152,-0.00023722649
2023-07-21,WMT,-0.015442133,0.003621459,-0.0075412393
2023-07-24,AAPL,-0.013335407,0.024500012,-0.00359267
2023-07-24,AMGN,-0.014388859,0.0071456432,-0.0043403506
2023-07-24,CRM,-0.02872175,0.0088968277,0.0084388256
2023-07-24,CSCO,0.009981513,-0.0076805353,-0.0084770322
2023-07-24,IBM,-0.015757322,0.0083875656,-0.0016547441
2023-07-24,INTC,-0.0066735744,-0.0055799484,0.0019168854
2023-07-24,MSFT,-0.018047452,0.0026288033,-0.005176425
2023-07-24,NKE,-0.029032767,0.011686087,0.0090517998
2023-07-24,VZ,-0.0054945946,0.0010602474,-0.0041584373
2023-07-24,WMT,-0.0071173906,0.00037944317,-0.010540545
2023-07-25,AAPL,-0.015108049,0.026336432,-0.0060648322
2023-07-25,AMGN,-0.036174536,0.024227619,0.005308032
2023-07-25,CRM,-0.030723333,0.0068027973,0.012624741
2023-07-25,CSCO,0.018535018,-0.0082173944,-0.012566149
2023-07-25,IBM,-0.0097429752,0.008829236,0.0007134676
2023-07-25,INTC,-0.0046777129,-0.0022207499,0.0053646564
2023-07-25,MSFT,-0.0050783753,0.00064063072,-0.00383389
2023-07-25,NKE,-0.031557381,0.015017748,0.01073122
2023-07-25,VZ,-0.0048152804,0.0023258924,-0.0019375682
2023-07-25,WMT,-0.014033437,0.0014235973,-0.0069527626
2023-07-26,AAPL,-0.016742766,0.023969412,-0.022542894
2023-07-26,AMGN,-0.043877184,0.028832316,0.0012842417
2023-07-26,CRM,-0.028021216,0.012493968,0.0008225441
2023-07-26,CSCO,0.00062334538,-0.008351028,-0.0195418
2023-07-26,IBM,-0.013757944,0.0070831776,-0.0037069917
2023-07-26,INTC,-0.011528194,-0.0063461065,-0.0078094602
2023-07-26,MSFT,-0.016859412,0.0057458878,-0.010843396
2023-07-26,NKE,-0.027826607,0.011642694,-0.0010358691
2023-07-26,VZ,-0.015552461,0.0037560463,-0.010219395
2023-07-26,WMT,-0.023550391,0.0086253881,-0.0088999867
2023-07-27,AAPL,-0.013308287,0.015255451,-0.016617775
2023-07-27,AMGN,-0.024251878,0.023295403,-0.0072852969
2023-07-27,CRM,-0.016770184,0.011048079,-0.0023134351
2023-07-27,CSCO,0.0033390522,-0.0061520934,-0.015085876
2023-07-27,IBM,-0.010718226,0.0073075294,-0.0063086748
2023-07-27,INTC,-0.0029364228,-0.0016145706,-0.01103425
2023-07-27,MSFT,-0.016590297,0.0044444799,-0.012052894
2023-07-27,NKE,-0.020621598,0.0089440346,-0.0014736056
2023-07-27,VZ,-0.014311492,0.0054312944,-0.011990666
2023-07-27,WMT,-0.030143738,0.010783553,-0.0076771975
2023-07-28,AAPL,-0.016138434,0.016532421,-0.0079368949
2023-07-28,AMGN,0.0036824942,0.0079040527,-0.013580501
2023-07-28,CRM,0.0077358484,-0.00096219778,-0.0018644929
2023-07-28,CSCO,0.0043780804,-0.0085711479,-0.0095129609
2023-07-28,IBM,-0.011902571,0.0045286417,-0.0039190054
2023-07-28,INTC,0.0039607286,0.00088202953,-0.0067035556
2023-07-28,MSFT,-0.00095462799,0.0030286312,-0.010118365
2023-07-28,NKE,-0.020150304,0.011256337,0.0085771084
2023-07-28,VZ,-0.0065667033,0.007439971,-0.006565392
2023-07-28,WMT,-0.029159069,0.011081576,-0.0016655922
2023-07-31,AAPL,-0.0017386675,0.014425993,-0.0096881986
2023-07-31,AMGN,-0.019929349,0.016246796,-0.0010752082
2023-07-31,CRM,-0.023893237,0.016285181,0.0018302202
2023-07-31,CSCO,-0.0057794452,-0.0040378571,-0.0084671974
2023-07-31,IBM,-0.015853882,0.0096200705,-0.0020896196
2023-07-31,INTC,-0.013725936,-0.0020709634,0.0017732382
2023-07-31,MSFT,-0.0060613751,0.0071337223,-0.0077962875
2023-07-31,NKE,-0.025137603,0.011315823,0.0069966316
2023-07-31,VZ,-0.0018588305,0.0031327009,-0.0050688982
2023-07-31,WMT,-0.0064432025,0.0038018227,-0.0092682838
2023-08-01,AAPL,-0.021230459,0.02282548,0.0030056238
2023-08-01,AMGN,-0.016045272,0.020744085,0.00068259239
2023-08-01,CRM,-0.050677359,0.04278183,0.00035393238
2023-08-01,CSCO,-0.021844268,0.010478735,-0.0042452216
2023-08-01,IBM,-0.031443715,0.017562985,0.00027239323
2023-08-01,INTC,-0.029660225,0.011485577,0.0082917213
2023-08-01,MSFT,-0.015960515,0.016271353,-0.00084203482
2023-08-01,NKE,-0.032386363,0.029309273,0.01056242
2023-08-01,VZ,-0.0022957921,0.0061326027,-0.0044718385
2023-08-01,WMT,-0.01486522,0.01272738,0.00037848949
2023-08-02,AAPL,-0.01614511,0.012387156,-0.031453013
2023-08-02,AMGN,-0.013710558,0.017568469,-0.012684107
2023-08-02,CRM,-0.070994496,0.046537042,-0.021542251
2023-08-02,CSCO,-0.03663677,0.0085123777,-0.022121787
2023-08-02,IBM,-0.021739304,0.015844584,-0.015093744
2023-08-02,INTC,-0.025099635,0.0064481497,-0.014065206
2023-08-02,MSFT,-0.027599752,0.013283134,-0.018872261
2023-08-02,NKE,-0.039883316,0.018979311,-0.012120128
2023-08-02,VZ,-0.019100845,0.0066736937,-0.021308362
2023-08-02,WMT,-0.016733348,0.014389277,-0.015216351
2023-08-03,AAPL,-0.045559525,0.03942883,-0.007799983
2023-08-03,AMGN,-0.032453716,0.036557078,-0.00026983023
2023-08-03,CRM,-0.048853219,0.052057624,-0.013385475
2023-08-03,CSCO,-0.03483212,0.033869386,-0.0094819069
2023-08-03,IBM,-0.035095632,0.02921164,-0.0039232373
2023-08-03,INTC,-0.044277608,0.034826994,0.00035464764
2023-08-03,MSFT,-0.041258872,0.031215906,-0.0019533634
2023-08-03,NKE,-0.035600901,0.02899456,-0.0050131083
2023-08-03,VZ,-0.029742002,0.023763418,-0.0040128231
2023-08-03,WMT,-0.026684165,0.02605629,-0.0031046867
2023-08-04,AAPL,9.2387199e-05,0.012073159,-0.0039082766
2023-08-04,AMGN,-0.010052323,0.0040056705,-0.0044261217
2023-08-04,CRM,-0.00063967705,0.0096479654,0.0024271011
2023-08-04,CSCO,0.012293339,-0.00075346231,-0.0061744452
2023-08-04,IBM,-0.00059521198,0.0057910681,-0.001522243
2023-08-04,INTC,0.0038956404,0.0033125877,-0.00085711479
2023-08-04,MSFT,0.00043416023,0.0011126995,-0.001796484
2023-08-04,NKE,0.00080907345,0.0059862137,0.00075531006
2023-08-04,VZ,-0.0054572821,0.0063085556,-0.0074318051
2023-08-04,WMT,-0.0031266809,0.0028134584,-0.0057328343
2023-08-07,AAPL,-0.023602247,0.023392797,-0.0051055551
2023-08-07,AMGN,-0.028580666,0.016260028,0.0092197657
2023-08-07,CRM,-0.039883018,0.013803601,0.013883591
2023-08-07,CSCO,-0.0088268518,-0.0016628504,-0.0074281693
2023-08-07,IBM,-0.023015499,0.010897636,-5.1259995e-06
2023-08-07,INTC,-0.01183331,0.0046932697,0.0016658306
2023-08-07,MSFT,-0.017387688,0.0074561834,-0.0010877848
2023-08-07,NKE,-0.014312208,0.013107657,0.0048674345
2023-08-07,VZ,-0.012501478,0.012053728,-0.0027131438
2023-08-07,WMT,-0.022885263,0.0062333345,-0.0022781491
2023-08-08,AAPL,-0.015375793,0.020552516,-0.0039387941
2023-08-08,AMGN,-0.016082346,0.010273218,0.0035856962
2023-08-08,CRM,-0.024493158,0.014827013,0.019741297
2023-08-08,CSCO,0.0020318031,-0.001644969,-0.006618619
2023-08-08,IBM,-0.010231435,0.010057807,0.00042283535
2023-08-08,INTC,-0.0012784004,0.0010259151,0.0071257353
2023-08-08,MSFT,-0.0093078613,0.003315568,-0.0040609837
2023-08-08,NKE,-0.016997457,0.011686921,0.010620236
2023-08-08,VZ,-0.00087285042,0.0036996603,-0.003311336
2023-08-08,WMT,-0.012326896,0.0034719706,-0.001237154
2023-08-09,AAPL,-0.0086821318,0.011240005,-0.00010204315
2023-08-09,AMGN,-0.025736809,0.011730433,0.0093169212
2023-08-09,CRM,-0.024262011,0.0037871599,0.011445642
2023-08-09,CSCO,-0.00050586462,-0.0076832771,-0.0070070624
2023-08-09,IBM,-0.015904009,0.0070310831,0.00096201897
2023-08-09,INTC,-0.0057090521,-0.0026384592,0.0081022978
2023-08-09,MSFT,-0.009820044,0.00094866753,0.0017949343
2023-08-09,NKE,-0.018271863,0.013502717,0.013704181
2023-08-09,VZ,-0.0096039772,0.0082894564,-0.0005018115
2023-08-09,WMT,-0.01224786,0.0038180351,-0.0046460032
2023-08-10,AAPL,-0.015427768,0.018717408,-0.0069334507
2023-08-10,AMGN,-0.02693367,0.013759375,0.0040416718
2023-08-10,CRM,-0.033281505,0.0094408989,0.010583282
2023-08-10,CSCO,-0.0063082576,-0.0067923665,-0.010717869
2023-08-10,IBM,-0.0173316,0.01145792,5.7578087e-05
2023-08-10,INTC,-0.0065222383,-0.0027603507,0.0029747486
2023-08-10,MSFT,-0.014264703,0.0048713684,-0.0011646152
2023-08-10,NKE,-0.024670899,0.011111498,0.011489868
2023-08-10,VZ,-0.013805032,0.0086536407,-0.0027399063
2023-08-10,WMT,-0.026790142,0.009260416,-0.0016150475
2023-08-11,AAPL,-0.014834404,0.017870545,-0.0090506077
2023-08-11,AMGN,-0.022038758,0.0169245,-2.5629997e-06
2023-08-11,CRM,-0.023285985,0.0051176548,0.0031850338
2023-08-11,CSCO,0.0031751394,-0.0090616941,-0.011878908
2023-08-11,IBM,-0.017476141,0.0096750259,0.0018351078
2023-08-11,INTC,-0.0066981316,0.00022673607,0.00099074841
2023-08-11,MSFT,-0.0098924041,0.0022598505,-0.0053627491
2023-08-11,NKE,-0.02815634,0.012148738,0.0086680651
2023-08-11,VZ,-0.015697658,0.0088100433,-0.0051873922
2023-08-11,WMT,-0.029674113,0.011751056,-0.00332582
2023-08-14,AAPL,-0.020382941,0.020928979,-0.0099821091
2023-08-14,AMGN,-0.029095411,0.018760443,-0.0016672611
2023-08-14,CRM,-0.030919492,0.014758229,0.0045520067
2023-08-14,CSCO,-0.0093031526,-0.0076084137,-0.011998057
2023-08-14,IBM,-0.01537925,0.0092959404,-0.0043075681
2023-08-14,INTC,-0.011078179,-0.0025510788,-0.0034061074
2023-08-14,MSFT,-0.012097001,0.0041832924,-0.0076326132
2023-08-14,NKE,-0.023242414,0.011454225,0.008282423
2023-08-14,VZ,-0.019487321,0.011234999,-0.0054396391
2023-08-14,WMT,-0.030222535,0.010719895,-0.0068345666
2023-08-15,AAPL,-0.0057484508,0.014993429,-0.013647079
2023-08-15,AMGN,-0.023217976,0.021395564,-0.0019659996
2023-08-15,CRM,-0.034353971,0.012370467,-0.0028479099
2023-08-15,CSCO,0.0055923462,-0.011943936,-0.014371395
2023-08-15,IBM,-0.010710657,0.0099542141,-0.0045210719
2023-08-15,INTC,-0.0029565096,-0.0036674738,-0.0013858676
2023-08-15,MSFT,-0.0069903731,0.0017008781,-0.0099502802
2023-08-15,NKE,-0.013809919,0.0092923641,0.0044136047
2023-08-15,VZ,-0.014036775,0.010167241,-0.0093325377
2023-08-15,WMT,-0.022402644,0.007226944,-0.0077168345
2023-08-16,AAPL,-0.016258478,0.01717329,-0.0020709634
2023-08-16,AMGN,-0.0077187419,0.014891505,-4.9650669e-05
2023-08-16,CRM,-0.026729703,0.016276956,0.0035449266
2023-08-16,CSCO,0.0054651499,-0.0092998743,-0.010298789
2023-08-16,IBM,-0.016227067,0.0081111193,-0.00084298849
2023-08-16,INTC,-0.0065799952,-0.0031698346,0.0021659136
2023-08-16,MSFT,-0.0047500134,0.0019230843,-0.0059793591
2023-08-16,NKE,-0.018176198,0.013923645,0.010698199
2023-08-16,VZ,-0.011494219,0.010434628,-0.0051092505
2023-08-16,WMT,-0.017366111,0.0054715872,-0.0059939027
2023-08-17,AAPL,-0.0018566251,0.011865973,-0.0078936219
2023-08-17,AMGN,-0.026013851,0.018570185,0.0045841932
2023-08-17,CRM,-0.033243716,0.012137532,0.0065996647
2023-08-17,CSCO,0.0030646324,-0.01210463,-0.010312498
2023-08-17,IBM,-0.016085684,0.0095590353,-0.0011716485
2023-08-17,INTC,0.00050115585,-0.0076643229,0.0017914772
2023-08-17,MSFT,-0.0042788982,0.0015982389,-0.0040428638
2023-08-17,NKE,-0.023908496,0.012153625,0.0084842443
2023-08-17,VZ,-0.012179673,0.0094765425,-0.0058469176
2023-08-17,WMT,-0.011699498,0.0022728443,-0.0078987479
2023-08-18,AAPL,-0.0054004192,0.014893293,-0.0070252419
2023-08-18,AMGN,-0.027617335,0.019877195,0.0032476187
2023-08-18,CRM,-0.035848081,0.011107683,0.011642814
2023-08-18,CSCO,0.004769206,-0.011162937,-0.011438966
2023-08-18,IBM,-0.016239882,0.011360288,0.00082457066
2023-08-18,INTC,-0.00090420246,-0.005890131,0.002011776
2023-08-18,MSFT,-0.006480515,0.00079059601,-0.0031567216
2023-08-18,NKE,-0.032427788,0.015012383,0.012025833
2023-08-18,VZ,-0.0083460212,0.0097944736,-0.0055778623
2023-08-18,WMT,-0.021007478,0.0067292452,-0.0050867796
2023-08-21,AAPL,-0.01116401,0.017823458,-0.003254056
2023-08-21,AMGN,-0.025390685,0.017208099,0.0050064325
2023-08-21,CRM,-0.030943811,0.016560316,0.0096424818
2023-08-21,CSCO,0.0020936728,-0.0082659721,-0.013204396
2023-08-21,IBM,-0.010901749,0.0065156221,-0.0014318824
2023-08-21,INTC,0.0016005039,-0.00605762,-0.00030642748
2023-08-21,MSFT,-0.0070285797,0.0034759045,-0.0056917667
2023-08-21,NKE,-0.036696374,0.015831351,0.012110114
2023-08-21,VZ,-0.0068095922,0.006452322,-0.0056869984
2023-08-21,WMT,-0.018160939,0.00058424473,-0.0073550344
2023-08-22,AAPL,-0.020021617,0.022346139,-0.013778567
2023-08-22,AMGN,-0.027302563,0.017231107,0.0014590025
2023-08-22,CRM,-0.044730246,0.022298574,0.0033829212
2023-08-22,CSCO,-0.0050960183,-0.0073195696,-0.014440358
2023-08-22,IBM,-0.011752486,0.0057042837,-0.0063406825
2023-08-22,INTC,-0.0063692927,-0.005442977,-0.00462538
2023-08-22,MSFT,-0.0086684823,0.0042641163,-0.0097287893
2023-08-22,NKE,-0.030054867,0.015857339,0.0094649792
2023-08-22,VZ,-0.0083788037,0.0085368156,-0.0079851747
2023-08-22,WMT,-0.01958251,0.0046994686,-0.0083233118
2023-08-23,AAPL,-0.0067050457,0.0094841719,-0.013864219
2023-08-23,AMGN,-0.011054933,0.0069160461,-0.00056421757
2023-08-23,CRM,-0.0056547523,0.0058017969,-0.01093179
2023-08-23,CSCO,0.015043616,-0.016251266,-0.014253438
2023-08-23,IBM,-0.0052858591,0.002731204,-0.00567168
2023-08-23,INTC,0.010311246,-0.011695802,-0.0084583163
2023-08-23,MSFT,0.0019518137,-0.0042762756,-0.015327394
2023-08-23,NKE,-0.01843363,0.0069049597,0.0056456327
2023-08-23,VZ,-0.01209259,0.0024808645,-0.010783255
2023-08-23,WMT,-0.018113732,0.0027182102,-0.0064322352
2023-08-24,AAPL,-0.027725995,0.022963166,-0.0093855858
2023-08-24,AMGN,-0.023852944,0.015831232,0.0011187792
2023-08-24,CRM,-0.033448756,0.015568018,0.00010836124
2023-08-24,CSCO,-0.010927558,-0.0042737126,-0.010245085
2023-08-24,IBM,-0.011933208,0.0097116232,-0.0023086071
2023-08-24,INTC,-0.013489366,-0.0028374195,-0.0016185045
2023-08-24,MSFT,-0.0080717802,0.0049901009,-0.0108338
2023-08-24,NKE,-0.017833591,0.0097672939,0.0076292753
2023-08-24,VZ,-0.017031252,0.01085186,-0.0038307905
2023-08-24,WMT,-0.020368099,0.0062539577,-0.0064988732
2023-08-25,AAPL,-0.0038587451,0.0071338415,-0.012966156
2023-08-25,AMGN,-0.032991409,0.01695013,0.0033527613
2023-08-25,CRM,-0.0016025305,-0.0013505816,-0.0025895834
2023-08-25,CSCO,0.0092771053,-0.0097917318,-0.013262272
2023-08-25,IBM,-0.0054888725,0.0072038174,-0.0016572475
2023-08-25,INTC,0.011077762,-0.0033497214,-0.0025600195
2023-08-25,MSFT,0.0009354353,0.0021308661,-0.0087303519
2023-08-25,NKE,-0.012130201,0.0058873892,0.0031074286
2023-08-25,VZ,-0.018931687,0.010264874,-0.00081503391
2023-08-25,WMT,-0.026687443,0.010018945,0.00076317787
2023-08-28,AAPL,-0.017014444,0.017879367,-0.0051345229
2023-08-28,AMGN,-0.012069166,0.0065442324,-0.0082131624
2023-08-28,CRM,0.0027253628,0.0028715134,0.0008187294
2023-08-28,CSCO,-0.0039684772,-0.0037804246,-0.0083314776
2023-08-28,IBM,-0.013421178,0.011052847,-0.0029898286
2023-08-28,INTC,-0.014840245,0.00075340271,-0.00098288059
2023-08-28,MSFT,-0.010887563,0.0028533936,-0.0063336492
2023-08-28,NKE,-0.016765237,0.0071082115,0.0067826509
2023-08-28,VZ,-0.018779695,0.01015842,0.0020617247
2023-08-28,WMT,-0.034939885,0.016166091,0.0050910711
2023-08-29,AAPL,-0.0033161044,0.013275743,-0.014227688
2023-08-29,AMGN,-0.020561099,0.015339971,-0.008284688
2023-08-29,CRM,-0.026184916,0.012300372,-0.001142621
2023-08-29,CSCO,-0.0090682507,0.0043087006,-0.0095402598
2023-08-29,IBM,-0.022188783,0.010531545,-0.00047320127
2023-08-29,INTC,-0.023967028,0.0043122768,0.00040197372
2023-08-29,MSFT,-0.025548577,0.01319468,-0.00070011616
2023-08-29,NKE,-0.015359521,0.0088164806,-0.00079846382
2023-08-29,VZ,-0.017566681,0.0066977739,-0.0052494407
2023-08-29,WMT,-0.0072079897,0.0039024353,-0.0080055594
2023-08-30,AAPL,-0.016726494,0.023117781,-0.0095161796
2023-08-30,AMGN,-0.023307145,0.028730273,-0.0099275708
2023-08-30,CRM,-0.049891651,0.039639592,-0.012550533
2023-08-30,CSCO,-0.029248714,0.012261629,-0.0068444014
2023-08-30,IBM,-0.02883327,0.015711427,-0.0020051599
2023-08-30,INTC,-0.034653306,0.013965011,0.00036418438
2023-08-30,MSFT,-0.025072455,0.022755504,-0.0080941319
2023-08-30,NKE,-0.025122225,0.023855925,0.00078892708
2023-08-30,VZ,-0.015311778,0.0093872547,-0.0057972074
2023-08-30,WMT,-0.026314259,0.020753503,-0.00041073561
2023-08-31,AAPL,-0.0034809709,0.011313558,-0.034355342
2023-08-31,AMGN,-0.013271153,0.017310143,-0.015594125
2023-08-31,CRM,-0.067946315,0.042663693,-0.021687567
2023-08-31,CSCO,-0.033749223,0.010432363,-0.024044096
2023-08-31,IBM,-0.011461973,0.0085206032,-0.012688637
2023-08-31,INTC,-0.019304991,0.0050492287,-0.021421134
2023-08-31,MSFT,-0.026630938,0.013787389,-0.016813219
2023-08-31,NKE,-0.027435482,0.016415358,-0.015982151
2023-08-31,VZ,-0.014507592,0.0087366104,-0.028154075
2023-08-31,WMT,-0.014804661,0.012445331,-0.013230801
2023-09-01,AAPL,-0.033367217,0.039983273,0.0011783838
2023-09-01,AMGN,-0.034889698,0.038775682,0.0027859211
2023-09-01,CRM,-0.045336127,0.052044392,-0.0068397522
2023-09-01,CSCO,-0.026826739,0.030800939,-0.0062894225
2023-09-01,IBM,-0.026606739,0.026975393,-0.0010586381
2023-09-01,INTC,-0.03176415,0.035719395,0.0003490448
2023-09-01,MSFT,-0.030996501,0.029016972,-0.0012548566
2023-09-01,NKE,-0.039230049,0.030025363,0.00065147877
2023-09-01,VZ,-0.024025381,0.023403645,-0.0056244731
2023-09-01,WMT,-0.016538084,0.021196008,-0.0039168596
2023-09-05,AAPL,-0.004886508,0.012242675,-0.00049817562
2023-09-05,AMGN,-0.011745095,0.0075064898,-0.0010321736
2023-09-05,CRM,0.00044333935,0.012667656,0.00071871281
2023-09-05,CSCO,0.0069168806,-0.00034672022,-0.0025056005
2023-09-05,IBM,-0.0021233559,0.0061870813,-0.00025641918
2023-09-05,INTC,0.0059491396,0.00056266785,-0.0024581552
2023-09-05,MSFT,0.0018957853,-0.00048816204,-0.0026257634
2023-09-05,NKE,-0.0024841428,0.0075525045,0.0042984486
2023-09-05,VZ,-0.0022522807,0.0037935972,-0.0050350428
2023-09-05,WMT,-0.00075036287,0.0004953146,-0.0050722957
2023-09-06,AAPL,-0.02112931,0.018656611,0.0029071569
2023-09-06,AMGN,-0.03905946,0.019843698,0.014108777
2023-09-06,CRM,-0.012264073,0.002572298,0.0098288059
2023-09-06,CSCO,0.0034811497,-0.0040955544,-0.0035489202
2023-09-06,IBM,-0.020789027,0.01128149,0.0033874512
2023-09-06,INTC,-0.0068660378,-0.00027501583,0.0059140921
2023-09-06,MSFT,-0.011092186,0.0035903454,-0.003867209
2023-09-06,NKE,-0.010172904,0.0097101927,0.0063838959
2023-09-06,VZ,-0.009557128,0.0068670511,0.0020105839
2023-09-06,WMT,-0.022181153,0.0037542582,9.5367432e-07
2023-09-07,AAPL,-0.022200108,0.020787835,-0.00029212236
2023-09-07,AMGN,-0.032742321,0.011828423,0.0076104403
2023-09-07,CRM,-0.014491796,0.0065757036,0.012781024
2023-09-07,CSCO,0.00048291683,-0.0051207542,-0.0072210431
2023-09-07,IBM,-0.013504803,0.0078239441,0.0003721714
2023-09-07,INTC,-0.01002717,-0.0034607053,0.0062154531
2023-09-07,MSFT,-0.017655671,0.0020344257,-0.0016773343
2023-09-07,NKE,-0.016680419,0.0073620081,0.0061793327
2023-09-07,VZ,0.00037741661,0.00023984909,-0.0027394891
2023-09-07,WMT,-0.010089993,-0.002923131,-0.0042638183
2023-09-08,AAPL,-0.013208985,0.01075387,0.0020558834
2023-09-08,AMGN,-0.033178806,0.010558605,0.011777878
2023-09-08,CRM,-0.0051670671,-0.00078910589,0.0098414421
2023-09-08,CSCO,0.012592793,-0.013113022,-0.0075888038
2023-09-08,IBM,-0.012727261,0.0044404268,0.0021218061
2023-09-08,INTC,0.0015029907,-0.0084885955,0.0048543215
2023-09-08,MSFT,-0.0032073259,-0.004483223,-0.00079876184
2023-09-08,NKE,-0.02170527,0.010556102,0.013125777
2023-09-08,VZ,-0.0012741685,-3.0398369e-05,0.0017459393
2023-09-08,WMT,-0.0092517138,0.0032535791,-0.0039705038
2023-09-11,AAPL,-0.016679585,0.013522983,-0.0045450926
2023-09-11,AMGN,-0.039824009,0.013975501,0.009811759
2023-09-11,CRM,-0.0090230107,-0.0019813776,0.0067572594
2023-09-11,CSCO,0.012581468,-0.013537288,-0.0088216066
2023-09-11,IBM,-0.0128842,0.0046075583,0.0018652678
2023-09-11,INTC,-0.0028499365,-0.0095502734,0.0029397011
2023-09-11,MSFT,-0.012630582,-0.0028700233,-0.00074213743
2023-09-11,NKE,-0.02133745,0.009390831,0.010908365
2023-09-11,VZ,-0.00091814995,-0.0014923215,-0.0014021397
2023-09-11,WMT,-0.017421365,0.0026673079,-0.0040854812
2023-09-12,AAPL,-0.023647428,0.012355804,-0.0091687441
2023-09-12,AMGN,-0.036195874,0.012476683,0.0058329105
2023-09-12,CRM,-0.011244476,-0.0058630705,0.0035479069
2023-09-12,CSCO,0.0076813698,-0.017018855,-0.0108459
2023-09-12,IBM,-0.017269671,0.0031113625,0.0026721954
2023-09-12,INTC,-0.0078469515,-0.010349095,-0.0016588569
2023-09-12,MSFT,-0.014165699,-0.0061809421,-0.0033457875
2023-09-12,NKE,-0.02358371,0.0078932047,0.0041193962
2023-09-12,VZ,-0.01171267,0.0015226603,-0.0025860071
2023-09-12,WMT,-0.027869999,0.0041216612,-0.0034290552
2023-09-13,AAPL,-0.029986858,0.021657467,-0.0051509738
2023-09-13,AMGN,-0.040990651,0.020717382,0.0071382523
2023-09-13,CRM,-0.012408257,-0.0048597455,0.0080939531
2023-09-13,CSCO,0.00036513805,-0.011294305,-0.0079449415
2023-09-13,IBM,-0.019709587,0.0080115795,0.003973484
2023-09-13,INTC,-0.010211289,-0.006567657,-0.001113236
2023-09-13,MSFT,-0.019998312,-0.00088232756,-0.0050732493
2023-09-13,NKE,-0.017619133,0.010213733,0.0084604025
2023-09-13,VZ,-0.0097287297,0.0031784773,-0.0044791102
2023-09-13,WMT,-0.023878813,0.0055549145,-0.0051808357
2023-09-14,AAPL,-0.018944621,0.015827298,-0.0092827678
2023-09-14,AMGN,-0.023165226,0.011033654,0.00070226192
2023-09-14,CRM,-0.0081346035,-0.0042197704,0.003511548
2023-09-14,CSCO,0.0045835972,-0.012061954,-0.010653853
2023-09-14,IBM,-0.017673492,0.0053617954,0.0052176714
2023-09-14,INTC,-0.0018112063,-0.010049224,-0.0017390847
2023-09-14,MSFT,-0.017791033,-0.00088840723,-0.0031513572
2023-09-14,NKE,-0.019912422,0.0073662996,0.0081026554
2023-09-14,VZ,-0.010860443,0.0036795139,-0.0036234856
2023-09-14,WMT,-0.024263918,0.0049821138,-0.0050113201
2023-09-15,AAPL,-0.014955997,0.018541574,-0.0040223002
2023-09-15,AMGN,-0.02578938,0.011091948,0.0055066347
2023-09-15,CRM,-0.010651767,-0.00039815903,0.01009059
2023-09-15,CSCO,0.010401845,-0.014754713,-0.0091710091
2023-09-15,IBM,-0.010869384,0.0049413443,-0.0017619133
2023-09-15,INTC,-0.0030303597,-0.0094428062,-0.0010275245
2023-09-15,MSFT,-0.011630118,-0.00025552511,-0.007183373
2023-09-15,NKE,-0.017166674,0.0093612671,0.0091897249
2023-09-15,VZ,-0.0037705898,-0.00029659271,-0.0021370053
2023-09-15,WMT,-0.01537174,0.0022907257,-0.0092321038
2023-09-18,AAPL,-0.0091420412,0.012061834,-0.0084017515
2023-09-18,AMGN,-0.036100626,0.019975543,0.0045406818
2023-09-18,CRM,-0.014280677,-0.00089031458,0.0042550564
2023-09-18,CSCO,0.01503706,-0.016259849,-0.011128962
2023-09-18,IBM,-0.013999999,0.0059869289,0.001906991
2023-09-18,INTC,0.0035015345,-0.011448681,-0.0010330677
2023-09-18,MSFT,-0.0083304644,-0.0027461052,-0.0071208477
2023-09-18,NKE,-0.019413173,0.010359645,0.009396553
2023-09-18,VZ,-0.0047162771,-0.001416266,-0.0017595887
2023-09-18,WMT,-0.021013141,0.0033020973,-0.0041899085
2023-09-19,AAPL,-0.018006027,0.021117091,-0.0025593042
2023-09-19,AMGN,-0.044236422,0.022678375,0.010587573
2023-09-19,CRM,-0.023712516,0.0080167055,0.011733055
2023-09-19,CSCO,0.017374277,-0.010422051,-0.011125326
2023-09-19,IBM,-0.011865437,0.0036389828,0.0015546083
2023-09-19,INTC,-0.00011748075,-0.010625601,0.0021737814
2023-09-19,MSFT,-0.014817715,-0.0025233626,-0.0035628676
2023-09-19,NKE,-0.018319786,0.01124239,0.0077410936
2023-09-19,VZ,0.00098717213,-0.0037605762,-0.0029188991
2023-09-19,WMT,-0.01198262,-0.00090366602,-0.006359756
2023-09-20,AAPL,-0.022618175,0.021830082,-0.0061123967
2023-09-20,AMGN,-0.043243945,0.024494529,0.0047322512
2023-09-20,CRM,-0.0268085,0.011439323,0.0085722208
2023-09-20,CSCO,0.0086044073,-0.010940552,-0.010631144
2023-09-20,IBM,-0.016564488,0.005371213,0.0030194521
2023-09-20,INTC,-0.002921164,-0.0056275129,0.0057834387
2023-09-20,MSFT,-0.0088698864,0.00078821182,-0.0050331354
2023-09-20,NKE,-0.028879821,0.013392568,0.011697888
2023-09-20,VZ,-0.0060701966,0.00095117092,0.0013889074
2023-09-20,WMT,-0.018330753,0.0027090311,-0.0050581694
2023-09-21,AAPL,-0.014947236,0.016787171,-0.015666842
2023-09-21,AMGN,-0.039056957,0.02311039,0.0014744997
2023-09-21,CRM,-0.016600072,0.0099022388,-0.0032838583
2023-09-21,CSCO,0.0084466934,-0.012343049,-0.016143501
2023-09-21,IBM,-0.012969971,0.0064554214,0.0022214651
2023-09-21,INTC,0.0037738085,-0.0074287653,0.00072491169
2023-09-21,MSFT,-0.006070435,0.00010597706,-0.011032045
2023-09-21,NKE,-0.029102862,0.012691736,0.010654092
2023-09-21,VZ,-0.010755777,0.0032105446,-0.00056219101
2023-09-21,WMT,-0.031222105,0.0093041658,-0.00088149309
2023-09-22,AAPL,-0.018241882,0.017888188,-0.0093429089
2023-09-22,AMGN,-0.039456964,0.025049686,0.0035834312
2023-09-22,CRM,-0.015746772,0.0036865473,-0.0076873302
2023-09-22,CSCO,-0.0012011528,-0.015117407,-0.0081481338
2023-09-22,IBM,-0.011753738,0.0049328804,0.0027631521
2023-09-22,INTC,0.00010454655,-0.002624929,-0.001511991
2023-09-22,MSFT,-0.010127246,-3.5643578e-05,-0.0093461871
2023-09-22,NKE,-0.029573739,0.013570189,0.0086996555
2023-09-22,VZ,-0.020044625,0.0094807148,-0.002081871
2023-09-22,WMT,-0.024923503,0.0069469213,-0.0043219328
2023-09-25,AAPL,-0.011879683,0.01515913,-0.012949467
2023-09-25,AMGN,-0.056353867,0.035014987,0.014782667
2023-09-25,CRM,-0.013822079,0.0057989359,-0.00081020594
2023-09-25,CSCO,0.0019315481,-0.010320783,-0.014180064
2023-09-25,IBM,-0.0093228221,0.0064072609,-0.0024785995
2023-09-25,INTC,0.0028119087,-0.004127264,-0.0022432804
2023-09-25,MSFT,-0.0063017011,0.0029550791,-0.011826038
2023-09-25,NKE,-0.020536065,0.009436965,0.008677125
2023-09-25,VZ,-0.016291797,0.0057727098,-0.00079375505
2023-09-25,WMT,-0.030067623,0.010700345,7.1287155e-05
2023-09-26,AAPL,-0.013437212,0.013466835,-0.012279332
2023-09-26,AMGN,-0.02774018,0.022863984,-0.0034254789
2023-09-26,CRM,-0.0066949129,0.0012489557,-0.00920856
2023-09-26,CSCO,-0.0043865442,-0.011237741,-0.011458278
2023-09-26,IBM,0.00026643276,0.0034453869,-0.0065062642
2023-09-26,INTC,-0.0030430555,-0.0034390092,-0.0029217601
2023-09-26,MSFT,-0.0033714771,0.0017893314,-0.010317206
2023-09-26,NKE,-0.010947645,0.0035024881,0.0011514425
2023-09-26,VZ,-0.017326891,0.010199785,-0.0060195923
2023-09-26,WMT,-0.028764546,0.0083193779,-0.0024724603
2023-09-27,AAPL,-0.0067585707,0.0064841509,-0.016135633
2023-09-27,AMGN,-0.020741105,0.017449856,-0.0092368126
2023-09-27,CRM,0.0064133406,-0.0038458705,-0.0091370344
2023-09-27,CSCO,-0.0080958009,-0.0095194578,-0.011736155
2023-09-27,IBM,-0.015847802,0.0050150156,-0.004607141
2023-09-27,INTC,-0.0050144196,-0.0017859936,-0.0087747574
2023-09-27,MSFT,-0.0075002909,-0.00079721212,-0.011667609
2023-09-27,NKE,-0.01790303,0.0071980953,0.0021904707
2023-09-27,VZ,-0.016892612,0.0080901384,-0.0033742189
2023-09-27,WMT,-0.032689512,0.014351964,0.0019270182
2023-09-28,AAPL,-0.01549387,0.018965125,-0.0064153671
2023-09-28,AMGN,-0.0083520412,0.011493683,-0.011053503
2023-09-28,CRM,-0.04167074,0.018919349,0.0094782114
2023-09-28,CSCO,-0.012850165,0.0028239489,-0.0074962974
2023-09-28,IBM,-0.019690037,0.010692596,-0.00022912025
2023-09-28,INTC,-0.028806329,0.0068179369,0.0044852495
2023-09-28,MSFT,-0.021711767,0.011491537,-0.0029190183
2023-09-28,NKE,-0.018673897,0.009934783,0.0028009415
2023-09-28,VZ,-0.013158321,0.0030481815,-0.0042470098
2023-09-28,WMT,0.00097084045,-0.00022029877,-0.011002958
2023-09-29,AAPL,-0.019918442,0.02136755,-0.0070873499
2023-09-29,AMGN,-0.032794654,0.033406019,-0.0031670332
2023-09-29,CRM,-0.045979738,0.045267463,-0.0076636076
2023-09-29,CSCO,-0.013448596,0.012473345,-0.0073132515
2023-09-29,IBM,-0.023669839,0.014721632,-0.0028005242
2023-09-29,INTC,-0.025040805,0.01316607,0.0034254789
2023-09-29,MSFT,-0.0077855587,0.016472936,-0.0074441433
2023-09-29,NKE,-0.028772175,0.024931908,0.0066457987
2023-09-29,VZ,-0.006577909,0.00826931,-0.0025565624
2023-09-29,WMT,-0.011550903,0.011320829,-0.0017156601
2023-10-02,AAPL,0.0026687384,0.0049031973,-0.041409731
2023-10-02,AMGN,-0.021955729,0.021020651,-0.01406306
2023-10-02,CRM,-0.053540826,0.038707018,-0.035662651
2023-10-02,CSCO,-0.028805137,0.0064194202,-0.028655946
2023-10-02,IBM,-0.013561189,0.010994554,-0.016042233
2023-10-02,INTC,-0.012401402,0.0049021244,-0.024266183
2023-10-02,MSFT,-0.016759336,0.012575626,-0.024059713
2023-10-02,NKE,-0.027858555,0.015864491,-0.018235326
2023-10-02,VZ,-0.019181132,0.0061661005,-0.020861268
2023-10-02,WMT,-0.025627792,0.020021558,-0.010234475
2023-10-03,AAPL,-0.04044497,0.038719773,-0.00078862906
2023-10-03,AMGN,-0.036460221,0.04016757,-0.0020808578
2023-10-03,CRM,-0.041237533,0.052229881,-0.013646662
2023-10-03,CSCO,-0.032681167,0.032734752,-0.006922245
2023-10-03,IBM,-0.031738997,0.028992772,-0.0029557943
2023-10-03,INTC,-0.040414095,0.037992835,0.00012648106
2023-10-03,MSFT,-0.04180938,0.030611038,-0.00082808733
2023-10-03,NKE,-0.035099745,0.027810454,-0.0062506199
2023-10-03,VZ,-0.027359664,0.02507329,-0.0047101378
2023-10-03,WMT,-0.023703456,0.024899721,-0.0045148134
2023-10-04,AAPL,0.0044347048,0.0066684484,-0.0049002767
2023-10-04,AMGN,-0.0033707023,-0.0027160048,-0.0052828789
2023-10-04,CRM,0.0022768974,0.010126829,0.0007853508
2023-10-04,CSCO,0.0057017803,-0.0013107657,-0.0025874376
2023-10-04,IBM,-0.0072963834,0.0062553883,0.00076806545
2023-10-04,INTC,0.00248909,-0.00029629469,2.6345253e-05
2023-10-04,MSFT,-0.0048051476,0.0013669729,-0.0021543503
2023-10-04,NKE,0.00064182281,0.0055823326,0.00084555149
2023-10-04,VZ,0.004150629,0.0026950836,-0.0041353703
2023-10-04,WMT,0.0016471148,0.00037765503,-0.0042162538
2023-10-05,AAPL,-0.02662158,0.017429233,0.0085248947
2023-10-05,AMGN,-0.0408988,0.019923687,0.013175011
2023-10-05,CRM,-0.044585049,0.019273877,0.017102599
2023-10-05,CSCO,-0.0034849644,-3.772974e-05,-0.00076299906
2023-10-05,IBM,-0.025092781,0.010916233,0.0038598776
2023-10-05,INTC,-0.015250027,0.00069785118,0.0089240074
2023-10-05,MSFT,-0.017400682,0.0057377815,-0.00055539608
2023-10-05,NKE,-0.027652025,0.017220616,0.010283351
2023-10-05,VZ,-0.004112184,0.00089359283,-0.00074130297
2023-10-05,WMT,-0.013512492,-0.0014337897,-0.002572298
2023-10-06,AAPL,-0.013338268,0.014363527,-0.0036672354
2023-10-06,AMGN,-0.050843239,0.026014566,0.010866284
2023-10-06,CRM,-0.033600926,0.019701481,0.011039138
2023-10-06,CSCO,-0.0026646256,-0.0030990243,-0.007425189
2023-10-06,IBM,-0.017074585,0.010085464,0.0016160011
2023-10-06,INTC,-0.0095942616,0.00069999695,0.005934
2023-10-06,MSFT,-0.015847445,0.0059033632,-0.0022896528
2023-10-06,NKE,-0.024540365,0.014667153,0.0067771673
2023-10-06,VZ,-0.0016255379,-0.0011721253,-0.002358377
2023-10-06,WMT,-0.012274325,-0.0012938976,-0.0040163398
2023-10-09,AAPL,-0.014349163,0.015069962,-0.00049376488
2023-10-09,AMGN,-0.036287546,0.018071532,0.010036707
2023-10-09,CRM,-0.021833837,0.012748718,0.0038286448
2023-10-09,CSCO,-0.0046500564,-0.0078527331,-0.0042566061
2023-10-09,IBM,-0.018591583,0.0071618557,0.002674818
2023-10-09,INTC,-0.0067052245,-0.00091278553,0.0065921545
2023-10-09,MSFT,-0.011791646,0.0035151243,0.0019235611
2023-10-09,NKE,-0.022849381,0.016477108,0.0086867809
2023-10-09,VZ,-0.0060661435,0.00033211708,0.0039231777
2023-10-09,WMT,-0.019334316,0.0079905987,-0.00024700165
2023-10-10,AAPL,-0.013944924,0.010661006,-0.0083667636
2023-10-10,AMGN,-0.051379085,0.030150533,0.011042476
2023-10-10,CRM,-0.019709527,0.014491796,-0.00058531761
2023-10-10,CSCO,-0.0057427287,-0.0054543614,-0.0054949522
2023-10-10,IBM,-0.019628167,0.0068838596,0.00069713593
2023-10-10,INTC,-0.015107095,0.0010293722,0.0037039518
2023-10-10,MSFT,-0.020641387,0.0051140785,-0.001555562
2023-10-10,NKE,-0.019838631,0.012309313,0.0055241585
2023-10-10,VZ,-0.013110995,0.0010204315,0.00011134148
2023-10-10,WMT,-0.026431024,0.012213111,-0.0012834668
2023-10-11,AAPL,-0.0038129687,0.0071558952,-0.0056573153
2023-10-11,AMGN,-0.041328132,0.026144743,0.0070016384
2023-10-11,CRM,-0.011793137,0.0072048903,0.00010216236
2023-10-11,CSCO,-0.0024912953,-0.0097085834,-0.0072453618
2023-10-11,IBM,-0.015098631,0.0093915462,0.00086820126
2023-10-11,INTC,-0.013985753,0.0013116598,0.0017137527
2023-10-11,MSFT,-0.021180212,0.002448678,-0.0035479665
2023-10-11,NKE,-0.02245307,0.012657285,0.0027766228
2023-10-11,VZ,-0.01317358,0.0039989948,0.00077652931
2023-10-11,WMT,-0.040489733,0.018480897,0.0035324097
2023-10-12,AAPL,-0.0076997876,0.011363149,0.0016349554
2023-10-12,AMGN,-0.0388726,0.027014971,0.0054126978
2023-10-12,CRM,-0.0030240417,0.011353731,0.0031890869
2023-10-12,CSCO,0.0022161007,-0.0050390959,-0.0073307753
2023-10-12,IBM,-0.014541745,0.010880828,0.0026487112
2023-10-12,INTC,-0.011686385,0.0065848827,0.0065219402
2023-10-12,MSFT,-0.016184092,0.0049364567,-0.0040004849
2023-10-12,NKE,-0.015980542,0.014880896,0.010079265
2023-10-12,VZ,-0.0084363818,0.0058869123,0.0019901991
2023-10-12,WMT,-0.030175984,0.013688803,0.0018777847
2023-10-13,AAPL,0.0004389286,0.0093164444,-0.0069064498
2023-10-13,AMGN,-0.02595222,0.020349145,-0.0021409392
2023-10-13,CRM,-0.011469185,0.016667962,-0.0021125674
2023-10-13,CSCO,-0.0033330917,-0.0053186417,-0.0066030025
2023-10-13,IBM,-0.020584643,0.012550712,0.0024294853
2023-10-13,INTC,-0.017336607,0.0070865154,0.0054941177
2023-10-13,MSFT,-0.018066108,0.0073965788,-0.0022328496
2023-10-13,NKE,-0.017476618,0.016260386,0.0068030357
2023-10-13,VZ,-0.0138219,0.0075154305,0.001462698
2023-10-13,WMT,-0.024714231,0.011916041,8.2969666e-05
2023-10-16,AAPL,0.005818367,0.0094895363,-0.0090659857
2023-10-16,AMGN,-0.047120392,0.033213496,0.0045202971
2023-10-16,CRM,-0.031369328,0.023388982,-0.0029395223
2023-10-16,CSCO,-0.010036707,-0.0055803061,-0.011776805
2023-10-16,IBM,-0.023801804,0.014709115,0.00092637539
2023-10-16,INTC,-0.017532468,0.0017911196,-0.0013558269
2023-10-16,MSFT,-0.021312475,0.0083473921,-0.0094410777
2023-10-16,NKE,-0.032444775,0.018487334,0.0082848072
2023-10-16,VZ,-0.020861983,0.0079264641,-0.0023317337
2023-10-16,WMT,-0.036967278,0.019078135,0.0014418364
2023-10-17,AAPL,0.0093598366,0.0062454939,-0.0049823523
2023-10-17,AMGN,-0.049294472,0.040387988,0.0020523071
2023-10-17,CRM,-0.030119777,0.019901872,-0.0043676496
2023-10-17,CSCO,-0.0099710226,-0.0049987435,-0.013103604
2023-10-17,IBM,-0.0093704462,0.010174274,-0.0040389895
2023-10-17,INTC,-0.011003911,8.0823898e-05,-0.0032888651
2023-10-17,MSFT,-0.019535303,0.0077748299,-0.010474026
2023-10-17,NKE,-0.029646397,0.016941547,0.0053108931
2023-10-17,VZ,-0.015446424,0.0060992241,-0.0070294738
2023-10-17,WMT,-0.034893155,0.014579177,-0.001676321
2023-10-18,AAPL,-0.0033156276,0.0069518089,-0.0064069629
2023-10-18,AMGN,-0.041155994,0.034532547,-0.00075268745
2023-10-18,CRM,-0.031618774,0.024149418,-0.0089266896
2023-10-18,CSCO,-0.015472531,0.00025200844,-0.014238656
2023-10-18,IBM,-0.012606025,0.010819077,-0.0037384629
2023-10-18,INTC,-0.017514288,0.0063329935,-0.0056722164
2023-10-18,MSFT,-0.017479658,0.0029437542,-0.0092023015
2023-10-18,NKE,-0.023810446,0.017197013,0.0014233589
2023-10-18,VZ,-0.012589455,0.0072487593,-0.008220017
2023-10-18,WMT,-0.029683709,0.015308142,-0.0049176216
2023-10-19,AAPL,-0.0056554675,0.014729857,-0.0012450814
2023-10-19,AMGN,-0.0097239614,0.02125895,-0.0041393042
2023-10-19,CRM,-0.015263438,0.022874236,-0.0062201619
2023-10-19,CSCO,0.0055872202,0.00043058395,-0.0045034885
2023-10-19,IBM,-0.011138916,0.013979077,0.0023950338
2023-10-19,INTC,-0.013305187,0.011669755,0.0052304268
2023-10-19,MSFT,-0.014868617,0.0098620653,-0.0025736094
2023-10-19,NKE,-0.019042194,0.020154476,0.01318109
2023-10-19,VZ,0.0010402203,0.009493947,-0.0037270188
2023-10-19,WMT,-0.0044961572,0.0038374662,-0.0051830411
2023-10-20,AAPL,-0.0063812137,0.012405753,-0.0024636984
2023-10-20,AMGN,-0.034999549,0.025891185,0.00077271461
2023-10-20,CRM,-0.038172722,0.023324609,9.7751617e-06
2023-10-20,CSCO,-0.010727227,-0.00074785948,-0.0081923604
2023-10-20,IBM,-0.02052772,0.012931108,0.003071785
2023-10-20,INTC,-0.019772649,0.0066429377,0.0042446852
2023-10-20,MSFT,-0.017152011,0.0054296255,-0.0063099265
2023-10-20,NKE,-0.01911509,0.01614058,0.0061594248
2023-10-20,VZ,-0.018674195,0.0077648163,0.0025033951
2023-10-20,WMT,-0.024892807,0.013313413,-0.0010864139
2023-10-23,AAPL,-0.0048463345,0.0081740618,-0.013140619
2023-10-23,AMGN,-0.048306167,0.030908108,-0.00029677153
2023-10-23,CRM,-0.061447918,0.025791645,-0.00045508146
2023-10-23,CSCO,-0.010812938,-0.0059832931,-0.012245178
2023-10-23,IBM,-0.018564582,0.0097339153,-0.0019872785
2023-10-23,INTC,-0.026251018,0.0024687052,-0.0029196143
2023-10-23,MSFT,-0.028768361,0.0077739954,-0.0055777431
2023-10-23,NKE,-0.029684126,0.014171124,-0.0012667775
2023-10-23,VZ,-0.016432643,0.004685998,-0.006102562
2023-10-23,WMT,-0.017110109,0.0062506199,-0.0070852041
2023-10-24,AAPL,-0.0062190294,0.018340468,-0.0011633039
2023-10-24,AMGN,-0.057656765,0.045501351,0.012211204
2023-10-24,CRM,-0.012681961,0.018890023,-0.006305933
2023-10-24,CSCO,0.0089730024,0.0041753054,-0.0060815811
2023-10-24,IBM,-0.0026761293,0.0081620216,0.0010368824
2023-10-24,INTC,-0.0014410615,0.0060046911,-0.0020446181
2023-10-24,MSFT,-0.0065104961,0.0049318075,-0.0060087442
2023-10-24,NKE,-0.021266758,0.020083308,0.007801652
2023-10-24,VZ,-0.014274299,0.0097059011,-0.0036195517
2023-10-24,WMT,-0.030976534,0.016988873,0.0013208389
2023-10-25,AAPL,0.004681468,0.0013401508,-0.014466286
2023-10-25,AMGN,-0.051078141,0.037829518,0.0025513172
2023-10-25,CRM,0.0063049793,0.0075393915,-0.012845099
2023-10-25,CSCO,0.0050581694,-0.00830549,-0.013522327
2023-10-25,IBM,-0.0020345449,0.0062154531,-0.0044577718
2023-10-25,INTC,-0.0045490265,0.0046211481,-0.0065290332
2023-10-25,MSFT,-0.0065060258,0.0011438131,-0.0056954026
2023-10-25,NKE,-0.010123968,0.010381222,-0.0084088445
2023-10-25,VZ,-0.014961421,0.0099586248,-0.0055040121
2023-10-25,WMT,-0.035165012,0.019429207,-0.0016755462
2023-10-26,AAPL,-0.01635319,0.017592788,-0.008269608
2023-10-26,AMGN,0.0024210215,0.010357022,-0.014087796
2023-10-26,CRM,0.021484733,0.0019315481,-0.013925731
2023-10-26,CSCO,-0.00033146143,-0.0044641495,-0.0073648095
2023-10-26,IBM,-0.0051016808,0.0077941418,-0.0061856508
2023-10-26,INTC,-0.0049664974,0.0040220022,-0.006267786
2023-10-26,MSFT,-0.004350841,-0.0019970536,-0.010570228
2023-10-26,NKE,-0.015440941,0.0083048344,-0.0015252233
2023-10-26,VZ,-0.012531698,0.01108098,-0.0017153621
2023-10-26,WMT,-0.033056855,0.017725229,1.3947487e-05
2023-10-27,AAPL,-0.0094641447,0.019479036,-0.010004878
2023-10-27,AMGN,-0.025380313,0.023471713,-0.0014262795
2023-10-27,CRM,-0.017712414,0.018546224,-0.0095009208
2023-10-27,CSCO,-0.0079151392,0.0035055876,-0.0086085796
2023-10-27,IBM,-0.012215674,0.014099598,-0.0032897592
2023-10-27,INTC,-0.022034705,0.013153791,-0.0031180978
2023-10-27,MSFT,-0.01934886,0.008823514,-0.0076336861
2023-10-27,NKE,-0.0087325573,0.012136817,0.0015195608
2023-10-27,VZ,-0.012375295,0.0038187504,-0.0061899424
2023-10-27,WMT,-0.0042566061,0.0090284348,-0.0061072111
2023-10-30,AAPL,-0.016210556,0.026626945,-0.0018272996
2023-10-30,AMGN,-0.020564497,0.03037107,-0.01189208
2023-10-30,CRM,-0.036288321,0.041239977,-0.013962388
2023-10-30,CSCO,-0.023373127,0.015872478,-0.0072664618
2023-10-30,IBM,-0.030838311,0.019374132,-0.0029397607
2023-10-30,INTC,-0.019574881,0.012126327,-0.0034684539
2023-10-30,MSFT,-0.027023911,0.02286613,-0.0071381927
2023-10-30,NKE,-0.02623266,0.022862315,0.0006364584
2023-10-30,VZ,-0.011999249,0.0096240044,-0.0064759851
2023-10-30,WMT,-0.016196847,0.015863657,-0.0043301582
2023-10-31,AAPL,-0.0077103376,0.011591911,-0.030019879
2023-10-31,AMGN,-0.017910302,0.024571419,-0.022423983
2023-10-31,CRM,-0.075280845,0.046663284,-0.029870927
2023-10-31,CSCO,-0.038205504,0.013229609,-0.026051998
2023-10-31,IBM,-0.016355157,0.011259913,-0.017690957
2023-10-31,INTC,-0.02851969,0.012001038,-0.020526111
2023-10-31,MSFT,-0.025551617,0.021506548,-0.023700953
2023-10-31,NKE,-0.031894326,0.017551899,-0.020059466
2023-10-31,VZ,-0.021982789,0.010526776,-0.024622023
2023-10-31,WMT,-0.022908449,0.016153455,-0.016513526
2023-11-01,AAPL,-0.034937501,0.038562775,-0.0019130707
2023-11-01,AMGN,-0.026217937,0.038299084,-0.0047708154
2023-11-01,CRM,-0.047581792,0.056123853,-0.011179984
2023-11-01,CSCO,-0.031082928,0.032613039,-0.008398056
2023-11-01,IBM,-0.029126883,0.028668165,-0.0029855967
2023-11-01,INTC,-0.033038795,0.03689301,-0.0033826828
2023-11-01,MSFT,-0.033682048,0.032947063,-0.0015435815
2023-11-01,NKE,-0.03588897,0.033516049,-0.0040920973
2023-11-01,VZ,-0.031080842,0.028074861,-0.0057798624
2023-11-01,WMT,-0.021144569,0.025179863,-0.0054115057
2023-11-02,AAPL,0.0018264055,0.010365725,-0.002939105
2023-11-02,AMGN,-0.0029804111,-0.0010899305,-0.0066496134
2023-11-02,CRM,0.0058363676,0.010252237,0.0033438206
2023-11-02,CSCO,0.010231495,-0.0040232539,-0.0045225024
2023-11-02,IBM,-0.0029836893,0.0066812038,0.00032305717
2023-11-02,INTC,0.0016874075,0.0004529953,0.00034117699
2023-11-02,MSFT,-0.0022327304,0.00068831444,0.00063860416
2023-11-02,NKE,-0.0010129809,0.0047346354,0.0059417486
2023-11-02,VZ,0.00054097176,0.0030374527,-0.0010590553
2023-11-02,WMT,0.00023937225,-0.00038152933,-0.0044645667
2023-11-03,AAPL,-0.027421951,0.014616132,0.0050828457
2023-11-03,AMGN,-0.047230422,0.020879507,0.010358214
2023-11-03,CRM,-0.040420771,0.017100692,0.015710235
2023-11-03,CSCO,-0.0030556917,-0.0048864484,-0.0034822822
2023-11-03,IBM,-0.024055839,0.0099184513,0.0021321774
2023-11-03,INTC,-0.015323877,-0.0044727921,0.0095347166
2023-11-03,MSFT,-0.022972763,0.0031952858,0.0011891127
2023-11-03,NKE,-0.02327168,0.011947274,0.0074872971
2023-11-03,VZ,-0.017682493,0.0021125078,0.003231883
2023-11-03,WMT,-0.011322021,-0.0054552555,-0.0050566792
2023-11-06,AAPL,-0.021390378,0.01550293,-0.010909796
2023-11-06,AMGN,-0.050794065,0.023822427,0.0061811209
2023-11-06,CRM,-0.032508135,0.016221523,0.0034821033
2023-11-06,CSCO,0.0036429167,-0.011620462,-0.017868817
2023-11-06,IBM,-0.0057851672,-0.0010573268,-0.0056913495
2023-11-06,INTC,-0.0011888742,-0.0094022155,-0.0036018491
2023-11-06,MSFT,-0.021865189,-0.0023345351,-0.0055578947
2023-11-06,NKE,-0.019716382,0.0064196587,0.00036299229
2023-11-06,VZ,-0.0052334666,-0.0023759007,-0.0043720007
2023-11-06,WMT,-0.0065310001,-0.0093154311,-0.0095998049
2023-11-07,AAPL,-0.015279233,0.013463378,-0.0043020248
2023-11-07,AMGN,-0.043873847,0.018979669,0.010786176
2023-11-07,CRM,-0.003805697,0.0028128624,-0.0026721954
2023-11-07,CSCO,0.004575491,-0.015108287,-0.010332227
2023-11-07,IBM,-0.0093278885,0.00035643578,-0.0027992725
2023-11-07,INTC,0.010507464,-0.0070954561,-0.00023341179
2023-11-07,MSFT,-0.0051680207,-0.0024231672,-0.0061123967
2023-11-07,NKE,-0.015524387,0.0088610649,0.0069487095
2023-11-07,VZ,-0.0041543841,-0.0023700595,0.00019478798
2023-11-07,WMT,-0.0094383955,-0.0020468235,-0.0046288371
2023-11-08,AAPL,-0.033469379,0.017690778,0.0029571056
2023-11-08,AMGN,-0.041354775,0.02425766,0.0089640617
2023-11-08,CRM,-0.022260427,0.018224359,0.0016602278
2023-11-08,CSCO,0.0033894777,-0.012355983,-0.00825876
2023-11-08,IBM,-0.014677703,0.0038933754,0.0061329603
2023-11-08,INTC,-0.0050628781,-0.0078468323,0.0051027536
2023-11-08,MSFT,-0.018592656,0.0023669004,-0.0052888393
2023-11-08,NKE,-0.029844463,0.011226773,0.013007998
2023-11-08,VZ,-0.0041279197,-0.0036392808,-0.00027740002
2023-11-08,WMT,-0.012423635,-0.002110064,-0.0061568618
2023-11-09,AAPL,-0.022064209,0.012204647,-0.013917089
2023-11-09,AMGN,-0.042505503,0.021206379,0.004237771
2023-11-09,CRM,0.00079107285,-0.0020394325,-0.01269716
2023-11-09,CSCO,0.0019593239,-0.017032444,-0.010012984
2023-11-09,IBM,-0.018251479,0.0068062544,0.0049543381
2023-11-09,INTC,-0.004966557,-0.0047716498,0.0018873215
2023-11-09,MSFT,-0.017817557,-0.0029323101,-0.0046128035
2023-11-09,NKE,-0.01497072,0.0044852495,0.0040121078
2023-11-09,VZ,-0.021419466,0.0055162907,0.0042221546
2023-11-09,WMT,-0.032580912,0.0091381073,0.00013554096
2023-11-10,AAPL,-0.013494134,0.012344837,-0.01161176
2023-11-10,AMGN,-0.042795658,0.018440366,0.0084016323
2023-11-10,CRM,0.0053914785,-0.0092041492,-0.0052405
2023-11-10,CSCO,-0.004119277,-0.021190703,-0.012638569
2023-11-10,IBM,-0.018925905,0.0075590611,0.0036340952
2023-11-10,INTC,-0.008038342,-0.007586658,-0.00088757277
2023-11-10,MSFT,-0.019132853,-0.00061368942,-0.0047066212
2023-11-10,NKE,-0.01400578,0.0031453371,0.0035257339
2023-11-10,VZ,-0.022041559,0.0040233135,0.0012744665
2023-11-10,WMT,-0.035491943,0.009432435,-7.2538853e-05
2023-11-13,AAPL,-0.013831973,0.014951468,-0.0044959784
2023-11-13,AMGN,-0.045300305,0.021371603,0.0096892118
2023-11-13,CRM,-0.023857772,0.0016430616,0.0078237057
2023-11-13,CSCO,-0.0043286681,-0.016416788,-0.0073667169
2023-11-13,IBM,-0.012872934,0.0055037737,-0.00052845478
2023-11-13,INTC,0.001086235,-0.0073665977,5.209446e-05
2023-11-13,MSFT,-0.020376086,-0.00063192844,-0.0022808313
2023-11-13,NKE,-0.019212782,0.0095821619,0.0093485117
2023-11-13,VZ,-0.0076087713,0.0025094748,-0.0008585453
2023-11-13,WMT,-0.017255962,-0.00093239546,-0.0067793131
2023-11-14,AAPL,-0.015070617,0.012813687,-0.0025193095
2023-11-14,AMGN,-0.041478515,0.023117781,0.010382056
2023-11-14,CRM,-0.011393785,0.0042662621,0.0053489208
2023-11-14,CSCO,0.0082404613,-0.015491486,-0.011031747
2023-11-14,IBM,-0.0096383691,0.0026804209,0.00035846233
2023-11-14,INTC,-0.0051366091,-0.0040152669,0.0026807785
2023-11-14,MSFT,-0.013906717,-0.0044174194,-0.0046004057
2023-11-14,NKE,-0.022801757,0.010241985,0.0085788965
2023-11-14,VZ,-0.0091629624,-0.00054270029,0.0034459829
2023-11-14,WMT,-0.018448412,0.0016680956,-0.0044283271
2023-11-15,AAPL,-0.017139733,0.016780496,-0.016273081
2023-11-15,AMGN,-0.029422402,0.018672466,-0.010291219
2023-11-15,CRM,-0.038884044,0.013477445,-0.004393518
2023-11-15,CSCO,-0.0015019774,-0.015095949,-0.016107023
2023-11-15,IBM,-0.013048351,0.0014768839,-0.0022774339
2023-11-15,INTC,-0.015069425,-0.0074420571,6.8426132e-05
2023-11-15,MSFT,-0.027148604,0.0044690371,-0.007132113
2023-11-15,NKE,-0.018547297,0.0081247091,-0.0014243126
2023-11-15,VZ,-0.0049397945,-0.0046033859,-0.0083565712
2023-11-15,WMT,-0.0081230998,-0.0071647763,-0.011743665
2023-11-16,AAPL,-0.019146442,0.017717004,-0.018915474
2023-11-16,AMGN,-0.045183599,0.026972413,0.0002733469
2023-11-16,CRM,-0.047053874,0.023147464,-0.0088990331
2023-11-16,CSCO,-0.0017952919,-0.013052821,-0.016358733
2023-11-16,IBM,-0.0086963177,-6.210804e-05,-0.0039245486
2023-11-16,INTC,-0.00020825863,-0.0098765492,-0.009025991
2023-11-16,MSFT,-0.016933262,-0.0048063993,-0.016670525
2023-11-16,NKE,-0.021127999,0.0044981241,-0.0019595623
2023-11-16,VZ,-0.0039994717,-0.0040597916,-0.0076953173
2023-11-16,WMT,-0.015599072,-0.0027919412,-0.011352539
2023-11-17,AAPL,-0.019996703,0.017608643,-0.0041077733
2023-11-17,AMGN,-0.044721127,0.026305676,0.0061343908
2023-11-17,CRM,-0.0072290897,0.012556672,-0.0093211532
2023-11-17,CSCO,0.0079587698,-0.013110578,-0.012940168
2023-11-17,IBM,-0.010463715,0.0045057535,-0.0010236502
2023-11-17,INTC,-0.00016123056,-0.0023497939,0.00014269352
2023-11-17,MSFT,-0.011879265,0.0014890432,-0.0074429512
2023-11-17,NKE,-0.016322732,0.0097107887,0.0081130266
2023-11-17,VZ,-0.00084644556,-0.00046634674,0.0005415678
2023-11-17,WMT,-0.012583375,0.0019073486,-0.0052860975
2023-11-20,AAPL,-0.020725429,0.022649169,-0.0050088763
2023-11-20,AMGN,-0.039633989,0.022941947,0.0037770271
2023-11-20,CRM,-0.010671258,0.015743256,-0.00045931339
2023-11-20,CSCO,0.0046715736,-0.011802375,-0.011774182
2023-11-20,IBM,-0.014059007,0.0098600388,0.0027784109
2023-11-20,INTC,-0.0038166046,-0.001298368,0.0033603907
2023-11-20,MSFT,-0.012746096,0.0062749386,-0.0030203462
2023-11-20,NKE,-0.023772299,0.014137745,0.011691213
2023-11-20,VZ,-0.0098589659,0.0020141602,0.0024703741
2023-11-20,WMT,-0.01408267,0.0039234161,-0.0067250729
2023-11-21,AAPL,-0.018435419,0.019332767,-0.017675757
2023-11-21,AMGN,-0.042492986,0.021876931,-0.0025093555
2023-11-21,CRM,-0.0060972571,-0.0031636357,-0.008138597
2023-11-21,CSCO,0.0090421438,-0.020196259,-0.019329667
2023-11-21,IBM,-0.025522649,0.0077689886,0.00065624714
2023-11-21,INTC,-0.0070527792,-0.0063079596,-0.00082719326
2023-11-21,MSFT,-0.018792629,0.0028836727,-0.008120954
2023-11-21,NKE,-0.023444474,0.0069959164,0.0015633106
2023-11-21,VZ,-0.020427823,0.0022989511,0.0016194582
2023-11-21,WMT,-0.0324561,0.0073428154,-0.0028271675
2023-11-22,AAPL,-0.015005827,0.023705959,-0.019405425
2023-11-22,AMGN,-0.062135518,0.040847421,0.003023386
2023-11-22,CRM,-0.027787745,0.0095421076,-0.0020935535
2023-11-22,CSCO,0.0015869141,-0.015031695,-0.013445199
2023-11-22,IBM,-0.010489404,0.0065664053,0.0011410713
2023-11-22,INTC,-0.0057454705,-0.0076630116,-0.0044192076
2023-11-22,MSFT,-0.012716472,0.0011556149,-0.012516022
2023-11-22,NKE,-0.012445748,0.0053937435,0.0028361082
2023-11-22,VZ,-0.018587172,0.0023181438,-0.0059970021
2023-11-22,WMT,-0.021810055,0.00075137615,-0.0055389404
2023-11-24,AAPL,0.010689974,0.0038161278,-0.020396471
2023-11-24,AMGN,-0.061296463,0.037949324,0.0076094866
2023-11-24,CRM,0.0044778585,-0.0017925501,-0.013522625
2023-11-24,CSCO,0.0072777271,-0.019893348,-0.018814027
2023-11-24,IBM,-0.01148361,0.0073032379,7.7366829e-05
2023-11-24,INTC,0.010105729,-0.0075313449,-0.01271987
2023-11-24,MSFT,-0.0032098293,-0.0040418506,-0.015288591
2023-11-24,NKE,-0.02327919,0.0057371855,0.0020964146
2023-11-24,VZ,-0.022865057,0.0078825951,7.1167946e-05
2023-11-24,WMT,-0.049460053,0.017585158,0.0022120476
2023-11-27,AAPL,-0.014901578,0.013852954,-0.010119975
2023-11-27,AMGN,-0.014006019,0.014499426,-0.011063576
2023-11-27,CRM,0.0013691187,0.00099945068,-0.013017178
2023-11-27,CSCO,-0.011972368,-0.0097418427,-0.0062852502
2023-11-27,IBM,-0.0092912912,0.0065146685,-0.0046951175
2023-11-27,INTC,-0.013764799,-0.0041850805,-0.0046334863
2023-11-27,MSFT,-0.017179906,0.0047721863,-0.0074786544
2023-11-27,NKE,-0.014837205,0.011589289,0.0044453144
2023-11-27,VZ,-0.0099039078,0.0095463991,-0.0069699287
2023-11-27,WMT,-0.023173869,0.0062692165,-0.0019235611
2023-11-28,AAPL,-0.0023607016,0.012746334,-0.019434214
2023-11-28,AMGN,-0.027140439,0.014958024,-0.004712224
2023-11-28,CRM,-0.018297911,0.012000322,-0.006326437
2023-11-28,CSCO,-0.0049632788,-0.0091044307,-0.015916586
2023-11-28,IBM,-0.013603687,0.0025875568,-0.0031334162
2023-11-28,INTC,-0.0075877309,-0.0034030676,-0.0041382909
2023-11-28,MSFT,-0.015134692,0.0020334721,-0.010355532
2023-11-28,NKE,-0.022728324,0.0057743788,0.0016065836
2023-11-28,VZ,-0.010082901,-0.0010070801,-0.0043703914
2023-11-28,WMT,-0.013450503,0.0021368265,-0.0073401332
2023-11-29,AAPL,-0.022739649,0.023599863,-0.0087457895
2023-11-29,AMGN,-0.023663998,0.028894544,-0.0076812506
2023-11-29,CRM,-0.066526175,0.053112388,-0.012725234
2023-11-29,CSCO,-0.025768638,0.012647033,-0.0084713697
2023-11-29,IBM,-0.028353572,0.015424609,-0.0048191547
2023-11-29,INTC,-0.03059721,0.013850212,-0.00012373924
2023-11-29,MSFT,-0.025335848,0.020534158,-0.0043560863
2023-11-29,NKE,-0.020749986,0.023442507,-0.0016197562
2023-11-29,VZ,-0.0092936158,0.0062040091,-0.011681736
2023-11-29,WMT,-0.0040578842,0.0073150396,-0.0082913637
2023-11-30,AAPL,0.0064665079,0.006727457,-0.023026228
2023-11-30,AMGN,-0.01620245,0.024111748,-0.010635495
2023-11-30,CRM,-0.050194323,0.034794092,-0.024485111
2023-11-30,CSCO,-0.027252972,0.0067213774,-0.018537641
2023-11-30,IBM,-0.011964619,0.010281563,-0.015529811
2023-11-30,INTC,-0.019216955,0.0068349838,-0.014144957
2023-11-30,MSFT,-0.019344389,0.015645862,-0.017506421
2023-11-30,NKE,-0.031420767,0.016637444,-0.0085241795
2023-11-30,VZ,-0.023766339,0.011370301,-0.011078775
2023-11-30,WMT,-0.02556026,0.018592834,-0.0086121559
2023-12-01,AAPL,-0.049630523,0.039932609,-0.0011849999
2023-12-01,AMGN,-0.042359114,0.042761326,4.1246414e-05
2023-12-01,CRM,-0.059020162,0.061651707,-0.013077021
2023-12-01,CSCO,-0.044050932,0.03651464,-0.010961652
2023-12-01,IBM,-0.032313049,0.030570626,-0.0032418966
2023-12-01,INTC,-0.042538464,0.037347913,-0.0017644167
2023-12-01,MSFT,-0.042720735,0.033855319,0.0012367964
2023-12-01,NKE,-0.037744522,0.030595779,-0.0079530478
2023-12-01,VZ,-0.033560157,0.026463985,-0.00669837
2023-12-01,WMT,-0.024830997,0.025326729,-0.006259799
2023-12-04,AAPL,-0.007846117,0.017084956,-0.0037330985
2023-12-04,AMGN,-0.021420836,0.014663219,0.0022748709
2023-12-04,CRM,-0.010470867,0.012481451,0.0065277815
2023-12-04,CSCO,0.0038084984,-0.00091034174,-0.0003195405
2023-12-04,IBM,-0.0047942996,0.0049573183,0.00084030628
2023-12-04,INTC,-0.0036849976,0.0038659573,0.0020500422
2023-12-04,MSFT,-0.0041579008,0.0018513203,0.00022649765
2023-12-04,NKE,-0.0053701401,0.010021567,0.0030064583
2023-12-04,VZ,-0.0054995418,0.0069184303,-0.0055206418
2023-12-04,WMT,-0.0021763444,0.0013577938,-0.0042375922
2023-12-05,AAPL,-0.022919118,0.019132733,-0.0044667721
2023-12-05,AMGN,-0.041259706,0.01939559,0.012902379
2023-12-05,CRM,-0.042576134,0.0069637299,0.015127301
2023-12-05,CSCO,-0.0095124245,-0.0063285828,-0.0032243729
2023-12-05,IBM,-0.020381391,0.0071004629,-3.606081e-05
2023-12-05,INTC,-0.011481702,-0.0021600127,0.0064362288
2023-12-05,MSFT,-0.020442367,0.0027672052,0.00013327599
2023-12-05,NKE,-0.021055102,0.0093548298,3.9935112e-05
2023-12-05,VZ,-0.012367904,0.0066621304,-0.00056630373
2023-12-05,WMT,-0.021936655,0.0043962002,-0.0020601749
2023-12-06,AAPL,-0.025575519,0.021651268,0.0013259649
2023-12-06,AMGN,-0.017891169,0.012039423,0.0055372715
2023-12-06,CRM,-0.040289342,0.014063716,0.021948576
2023-12-06,CSCO,0.001696229,-0.0041314363,-0.0046659112
2023-12-06,IBM,-0.0092747211,0.0040285587,-8.4459782e-05
2023-12-06,INTC,-0.0044420362,-0.0047680736,0.0078392029
2023-12-06,MSFT,-0.010641634,0.00083827972,-0.00073611736
2023-12-06,NKE,-0.033327579,0.015210509,0.014785171
2023-12-06,VZ,0.006290555,-0.00012004375,-0.0063785315
2023-12-06,WMT,-0.0026856661,-0.0042370558,-0.0049780607
2023-12-07,AAPL,-0.027436316,0.018368483,0.0021471977
2023-12-07,AMGN,-0.012332737,0.00062942505,0.00057029724
2023-12-07,CRM,-0.029582202,0.0077894926,0.012448668
2023-12-07,CSCO,0.0035989285,-0.0076609254,-0.0053799152
2023-12-07,IBM,-0.0067821145,0.0019003153,-0.0018392801
2023-12-07,INTC,-0.0043091774,-0.0064709783,0.0065039396
2023-12-07,MSFT,-0.0015774965,-0.0029397607,-0.0020941496
2023-12-07,NKE,-0.023786604,0.012670279,0.013541102
2023-12-07,VZ,0.0077540874,-0.0014801621,-0.0044062734
2023-12-07,WMT,0.0033580065,-0.0031042099,-0.0077607632
2023-12-08,AAPL,-0.031486571,0.016604781,-0.0082406998
2023-12-08,AMGN,-0.025613546,0.011753321,0.005947113
2023-12-08,CRM,-0.048370957,0.013531446,0.0056278706
2023-12-08,CSCO,-0.0020956993,-0.012006283,-0.0096892118
2023-12-08,IBM,-0.016891301,0.0037000179,-0.0006865859
2023-12-08,INTC,-0.014728785,-0.0088466406,0.00012862682
2023-12-08,MSFT,-0.015449405,0.0001411438,-0.0039630532
2023-12-08,NKE,-0.020719051,0.0087609291,0.0070209503
2023-12-08,VZ,-0.0003567338,-0.0020106435,-0.0073986053
2023-12-08,WMT,-0.0071313381,-0.0008456707,-0.0066728592
2023-12-11,AAPL,-0.02658242,0.01804769,-0.0087172389
2023-12-11,AMGN,-0.023040354,0.0097168684,0.0058358908
2023-12-11,CRM,-0.010733366,-0.0013845563,0.0018316507
2023-12-11,CSCO,0.0024778843,-0.013096571,-0.007910192
2023-12-11,IBM,-0.01467979,0.0050383806,0.0011816025
2023-12-11,INTC,-0.0029343963,-0.0077391267,0.00094115734
2023-12-11,MSFT,-0.010454118,-0.0045579076,-0.0059552193
2023-12-11,NKE,-0.012478232,0.0045944452,0.0039744377
2023-12-11,VZ,-0.010723889,0.0026035309,-0.0063610077
2023-12-11,WMT,-0.021141887,0.0044318438,-0.0024639368
2023-12-12,AAPL,-0.032795668,0.018585801,-0.0064230561
2023-12-12,AMGN,-0.032899439,0.01314795,0.0075290203
2023-12-12,CRM,-0.01864332,0.0048189163,0.01224184
2023-12-12,CSCO,-0.00062501431,-0.011505902,-0.0077621341
2023-12-12,IBM,-0.018402457,0.0073897839,0.00337708
2023-12-12,INTC,-0.014120758,-0.0059008598,0.0051562786
2023-12-12,MSFT,-0.016739011,0.0032565594,-0.00061845779
2023-12-12,NKE,-0.016383529,0.0093649626,0.01271534
2023-12-12,VZ,-0.0082788467,0.0028398037,-0.00015473366
2023-12-12,WMT,-0.014982879,0.0035965443,-0.0023962259
2023-12-13,AAPL,-0.017832041,0.016575575,-0.0050981641
2023-12-13,AMGN,-0.029474258,0.011008263,0.0070362091
2023-12-13,CRM,-0.011141539,-0.0068346858,-0.00037944317
2023-12-13,CSCO,0.0033016205,-0.014417052,-0.0061668158
2023-12-13,IBM,-0.012835801,0.0055601597,0.0022137165
2023-12-13,INTC,-0.00021219254,-0.011124432,0.0020805597
2023-12-13,MSFT,-0.015665054,-0.0047314167,0.00079226494
2023-12-13,NKE,-0.022966623,0.0082266331,0.010899782
2023-12-13,VZ,-0.013327897,0.0054782629,-0.0027861595
2023-12-13,WMT,-0.020291746,0.0030603409,-0.0023168325
2023-12-14,AAPL,-0.012131393,0.014255047,-0.0075688362
2023-12-14,AMGN,-0.027950585,0.011049151,0.0016034842
2023-12-14,CRM,-0.0076735616,-0.0006917119,0.010498285
2023-12-14,CSCO,-0.00027239323,-0.014882684,-0.009670496
2023-12-14,IBM,-0.017430246,0.0045909882,0.00020945072
2023-12-14,INTC,-0.009196341,-0.0051734447,0.0027781725
2023-12-14,MSFT,-0.015900552,-0.0022603869,-0.00031787157
2023-12-14,NKE,-0.016154408,0.011555552,0.0085929632
2023-12-14,VZ,-0.011527956,0.0028315783,-0.0011888742
2023-12-14,WMT,-0.024267733,0.0053436756,-0.0015613437
2023-12-15,AAPL,-0.025427163,0.022215724,-0.0097204447
2023-12-15,AMGN,-0.026534259,0.015494466,-0.0022239685
2023-12-15,CRM,-0.039488375,0.0084207058,0.0085581541
2023-12-15,CSCO,0.0039098263,-0.01341784,-0.013781905
2023-12-15,IBM,-0.016430497,0.0024983883,-0.001975596
2023-12-15,INTC,-0.010072768,-0.0073660612,0.0023959875
2023-12-15,MSFT,-0.015070617,-0.00080949068,-0.0081691146
2023-12-15,NKE,-0.015414,0.0037736893,0.0034936666
2023-12-15,VZ,-0.007083416,-0.00016635656,-0.0096846819
2023-12-15,WMT,-0.0076195598,-0.0056249499,-0.011291683
2023-12-18,AAPL,-0.027605534,0.023765087,-0.0092380047
2023-12-18,AMGN,-0.027737379,0.018253684,-0.00017637014
2023-12-18,CRM,-0.036475301,0.018524528,0.0055645704
2023-12-18,CSCO,0.0034294128,-0.010318577,-0.015475988
2023-12-18,IBM,-0.017605782,0.004917264,0.0023978949
2023-12-18,INTC,-0.0031275153,-0.0052703023,0.0014927387
2023-12-18,MSFT,-0.0067878962,-0.0027195811,-0.013495147
2023-12-18,NKE,-0.019105911,0.0090663433,0.0093476772
2023-12-18,VZ,-0.0082685947,0.00014019012,-0.0076643229
2023-12-18,WMT,-0.011624575,-0.0010670424,-0.007147491
2023-12-19,AAPL,-0.031361997,0.024582744,-0.00038415194
2023-12-19,AMGN,-0.040710568,0.021322131,0.0089225769
2023-12-19,CRM,-0.026796281,0.012450457,-0.0014025569
2023-12-19,CSCO,0.0074250698,-0.0086642504,-0.011637866
2023-12-19,IBM,-0.012235045,0.006794095,0.0033593178
2023-12-19,INTC,-0.0015590787,-0.004221499,0.0047883987
2023-12-19,MSFT,-0.004350841,0.00092029572,-0.0073079467
2023-12-19,NKE,-0.013085425,0.0081056356,0.0099050999
2023-12-19,VZ,-0.011385083,0.0048410892,-0.0014417171
2023-12-19,WMT,-0.013526618,0.0019836426,-0.0052973032
2023-12-20,AAPL,-0.017845273,0.0173136,-0.0085741878
2023-12-20,AMGN,-0.033290029,0.016439795,0.004347682
2023-12-20,CRM,-0.0013374686,-0.00019836426,-0.0022656918
2023-12-20,CSCO,0.009137392,-0.016548932,-0.012238741
2023-12-20,IBM,-0.016546428,0.0075126886,0.0040766001
2023-12-20,INTC,0.0039442778,-0.0044897199,0.0069035292
2023-12-20,MSFT,-0.0058573484,0.0013875961,-0.0021103621
2023-12-20,NKE,-0.016932786,0.0081003904,0.0096883774
2023-12-20,VZ,-0.01555711,0.0074517727,0.0022717714
2023-12-20,WMT,-0.02520752,0.0090167522,-0.001301229
2023-12-21,AAPL,-0.013863862,0.016291499,-0.007324338
2023-12-21,AMGN,-0.039848506,0.023350835,0.0047858953
2023-12-21,CRM,-0.015383422,-0.0024492145,0.0047491789
2023-12-21,CSCO,0.0049314499,-0.018541217,-0.010317206
2023-12-21,IBM,-0.017681718,0.0068861246,0.0053216219
2023-12-21,INTC,-0.0025389194,-0.0071901679,0.0022609234
2023-12-21,MSFT,-0.0091572404,-0.0013000965,-0.0061969161
2023-12-21,NKE,-0.02796191,0.0099599361,0.0067863464
2023-12-21,VZ,-0.017166257,0.0069167614,0.00040471554
2023-12-21,WMT,-0.024938226,0.0063662529,-0.0016285181
2023-12-22,AAPL,-0.023708045,0.021366477,-0.01127553
2023-12-22,AMGN,-0.051582515,0.029669881,0.0079972744
2023-12-22,CRM,-0.022926211,0.0055701733,0.01216042
2023-12-22,CSCO,-0.0039701462,-0.010529101,-0.012397885
2023-12-22,IBM,-0.012213588,0.0041233301,-0.0030366778
2023-12-22,INTC,-0.0029694438,-0.007674396,-0.002438128
2023-12-22,MSFT,-0.009801507,0.00045394897,-0.010136902
2023-12-22,NKE,-0.021351576,0.0058436394,0.0070719719
2023-12-22,VZ,-0.013348699,0.0044698715,-0.0050131083
2023-12-22,WMT,-0.026316822,0.0064947605,-0.0027003884
2023-12-26,AAPL,-0.015683949,0.016809225,-0.017611742
2023-12-26,AMGN,-0.034546852,0.025728822,-0.00023955107
2023-12-26,CRM,-0.021499872,0.0051945448,0.00032818317
2023-12-26,CSCO,-0.0015872717,-0.011556685,-0.013636649
2023-12-26,IBM,-0.0030792356,0.0055454969,-0.0031934977
2023-12-26,INTC,-0.0025799274,-0.0051760077,-0.002474308
2023-12-26,MSFT,-0.0045436621,0.00016260147,-0.0077957511
2023-12-26,NKE,-0.016236782,0.0069087744,0.0066262484
2023-12-26,VZ,-0.0088784099,0.0058416128,-0.0089705586
2023-12-26,WMT,-0.027375877,0.0074332952,-0.0015178323
2023-12-27,AAPL,-0.017153144,0.012669802,-0.0090147257
2023-12-27,AMGN,-0.014648259,0.013520718,-0.011248767
2023-12-27,CRM,0.0024986267,-0.00097060204,-0.010707736
2023-12-27,CSCO,-0.0055747032,-0.008693099,-0.0089569092
2023-12-27,IBM,-0.011994004,0.0035549402,-0.0038371086
2023-12-27,INTC,-0.0035432577,-0.0020301938,-0.0054615736
2023-12-27,MSFT,-0.0048261285,-0.0032800436,-0.010709167
2023-12-27,NKE,-0.015819788,0.0072613955,0.0040637255
2023-12-27,VZ,-0.010633826,0.010111094,-0.0025675893
2023-12-27,WMT,-0.0328601,0.011446834,0.0020202398
2023-12-28,AAPL,-0.015267789,0.017022729,-0.0085467696
2023-12-28,AMGN,-0.021889389,0.016837239,-0.006562531
2023-12-28,CRM,-0.032472908,0.02228415,0.0016585588
2023-12-28,CSCO,-0.015432954,0.0015672445,-0.010606587
2023-12-28,IBM,-0.019574881,0.0077857971,0.0017752647
2023-12-28,INTC,-0.026435256,0.0071172714,0.0051547289
2023-12-28,MSFT,-0.017831564,0.010346889,-0.0039237142
2023-12-28,NKE,-0.014360249,0.0074617863,0.0020517111
2023-12-28,VZ,-0.011463106,0.0054535866,-0.0067955256
2023-12-28,WMT,0.002795577,0.00043487549,-0.010097802
2023-12-29,AAPL,-0.022875667,0.027442932,-0.0067093968
2023-12-29,AMGN,-0.029400229,0.02763617,-0.0017198324
2023-12-29,CRM,-0.052306056,0.04630518,-0.0070485473
2023-12-29,CSCO,-0.029573619,0.013263106,-0.0049028397
2023-12-29,IBM,-0.033064008,0.015677094,-0.0011814833
2023-12-29,INTC,-0.029771566,0.017131448,0.0033202171
2023-12-29,MSFT,-0.022467434,0.017998099,-0.0056062341
2023-12-29,NKE,-0.031972647,0.025105715,0.0062254667
2023-12-29,VZ,-0.0041635036,0.0077115297,-0.0039660335
2023-12-29,WMT,-0.019370317,0.013146877,-0.0022736192
2024-01-02,AAPL,-0.0049174428,0.0082896948,-0.042937219
2024-01-02,AMGN,-0.0192101,0.01923728,-0.017394662
2024-01-02,CRM,-0.071322501,0.043374896,-0.032163262
2024-01-02,CSCO,-0.036542118,0.0048274994,-0.027182043
2024-01-02,IBM,-0.015772581,0.0072612762,-0.017157316
2024-01-02,INTC,-0.01999712,0.0021394491,-0.021259129
2024-01-02,MSFT,-0.024139643,0.01203084,-0.021421313
2024-01-02,NKE,-0.025109589,0.011055708,-0.018290222
2024-01-02,VZ,-0.016108036,0.0051482916,-0.024727106
2024-01-02,WMT,-0.018551588,0.013146877,-0.01561904
2024-01-03,AAPL,-0.039238691,0.038195729,-0.0042358637
2024-01-03,AMGN,-0.033039153,0.03651309,-0.00074547529
2024-01-03,CRM,-0.034894764,0.050935388,-0.014113843
2024-01-03,CSCO,-0.026604176,0.030433416,-0.0081306696
2024-01-03,IBM,-0.025996029,0.02622211,-0.0040873885
2024-01-03,INTC,-0.035346866,0.034415483,0.0015568733
2024-01-03,MSFT,-0.035590589,0.027694941,-0.00082862377
2024-01-03,NKE,-0.032864928,0.024183989,-0.0037371516
2024-01-03,VZ,-0.02450794,0.023281455,-0.0043305755
2024-01-03,WMT,-0.020436823,0.023346663,-0.0046367049
2024-01-04,AAPL,0.0079138279,0.0089658499,-0.0098072886
2024-01-04,AMGN,0.0084773302,0.00046145916,-0.010709703
2024-01-04,CRM,0.018239975,0.0048854351,-0.0062711835
2024-01-04,CSCO,0.014307022,-0.0031437874,-0.0050707459
2024-01-04,IBM,0.0032744408,0.0035979748,-0.00426507
2024-01-04,INTC,0.010746002,-0.001822114,-0.0072101951
2024-01-04,MSFT,0.015520573,-0.0034524202,-0.0084693432
2024-01-04,NKE,-0.0015844107,0.0013650656,0.0019106865
2024-01-04,VZ,-0.0050156713,0.0044549704,-0.0066910386
2024-01-04,WMT,-0.0031652451,0.0014418364,-0.0024404526
2024-01-05,AAPL,-0.028478026,0.024641991,0.0045707226
2024-01-05,AMGN,-0.033981562,0.020455003,0.013585806
2024-01-05,CRM,-0.041449308,0.025032997,0.022266984
2024-01-05,CSCO,-0.00084507465,-0.0071803927,-0.0027926564
2024-01-05,IBM,-0.011911869,0.0071518421,-0.0015956163
2024-01-05,INTC,-0.015721858,-0.0015081167,0.013442397
2024-01-05,MSFT,-0.012818873,0.0028438568,-0.00014340878
2024-01-05,NKE,-0.023202181,0.012176275,0.0089042187
2024-01-05,VZ,-0.0083770752,0.0041983128,0.00034213066
2024-01-05,WMT,0.0015921593,-0.0074065924,-0.0050160885
2024-01-08,AAPL,-0.019858479,0.017195106,-0.012317359
2024-01-08,AMGN,-0.027973711,0.0076181889,0.0072475672
2024-01-08,CRM,-0.050825655,0.016122937,0.012721181
2024-01-08,CSCO,0.0017809868,-0.013548732,-0.0070593357
2024-01-08,IBM,-0.0085844398,0.00029087067,-0.0034338236
2024-01-08,INTC,5.3405762e-05,-0.014678657,0.0041667223
2024-01-08,MSFT,-0.0075385571,-0.0075498819,-0.0025249124
2024-01-08,NKE,-0.025803685,0.0072000027,0.0080939531
2024-01-08,VZ,-0.0015557408,-0.0017924309,-0.0055428743
2024-01-08,WMT,-0.0072650313,-0.0033070445,-0.0043976307
2024-01-09,AAPL,-0.02751255,0.020761967,-5.3048134e-06
2024-01-09,AMGN,-0.022408903,0.014480829,0.0069155693
2024-01-09,CRM,-0.034845233,0.0051008463,0.015507579
2024-01-09,CSCO,0.0010044575,-0.010769427,-0.0052546859
2024-01-09,IBM,-0.0070846081,-0.0011698604,0.0010447502
2024-01-09,INTC,-0.0053307414,-0.0082717538,0.0088587999
2024-01-09,MSFT,-0.0062386394,-0.0013110638,0.00028920174
2024-01-09,NKE,-0.012148321,0.013787031,0.014117718
2024-01-09,VZ,0.004685998,0.00068163872,-0.0058931112
2024-01-09,WMT,0.0040254593,-0.0034954548,-0.0070189834
2024-01-10,AAPL,-0.032528758,0.021143913,-0.0075212717
2024-01-10,AMGN,-0.028785586,0.0084468126,0.0046721697
2024-01-10,CRM,-0.034780622,0.0099662542,0.0099956989
2024-01-10,CSCO,-0.011233926,-0.010584652,-0.0057230592
2024-01-10,IBM,-0.019969106,0.0030602217,0.0055232048
2024-01-10,INTC,-0.016110122,-0.007981956,0.0084228516
2024-01-10,MSFT,-0.019338429,-0.0020310879,-0.0017681718
2024-01-10,NKE,-0.026989639,0.012156487,0.011856198
2024-01-10,VZ,0.002188921,-0.0013789535,-0.0066308379
2024-01-10,WMT,-0.0060509443,-0.0035841465,-0.0050823092
2024-01-11,AAPL,-0.031846225,0.021301389,-0.0075790286
2024-01-11,AMGN,-0.019717932,0.0036600828,-0.00022739172
2024-01-11,CRM,-0.031730592,0.0076711178,0.01019454
2024-01-11,CSCO,-0.0020769835,-0.011607111,-0.0026152134
2024-01-11,IBM,-0.021323025,0.0023876429,0.0041062832
2024-01-11,INTC,-0.015826821,-0.0075402856,0.0086512566
2024-01-11,MSFT,-0.01832509,-0.0041318536,-0.00033974648
2024-01-11,NKE,-0.023184896,0.0085310936,0.0091569424
2024-01-11,VZ,-0.0073506832,0.0045183897,-0.0035401583
2024-01-11,WMT,-0.017948449,0.0013734102,0.0015567541
2024-01-12,AAPL,-0.028407395,0.019527316,-0.01113826
2024-01-12,AMGN,-0.021724045,0.0018687248,0.0017154217
2024-01-12,CRM,-0.026709914,0.00016379356,0.0073518753
2024-01-12,CSCO,-0.0053687692,-0.012129068,-0.010372758
2024-01-12,IBM,-0.015098631,0.0021864176,-0.0013535023
2024-01-12,INTC,-0.0071032047,-0.011329174,0.00087785721
2024-01-12,MSFT,-0.013950825,-0.0035178065,-0.0036368966
2024-01-12,NKE,-0.019552767,0.0058072805,0.0082184076
2024-01-12,VZ,-0.0085062981,0.00071275234,-0.0063858032
2024-01-12,WMT,-0.016853809,0.0025376081,-0.0030174851
2024-01-16,AAPL,-0.017974436,0.014199376,-0.0068345666
2024-01-16,AMGN,-0.023420632,0.0087212324,0.00547719
2024-01-16,CRM,-0.03014797,0.006236434,0.016976118
2024-01-16,CSCO,-0.00081121922,-0.012046576,-0.0061182976
2024-01-16,IBM,-0.019811511,0.0058077574,0.0045465231
2024-01-16,INTC,-0.005967021,-0.0077177286,0.0047914982
2024-01-16,MSFT,-0.015575886,-0.0010320544,-0.002289176
2024-01-16,NKE,-0.023666441,0.014590263,0.015594363
2024-01-16,VZ,-0.0081966519,0.002381444,-0.0037523508
2024-01-16,WMT,-0.012569129,0.0033733845,-0.0032429099
2024-01-17,AAPL,-0.020160854,0.015274644,-0.0072488785
2024-01-17,AMGN,-0.032533109,0.010822415,0.0061644316
2024-01-17,CRM,-0.026998222,0.0042068958,0.013007879
2024-01-17,CSCO,0.0096371174,-0.013831139,-0.0090616941
2024-01-17,IBM,-0.010198236,0.0027068853,0.00016117096
2024-01-17,INTC,-0.0013772249,-0.012117982,0.0035990477
2024-01-17,MSFT,-0.0059106946,-0.010016561,-0.0065782666
2024-01-17,NKE,-0.027872741,0.009041667,0.012612581
2024-01-17,VZ,-0.0058403611,0.0008918047,-0.0032319427
2024-01-17,WMT,-0.0098773837,-0.0034549832,-0.0025194287
2024-01-18,AAPL,-0.027108848,0.018605113,-0.017029285
2024-01-18,AMGN,-0.032660782,0.014339685,-0.00021529198
2024-01-18,CRM,-0.046165347,0.013610721,0.007078886
2024-01-18,CSCO,-0.0058771968,-0.015164196,-0.0080493689
2024-01-18,IBM,-0.010392964,0.0013636351,0.0012127161
2024-01-18,INTC,-0.0059298277,-0.010529935,0.0018163919
2024-01-18,MSFT,-0.0096964836,-0.0035407543,-0.0086392164
2024-01-18,NKE,-0.023919344,0.0064902306,0.010024548
2024-01-18,VZ,-0.012760639,0.00031757355,-0.0068553686
2024-01-18,WMT,-0.012346983,-0.005081296,-0.0065204501
2024-01-19,AAPL,-0.028664768,0.017484546,-0.013117254
2024-01-19,AMGN,-0.040525794,0.019396424,0.0092054605
2024-01-19,CRM,-0.029578865,0.0091991425,0.0039741993
2024-01-19,CSCO,-0.00045621395,-0.016861439,-0.010636389
2024-01-19,IBM,-0.014745176,0.0018899441,0.00034725666
2024-01-19,INTC,-0.00045728683,-0.014865696,0.00032651424
2024-01-19,MSFT,-0.0085958838,-0.0078624487,-0.010029316
2024-01-19,NKE,-0.019514084,0.007553339,0.0087152719
2024-01-19,VZ,-0.011808395,0.0025047064,-0.0052874684
2024-01-19,WMT,-0.021916509,0.0016061068,-0.0025995374
2024-01-22,AAPL,-0.032091081,0.018826962,-0.0083068013
2024-01-22,AMGN,-0.027959526,0.0091608763,0.0019826889
2024-01-22,CRM,-0.020404696,0.0058743954,0.0024572611
2024-01-22,CSCO,-0.0057401657,-0.014274776,-0.0080635548
2024-01-22,IBM,-0.013132513,0.0041685104,0.0018655062
2024-01-22,INTC,-0.0013136864,-0.011852324,0.0025594234
2024-01-22,MSFT,-0.013778508,-0.0020722151,-0.0038167834
2024-01-22,NKE,-0.014814079,0.0065201521,0.0087820292
2024-01-22,VZ,-0.010384202,0.0032480955,-0.0042513013
2024-01-22,WMT,-0.016161084,0.00036454201,-0.004468441
2024-01-23,AAPL,-0.018000722,0.014759421,-0.010845542
2024-01-23,AMGN,-0.02158922,0.0082939863,0.0012161732
2024-01-23,CRM,-0.02827245,0.0039659739,0.012176394
2024-01-23,CSCO,0.0025002956,-0.015979171,-0.0075031519
2024-01-23,IBM,-0.015849411,0.0023587942,0.0032110214
2024-01-23,INTC,-0.0010273457,-0.012032628,0.0055962801
2024-01-23,MSFT,-0.010261834,-0.0024798512,-0.0030059218
2024-01-23,NKE,-0.017489076,0.009667635,0.010186315
2024-01-23,VZ,-0.0040678978,0.0012733936,-0.0051709414
2024-01-23,WMT,-0.011157274,-7.9095364e-05,-0.0027673244
2024-01-24,AAPL,-0.028843939,0.025437355,-0.0098243952
2024-01-24,AMGN,-0.021749079,0.013774753,1.7762184e-05
2024-01-24,CRM,-0.035181344,0.015563965,0.017598271
2024-01-24,CSCO,0.00045216084,-0.014111757,-0.0086784363
2024-01-24,IBM,-0.010051847,0.0017168522,0.0018541813
2024-01-24,INTC,-0.012544811,-0.0096489787,0.0071256161
2024-01-24,MSFT,-0.010111809,-0.0034890771,-0.0020414591
2024-01-24,NKE,-0.023171604,0.0069482327,0.0090172291
2024-01-24,VZ,0.00026857853,-0.0013850927,-0.0067142844
2024-01-24,WMT,-0.0010053515,-0.007658422,-0.0078978539
2024-01-25,AAPL,-0.033370793,0.026684642,-0.017659903
2024-01-25,AMGN,-0.028980136,0.017470121,-0.0012887716
2024-01-25,CRM,-0.067131817,0.027609229,0.010787129
2024-01-25,CSCO,-0.018680751,-0.0074214935,-0.012703419
2024-01-25,IBM,-0.020986915,0.0049241781,0.0021729469
2024-01-25,INTC,-0.020059288,-0.004262507,0.0012842417
2024-01-25,MSFT,-0.018808901,0.0028082132,-0.0071063638
2024-01-25,NKE,-0.031877339,0.010226011,0.0072876215
2024-01-25,VZ,-0.0091641545,-0.00043106079,-0.0059115887
2024-01-25,WMT,-0.010762155,-0.0011433363,-0.0072591305
2024-01-26,AAPL,-0.031949759,0.024793148,-0.012564778
2024-01-26,AMGN,-0.031942189,0.01794827,0.000826478
2024-01-26,CRM,-0.037297308,0.01603055,0.0054821968
2024-01-26,CSCO,0.0010155439,-0.010080755,-0.010743678
2024-01-26,IBM,-0.0048102736,0.0032430887,-0.0016682148
2024-01-26,INTC,-0.003764689,-0.0076684952,0.0011754036
2024-01-26,MSFT,-0.0048898458,-0.0023451447,-0.009191215
2024-01-26,NKE,-0.018730998,0.0098334551,0.0084224939
2024-01-26,VZ,-0.0076141953,0.0023795366,-0.0046674609
2024-01-26,WMT,-0.011430264,-0.00035589933,-0.0071653128
2024-01-29,AAPL,-0.023593426,0.013322592,-0.012403369
2024-01-29,AMGN,-0.026021183,0.010834575,-0.0049543977
2024-01-29,CRM,-0.0058665872,-0.0036040545,-0.0029466152
2024-01-29,CSCO,-0.00081592798,-0.012788951,-0.012306154
2024-01-29,IBM,-0.015307844,0.0012173653,-0.00017285347
2024-01-29,INTC,0.0028018951,-0.0063424706,-0.0066465139
2024-01-29,MSFT,-0.0038847923,-0.0060901642,-0.0069852471
2024-01-29,NKE,-0.014596045,0.0065876245,0.0043337345
2024-01-29,VZ,-0.011797428,0.0034606457,-0.0037087798
2024-01-29,WMT,-0.02676475,0.0060011148,0.0039910078
2024-01-30,AAPL,-0.021593273,0.018844247,-0.0089136362
2024-01-30,AMGN,-0.0249421,0.016111135,0.0002194643
2024-01-30,CRM,-0.017778397,0.00748384,0.008939147
2024-01-30,CSCO,-0.0012878776,-0.0055590868,-0.0076971054
2024-01-30,IBM,-0.015247107,0.0060287714,0.0016491413
2024-01-30,INTC,-0.011444092,-0.0022314191,0.0052002668
2024-01-30,MSFT,-0.0074497461,0.0028585196,-0.0050274134
2024-01-30,NKE,-0.0092919469,0.0080516338,0.0062837601
2024-01-30,VZ,-0.008718431,0.0003541708,-0.0041232109
2024-01-30,WMT,0.00077390671,0.0024416447,-0.0070874095
2024-01-31,AAPL,-0.02130568,0.02287519,-0.012197793
2024-01-31,AMGN,-0.046966553,0.029366136,0.0024805069
2024-01-31,CRM,-0.051886618,0.027477503,0.0093575716
2024-01-31,CSCO,-0.018187344,0.0019572973,-0.0067061186
2024-01-31,IBM,-0.022088528,0.007896781,0.0039415359
2024-01-31,INTC,-0.028428912,0.0059765577,0.0077058077
2024-01-31,MSFT,-0.018431604,0.0069528818,-0.0012251139
2024-01-31,NKE,-0.028320253,0.014209986,0.0073462725
2024-01-31,VZ,-0.0037766099,-0.00098973513,-0.0026184916
2024-01-31,WMT,-0.012133121,0.0025341511,-0.0014363527
2024-02-01,AAPL,-0.031627178,0.020981669,-0.038384378
2024-02-01,AMGN,-0.033454001,0.025922656,-0.0087864995
2024-02-01,CRM,-0.05706352,0.031065345,-0.016006827
2024-02-01,CSCO,-0.029210985,0.0078380108,-0.022758842
2024-02-01,IBM,-0.0092067122,0.0058681965,-0.012076855
2024-02-01,INTC,-0.0032606721,0.00025999546,-0.020137668
2024-02-01,MSFT,-0.017884254,0.0072512627,-0.017117321
2024-02-01,NKE,-0.02182287,0.0099732876,-0.013600528
2024-02-01,VZ,-0.0076065063,-0.00017088652,-0.022060037
2024-02-01,WMT,-0.023240149,0.014970899,-0.010152876
2024-02-02,AAPL,-0.033432901,0.032671213,-0.012827516
2024-02-02,AMGN,-0.035336196,0.038334012,0.002063632
2024-02-02,CRM,-0.023807645,0.032541871,-0.014078736
2024-02-02,CSCO,-0.027405322,0.024552822,-0.0089275241
2024-02-02,IBM,-0.015840828,0.016015768,-0.0045934319
2024-02-02,INTC,-0.02180779,0.024768591,-0.0048831701
2024-02-02,MSFT,-0.026288629,0.0190202,-0.0075875521
2024-02-02,NKE,-0.030190766,0.020597458,-0.0025669336
2024-02-02,VZ,-0.020879745,0.015706897,-0.0035279393
2024-02-02,WMT,-0.020957351,0.021082759,-0.0028075576
2024-02-05,AAPL,-0.0054717064,0.010386109,-0.011439383
2024-02-05,AMGN,0.0049022436,0.0006916523,-0.01432687
2024-02-05,CRM,0.0084832907,0.0080354214,-0.006775558
2024-02-05,CSCO,0.0085391998,-0.0023542047,-0.0050057173
2024-02-05,IBM,0.0020631552,0.0020518303,-0.0044032931
2024-02-05,INTC,0.0046974421,-0.00044751167,-0.0093650222
2024-02-05,MSFT,0.0045055151,0.0013350248,-0.0047893524
2024-02-05,NKE,-0.0020475388,0.0022739172,0.00083351135
2024-02-05,VZ,-0.0086084008,0.0057590008,-0.0063450336
2024-02-05,WMT,-0.0021498799,-0.00077164173,-0.003271997
2024-02-06,AAPL,-0.027021646,0.02451551,-0.0029774308
2024-02-06,AMGN,-0.039143443,0.019670129,0.0070847273
2024-02-06,CRM,-0.030054212,0.012035131,0.021291733
2024-02-06,CSCO,-0.0091397166,-0.0053405762,0.00057458878
2024-02-06,IBM,-0.01753509,0.0086526871,-0.00019699335
2024-02-06,INTC,-0.023560584,0.002969265,0.010616899
2024-02-06,MSFT,-0.028762579,0.0067543983,0.0016055107
2024-02-06,NKE,-0.015720606,0.0063506365,0.0025042295
2024-02-06,VZ,-0.018138766,0.0078948736,-0.00030988455
2024-02-06,WMT,-0.014819145,-0.0012285709,-0.00091362
2024-02-07,AAPL,-0.030297279,0.028408885,-0.0098202825
2024-02-07,AMGN,-0.0088582039,0.010304689,-0.0056328177
2024-02-07,CRM,-0.066557109,0.035026789,0.024578452
2024-02-07,CSCO,0.00071382523,-0.0060734153,-0.0087422729
2024-02-07,IBM,-0.0045284033,0.0013797283,-0.003118813
2024-02-07,INTC,-0.0070173144,-0.0062121153,0.001709342
2024-02-07,MSFT,-0.01089704,0.0014672279,-0.0051804781
2024-02-07,NKE,-0.032201111,0.008890748,0.0092147589
2024-02-07,VZ,0.0022740364,-0.0032705069,-0.0041127205
2024-02-07,WMT,0.0097711086,-0.0094280243,-0.010918736
2024-02-08,AAPL,-0.025842547,0.023091316,-0.0059876442
2024-02-08,AMGN,-0.039837301,0.018472433,0.0080996752
2024-02-08,CRM,-0.049687564,0.017351508,0.013663292
2024-02-08,CSCO,0.00022125244,-0.010190904,-0.0029829144
2024-02-08,IBM,-0.0065423846,-0.00074774027,-0.0040848851
2024-02-08,INTC,-0.00027912855,-0.0039688945,0.0069804192
2024-02-08,MSFT,-0.0015967488,-0.0028028488,-0.003015399
2024-02-08,NKE,-0.024068534,0.010426164,0.015530109
2024-02-08,VZ,-0.011268556,-0.002150476,0.0016562939
2024-02-08,WMT,0.0088140965,-0.0032180548,-0.0078008175
2024-02-09,AAPL,-0.021855772,0.018301249,-0.021098733
2024-02-09,AMGN,-0.0413481,0.020649314,0.0012511015
2024-02-09,CRM,-0.041905105,0.015118241,0.0089204311
2024-02-09,CSCO,-0.0023181438,-0.019410074,-0.013681531
2024-02-09,IBM,-0.0062538981,-0.0001321435,-0.0022413135
2024-02-09,INTC,0.0039895773,-0.013793409,0.0021597147
2024-02-09,MSFT,-0.010683954,-0.0048723817,-0.0037303567
2024-02-09,NKE,-0.028305113,0.010143042,0.014302015
2024-02-09,VZ,-0.0096718669,-0.0020592809,-0.0039810538
2024-02-09,WMT,-0.0056023002,-0.0040240288,-0.0052258372
2024-02-12,AAPL,-0.047120571,0.02864182,-0.010576069
2024-02-12,AMGN,-0.034409046,0.016134858,-0.00028902292
2024-02-12,CRM,-0.042306244,0.021487236,0.0072484016
2024-02-12,CSCO,-0.014538407,-0.012496948,-0.0049387217
2024-02-12,IBM,-0.0087391734,0.00050580502,-0.0031152368
2024-02-12,INTC,-0.0095611215,-0.003644526,0.0018285513
2024-02-12,MSFT,-0.015280128,-0.00088489056,-0.006111443
2024-02-12,NKE,-0.028270483,0.010092735,0.0082021952
2024-02-12,VZ,-0.019518316,0.0034850836,-0.0025660396
2024-02-12,WMT,-0.022558451,-0.0008623004,-0.0029965639
2024-02-13,AAPL,-0.032870591,0.020105362,-0.026854455
2024-02-13,AMGN,-0.030616701,0.017284513,-0.0049483776
2024-02-13,CRM,-0.044816911,0.017075658,0.0033334494
2024-02-13,CSCO,-0.012831926,-0.015389204,-0.017044485
2024-02-13,IBM,-0.011553466,0.0041960478,-0.004208982
2024-02-13,INTC,-0.0001912117,-0.0094430447,-0.0060523748
2024-02-13,MSFT,-0.0089064837,-0.002633214,-0.015714765
2024-02-13,NKE,-0.024994731,0.01104629,0.0059523582
2024-02-13,VZ,-0.017107904,0.0030601025,-0.0075631738
2024-02-13,WMT,-0.015694082,0.0034434795,-0.0071024895
2024-02-14,AAPL,-0.032066941,0.024385929,-0.008182168
2024-02-14,AMGN,-0.0083423257,0.0099440813,-0.006460011
2024-02-14,CRM,-0.033360958,0.016863108,0.005251646
2024-02-14,CSCO,-0.0099189281,-0.0090190172,-0.0049885511
2024-02-14,IBM,-0.013236284,0.0076483488,0.0010653734
2024-02-14,INTC,-0.0060673356,-0.0037438273,0.0024116039
2024-02-14,MSFT,-0.011187315,0.0030308962,-0.0081360936
2024-02-14,NKE,-0.02337575,0.01640594,0.011712432
2024-02-14,VZ,-0.02326858,0.0096275806,-0.0043179989
2024-02-14,WMT,-0.012624025,0.0019929409,-0.0066652298
2024-02-15,AAPL,-0.027740419,0.022071123,-0.023215294
2024-02-15,AMGN,-0.016970336,0.0087486506,-0.0089917779
2024-02-15,CRM,-0.034426272,0.0083204508,0.0038453341
2024-02-15,CSCO,-0.0096367002,-0.012767613,-0.014961839
2024-02-15,IBM,-0.017767489,0.0060681105,-0.0040532351
2024-02-15,INTC,-0.0067439079,-0.0075346828,-0.0023467541
2024-02-15,MSFT,-0.0049889088,-0.0036662221,-0.010508537
2024-02-15,NKE,-0.021089673,0.0057536364,0.0046087503
2024-02-15,VZ,-0.021216273,0.0081552267,-0.0079590678
2024-02-15,WMT,-0.01509589,-0.00058788061,-0.0076617599
2024-02-16,AAPL,-0.020595253,0.026348591,-0.019031227
2024-02-16,AMGN,-0.028319538,0.017296314,-0.00074517727
2024-02-16,CRM,-0.066486001,0.028223634,0.011571765
2024-02-16,CSCO,-0.0043944716,-0.0096814036,-0.011396468
2024-02-16,IBM,-0.011477113,0.007363081,0.00030589104
2024-02-16,INTC,-0.0030329823,-0.0053562522,-0.0029765368
2024-02-16,MSFT,-0.011702776,0.0021538734,-0.011256814
2024-02-16,NKE,-0.022414207,0.009236455,0.0065946579
2024-02-16,VZ,-0.014046371,0.0040230751,-0.012919724
2024-02-16,WMT,-0.00077658892,-0.0047342777,-0.013289094
2024-02-20,AAPL,-0.023769736,0.024640679,-0.0095868707
2024-02-20,AMGN,-0.022736788,0.0114851,0.0039049387
2024-02-20,CRM,-0.028427303,0.017519236,0.010836244
2024-02-20,CSCO,0.0022855997,-0.0077448487,-0.011782885
2024-02-20,IBM,-0.0097635388,0.0025247335,0.00094807148
2024-02-20,INTC,0.0038230419,-0.0068129897,8.4161758e-05
2024-02-20,MSFT,-0.006570518,-0.0017722249,-0.0074523091
2024-02-20,NKE,-0.019161463,0.0110991,0.0084308386
2024-02-20,VZ,-0.011988521,0.0038011074,-0.0064428449
2024-02-20,WMT,-0.0047588944,-0.0020462871,-0.0064463615
2024-02-21,AAPL,-0.021024168,0.020120025,-0.015427053
2024-02-21,AMGN,-0.020858526,0.006986022,-0.0041180253
2024-02-21,CRM,-0.032891512,0.017906666,0.0041619539
2024-02-21,CSCO,-0.0079229474,-0.011390209,-0.016145527
2024-02-21,IBM,-0.010820448,0.0022009611,-0.003259778
2024-02-21,INTC,-0.0049094558,-0.010019064,-0.0028785467
2024-02-21,MSFT,-0.011900723,0.0019397736,-0.007365346
2024-02-21,NKE,-0.015370011,0.0075452328,0.0029222965
2024-02-21,VZ,-0.0099688172,0.0032835007,-0.0089156032
2024-02-21,WMT,-0.0012353063,-0.0034974813,-0.011579454
2024-02-22,AAPL,-0.019602299,0.016014814,-0.018716693
2024-02-22,AMGN,-0.012233794,0.0062526464,-0.0081950426
2024-02-22,CRM,-0.035874963,0.013723254,0.0053883791
2024-02-22,CSCO,-0.0084267259,-0.012948215,-0.012036562
2024-02-22,IBM,-0.016366065,0.004622221,-0.00058490038
2024-02-22,INTC,0.0012403727,-0.0092303753,-0.0013889074
2024-02-22,MSFT,-0.015108764,0.0038347244,-0.006703496
2024-02-22,NKE,-0.023151398,0.010581136,0.0042666197
2024-02-22,VZ,-0.015213549,0.0047353506,-0.0066434741
2024-02-22,WMT,-0.013165236,-0.0014914274,-0.0081238151
2024-02-23,AAPL,-0.032486796,0.027693033,-0.010527849
2024-02-23,AMGN,-0.011155784,0.0071485043,-0.010605991
2024-02-23,CRM,-0.041983187,0.021011114,0.011382103
2024-02-23,CSCO,-0.012166083,-0.0086793303,-0.0079461932
2024-02-23,IBM,-0.015289009,0.0060899258,-0.00087761879
2024-02-23,INTC,-0.01361829,-0.0030644536,0.00098669529
2024-02-23,MSFT,-0.019494772,0.0023428202,-0.0029085279
2024-02-23,NKE,-0.026562512,0.012138844,0.0059612989
2024-02-23,VZ,-0.008910656,0.0031676292,-0.004314065
2024-02-23,WMT,-0.012450457,-0.0036551356,-0.0054452419
2024-02-26,AAPL,-0.033044636,0.026606798,-0.026242733
2024-02-26,AMGN,-0.033417404,0.023082137,-0.0065196157
2024-02-26,CRM,-0.081151724,0.038025379,0.013807893
2024-02-26,CSCO,-0.020529032,-0.0022038221,-0.01490283
2024-02-26,IBM,-0.014117658,0.0080516338,-0.0055103302
2024-02-26,INTC,-0.020784914,-0.007047236,-0.0078303218
2024-02-26,MSFT,-0.020859599,0.0054312944,-0.0097942352
2024-02-26,NKE,-0.037403524,0.012632966,0.001091361
2024-02-26,VZ,-0.015649021,-0.00010329485,-0.0087257624
2024-02-26,WMT,-0.0035776496,-0.0050753951,-0.013183296
2024-02-27,AAPL,-0.025158644,0.024037719,-0.013216317
2024-02-27,AMGN,-0.017922759,0.017729521,-0.006475091
2024-02-27,CRM,-0.041941464,0.024206638,0.0094023943
2024-02-27,CSCO,0.0053170919,-0.0053298473,-0.0089434385
2024-02-27,IBM,-0.0081963539,0.0059107542,-0.0024875998
2024-02-27,INTC,-0.0052372217,-0.0032606125,-0.001132369
2024-02-27,MSFT,-0.0021021366,0.0014322996,-0.0098665953
2024-02-27,NKE,-0.03051877,0.018405557,0.0095396042
2024-02-27,VZ,-0.010084569,0.0018000603,-0.0064756274
2024-02-27,WMT,-0.014099896,0.0017180443,-0.0063409805
2024-02-28,AAPL,-0.026672542,0.021754742,-0.0089228153
2024-02-28,AMGN,-0.023388684,0.017937303,-0.0059887171
2024-02-28,CRM,-0.029715121,0.010393381,0.014747739
2024-02-28,CSCO,-0.0037965178,-0.0054499507,-0.011861801
2024-02-28,IBM,-0.01127249,0.0063644648,-0.0039198995
2024-02-28,INTC,-0.00072056055,-0.0075613856,-0.002625525
2024-02-28,MSFT,0.0017009974,-0.0016109347,-0.0020034909
2024-02-28,NKE,-0.019486845,0.014380574,0.0043195486
2024-02-28,VZ,0.0010063648,0.00018906593,-0.010063887
2024-02-28,WMT,-0.0090251565,-0.0021676421,-0.0056360364
2024-02-29,AAPL,-0.026902974,0.022645235,-0.012449384
2024-02-29,AMGN,-0.013798237,0.014769077,-0.0092448592
2024-02-29,CRM,-0.052068293,0.027006507,0.013546228
2024-02-29,CSCO,-0.013452947,-0.0027371645,-0.0063929558
2024-02-29,IBM,-0.020552754,0.0073446035,-0.0037454367
2024-02-29,INTC,-0.01915884,0.00064229965,0.00078368187
2024-02-29,MSFT,-0.011080503,0.005045414,-0.0028682351
2024-02-29,NKE,-0.022840083,0.013719201,0.00097167492
2024-02-29,VZ,0.00067865849,-0.0016347766,-0.0081429482
2024-02-29,WMT,-0.0018082261,0.0032073259,-0.0070238709
2024-03-01,AAPL,-0.029013097,0.030710697,-0.013388395
2024-03-01,AMGN,-0.027665913,0.024008512,-0.0024992824
2024-03-01,CRM,-0.058860838,0.036402106,0.012495995
2024-03-01,CSCO,-0.0099654198,0.002461791,-0.0059868097
2024-03-01,IBM,-0.010050654,0.0062578917,-0.0035791993
2024-03-01,INTC,-0.024227142,0.0048146248,0.0063147545
2024-03-01,MSFT,-0.0087804794,0.009978056,-0.0050670505
2024-03-01,NKE,-0.031020403,0.021178603,0.0038305521
2024-03-01,VZ,0.0061714649,-0.0030822158,-0.008102119
2024-03-01,WMT,0.0018750429,0.00086903572,-0.0072755814
2024-03-04,AAPL,-0.020262897,0.016690135,-0.051268518
2024-03-04,AMGN,-0.02038002,0.02395308,-0.01351577
2024-03-04,CRM,-0.045233846,0.021737576,-0.021252632
2024-03-04,CSCO,-0.027643561,0.0071395636,-0.025599182
2024-03-04,IBM,-0.011668324,0.0070146322,-0.016596317
2024-03-04,INTC,0.0012731552,0.0019409657,-0.024300396
2024-03-04,MSFT,-0.012365758,0.0061607361,-0.022386432
2024-03-04,NKE,-0.021474004,0.0097792149,-0.022834003
2024-03-04,VZ,-0.012110233,0.0041337013,-0.023207247
2024-03-04,WMT,-0.029439211,0.021436334,-0.013905227
2024-03-05,AAPL,-0.038811803,0.034142375,-0.0061283708
2024-03-05,AMGN,-0.027871907,0.036446929,-0.001046896
2024-03-05,CRM,-0.027732313,0.032425642,-0.005993247
2024-03-05,CSCO,-0.033735573,0.02616477,-0.0035540462
2024-03-05,IBM,-0.018408298,0.01846385,-0.0022001863
2024-03-05,INTC,-0.026070178,0.026875496,-0.00015902519
2024-03-05,MSFT,-0.026707113,0.023507476,-0.0072898865
2024-03-05,NKE,-0.030813992,0.024547458,0.0013511181
2024-03-05,VZ,-0.020490468,0.018349767,-0.0027199388
2024-03-05,WMT,-0.02232182,0.023293376,-0.00045192242
2024-03-06,AAPL,0.0045895576,0.0050520897,-0.014771223
2024-03-06,AMGN,-0.0033858418,0.0026847124,-0.0092539191
2024-03-06,CRM,0.017032385,-0.0018251538,-0.01029253
2024-03-06,CSCO,0.008153677,-0.0065941811,-0.012809396
2024-03-06,IBM,0.0030149221,0.0020717382,-0.0088257194
2024-03-06,INTC,0.0061095953,-0.00055718422,-0.012231171
2024-03-06,MSFT,0.0074332952,-0.0072381496,-0.010534644
2024-03-06,NKE,0.0063630342,-0.0009329319,-0.0059982538
2024-03-06,VZ,-0.0035732388,0.0025724173,-0.0075643063
2024-03-06,WMT,-0.001721859,0.0005133152,-0.008343637
2024-03-07,AAPL,-0.024343669,0.022131205,0.011559963
2024-03-07,AMGN,-0.017102301,0.010021567,0.0034286976
2024-03-07,CRM,-0.010452926,0.0065077543,0.014256001
2024-03-07,CSCO,0.0023926497,-0.0029435158,-0.0015106797
2024-03-07,IBM,-0.017031014,0.012851357,0.00066709518
2024-03-07,INTC,-0.0090758204,0.0020842552,0.01205945
2024-03-07,MSFT,-0.017764091,0.009116888,0.0029757023
2024-03-07,NKE,-0.019603252,0.011567235,0.010503531
2024-03-07,VZ,-0.0058849454,0.0065885782,0.0057679415
2024-03-07,WMT,-0.010408461,-0.00097930431,-0.0007379055
2024-03-08,AAPL,-0.014172316,0.017564416,-0.0019587278
2024-03-08,AMGN,-0.029466629,0.014914036,0.0021721125
2024-03-08,CRM,-0.029607713,0.010243058,0.018543959
2024-03-08,CSCO,0.010663509,-0.0073719025,-0.0071839094
2024-03-08,IBM,-0.0096039772,0.0027493238,0.0010666847
2024-03-08,INTC,-0.0042279959,-0.0072417259,0.0045735836
2024-03-08,MSFT,-0.009072423,-0.0019152164,-0.00030845404
2024-03-08,NKE,-0.027514637,0.0096538067,0.0072163343
2024-03-08,VZ,0.0033919811,-0.004756391,0.0019141436
2024-03-08,WMT,0.0019109249,-0.0084533095,-0.004013896
2024-03-11,AAPL,-0.022310257,0.017618537,-0.0083307028
2024-03-11,AMGN,-0.035910487,0.017546654,0.0020934343
2024-03-11,CRM,-0.051617205,0.01629138,0.0086293221
2024-03-11,CSCO,-0.0020515323,-0.015726447,-0.014046669
2024-03-11,IBM,-0.0081477761,1.4066696e-05,-0.0039817691
2024-03-11,INTC,-0.0077363253,-0.0093946457,-0.0015747547
2024-03-11,MSFT,-0.017250061,0.0017778873,-0.0056308508
2024-03-11,NKE,-0.02305156,0.0095158815,0.0022748709
2024-03-11,VZ,-0.0011641979,-0.00675565,-0.0040287971
2024-03-11,WMT,0.0016319752,-0.0033074021,-0.0096539259
2024-03-12,AAPL,-0.028997421,0.02431643,-0.013858438
2024-03-12,AMGN,-0.026312351,0.016115546,-0.0031881332
2024-03-12,CRM,-0.0265885,0.013622284,0.00043654442
2024-03-12,CSCO,0.0005480051,-0.0070945024,-0.014590442
2024-03-12,IBM,-0.0071128011,0.0044695139,-0.006280601
2024-03-12,INTC,-0.0051174164,-0.0035104752,0.00023066998
2024-03-12,MSFT,-0.011910141,0.0003708601,-0.0079905391
2024-03-12,NKE,-0.033426225,0.016799092,0.0030121803
2024-03-12,VZ,-0.0051527619,-0.00070798397,-0.0082655549
2024-03-12,WMT,-0.0074802637,-0.0052478909,-0.01357311
2024-03-13,AAPL,-0.025046825,0.018104553,-0.014727294
2024-03-13,AMGN,-0.018512487,0.014076829,-0.0051724911
2024-03-13,CRM,-0.018376589,0.013972402,-0.00056999922
2024-03-13,CSCO,0.0086504221,-0.013238192,-0.01246649
2024-03-13,IBM,-0.014608383,0.0046919584,0.0021570921
2024-03-13,INTC,0.00053668022,-0.0039410591,-0.0076690912
2024-03-13,MSFT,-0.0080555081,-0.0015769005,-0.0055700541
2024-03-13,NKE,-0.035190284,0.014211535,0.0049040318
2024-03-13,VZ,-0.015611291,0.0015070438,-0.0050733089
2024-03-13,WMT,-0.018856049,0.0016487837,-0.0046259761
2024-03-14,AAPL,-0.027317584,0.02788341,-0.010609746
2024-03-14,AMGN,-0.037044346,0.018361092,0.0041906834
2024-03-14,CRM,-0.018891037,0.01497519,0.0047361851
2024-03-14,CSCO,-0.0021653771,-0.007463634,-0.0094530582
2024-03-14,IBM,-0.0096886158,0.0066759586,-0.0037893057
2024-03-14,INTC,-0.0015638471,-0.0023550987,-0.0055946708
2024-03-14,MSFT,-0.010991454,0.0007969141,-0.0075638294
2024-03-14,NKE,-0.027434647,0.015217423,0.0079669952
2024-03-14,VZ,-0.012328386,0.0041860342,-0.0036074519
2024-03-14,WMT,-0.018948317,0.0063323975,-0.0043083429
2024-03-15,AAPL,-0.015478611,0.018850803,-0.016794264
2024-03-15,AMGN,-0.030953884,0.014319658,-9.9897385e-05
2024-03-15,CRM,-0.023979962,0.0078469515,-0.00061756372
2024-03-15,CSCO,0.0031479597,-0.0131796,-0.015779018
2024-03-15,IBM,-0.011004567,0.0061589479,-0.0030981302
2024-03-15,INTC,0.0026453733,-0.0094697475,-0.0078960061
2024-03-15,MSFT,-0.010408759,-0.00054007769,-0.0086435676
2024-03-15,NKE,-0.019851804,0.010046363,0.0046107769
2024-03-15,VZ,-0.013677657,0.0062366724,-0.0081182122
2024-03-15,WMT,-0.015917182,0.0030338764,-0.0085308552
2024-03-18,AAPL,-0.01975137,0.017306924,-0.010713279
2024-03-18,AMGN,-0.011598885,0.010929823,-6.0081482e-05
2024-03-18,CRM,0.0046445131,-0.0042591691,0.00063240528
2024-03-18,CSCO,0.0026074648,-0.0093646049,-0.0091519952
2024-03-18,IBM,-0.013043821,0.0048028231,-0.00080740452
2024-03-18,INTC,-0.0095579624,-0.0016369224,0.00049746037
2024-03-18,MSFT,-0.018890977,0.0034154654,-0.0020230412
2024-03-18,NKE,-0.011047661,0.010833621,0.0019160509
2024-03-18,VZ,-0.015383005,0.0078912973,-0.0034953952
2024-03-18,WMT,-0.021123707,0.0072506666,-0.0041729808
2024-03-19,AAPL,-0.031143427,0.026621103,-0.016083181
2024-03-19,AMGN,-0.019929886,0.010814667,-0.0049837232
2024-03-19,CRM,-0.038124502,0.014461756,0.0079483986
2024-03-19,CSCO,-0.013205171,-0.0082329512,-0.010375321
2024-03-19,IBM,-0.018183649,0.0045667887,-0.00011575222
2024-03-19,INTC,-0.016550004,-0.0014615655,-0.00051468611
2024-03-19,MSFT,-0.023289204,0.0045654774,-0.0023950338
2024-03-19,NKE,-0.026001692,0.014186502,0.0024795532
2024-03-19,VZ,-0.0060108304,0.0027654171,-0.0078611374
2024-03-19,WMT,-0.0091405511,-0.0018029213,-0.0099876523
2024-03-20,AAPL,-0.015972733,0.018264294,-0.016895652
2024-03-20,AMGN,-0.033011973,0.017734051,0.0044322014
2024-03-20,CRM,-0.031581104,0.011408567,-0.0012904406
2024-03-20,CSCO,3.027916e-05,-0.0067228675,-0.011690319
2024-03-20,IBM,-0.020075023,0.0068734884,-0.0010668039
2024-03-20,INTC,0.0032744408,-0.006900847,-0.0088003278
2024-03-20,MSFT,-0.013943553,-0.001968205,-0.008787334
2024-03-20,NKE,-0.025422037,0.015139103,0.0016608238
2024-03-20,VZ,-0.0016168952,-0.00059741735,-0.010693789
2024-03-20,WMT,-0.01338625,0.0022525787,-0.0075121522
2024-03-21,AAPL,-0.032120526,0.025964737,-0.0010805726
2024-03-21,AMGN,0.001532793,0.00097835064,-0.0082681775
2024-03-21,CRM,-0.0058224201,0.0085123777,0.0033750534
2024-03-21,CSCO,-0.00011342764,-0.0058248639,-0.010134339
2024-03-21,IBM,-0.012274146,0.0068491697,-0.0033711195
2024-03-21,INTC,-0.012964129,0.0020354986,0.00019204617
2024-03-21,MSFT,-0.016393542,0.0050383806,-0.0042979121
2024-03-21,NKE,-0.02013278,0.014753819,0.0040447712
2024-03-21,VZ,0.0018635988,0.0010538101,-0.011509478
2024-03-21,WMT,-0.0082392693,0.0014343262,-0.006721437
2024-03-22,AAPL,-0.015531421,0.019549012,-0.013702095
2024-03-22,AMGN,-0.017796278,0.011005759,-0.0057631135
2024-03-22,CRM,-0.027594924,0.011773944,0.00088167191
2024-03-22,CSCO,-0.0013005137,-0.0056660175,-0.012480974
2024-03-22,IBM,-0.017239153,0.0084360838,-0.0016154647
2024-03-22,INTC,-0.015373945,-0.0017267466,-0.0031524301
2024-03-22,MSFT,-0.017342567,0.0079522133,-0.0048668981
2024-03-22,NKE,-0.02946794,0.015190005,0.0011109114
2024-03-22,VZ,0.00081312656,-0.00046056509,-0.0098140836
2024-03-22,WMT,-0.010010839,0.0042221546,-0.010027885
2024-03-25,AAPL,-0.022940278,0.025165677,-0.0093085766
2024-03-25,AMGN,-0.015892565,0.0094110966,-0.0065339804
2024-03-25,CRM,-0.029296517,0.015887976,0.0047240257
2024-03-25,CSCO,-0.0012452602,-0.0042465329,-0.0090102553
2024-03-25,IBM,-0.009694159,0.0052659512,-0.0019484162
2024-03-25,INTC,-0.014585435,-0.0049220324,-0.0012250543
2024-03-25,MSFT,-0.017570615,0.0057578087,-0.0032304525
2024-03-25,NKE,-0.021675766,0.01041162,3.7431717e-05
2024-03-25,VZ,-0.0072489381,-0.00056242943,-0.0037653446
2024-03-25,WMT,-0.011827707,-5.1319599e-05,-0.00966537
2024-03-26,AAPL,-0.014737904,0.018547297,-0.014538825
2024-03-26,AMGN,-0.042311192,0.026692033,0.003862977
2024-03-26,CRM,-0.018641293,0.0090386868,0.0012234449
2024-03-26,CSCO,0.0020661354,-0.0077802539,-0.01429373
2024-03-26,IBM,-0.017725766,0.004116416,-0.0024369955
2024-03-26,INTC,-0.011463225,-0.0056028962,-0.0067479014
2024-03-26,MSFT,-0.012624979,0.0023118258,-0.0081561208
2024-03-26,NKE,-0.023906708,0.0096017122,0.0022786856
2024-03-26,VZ,-0.0059421062,-0.003739357,-0.0044333935
2024-03-26,WMT,-0.017835677,0.0047156811,-0.0042919517
2024-03-27,AAPL,-0.026838183,0.021602273,-0.0096212029
2024-03-27,AMGN,-0.022338867,0.016566873,-0.0033525229
2024-03-27,CRM,-0.020888746,0.01834023,0.0055007935
2024-03-27,CSCO,0.0036616325,-0.0051457286,-0.01382184
2024-03-27,IBM,-0.0070632696,0.004103303,-0.0036525726
2024-03-27,INTC,-0.012087524,-0.0045841932,-0.0034111142
2024-03-27,MSFT,-0.019567609,0.0044742823,-0.0036056638
2024-03-27,NKE,-0.013159275,0.010996461,0.0029878616
2024-03-27,VZ,0.0072858334,-0.0036949515,-0.0093085766
2024-03-27,WMT,-0.0057287216,-0.0011789203,-0.0089296103
2024-03-28,AAPL,-0.021004856,0.015375495,-0.0092474818
2024-03-28,AMGN,-0.016389191,0.0084877014,-0.0093759894
2024-03-28,CRM,0.012862206,-0.0086126924,-0.013061464
2024-03-28,CSCO,0.0058362484,-0.011644721,-0.011711776
2024-03-28,IBM,-0.011217058,0.00016522408,-0.0022208691
2024-03-28,INTC,-0.0033597946,-0.0019535422,-0.0045415759
2024-03-28,MSFT,-0.0062038898,-0.0031599998,-0.005004108
2024-03-28,NKE,-0.0076420307,0.0069557428,0.0043964386
2024-03-28,VZ,-0.00099527836,0.0014615059,-0.0040323138
2024-03-28,WMT,-0.017398775,0.0024089813,-0.00066316128
2024-04-01,AAPL,-0.014792979,0.017133832,-0.0080136657
2024-04-01,AMGN,-0.024110377,0.01751411,-0.0034339428
2024-04-01,CRM,-0.013091743,0.0072785616,0.0045727491
2024-04-01,CSCO,-0.0085244179,-0.0048628449,-0.010908902
2024-04-01,IBM,-0.021986306,0.0067659616,0.00055992603
2024-04-01,INTC,-0.014585137,-0.0003041029,0.0027871132
2024-04-01,MSFT,-0.012227416,0.0043174028,-0.00040024519
2024-04-01,NKE,-0.0099138618,0.0093436241,0.0033051968
2024-04-01,VZ,-0.0055285692,-0.0013231635,-0.0051016212
2024-04-01,WMT,-0.0069544315,0.0045864582,-0.0041435957
2024-04-02,AAPL,-0.031211615,0.026054263,-0.0069439411
2024-04-02,AMGN,-0.030558884,0.025429606,-0.0026363134
2024-04-02,CRM,-0.058686197,0.037907481,5.4955482e-05
2024-04-02,CSCO,-0.020337105,0.0076829195,-0.009662509
2024-04-02,IBM,-0.028866112,0.012566686,0.00011813641
2024-04-02,INTC,-0.027877808,0.013109565,0.0054789782
2024-04-02,MSFT,-0.026318133,0.014418483,-0.0030509233
2024-04-02,NKE,-0.026677966,0.018721581,0.0039829016
2024-04-02,VZ,0.004483223,0.0016394854,-0.0070724487
2024-04-02,WMT,-0.009111464,0.0069242716,-0.0044290423
2024-04-03,AAPL,-0.014826417,0.013393164,-0.030276239
2024-04-03,AMGN,-0.015574217,0.01690948,-0.016387999
2024-04-03,CRM,-0.05753839,0.036795139,-0.02350539
2024-04-03,CSCO,-0.036858261,0.0093263388,-0.020134568
2024-04-03,IBM,-0.016232491,0.0098190308,-0.011741757
2024-04-03,INTC,-0.020625174,0.0054074526,-0.012601018
2024-04-03,MSFT,-0.026892781,0.015137315,-0.016750216
2024-04-03,NKE,-0.025659502,0.015146255,-0.010646582
2024-04-03,VZ,-0.019974053,0.0054023266,-0.016620994
2024-04-03,WMT,-0.024217606,0.0170573,-0.010366142
2024-04-04,AAPL,-0.027662873,0.032657981,-0.0080723763
2024-04-04,AMGN,-0.042349219,0.042251587,0.003490448
2024-04-04,CRM,-0.02239114,0.037824273,-0.014464974
2024-04-04,CSCO,-0.01994276,0.027698398,-0.011539221
2024-04-04,IBM,-0.021044672,0.022418141,-0.0036472678
2024-04-04,INTC,-0.030000985,0.031888485,-0.0034329295
2024-04-04,MSFT,-0.02828598,0.024024606,-0.004580915
2024-04-04,NKE,-0.034252226,0.024000525,-0.0040605068
2024-04-04,VZ,-0.025092661,0.020018339,-0.0022977591
2024-04-04,WMT,-0.022781253,0.025439382,-0.0033816695
2024-04-05,AAPL,0.003770709,0.0092228651,-0.0039284825
2024-04-05,AMGN,-0.0073885322,0.0050020218,-0.0041029453
2024-04-05,CRM,0.010576367,0.0076833963,-0.0016853809
2024-04-05,CSCO,0.0069022179,-0.0022839904,-0.0056781173
2024-04-05,IBM,-0.0043901801,0.0061454773,0.00053322315
2024-04-05,INTC,0.0021580458,0.0022455454,-0.0026483536
2024-04-05,MSFT,0.0035777092,0.00035154819,-0.003623724
2024-04-05,NKE,-0.0082216263,0.006451726,0.0022826195
2024-04-05,VZ,-0.0051450133,0.0076388121,-0.005104661
2024-04-05,WMT,-0.0095985532,0.005684495,-0.0024373531
2024-04-08,AAPL,-0.019665837,0.020987511,0.0061672926
2024-04-08,AMGN,-0.032346904,0.017889738,0.00740242
2024-04-08,CRM,-0.036088824,0.017046809,0.012582541
2024-04-08,CSCO,0.0034655333,-0.0011897683,-0.00416255
2024-04-08,IBM,-0.016487062,0.013726592,3.0398369e-05
2024-04-08,INTC,-0.0075252056,0.0016697645,0.0073742867
2024-04-08,MSFT,-0.015320241,0.0049885511,-4.9948692e-05
2024-04-08,NKE,-0.02312696,0.014093637,0.0097595453
2024-04-08,VZ,-0.0068739057,0.0071430206,-0.00023031235
2024-04-08,WMT,-0.0077792406,-0.00041848421,-0.0043184161
2024-04-09,AAPL,-0.0071958899,0.013139963,-0.0082047582
2024-04-09,AMGN,-0.033521414,0.017802119,0.0041753054
2024-04-09,CRM,-0.021977961,0.010653734,0.0040224791
2024-04-09,CSCO,0.0080980062,-0.0080852509,-0.012934983
2024-04-09,IBM,-0.010381758,0.0060745478,-0.0025331378
2024-04-09,INTC,-0.00025606155,-0.0040696859,0.00010430813
2024-04-09,MSFT,-0.013036788,-0.0022636056,-0.0044515133
2024-04-09,NKE,-0.022595644,0.0089883804,0.0062445402
2024-04-09,VZ,0.001362443,-0.00063532591,-0.0066514015
2024-04-09,WMT,-0.012371659,0.0002630949,-0.0036243796
2024-04-10,AAPL,-0.015148222,0.01382637,-0.0071175098
2024-04-10,AMGN,-0.02208811,0.010652661,-0.00081020594
2024-04-10,CRM,-0.026761055,0.0084944963,0.0049289465
2024-04-10,CSCO,0.000259161,-0.0090102553,-0.016861796
2024-04-10,IBM,-0.013031483,0.0039358139,-0.0048425794
2024-04-10,INTC,-0.0094616413,-0.0053915381,-0.0040709972
2024-04-10,MSFT,-0.014966011,0.0011792183,-0.0050326586
2024-04-10,NKE,-0.020628154,0.011934638,0.0052204132
2024-04-10,VZ,5.209446e-05,0.0033375025,-0.0092328191
2024-04-10,WMT,-0.0078461766,0.00076138973,-0.010739207
2024-04-11,AAPL,-0.020880401,0.013983607,-0.0018100142
2024-04-11,AMGN,-0.01538378,0.0082856417,-0.00025975704
2024-04-11,CRM,0.0026851892,-0.0015925169,-0.0035445094
2024-04-11,CSCO,0.010357976,-0.0074303746,-0.010536194
2024-04-11,IBM,-0.016261578,0.0092190504,0.0018860102
2024-04-11,INTC,-0.0029985309,-0.0020717978,4.7206879e-05
2024-04-11,MSFT,-0.0094352961,-0.0018898845,-0.0059396625
2024-04-11,NKE,-0.022891998,0.01069355,0.012316942
2024-04-11,VZ,-0.0078365803,0.0063376427,-0.0042887926
2024-04-11,WMT,-0.019617617,0.0027766228,-0.0043671131
2024-04-12,AAPL,-0.014449477,0.01145184,-0.013620436
2024-04-12,AMGN,-0.026516736,0.011741042,0.00087857246
2024-04-12,CRM,0.0065257549,-0.012510538,-0.001678586
2024-04-12,CSCO,0.0059257746,-0.013639867,-0.013277054
2024-04-12,IBM,-0.017306864,0.0080754757,-0.0011823773
2024-04-12,INTC,-0.0069061518,-0.0036589503,-0.0048451424
2024-04-12,MSFT,-0.014307499,-0.0006608367,-0.0096995234
2024-04-12,NKE,-0.013452649,0.0061776638,0.0052520037
2024-04-12,VZ,-0.017252266,0.0075860023,-0.00013333559
2024-04-12,WMT,-0.027912378,0.0081362724,-0.0010470748
2024-04-15,AAPL,-0.01952374,0.016283274,-0.00889045
2024-04-15,AMGN,-0.033781886,0.01248908,0.0037378073
2024-04-15,CRM,-0.0028052926,-0.010915339,0.0003285408
2024-04-15,CSCO,0.0041663647,-0.0092449784,-0.01258409
2024-04-15,IBM,-0.017148018,0.0095490217,-0.0018103123
2024-04-15,INTC,-0.010646284,-0.0024082661,-0.0049907565
2024-04-15,MSFT,-0.021422803,0.002478838,-0.0080695748
2024-04-15,NKE,-0.015857875,0.0097737312,0.0041080713
2024-04-15,VZ,-0.010114133,0.0040849447,-0.0043165088
2024-04-15,WMT,-0.029076397,0.010705113,-0.0016372204
2024-04-16,AAPL,-0.017601132,0.016810179,-0.0033801198
2024-04-16,AMGN,-0.029575348,0.013192534,0.0047490597
2024-04-16,CRM,-0.0063872933,-0.003357172,0.0079544783
2024-04-16,CSCO,0.0056331158,-0.0074648857,-0.011570394
2024-04-16,IBM,-0.015184879,0.0061751604,0.0024001598
2024-04-16,INTC,-0.0062763691,-0.00059348345,0.0028318167
2024-04-16,MSFT,-0.01719743,0.0027163029,-0.0035164356
2024-04-16,NKE,-0.017458022,0.011821032,0.0087268353
2024-04-16,VZ,-0.00091058016,0.0021052361,-0.0027887225
2024-04-16,WMT,-0.010361373,0.00029456615,-0.0073875785
2024-04-17,AAPL,-0.018633068,0.01615417,-0.006469667
2024-04-17,AMGN,-0.042646825,0.019394636,0.005923748
2024-04-17,CRM,-0.021561325,0.0062336922,0.0073182583
2024-04-17,CSCO,0.0080094337,-0.012455583,-0.015191674
2024-04-17,IBM,-0.015723586,0.0056217909,-0.00027567148
2024-04-17,INTC,-0.0092386007,-0.0057143569,0.00064980984
2024-04-17,MSFT,-0.019486308,-0.00050103664,-0.0061350465
2024-04-17,NKE,-0.020295799,0.0085514784,0.0056096315
2024-04-17,VZ,-0.0010608435,-0.0014858842,-0.0016493201
2024-04-17,WMT,-0.013609707,0.0014646053,-0.004360199
2024-04-18,AAPL,-0.022521198,0.022955537,-0.0088740587
2024-04-18,AMGN,-0.027369142,0.017238855,-0.0040938854
2024-04-18,CRM,-0.017495871,0.006967783,-0.00034856796
2024-04-18,CSCO,0.00038981438,-0.0086870193,-0.014137924
2024-04-18,IBM,-0.014438987,0.0056604147,7.724762e-05
2024-04-18,INTC,-0.010598898,-0.0038307905,0.0023189783
2024-04-18,MSFT,-0.0258165,0.0060529709,-0.0085440874
2024-04-18,NKE,-0.019023299,0.010676146,0.0053832531
2024-04-18,VZ,-0.0088095665,-0.00047016144,-0.0054943562
2024-04-18,WMT,-0.018283248,-0.0010074973,-0.0042754412
2024-04-19,AAPL,-0.006790638,0.01467979,-0.016225278
2024-04-19,AMGN,-0.045528471,0.024566531,0.0014058352
2024-04-19,CRM,-0.016770363,0.0055838823,-0.0035260916
2024-04-19,CSCO,0.0060087442,-0.013711274,-0.017888069
2024-04-19,IBM,-0.013912737,0.0041879416,-0.0010178089
2024-04-19,INTC,-0.00068336725,-0.0072907209,-0.0070817471
2024-04-19,MSFT,-0.020230591,-0.0026545525,-0.011589885
2024-04-19,NKE,-0.027156055,0.011764407,0.0073541403
2024-04-19,VZ,-0.0080214143,-0.00046342611,-0.0038639903
2024-04-19,WMT,-0.020807922,0.00097596645,-0.0056084394
2024-04-22,AAPL,-0.016317487,0.019482017,-0.0079752207
2024-04-22,AMGN,-0.031975687,0.01715064,-0.0023050904
2024-04-22,CRM,-0.018993318,0.01038897,-0.0069191456
2024-04-22,CSCO,0.0028378963,-0.0088105798,-0.014364362
2024-04-22,IBM,-0.0071205497,0.0040912628,-0.0041781664
2024-04-22,INTC,0.0040943623,-0.0041894913,-0.0061938763
2024-04-22,MSFT,-0.015745759,0.0029007196,-0.0098369718
2024-04-22,NKE,-0.027049541,0.014203787,0.0064994097
2024-04-22,VZ,-0.0083167553,0.0021092892,-0.0036996603
2024-04-22,WMT,-0.020427465,0.0026113987,-0.0061032176
2024-04-23,AAPL,-0.022725284,0.023586392,-0.013260365
2024-04-23,AMGN,-0.030120969,0.018628836,-0.0048617721
2024-04-23,CRM,-0.031897485,0.020254612,-0.0059578419
2024-04-23,CSCO,0.0013266802,-0.01010859,-0.019467711
2024-04-23,IBM,-0.011059463,0.0037083626,-0.00582093
2024-04-23,INTC,-0.0069704652,-0.0036743879,-0.0048980713
2024-04-23,MSFT,-0.015991926,0.0037147999,-0.014220238
2024-04-23,NKE,-0.024537504,0.011384845,0.00097346306
2024-04-23,VZ,-0.0073993206,0.0035632849,-0.0037817955
2024-04-23,WMT,-0.011903763,-0.00096070766,-0.0089384317
2024-04-24,AAPL,-0.030570805,0.032934666,-0.012393177
2024-04-24,AMGN,-0.025189281,0.01922822,-0.0050110221
2024-04-24,CRM,-0.024200976,0.021585226,-0.0086013079
2024-04-24,CSCO,0.0004914999,-0.0034170151,-0.017386079
2024-04-24,IBM,-0.012454331,0.0071513653,-0.0029141307
2024-04-24,INTC,-0.01011014,0.0029836893,-0.0040747523
2024-04-24,MSFT,-0.013235688,0.0090796947,-0.013148904
2024-04-24,NKE,-0.02490747,0.013181925,0.0051678419
2024-04-24,VZ,-0.016062498,0.0063129663,-0.0045260787
2024-04-24,WMT,-0.011932015,0.0027107,-0.0063216686
2024-04-25,AAPL,-0.019660294,0.026473522,-0.013523161
2024-04-25,AMGN,-0.053001225,0.03907752,0.007016778
2024-04-25,CRM,-0.0070410967,0.010590434,-0.0064799786
2024-04-25,CSCO,0.0026686192,-0.0044544339,-0.013278425
2024-04-25,IBM,-0.012742817,0.010659575,0.0001860857
2024-04-25,INTC,-0.0082278848,0.001829505,-0.0031870008
2024-04-25,MSFT,-0.010114253,0.0078382492,-0.012518406
2024-04-25,NKE,-0.021404922,0.0095192194,0.0057134628
2024-04-25,VZ,-0.0235883,0.0095601082,-0.0025960207
2024-04-25,WMT,-0.025850654,0.010445952,0.00016772747
2024-04-26,AAPL,-0.0076100826,0.010260463,-0.019143462
2024-04-26,AMGN,-0.03858012,0.02738452,-0.001029551
2024-04-26,CRM,0.0044833422,-0.0014951229,-0.01139456
2024-04-26,CSCO,0.004694581,-0.014708161,-0.016408563
2024-04-26,IBM,-0.0077204704,0.0078166723,-0.0050754547
2024-04-26,INTC,-0.0014663935,-0.0037226081,-0.010178089
2024-04-26,MSFT,-0.010998309,0.0019202232,-0.012014985
2024-04-26,NKE,-0.011922956,0.0028665066,-0.0020600557
2024-04-26,VZ,-0.018906534,0.0055729151,-0.0029036403
2024-04-26,WMT,-0.039671481,0.013453364,-0.00040769577
2024-04-29,AAPL,-0.0097642541,0.013694286,-0.0096693635
2024-04-29,AMGN,-0.0097500682,0.012298107,-0.014650404
2024-04-29,CRM,0.016649485,-0.0080728531,-0.014707506
2024-04-29,CSCO,0.00037693977,-0.0080715418,-0.011113167
2024-04-29,IBM,-0.0074877143,0.0072425604,-0.0048314929
2024-04-29,INTC,-0.0023220181,-0.0017907619,-0.00745368
2024-04-29,MSFT,-0.0027996898,-0.0014930964,-0.010984898
2024-04-29,NKE,-0.010928333,0.0092225075,0.0018039942
2024-04-29,VZ,-0.014167488,0.0090757608,-0.0042412877
2024-04-29,WMT,-0.027311027,0.0094417334,-0.0012141466
2024-04-30,AAPL,-0.0099899173,0.017019033,-0.011746049
2024-04-30,AMGN,-0.028335392,0.018552899,-0.0034553409
2024-04-30,CRM,-0.026071072,0.019572377,0.0071363449
2024-04-30,CSCO,-0.011750996,-0.0020883083,-0.013973713
2024-04-30,IBM,-0.016416371,0.0073324442,-0.00046014786
2024-04-30,INTC,-0.027281106,0.0077184439,0.0025937557
2024-04-30,MSFT,-0.020236611,0.0072979927,-0.0037115812
2024-04-30,NKE,-0.011969686,0.0071749687,0.0026439428
2024-04-30,VZ,-0.006148994,0.00051283836,-0.0052602291
2024-04-30,WMT,0.0073240995,-0.00055396557,-0.013025343
2024-05-01,AAPL,-0.029124796,0.029221416,-0.010870397
2024-05-01,AMGN,-0.026741147,0.025820017,-0.0049615502
2024-05-01,CRM,-0.061566234,0.047433734,-0.010747075
2024-05-01,CSCO,-0.020566821,0.010786176,-0.014356613
2024-05-01,IBM,-0.025958121,0.011342764,-0.0063315034
2024-05-01,INTC,-0.027767956,0.014256597,-0.002658546
2024-05-01,MSFT,-0.022787154,0.017532825,-0.0069527626
2024-05-01,NKE,-0.027211964,0.019586682,-0.0032160878
2024-05-01,VZ,-0.0065998435,0.0055940151,-0.0071180463
2024-05-01,WMT,-0.0081012845,0.0084837675,-0.0075095892
2024-05-02,AAPL,-0.0047308803,0.012842417,-0.040569007
2024-05-02,AMGN,-0.020814836,0.0211128,-0.017328382
2024-05-02,CRM,-0.056712568,0.041141748,-0.028836966
2024-05-02,CSCO,-0.030937552,0.011258245,-0.026408434
2024-05-02,IBM,-0.01338011,0.011044621,-0.015776396
2024-05-02,INTC,-0.014721215,0.006959796,-0.021072149
2024-05-02,MSFT,-0.017340004,0.015352845,-0.024579763
2024-05-02,NKE,-0.033034205,0.017293572,-0.015839159
2024-05-02,VZ,-0.021073818,0.0066173077,-0.02149421
2024-05-02,WMT,-0.025652766,0.019000173,-0.012836814
2024-05-03,AAPL,-0.036172867,0.038918138,-0.0042211413
2024-05-03,AMGN,-0.033909798,0.03634131,-0.0019869208
2024-05-03,CRM,-0.032727242,0.051292062,-0.01621896
2024-05-03,CSCO,-0.028487563,0.031560302,-0.011175871
2024-05-03,IBM,-0.02703774,0.02771306,-0.0041365623
2024-05-03,INTC,-0.034075022,0.034345031,-0.0033457875
2024-05-03,MSFT,-0.033111215,0.029665828,-0.0039699674
2024-05-03,NKE,-0.034180284,0.027778268,-0.0051984787
2024-05-03,VZ,-0.032024264,0.025595784,-0.0069987178
2024-05-03,WMT,-0.024665833,0.026396155,-0.0051929951
2024-05-06,AAPL,0.0047847033,0.0068161488,-0.0089351535
2024-05-06,AMGN,-0.0025536418,-0.002039969,-0.0098151565
2024-05-06,CRM,0.0011019707,0.0077899694,-0.0032900572
2024-05-06,CSCO,0.0055537224,-0.0035555363,-0.0068009496
2024-05-06,IBM,-0.0052797198,0.003962636,-0.0014215112
2024-05-06,INTC,0.0009175539,0.0010391474,-0.0068905354
2024-05-06,MSFT,-0.0091130137,-0.00037515163,-0.0045193434
2024-05-06,NKE,-0.0058438182,0.0058729649,-0.00091707706
2024-05-06,VZ,0.00010442734,0.0010324717,-0.0024186969
2024-05-06,WMT,0.0016286373,3.0636787e-05,-0.0062138438
2024-05-07,AAPL,-0.010185301,0.011378527,0.0042574406
2024-05-07,AMGN,-0.044076681,0.020780802,0.0084512234
2024-05-07,CRM,-0.027554691,0.012858987,0.0098416805
2024-05-07,CSCO,0.0066833496,-0.0043631792,-0.0056368709
2024-05-07,IBM,-0.013688445,0.010234475,-0.00046503544
2024-05-07,INTC,-0.0086271167,-0.00074416399,0.004989028
2024-05-07,MSFT,-0.014571786,0.0068839788,-0.0057625175
2024-05-07,NKE,-0.022364676,0.017092347,0.01007843
2024-05-07,VZ,-0.0055655837,0.00061714649,7.2598457e-05
2024-05-07,WMT,-0.0090935826,0.0017809868,-0.0048146844
2024-05-08,AAPL,-0.0061106682,0.008659482,-0.0061442852
2024-05-08,AMGN,-0.04704982,0.024548769,0.0031442642
2024-05-08,CRM,-0.039649427,0.022413254,0.011206746
2024-05-08,CSCO,-0.0037584305,-0.0098931193,-0.011029065
2024-05-08,IBM,-0.01853627,0.0047962666,0.00075495243
2024-05-08,INTC,-0.0022046566,-0.003285408,-0.00035852194
2024-05-08,MSFT,-0.020883143,0.0035011768,-0.0056040287
2024-05-08,NKE,-0.028349817,0.014144778,0.0045776367
2024-05-08,VZ,2.0265579e-06,-0.0038678646,-0.0048381686
2024-05-08,WMT,-0.010241807,-0.0011701584,-0.0071583986
2024-05-09,AAPL,-0.023928642,0.019545078,-0.010784447
2024-05-09,AMGN,-0.058636725,0.035366654,0.0032734871
2024-05-09,CRM,-0.059416115,0.030906916,0.0046128035
2024-05-09,CSCO,-0.021178424,-0.0070209503,-0.011129081
2024-05-09,IBM,-0.018552244,0.0052551031,-0.0028833151
2024-05-09,INTC,-0.021525323,0.00205338,-0.00036460161
2024-05-09,MSFT,-0.030409753,0.0081181526,-0.0064876676
2024-05-09,NKE,-0.031727672,0.020102501,0.0035692453
2024-05-09,VZ,-0.010611355,-0.00099241734,-0.0025103092
2024-05-09,WMT,-0.013596714,0.0023164749,-0.0093644261
2024-05-10,AAPL,-0.010772884,0.01518476,-0.016278207
2024-05-10,AMGN,-0.055623114,0.033574343,0.0066360235
2024-05-10,CRM,-0.019774377,0.016431689,-0.0088204145
2024-05-10,CSCO,-0.0020407438,-0.014006972,-0.01724112
2024-05-10,IBM,-0.015529275,0.0074484348,-0.0028158426
2024-05-10,INTC,0.0017244816,-0.0044739842,-0.0062900186
2024-05-10,MSFT,-0.0093516707,0.0010067225,-0.011219323
2024-05-10,NKE,-0.032860935,0.016485214,0.0078556538
2024-05-10,VZ,-0.020523965,0.0054392815,0.0010997057
2024-05-10,WMT,-0.030105531,0.0099297762,-0.0030757785
2024-05-13,AAPL,-0.013461828,0.011977673,-0.0066514015
2024-05-13,AMGN,-0.038020194,0.026781917,-0.0020853877
2024-05-13,CRM,0.00033223629,0.0053676367,-0.0042559505
2024-05-13,CSCO,-0.0082303882,-0.0079016685,-0.0056549907
2024-05-13,IBM,-0.016257346,0.013724923,-0.0018984675
2024-05-13,INTC,-0.0074768662,0.0028625727,0.00089645386
2024-05-13,MSFT,-0.017389297,0.0026582479,-0.006771028
2024-05-13,NKE,-0.016497731,0.016369581,0.0076316595
2024-05-13,VZ,-0.017758191,0.0079755783,0.00030565262
2024-05-13,WMT,-0.026988864,0.011461377,0.00040221214
2024-05-14,AAPL,-0.02102524,0.018444061,-0.0066729188
2024-05-14,AMGN,-0.030773997,0.020002127,-0.0018272996
2024-05-14,CRM,-0.0076483488,0.0072486401,-0.0036709905
2024-05-14,CSCO,-0.0035056472,-0.01319319,-0.013079286
2024-05-14,IBM,-0.019064784,0.0077735186,0.00089716911
2024-05-14,INTC,-0.015191138,0.00037276745,-0.0029223561
2024-05-14,MSFT,-0.019513965,-0.00065660477,-0.0077763796
2024-05-14,NKE,-0.020120502,0.0074596405,0.0068321228
2024-05-14,VZ,-0.01061821,0.0030052662,-0.0028238893
2024-05-14,WMT,-0.015509725,0.0017793179,-0.0056521893
2024-05-15,AAPL,-0.019366205,0.022994995,-0.010014951
2024-05-15,AMGN,-0.055291831,0.032613873,0.0039008856
2024-05-15,CRM,-0.036920905,0.02330792,-0.00054842234
2024-05-15,CSCO,-0.01299274,-0.006931603,-0.010396183
2024-05-15,IBM,-0.030509055,0.015564322,0.0068085194
2024-05-15,INTC,-0.025037587,0.0070658922,0.001330018
2024-05-15,MSFT,-0.037225902,0.013446569,-0.0018516183
2024-05-15,NKE,-0.023299098,0.017781496,0.0046981573
2024-05-15,VZ,-0.015429795,0.0051496029,-0.0044787526
2024-05-15,WMT,-0.018360913,0.0069941282,-0.0054351687
2024-05-16,AAPL,-0.0063501596,0.010533094,-0.011108875
2024-05-16,AMGN,-0.045010626,0.030672073,-0.0036559105
2024-05-16,CRM,-0.027556717,0.0084865093,-0.0043594241
2024-05-16,CSCO,-0.019245088,-0.0060190558,-0.0099182129
2024-05-16,IBM,-0.028455675,0.01354444,0.0031723976
2024-05-16,INTC,-0.017975688,-0.00034153461,-0.0037343502
2024-05-16,MSFT,-0.025620103,0.00060975552,-0.0091351867
2024-05-16,NKE,-0.034021556,0.014899969,0.0045522451
2024-05-16,VZ,-0.029863298,0.010793567,0.0022628307
2024-05-16,WMT,-0.048545539,0.024978161,-0.00170362
2024-05-17,AAPL,-0.0067338347,0.0083919764,-0.012213945
2024-05-17,AMGN,-0.054577589,0.030464172,0.00088977814
2024-05-17,CRM,-0.026655555,0.009167552,-0.0081089735
2024-05-17,CSCO,-0.011214375,-0.012856305,-0.016276538
2024-05-17,IBM,-0.014964521,0.0087375641,-0.00043874979
2024-05-17,INTC,-0.019019306,-0.00044941902,-0.0093731284
2024-05-17,MSFT,-0.023468673,0.0038166046,-0.010490417
2024-05-17,NKE,-0.025532603,0.0089612007,-0.00055623055
2024-05-17,VZ,-0.02143079,0.0050789118,-0.0081329346
2024-05-17,WMT,-0.026355624,0.0088207722,-0.0071043968
2024-05-20,AAPL,-0.028279901,0.023663402,0.0011172295
2024-05-20,AMGN,-0.036580682,0.027776122,0.0087635517
2024-05-20,CRM,-0.021029711,0.016915798,0.006816268
2024-05-20,CSCO,-0.0052835345,-0.0026340485,-0.0046560764
2024-05-20,IBM,-0.016357064,0.014641643,0.0036485195
2024-05-20,INTC,-0.017756164,0.0085302591,-8.0049038e-05
2024-05-20,MSFT,-0.026651561,0.006162405,-0.0022938848
2024-05-20,NKE,-0.021114349,0.019919634,0.0069749355
2024-05-20,VZ,-0.0011591315,0.0056017637,-0.0056659579
2024-05-20,WMT,-0.011775613,0.0043984652,-0.0065432787
2024-05-21,AAPL,-0.014381051,0.014499903,-0.010300457
2024-05-21,AMGN,-0.021344602,0.014582157,-0.0031022429
2024-05-21,CRM,-0.015975237,0.018416047,-0.0034593344
2024-05-21,CSCO,0.012038231,-0.0061342716,-0.010644376
2024-05-21,IBM,-0.021314263,0.010831714,0.0070663691
2024-05-21,INTC,-0.015370488,0.0055966377,0.0087385178
2024-05-21,MSFT,-0.018388569,0.0026930571,-0.0027118325
2024-05-21,NKE,-0.02192533,0.012589097,0.011649847
2024-05-21,VZ,-0.0089194179,0.0054450035,0.0036073923
2024-05-21,WMT,-0.0030133724,-0.00051510334,-0.0086956024
2024-05-22,AAPL,-0.015007019,0.014554858,-0.011408329
2024-05-22,AMGN,-0.041622519,0.024478793,-0.0014320612
2024-05-22,CRM,-0.033144474,0.0069948435,-0.0051003098
2024-05-22,CSCO,-0.014005303,-0.010864735,-0.0095394254
2024-05-22,IBM,-0.028873563,0.013020277,0.0055127144
2024-05-22,INTC,-0.020522118,-0.0012279153,-0.0022270679
2024-05-22,MSFT,-0.025202632,0.0035885572,-0.0047194958
2024-05-22,NKE,-0.031615078,0.014836788,0.0058184862
2024-05-22,VZ,-0.032912314,0.0097155571,0.0002155304
2024-05-22,WMT,-0.040365934,0.018448472,0.0013928413
2024-05-23,AAPL,-0.0027421117,0.0069254637,-0.016901195
2024-05-23,AMGN,-0.067046225,0.039096236,0.0045713186
2024-05-23,CRM,-0.047463596,0.017822742,0.0031653643
2024-05-23,CSCO,-0.009853363,-0.009714067,-0.016688526
2024-05-23,IBM,-0.015525401,0.0078173876,0.0021210909
2024-05-23,INTC,-0.021252155,-0.0019539595,-0.0091925859
2024-05-23,MSFT,-0.030912578,0.002122879,-0.0075148344
2024-05-23,NKE,-0.034552753,0.011337042,0.00065028667
2024-05-23,VZ,-0.019396782,0.0033632517,-0.0086564422
2024-05-23,WMT,-0.029503644,0.011425614,-0.0088393092
2024-05-24,AAPL,-0.017703235,0.019626498,0.00082552433
2024-05-24,AMGN,-0.031908154,0.028079033,-0.00029200315
2024-05-24,CRM,-0.030371189,0.025059104,0.0045512915
2024-05-24,CSCO,-0.011094272,0.002381444,-0.0064260364
2024-05-24,IBM,-0.013049304,0.010467052,0.0012321472
2024-05-24,INTC,-0.011181414,0.0069627762,-0.0058012009
2024-05-24,MSFT,-0.014696479,0.0046049356,-0.0053340793
2024-05-24,NKE,-0.01925528,0.01650846,0.0085786581
2024-05-24,VZ,-0.015119553,0.010936856,-0.0025022626
2024-05-24,WMT,-0.024320126,0.011638999,-0.0065056086
2024-05-28,AAPL,-0.0089659095,0.0060921907,-0.013067842
2024-05-28,AMGN,-0.052759409,0.03862524,0.00060379505
2024-05-28,CRM,-0.0031580925,0.012374759,-0.012704492
2024-05-28,CSCO,0.0044928789,-0.0055356026,-0.0095176101
2024-05-28,IBM,-0.0012739897,0.0068962574,-0.002638042
2024-05-28,INTC,-0.0072669387,0.005621314,-0.0015769005
2024-05-28,MSFT,-0.002237618,-0.00012642145,-0.0071804523
2024-05-28,NKE,-0.010990441,0.012117147,0.0012873411
2024-05-28,VZ,-0.013319016,0.010700822,-0.0059149265
2024-05-28,WMT,-0.023853958,0.0097039938,-0.0064434409
2024-05-29,AAPL,-0.0094363093,0.0071645975,-0.012470126
2024-05-29,AMGN,-0.010362327,0.010625601,-0.01556927
2024-05-29,CRM,0.0096523762,-0.00075989962,-0.021272182
2024-05-29,CSCO,-0.0032147765,-0.014475048,-0.012090564
2024-05-29,IBM,-0.01884377,0.0071748495,-0.003439486
2024-05-29,INTC,-0.0065737367,-0.0027761459,-0.014631569
2024-05-29,MSFT,-0.0058511496,-0.0043182373,-0.013637006
2024-05-29,NKE,-0.01790303,0.0069851875,-0.0057843924
2024-05-29,VZ,-0.022130251,0.0071566105,-0.0019074082
2024-05-29,WMT,-0.035709798,0.017757297,0.0016928911
2024-05-30,AAPL,-0.010156155,0.01663816,-0.010389328
2024-05-30,AMGN,-0.025488138,0.0221591,-0.0061904192
2024-05-30,CRM,-0.016013682,0.014814734,-0.011096835
2024-05-30,CSCO,-0.013291776,-0.00050532818,-0.0086840391
2024-05-30,IBM,-0.022858083,0.016240716,-0.00026291609
2024-05-30,INTC,-0.019556642,0.0059827566,-0.0058557987
2024-05-30,MSFT,-0.02455914,0.0091253519,-0.0056906939
2024-05-30,NKE,-0.020926535,0.015589595,-0.0011226535
2024-05-30,VZ,-0.014938772,0.0017563105,-0.0049069524
2024-05-30,WMT,-0.0058268309,0.00687325,-0.0072270632
2024-05-31,AAPL,-0.017068744,0.019425511,-0.0080254078
2024-05-31,AMGN,-0.034933567,0.030107737,-0.0087019801
2024-05-31,CRM,-0.059511244,0.044641852,-0.011142969
2024-05-31,CSCO,-0.022339046,0.0097081661,-0.0095055103
2024-05-31,IBM,-0.028041542,0.013077617,-0.0042261481
2024-05-31,INTC,-0.014189243,0.01096952,-0.0027429461
2024-05-31,MSFT,-0.025323391,0.018327355,-0.009644866
2024-05-31,NKE,-0.026919782,0.020794392,0.0019307137
2024-05-31,VZ,-0.0074549913,0.0047146082,-0.0047956109
2024-05-31,WMT,-0.0093138814,0.0083572865,-0.007635653
2024-06-03,AAPL,-0.0035329461,0.0082125664,-0.021274328
2024-06-03,AMGN,-0.026704609,0.025521636,-0.017121553
2024-06-03,CRM,-0.060093403,0.044426322,-0.028619766
2024-06-03,CSCO,-0.032339334,0.011170268,-0.02326268
2024-06-03,IBM,-0.0177055,0.012243509,-0.013328433
2024-06-03,INTC,-0.024288476,0.007632494,-0.017025173
2024-06-03,MSFT,-0.026434004,0.018760085,-0.019578755
2024-06-03,NKE,-0.034405649,0.018624783,-0.0170421
2024-06-03,VZ,-0.027264714,0.0099318027,-0.019135237
2024-06-03,WMT,-0.020537794,0.015281081,-0.012654364
2024-06-04,AAPL,-0.033733904,0.03715229,-0.0041226745
2024-06-04,AMGN,-0.029622853,0.037686229,-0.0037420988
2024-06-04,CRM,-0.035582244,0.050534487,-0.01346153
2024-06-04,CSCO,-0.027001083,0.029703021,-0.010423839
2024-06-04,IBM,-0.027953684,0.029737711,-0.0017730594
2024-06-04,INTC,-0.032238185,0.03400588,-0.0063367486
2024-06-04,MSFT,-0.031482399,0.033150673,-0.0011846423
2024-06-04,NKE,-0.033857107,0.029833198,-0.0067354441
2024-06-04,VZ,-0.031868517,0.02748549,-0.004416585
2024-06-04,WMT,-0.024169862,0.025474787,-0.0079831481
2024-06-05,AAPL,0.006816268,0.003750205,-0.0082400441
2024-06-05,AMGN,-0.0026211143,0.0015496016,-0.00718081
2024-06-05,CRM,0.022571325,0.0002707243,-0.0036001801
2024-06-05,CSCO,0.017631531,-0.0069640279,-0.0075639486
2024-06-05,IBM,0.0042514801,0.0010489225,-0.0034444928
2024-06-05,INTC,0.0083309412,0.00060248375,-0.0035979152
2024-06-05,MSFT,0.0030373335,-0.0030511022,-0.0070670247
2024-06-05,NKE,0.0033077002,0.0042858124,0.0010195971
2024-06-05,VZ,0.0034915209,-0.00036555529,-0.0052824616
2024-06-05,WMT,0.0061469078,0.00030589104,-0.0056731105
2024-06-06,AAPL,-0.020213544,0.016664028,-0.0014446974
2024-06-06,AMGN,-0.040829837,0.015807867,0.0022739172
2024-06-06,CRM,-0.029221416,0.017373562,0.0071327686
2024-06-06,CSCO,0.0061010122,-0.0059267879,-0.0066938996
2024-06-06,IBM,-0.016061425,0.0048058033,-0.0025982857
2024-06-06,INTC,-0.0088099241,-0.0018954873,0.0036774874
2024-06-06,MSFT,-0.016691983,0.0059431791,-0.0068552494
2024-06-06,NKE,-0.023937225,0.014472008,0.0077590942
2024-06-06,VZ,-0.011852801,-0.0033739209,-0.0017789602
2024-06-06,WMT,-0.0064867735,-0.0045454502,-0.01039511
2024-06-07,AAPL,-0.01310128,0.014895439,-0.013449013
2024-06-07,AMGN,-0.049780428,0.023512483,-0.00053721666
2024-06-07,CRM,-0.035687089,0.020380855,-0.0042741299
2024-06-07,CSCO,-0.006210804,-0.01172483,-0.015735567
2024-06-07,IBM,-0.0053001642,-0.0016109347,-0.0077954531
2024-06-07,INTC,0.0051261187,-0.012107909,-0.008269608
2024-06-07,MSFT,-0.014781475,-9.6619129e-05,-0.014355838
2024-06-07,NKE,-0.025032461,0.0071878433,-0.0008482933
2024-06-07,VZ,-0.0090429187,-0.0041651726,-0.0068155527
2024-06-07,WMT,-0.010655344,-0.0035964251,-0.0085484385
2024-06-10,AAPL,-0.02440244,0.021179557,0.00041282177
2024-06-10,AMGN,-0.043982029,0.022632957,0.0066282749
2024-06-10,CRM,-0.032815158,0.014032602,-0.0012922883
2024-06-10,CSCO,-0.011370182,-0.0070390105,-0.0095261335
2024-06-10,IBM,-0.02131784,0.0041699409,-0.0027575493
2024-06-10,INTC,-0.011165917,-0.00028043985,-0.0030816793
2024-06-10,MSFT,-0.021605849,0.0065530539,-0.006538868
2024-06-10,NKE,-0.026096404,0.014375091,0.0039430857
2024-06-10,VZ,-0.0072113276,-0.0021074414,-0.0046530962
2024-06-10,WMT,-0.0063114166,0.0015543699,-0.0074480176
2024-06-11,AAPL,-0.038561821,0.022125244,-0.0050529838
2024-06-11,AMGN,-0.025695324,0.018009782,0.00035941601
2024-06-11,CRM,-0.0045297146,0.012419462,-0.0038735867
2024-06-11,CSCO,0.0051018,-0.0073364973,-0.011279225
2024-06-11,IBM,-0.010241807,0.0068861246,0.0017080307
2024-06-11,INTC,0.0010875463,-0.0040174127,-0.00039511919
2024-06-11,MSFT,-0.015154898,0.0084819794,-0.0068203211
2024-06-11,NKE,-0.024217725,0.010909557,0.008651495
2024-06-11,VZ,0.00018560886,-0.0016164184,-0.0027965307
2024-06-11,WMT,-0.0080183744,0.0023862123,-0.0094028115
2024-06-12,AAPL,-0.015528381,0.015922189,-0.0085257888
2024-06-12,AMGN,-0.036929727,0.016494274,-0.0011802912
2024-06-12,CRM,-0.0150792,-0.0021989346,-0.0086259842
2024-06-12,CSCO,-0.013530314,-0.011168063,-0.0061728358
2024-06-12,IBM,-0.025276363,0.012168646,0.0053975582
2024-06-12,INTC,-0.013608575,-0.0021682382,-0.00053721666
2024-06-12,MSFT,-0.023360133,0.0038779974,-0.0067249537
2024-06-12,NKE,-0.026929557,0.010737896,0.00081896782
2024-06-12,VZ,-0.027078152,0.0051562786,0.0027189255
2024-06-12,WMT,-0.03591305,0.014701486,-0.0024918914
2024-06-13,AAPL,-0.030454993,0.02137804,-0.0058953166
2024-06-13,AMGN,-0.04944694,0.024578571,0.0089191198
2024-06-13,CRM,-0.030477941,0.0065449476,0.0063639879
2024-06-13,CSCO,-0.0032165051,-0.011644244,-0.013044596
2024-06-13,IBM,-0.022464395,0.010973096,0.0018697977
2024-06-13,INTC,-0.020895243,-0.0033845305,-0.0023490787
2024-06-13,MSFT,-0.028979778,0.0047485828,-0.0049477816
2024-06-13,NKE,-0.023467064,0.009586215,0.00016212463
2024-06-13,VZ,-0.015138984,0.0021488667,-0.0044978857
2024-06-13,WMT,-0.020860314,0.0049637556,-0.0095614195
2024-06-14,AAPL,-0.019423962,0.021082044,-0.010414779
2024-06-14,AMGN,-0.04063952,0.020886421,0.0061248541
2024-06-14,CRM,-0.022247255,0.0051025152,0.0071451664
2024-06-14,CSCO,-0.0032775402,-0.0078681707,-0.010899842
2024-06-14,IBM,-0.013262212,0.0070235729,0.00043034554
2024-06-14,INTC,-0.0044364333,-0.00064712763,-0.0076458454
2024-06-14,MSFT,-0.0225631,0.001142025,-0.0048473477
2024-06-14,NKE,-0.014216542,0.012420416,-0.00015878677
2024-06-14,VZ,0.001979351,0.00089168549,-0.007707417
2024-06-14,WMT,-0.0073863864,0.0020339489,-0.013549805
2024-06-17,AAPL,-0.016602337,0.013956547,-0.004612565
2024-06-17,AMGN,-0.035915256,0.016281724,0.0043032169
2024-06-17,CRM,-0.0016055107,0.0043030977,0.0019836426
2024-06-17,CSCO,0.0047385693,-0.014699578,-0.0088390112
2024-06-17,IBM,-0.010264933,0.0050235987,0.0015217066
2024-06-17,INTC,-0.014015853,0.00046718121,0.0020440817
2024-06-17,MSFT,-0.021999002,0.0035485029,-0.0027348995
2024-06-17,NKE,-0.015938342,0.0089390278,0.0052495003
2024-06-17,VZ,-0.00015872717,-0.0032808781,-0.001811564
2024-06-17,WMT,-0.0069847107,0.0037070513,-0.0084404349
2024-06-18,AAPL,-0.019368827,0.012270808,-0.013424635
2024-06-18,AMGN,-0.043606877,0.017791152,-0.0011303425
2024-06-18,CRM,-0.025462031,0.0027639866,-0.004914701
2024-06-18,CSCO,-0.003200829,-0.019907475,-0.013588607
2024-06-18,IBM,-0.027459204,0.0065248013,0.0048440695
2024-06-18,INTC,-0.020991325,-0.0021654963,-0.0042170882
2024-06-18,MSFT,-0.02547735,0.0029652119,-0.0085139871
2024-06-18,NKE,-0.033248782,0.011753798,0.0011960268
2024-06-18,VZ,-0.01957345,-0.0031531453,-0.0019310713
2024-06-18,WMT,-0.026410997,0.0056145191,-0.007240653
2024-06-20,AAPL,-0.02559334,0.016358495,-0.015942574
2024-06-20,AMGN,-0.050213277,0.027395964,-0.0055760145
2024-06-20,CRM,-0.047870517,0.018767595,-0.0023134351
2024-06-20,CSCO,-0.014205396,-0.0091943741,-0.014341831
2024-06-20,IBM,-0.013384879,0.0043156147,-0.002738595
2024-06-20,INTC,-0.01406002,-0.0070005059,-0.0056508183
2024-06-20,MSFT,-0.022969842,0.0047081709,-0.014423072
2024-06-20,NKE,-0.025015533,0.010012507,-0.0021665096
2024-06-20,VZ,-0.017359078,-0.0034510493,-0.0075759888
2024-06-20,WMT,-0.023265898,0.0052478313,-0.0090915561
2024-06-21,AAPL,-0.016382277,0.016787648,-0.0094108582
2024-06-21,AMGN,-0.047706485,0.028860688,0.00030601025
2024-06-21,CRM,-0.041768968,0.018011689,0.00056529045
2024-06-21,CSCO,-0.0017728209,-0.012381017,-0.017922699
2024-06-21,IBM,-0.013117373,0.00086200237,-0.0043996572
2024-06-21,INTC,-0.011420012,-0.0022172332,-0.0072141886
2024-06-21,MSFT,-0.024555862,0.0013210773,-0.010996759
2024-06-21,NKE,-0.023515761,0.0084418058,-0.0040271878
2024-06-21,VZ,-0.007587254,-0.0026290417,-0.0087252259
2024-06-21,WMT,-0.0029257536,-0.0019209385,-0.014438868
2024-06-24,AAPL,-0.030515671,0.030987978,-0.0012902021
2024-06-24,AMGN,-0.023593783,0.02166748,-0.0020627379
2024-06-24,CRM,-0.028342485,0.024806023,-0.0033735037
2024-06-24,CSCO,0.0081005096,0.00020718575,-0.011143804
2024-06-24,IBM,-0.014240503,0.00903368,0.0029067993
2024-06-24,INTC,-0.0078542829,0.0054240227,0.00056636333
2024-06-24,MSFT,-0.019361198,0.011257172,-0.0049805045
2024-06-24,NKE,-0.023937643,0.019431591,0.006403327
2024-06-24,VZ,0.00092029572,0.0019891262,-0.0022622943
2024-06-24,WMT,-0.00378263,0.0011309385,-0.010418952
2024-06-25,AAPL,-0.01931417,0.021422148,-0.017135501
2024-06-25,AMGN,-0.043973982,0.030275822,-0.0021702647
2024-06-25,CRM,-0.022565722,0.016028881,-0.013313532
2024-06-25,CSCO,-0.0030571818,-0.0080425739,-0.012498856
2024-06-25,IBM,-0.018920243,0.010806084,0.0035345554
2024-06-25,INTC,-0.010583639,0.0020968914,0.00095844269
2024-06-25,MSFT,-0.019561052,0.0093933344,-0.006855607
2024-06-25,NKE,-0.040903628,0.018715143,0.0064594746
2024-06-25,VZ,-0.020355046,0.0062327385,0.0010317564
2024-06-25,WMT,-0.019166887,0.010495186,-0.0062180161
2024-06-26,AAPL,-0.015359759,0.014316916,-0.022417605
2024-06-26,AMGN,-0.050343513,0.027295709,-0.0045016408
2024-06-26,CRM,-0.023679376,0.0056470633,-0.013967633
2024-06-26,CSCO,-0.013456464,-0.014408827,-0.019565582
2024-06-26,IBM,-0.022659779,0.0074660778,-0.0028232336
2024-06-26,INTC,-0.0091091394,-0.005584836,-0.018551409
2024-06-26,MSFT,-0.02141571,0.0064207315,-0.015714228
2024-06-26,NKE,-0.039332926,0.011025071,-0.0068372488
2024-06-26,VZ,-0.034528375,0.0089001656,-0.0040652752
2024-06-26,WMT,-0.054217637,0.027450204,-0.00090485811
2024-06-27,AAPL,-0.0039406419,0.015219808,-0.018510997
2024-06-27,AMGN,-0.048476517,0.038730502,-0.0019375086
2024-06-27,CRM,-0.014322937,0.011927128,-0.00033128262
2024-06-27,CSCO,0.0034990311,-0.010616601,-0.01196748
2024-06-27,IBM,0.0044997931,0.0046572685,-0.0057735443
2024-06-27,INTC,-0.0018993616,-0.0009201169,-0.010581315
2024-06-27,MSFT,-0.0058264732,0.0030815601,-0.010798097
2024-06-27,NKE,-0.016430378,0.011878729,-0.00012481213
2024-06-27,VZ,-0.013335109,0.0092636347,-0.010135591
2024-06-27,WMT,-0.023978651,0.010725975,-0.0091924667
2024-06-28,AAPL,0.0055148602,0.003837347,-0.014965296
2024-06-28,AMGN,-0.02237165,0.02103126,-0.0086706281
2024-06-28,CRM,0.017749667,-0.0068997145,-0.013998449
2024-06-28,CSCO,0.0048773289,-0.01353389,-0.013258278
2024-06-28,IBM,-0.0014939904,-0.0017731786,-0.0044831038
2024-06-28,INTC,0.010296226,-0.002163291,-0.0093470216
2024-06-28,MSFT,0.00012552738,-0.0063086748,-0.011571348
2024-06-28,NKE,-0.010050595,0.008693099,-0.00094205141
2024-06-28,VZ,-0.0065640807,0.0053790808,-0.0058954954
2024-06-28,WMT,-0.019862413,0.0093179941,-0.0033589602
2024-07-01,AAPL,-0.017300308,0.021259546,-0.011506796
2024-07-01,AMGN,-0.022524714,0.019311666,-0.0098055601
2024-07-01,CRM,-0.03520298,0.026134968,-0.0017065406
2024-07-01,CSCO,-0.011188567,-0.0023124814,-0.013335288
2024-07-01,IBM,-0.016758859,0.0068775415,-0.0013333559
2024-07-01,INTC,-0.023882926,0.0044994354,-0.0055161119
2024-07-01,MSFT,-0.019223571,0.010092616,-0.0082848668
2024-07-01,NKE,-0.024571717,0.012574792,0.00052881241
2024-07-01,VZ,-0.0073519945,-0.0015564561,-0.01124239
2024-07-01,WMT,-0.0017440319,0.0025507212,-0.012954652
2024-07-02,AAPL,-0.019123554,0.024760723,-0.012526333
2024-07-02,AMGN,-0.025067449,0.026967406,-0.011398137
2024-07-02,CRM,-0.039325058,0.044226289,-0.013763547
2024-07-02,CSCO,-0.017821968,0.010228038,-0.0076889992
2024-07-02,IBM,-0.026847839,0.014318228,-0.0039420128
2024-07-02,INTC,-0.012370825,0.01238513,-0.0011219382
2024-07-02,MSFT,-0.017707705,0.014279604,-0.0083962083
2024-07-02,NKE,-0.02863729,0.023204684,0.003005743
2024-07-02,VZ,-0.0036819577,0.0045781136,-0.010159552
2024-07-02,WMT,-0.0067628622,0.011394382,-0.0049348474
2024-07-03,AAPL,-0.0040177703,0.0052976608,-0.031838655
2024-07-03,AMGN,-0.015932977,0.018806934,-0.021879137
2024-07-03,CRM,-0.072758377,0.0440166,-0.031726241
2024-07-03,CSCO,-0.035904646,0.0076498985,-0.027085841
2024-07-03,IBM,-0.019023061,0.013579249,-0.016646206
2024-07-03,INTC,-0.024723113,0.0039718151,-0.019535005
2024-07-03,MSFT,-0.024140179,0.013597608,-0.02383256
2024-07-03,NKE,-0.03340739,0.013771296,-0.01698333
2024-07-03,VZ,-0.020484269,0.0056818724,-0.017670929
2024-07-03,WMT,-0.01864481,0.014066458,-0.014276624
2024-07-05,AAPL,-0.046632349,0.038793206,-0.005166471
2024-07-05,AMGN,-0.035426259,0.037590146,-0.0043025017
2024-07-05,CRM,-0.057409525,0.062378645,-0.012124002
2024-07-05,CSCO,-0.036696374,0.033119798,-0.0083207488
2024-07-05,IBM,-0.031708479,0.029371619,-0.0039441586
2024-07-05,INTC,-0.041355431,0.036609769,-0.0045005083
2024-07-05,MSFT,-0.038298547,0.033226609,-0.00228405
2024-07-05,NKE,-0.034952104,0.028236747,-0.0062729716
2024-07-05,VZ,-0.03231895,0.024691701,-0.0068601966
2024-07-05,WMT,-0.023584962,0.023441195,-0.0073480606
2024-07-08,AAPL,0.0024453402,0.011731863,-0.0059267282
2024-07-08,AMGN,-0.0063325167,0.0086622238,-0.0053502917
2024-07-08,CRM,0.014199257,0.0080685616,-0.0023252368
2024-07-08,CSCO,0.016232252,-0.0041646957,-0.0060835481
2024-07-08,IBM,0.0032813549,0.0024535656,-0.0033493638
2024-07-08,INTC,0.0086885691,0.0040847063,-0.0050147176
2024-07-08,MSFT,0.0038430691,-0.00090509653,-0.0031089187
2024-07-08,NKE,-0.0055043101,0.0048115253,-0.00019222498
2024-07-08,VZ,-0.0028171539,0.0024725199,-0.005064249
2024-07-08,WMT,0.00088346004,0.00031542778,-0.0058302879
2024-07-09,AAPL,-0.016114771,0.016665697,-0.00086516142
2024-07-09,AMGN,-0.032896698,0.022190452,0.0024747849
2024-07-09,CRM,-0.043974638,0.021668792,0.014012456
2024-07-09,CSCO,0.0067833662,-0.0059772134,-0.0104388
2024-07-09,IBM,-0.0052616,0.0053236485,-0.0066341162
2024-07-09,INTC,-0.00233078,0.0011565685,0.0016593933
2024-07-09,MSFT,-0.014037728,0.0055435896,-0.0050840378
2024-07-09,NKE,-0.024861991,0.012172103,0.0027705431
2024-07-09,VZ,-0.0093262792,-0.0017772317,-0.0035139322
2024-07-09,WMT,0.00090360641,-0.0064520836,-0.0086847544
2024-07-10,AAPL,-0.018474162,0.020219684,-0.0077673793
2024-07-10,AMGN,-0.02010715,0.019220114,-0.0084809661
2024-07-10,CRM,-0.028527856,0.019874215,0.0016491413
2024-07-10,CSCO,0.011157632,-0.0081084967,-0.013077438
2024-07-10,IBM,0.002218008,3.9815903e-05,-0.0084807873
2024-07-10,INTC,0.0036731958,-0.0056593418,-0.0019868016
2024-07-10,MSFT,-0.0069910884,0.00064492226,-0.011326969
2024-07-10,NKE,-0.028300166,0.011845946,0.0048921108
2024-07-10,VZ,-0.00034320354,-0.0017783046,-0.0061024427
2024-07-10,WMT,0.00016772747,-0.0049296618,-0.0086735487
2024-07-11,AAPL,-0.034288108,0.022765398,-0.010572433
2024-07-11,AMGN,-0.020103693,0.011452913,-0.0063844919
2024-07-11,CRM,-0.042043269,0.019919038,-0.0038826466
2024-07-11,CSCO,-0.014302909,-0.0038211346,-0.012309611
2024-07-11,IBM,-0.012037337,0.0041526556,-0.0061788559
2024-07-11,INTC,-0.0092970133,-0.00096958876,-0.0039918423
2024-07-11,MSFT,-0.018047869,0.0081301928,-0.007889688
2024-07-11,NKE,-0.028588712,0.012781024,0.0019670725
2024-07-11,VZ,-0.010818183,0.0010191202,-0.0071433187
2024-07-11,WMT,0.0014781952,-0.0010852814,-0.01376611
2024-07-12,AAPL,-0.027681708,0.022706509,-0.0060669184
2024-07-12,AMGN,-0.024727046,0.015802264,-0.0036973357
2024-07-12,CRM,-0.020163,0.011260748,0.0014871359
2024-07-12,CSCO,0.0076334476,-0.0096594095,-0.013624072
2024-07-12,IBM,-0.014881134,0.0098525286,-0.0025362968
2024-07-12,INTC,0.0034451485,-0.0027914643,-0.0051215887
2024-07-12,MSFT,-0.0039899349,0.001891613,-0.011752427
2024-07-12,NKE,-0.032798409,0.012240529,0.0065323114
2024-07-12,VZ,-0.017401874,0.0041946173,-0.0042351484
2024-07-12,WMT,-0.016358018,0.0057317019,-0.0056405067
2024-07-15,AAPL,-0.02687043,0.021936178,-0.00553298
2024-07-15,AMGN,-0.0076324344,0.01261425,-0.012142003
2024-07-15,CRM,0.0056580305,0.0041904449,-0.0062344074
2024-07-15,CSCO,0.0042814016,-0.0087893009,-0.0095183849
2024-07-15,IBM,-0.01646626,0.011307359,0.00038731098
2024-07-15,INTC,-0.0048408508,-0.0025786161,-0.0041002035
2024-07-15,MSFT,-0.010444522,0.0040576458,-0.0072460175
2024-07-15,NKE,-0.019101858,0.0086810589,0.0036959648
2024-07-15,VZ,-0.022922039,0.005368948,-0.0018239617
2024-07-15,WMT,-0.024414599,0.0077013969,-0.0032551289
2024-07-16,AAPL,-0.03170675,0.022132993,-0.019095302
2024-07-16,AMGN,-0.022239387,0.016231537,-0.011575222
2024-07-16,CRM,-0.0278337,0.012366056,-0.0023571253
2024-07-16,CSCO,-0.017963827,-0.0075483322,-0.011370659
2024-07-16,IBM,-0.025688887,0.012773037,-0.0040804744
2024-07-16,INTC,-0.022488773,0.00025653839,-0.007792294
2024-07-16,MSFT,-0.026343107,0.0079113245,-0.010605335
2024-07-16,NKE,-0.018783391,0.0087344646,-0.0060251355
2024-07-16,VZ,-0.028828979,0.0072287321,-0.006201148
2024-07-16,WMT,-0.019886315,0.0068385601,-0.010236621
2024-07-17,AAPL,-0.022591174,0.023071289,-0.0080721974
2024-07-17,AMGN,-0.021609724,0.016429543,-0.0065060258
2024-07-17,CRM,-0.030160964,0.012635946,0.0047742128
2024-07-17,CSCO,0.0025168657,-0.0061002374,-0.011261821
2024-07-17,IBM,-0.018822908,0.013567805,-0.00029563904
2024-07-17,INTC,-0.0035642385,0.00083506107,-0.0060513616
2024-07-17,MSFT,-0.017338753,0.0064176321,-0.0080852509
2024-07-17,NKE,-0.025827408,0.013699055,0.0026779175
2024-07-17,VZ,-0.017137647,0.0075955391,-0.0044611692
2024-07-17,WMT,-0.016299069,0.006248951,-0.0084428787
2024-07-18,AAPL,-0.015890956,0.018532038,-0.0072755814
2024-07-18,AMGN,-0.015636921,0.016843438,-0.010451555
2024-07-18,CRM,-0.010106325,0.0028253794,0.0011006594
2024-07-18,CSCO,0.006284833,-0.010631204,-0.009254992
2024-07-18,IBM,-0.0078681111,0.0063977242,-0.0049518347
2024-07-18,INTC,-0.0059766769,0.0012760162,-0.0057108402
2024-07-18,MSFT,-0.0093576908,0.0056203604,-0.00603652
2024-07-18,NKE,-0.021396697,0.0094593763,-0.0024183989
2024-07-18,VZ,-0.011367977,0.0036367178,-0.0056405067
2024-07-18,WMT,-0.0050568581,-0.00098866224,-0.010253787
2024-07-19,AAPL,-0.021075845,0.023009062,-0.016838908
2024-07-19,AMGN,-0.022622883,0.020112872,-0.01195848
2024-07-19,CRM,-0.046463788,0.024508476,-0.0096285939
2024-07-19,CSCO,-0.012362421,-0.0077833533,-0.014790893
2024-07-19,IBM,-0.013805389,0.0037807226,-0.0072838664
2024-07-19,INTC,-0.015571535,0.0014498234,-0.0081472993
2024-07-19,MSFT,-0.020932853,0.012227178,-0.011529684
2024-07-19,NKE,-0.033257365,0.01277554,-0.0013417006
2024-07-19,VZ,-0.01092881,0.00034248829,-0.0098360181
2024-07-19,WMT,0.00070440769,-0.0032432079,-0.015180528
2024-07-22,AAPL,-0.022719741,0.019766331,-0.020217001
2024-07-22,AMGN,-0.023301184,0.018278956,-0.010715306
2024-07-22,CRM,-0.039525807,0.02535224,-0.012755692
2024-07-22,CSCO,-0.0042707324,-0.007958889,-0.01595664
2024-07-22,IBM,-0.0078026056,0.0036399364,-0.0083662271
2024-07-22,INTC,-0.0038619041,-0.0051868558,-0.012858391
2024-07-22,MSFT,-0.014124095,0.0051369667,-0.013777733
2024-07-22,NKE,-0.018758714,0.0092844963,-0.0082007051
2024-07-22,VZ,-0.010061741,-0.0003144145,-0.012411714
2024-07-22,WMT,-0.0075226426,-0.00031131506,-0.014727414
2024-07-23,AAPL,-0.022796512,0.026252747,-0.015349984
2024-07-23,AMGN,-0.023513794,0.014686942,-0.011757553
2024-07-23,CRM,-0.040326476,0.036303878,-0.0093227625
2024-07-23,CSCO,-0.015533566,-0.0049788952,-0.014256716
2024-07-23,IBM,-0.016239941,0.0074281693,-0.006075561
2024-07-23,INTC,-0.012257457,0.00073349476,-0.012693524
2024-07-23,MSFT,-0.018244803,0.010777473,-0.011989534
2024-07-23,NKE,-0.032196701,0.016282082,-0.0044661164
2024-07-23,VZ,-0.016047359,0.0064624548,-0.0093330741
2024-07-23,WMT,-0.0076728463,0.0023287535,-0.013623118
2024-07-24,AAPL,-0.018513143,0.02261126,-0.012867391
2024-07-24,AMGN,-0.019080877,0.014190674,-0.010740578
2024-07-24,CRM,-0.033171237,0.030159473,-0.0094776154
2024-07-24,CSCO,-0.003352046,0.0017578602,-0.012578428
2024-07-24,IBM,-0.014546871,0.012739539,-0.0046434999
2024-07-24,INTC,-0.0097616911,0.0043407679,-0.010441065
2024-07-24,MSFT,-0.014074147,0.013098478,-0.0072333217
2024-07-24,NKE,-0.023807466,0.019532084,-0.0037521124
2024-07-24,VZ,-0.013364494,0.0058242083,-0.0076323152
2024-07-24,WMT,-0.0042098761,0.0043983459,-0.012277067
2024-07-25,AAPL,-0.02631098,0.025574446,-0.0070748329
2024-07-25,AMGN,-0.020569623,0.017926455,-0.010979831
2024-07-25,CRM,-0.029271007,0.025638342,-0.0035788417
2024-07-25,CSCO,0.0062298775,-0.00062918663,-0.01178956
2024-07-25,IBM,-0.011720538,0.011126876,-0.0026656985
2024-07-25,INTC,-0.0043706894,0.0038816929,-0.003967762
2024-07-25,MSFT,-0.0071967244,0.010517597,-0.0088611245
2024-07-25,NKE,-0.032132208,0.015081882,0.00010597706
2024-07-25,VZ,-0.0082905293,0.0023345947,-0.0053475499
2024-07-25,WMT,-0.0038498044,0.00047147274,-0.010198891
2024-07-26,AAPL,-0.021827519,0.02142489,-0.031443715
2024-07-26,AMGN,-0.054008961,0.033379316,-0.0030228496
2024-07-26,CRM,-0.052267671,0.028845906,-0.016781092
2024-07-26,CSCO,-0.02077508,0.00154984,-0.021473825
2024-07-26,IBM,-0.014783382,0.0079408884,-0.0085088015
2024-07-26,INTC,-0.010109425,-0.00054103136,-0.018487394
2024-07-26,MSFT,-0.015922904,0.0090694427,-0.017556846
2024-07-26,NKE,-0.020179093,0.010721922,-0.012956917
2024-07-26,VZ,-0.01572144,0.0016202927,-0.01596123
2024-07-26,WMT,-0.018438935,0.0088187456,-0.0084007978
2024-07-29,AAPL,-0.0030190349,0.014140129,-0.015546322
2024-07-29,AMGN,-0.023438931,0.025626302,-0.0075889826
2024-07-29,CRM,0.011336684,0.012858868,-0.016274333
2024-07-29,CSCO,0.012922168,-0.0039580464,-0.015933514
2024-07-29,IBM,0.0053149462,0.0058224201,-0.0066097379
2024-07-29,INTC,0.012382388,0.0036748648,-0.012153566
2024-07-29,MSFT,0.0059928894,0.0048484802,-0.012859583
2024-07-29,NKE,-0.001516223,0.007089138,-0.0057587624
2024-07-29,VZ,-0.014963508,0.0081722736,-0.0034489632
2024-07-29,WMT,-0.03038615,0.018098354,0.00089561939
2024-07-30,AAPL,-0.003249228,0.006439209,-0.010961831
2024-07-30,AMGN,-0.01155138,0.011987567,-0.0086395741
2024-07-30,CRM,0.032121301,-0.0044332147,-0.023021638
2024-07-30,CSCO,-0.0011212826,-0.0023472309,-0.010571003
2024-07-30,IBM,-0.0067714453,0.007663846,-0.0073837042
2024-07-30,INTC,0.00073301792,0.0042719841,-0.0082642436
2024-07-30,MSFT,0.0056936741,-0.0010629892,-0.012604296
2024-07-30,NKE,-0.0055362582,0.0047986507,-0.0030323267
2024-07-30,VZ,-0.01816994,0.0057530403,-0.0013359785
2024-07-30,WMT,-0.023707569,0.011960268,0.001989603
2024-07-31,AAPL,-0.010035813,0.016415477,-0.010485113
2024-07-31,AMGN,-0.02042675,0.015211582,-0.0075958967
2024-07-31,CRM,-0.032550573,0.02213347,-0.0042001605
2024-07-31,CSCO,-0.027899265,0.0088603497,-0.0097789168
2024-07-31,IBM,-0.024778366,0.0088795424,-0.0023730993
2024-07-31,INTC,-0.035817146,0.014487505,-0.0001078248
2024-07-31,MSFT,-0.026802778,0.011148691,-0.0067530274
2024-07-31,NKE,-0.018702924,0.013540149,-0.004722774
2024-07-31,VZ,-0.014104545,0.0045301914,-0.0066814423
2024-07-31,WMT,0.0025113821,0.006249547,-0.0076841116
2024-08-01,AAPL,-0.022608995,0.023067713,-0.0058550835
2024-08-01,AMGN,-0.014852107,0.020895243,-0.0086250305
2024-08-01,CRM,-0.054241717,0.046604276,-0.010390699
2024-08-01,CSCO,-0.019411981,0.014974117,-0.0078121424
2024-08-01,IBM,-0.022457302,0.015882254,-0.0054555535
2024-08-01,INTC,-0.020724058,0.01469028,-0.0052835941
2024-08-01,MSFT,-0.029167116,0.023499966,-0.0013993382
2024-08-01,NKE,-0.027992308,0.024232626,-0.0036029816
2024-08-01,VZ,-0.002379775,0.0076370239,-0.0075819492
2024-08-01,WMT,-0.0042241812,0.009185791,-0.0089446306
2024-08-02,AAPL,-0.016565382,0.021047115,-0.063571811
2024-08-02,AMGN,-0.0019022822,0.01180625,-0.024050415
2024-08-02,CRM,-0.063671112,0.042037249,-0.036734462
2024-08-02,CSCO,-0.04076755,0.020806432,-0.039698422
2024-08-02,IBM,-0.025484502,0.014283061,-0.02145052
2024-08-02,INTC,-0.020735085,0.018339634,-0.030593336
2024-08-02,MSFT,-0.025249362,0.022480845,-0.030224204
2024-08-02,NKE,-0.028464556,0.022212625,-0.032960653
2024-08-02,VZ,-0.027419627,0.01241982,-0.033659101
2024-08-02,WMT,-0.037651658,0.022832394,-0.014007807
2024-08-05,AAPL,-0.032282531,0.041518569,-0.010395586
2024-08-05,AMGN,-0.01786679,0.031148553,-0.0053156614
2024-08-05,CRM,-0.030964851,0.049916506,-0.019455433
2024-08-05,CSCO,-0.030333877,0.033741355,-0.0099466443
2024-08-05,IBM,-0.02903527,0.029416561,-0.0051601529
2024-08-05,INTC,-0.036788523,0.041868567,-0.006234169
2024-08-05,MSFT,-0.034564018,0.034812927,-0.0072492361
2024-08-05,NKE,-0.02638942,0.030743361,-0.010903001
2024-08-05,VZ,-0.023428977,0.028250694,-0.0072574615
2024-08-05,WMT,-0.014301836,0.024289727,-0.0055433512
2024-08-06,AAPL,-0.0039038658,0.015466094,-0.00016009808
2024-08-06,AMGN,-0.011310577,0.0048772097,-0.0036415458
2024-08-06,CRM,0.0045317411,0.014017582,0.0046325922
2024-08-06,CSCO,0.009308815,-0.00083035231,-0.0062616467
2024-08-06,IBM,-0.0043870807,0.0070846081,-8.7380409e-05
2024-08-06,INTC,0.0018290281,0.0074167252,0.00038981438
2024-08-06,MSFT,-0.010096908,0.0038701296,0.0024622679
2024-08-06,NKE,-0.0080749989,0.015065193,0.0013846159
2024-08-06,VZ,0.00016844273,0.0031846762,-0.001586616
2024-08-06,WMT,0.0085015297,-0.00087618828,-0.009201169
2024-08-07,AAPL,-0.022004426,0.01649642,-0.007828176
2024-08-07,AMGN,-0.044187665,0.018845797,0.0027623177
2024-08-07,CRM,-0.038142979,0.014408231,0.0056023598
2024-08-07,CSCO,-0.004254818,-0.0079686046,-0.012739599
2024-08-07,IBM,-0.014553249,0.0069071054,-0.0077754855
2024-08-07,INTC,-0.010171294,-0.0041885376,-0.0067743063
2024-08-07,MSFT,-0.026901543,0.010752916,-0.006236136
2024-08-07,NKE,-0.022000194,0.0093026161,0.00014960766
2024-08-07,VZ,-0.020431638,0.0012830496,-0.0040996075
2024-08-07,WMT,-0.016959906,0.0019168854,-0.007904768
2024-08-08,AAPL,-0.015651941,0.021765351,-0.010883689
2024-08-08,AMGN,-0.027751803,0.015361071,-0.0055547953
2024-08-08,CRM,-0.014213443,0.0069496632,-0.0040253401
2024-08-08,CSCO,-0.00097203255,-0.0088083148,-0.013858557
2024-08-08,IBM,-0.0049078465,0.0022785664,-0.0063376427
2024-08-08,INTC,-0.0026108027,-0.0055833459,-0.01280272
2024-08-08,MSFT,-0.024594665,0.0010778904,-0.0095078349
2024-08-08,NKE,-0.025736153,0.0084725618,-0.0038273335
2024-08-08,VZ,-0.0081682205,0.00017380714,-0.0070518851
2024-08-08,WMT,-0.018380582,-0.00032454729,-0.009465456
2024-08-09,AAPL,-0.015333474,0.01267457,-0.0085633397
2024-08-09,AMGN,-0.01914531,0.01209712,-0.0046315193
2024-08-09,CRM,-0.0032983422,0.0054249763,-0.0084063411
2024-08-09,CSCO,-0.0095262527,-0.0078402758,-0.0095523
2024-08-09,IBM,-0.0080132484,0.0017242432,-0.0039470196
2024-08-09,INTC,-0.00019907951,0.00058305264,-0.0077968836
2024-08-09,MSFT,-0.018895209,0.0088579655,-0.0088351369
2024-08-09,NKE,-0.014200687,0.01286602,0.0015386343
2024-08-09,VZ,-0.012643337,0.0028026104,-0.0021409988
2024-08-09,WMT,-0.0047503114,-0.00065779686,-0.014204979
2024-08-12,AAPL,-0.03054899,0.022996545,-0.0057182312
2024-08-12,AMGN,-0.025662005,0.013001919,-0.00588727
2024-08-12,CRM,-0.014016926,0.011854291,-0.001809597
2024-08-12,CSCO,-0.0042153001,-0.0073224306,-0.011126399
2024-08-12,IBM,-0.010993898,0.0093127489,-0.001164794
2024-08-12,INTC,-0.0081148148,0.0015490055,-0.0041046143
2024-08-12,MSFT,-0.015296102,0.0097728968,-0.0071824193
2024-08-12,NKE,-0.021593153,0.013928294,-0.0029543638
2024-08-12,VZ,-0.012737632,0.0041358471,-0.0031550527
2024-08-12,WMT,-0.012297153,0.0027476549,-0.0077418089
2024-08-13,AAPL,-0.020512402,0.019862652,-0.01846689
2024-08-13,AMGN,-0.029118061,0.015004635,-0.0053769946
2024-08-13,CRM,-0.035808682,0.01093936,-0.0066230893
2024-08-13,CSCO,-0.015043736,-0.0089985132,-0.016238689
2024-08-13,IBM,-0.020021975,0.008500576,-0.0021762848
2024-08-13,INTC,-0.0086167455,-0.0078319311,-0.012254477
2024-08-13,MSFT,-0.028209865,0.0046225786,-0.010466695
2024-08-13,NKE,-0.031190217,0.011130691,-0.0029978156
2024-08-13,VZ,-0.027011871,0.0043019056,-0.0068643093
2024-08-13,WMT,-0.027806699,0.0036857128,-0.0069923997
2024-08-14,AAPL,-0.019954741,0.032787442,0.00081336498
2024-08-14,AMGN,-0.042297184,0.021547318,0.0039746761
2024-08-14,CRM,-0.0081728697,0.006968379,-2.9444695e-05
2024-08-14,CSCO,-0.0084521174,0.0023366213,-0.011569977
2024-08-14,IBM,-0.01103133,0.011728168,-0.0022756457
2024-08-14,INTC,-0.0077875853,0.0046944618,-0.008874774
2024-08-14,MSFT,-0.021958888,0.0083409548,-0.0077699423
2024-08-14,NKE,-0.02694881,0.018828154,0.0029591322
2024-08-14,VZ,-0.014691412,0.0071521997,-0.0029851198
2024-08-14,WMT,-0.023949027,0.0075597763,-0.0063191652
2024-08-15,AAPL,-0.019284487,0.020123959,-0.01062125
2024-08-15,AMGN,-0.011889994,0.0076577663,-0.013486028
2024-08-15,CRM,-0.027564049,0.016385674,-0.005705595
2024-08-15,CSCO,0.0008752346,-0.0084933043,-0.016626239
2024-08-15,IBM,-0.0094355345,0.0047197342,-0.0043820739
2024-08-15,INTC,-0.011920094,0.00390172,-0.0079997778
2024-08-15,MSFT,-0.02005446,0.0067763329,-0.0070572495
2024-08-15,NKE,-0.020516217,0.014888525,-0.0044489503
2024-08-15,VZ,-0.0036787391,-0.00040894747,-0.0084606409
2024-08-15,WMT,-0.0043742061,-0.00014072657,-0.013778508
2024-08-16,AAPL,-0.038008392,0.03226769,-0.011112869
2024-08-16,AMGN,-0.025046825,0.019317985,-0.0079120994
2024-08-16,CRM,-0.03371793,0.030047417,0.00038897991
2024-08-16,CSCO,-0.011069536,-0.00021511316,-0.010632515
2024-08-16,IBM,-0.011671782,0.0085145235,-0.0042072535
2024-08-16,INTC,-0.018476784,0.0036183596,-0.0045093894
2024-08-16,MSFT,-0.019004047,0.014279246,-0.0068060756
2024-08-16,NKE,-0.030308723,0.01657927,-0.0039848089
2024-08-16,VZ,-0.012456238,0.00081324577,-0.0058170557
2024-08-16,WMT,-0.005797267,-0.00071644783,-0.014241755
2024-08-19,AAPL,-0.021506906,0.022258282,-0.027574003
2024-08-19,AMGN,-0.043118,0.02100265,-0.0097281933
2024-08-19,CRM,-0.042048156,0.022770762,-0.018739581
2024-08-19,CSCO,-0.021828413,-0.003043592,-0.019932449
2024-08-19,IBM,-0.026089728,0.011279345,-0.006699264
2024-08-19,INTC,-0.014270425,-0.0013969541,-0.018585622
2024-08-19,MSFT,-0.026902437,0.0071177483,-0.016454399
2024-08-19,NKE,-0.039512455,0.014602661,-0.010582149
2024-08-19,VZ,-0.032249451,0.0063737631,-0.011086583
2024-08-19,WMT,-0.029045761,0.010108113,-0.0079801679
2024-08-20,AAPL,-0.021577895,0.032897949,-0.0013845563
2024-08-20,AMGN,-0.036891222,0.029485464,0.0028095245
2024-08-20,CRM,-0.026364863,0.030686736,-3.1590462e-06
2024-08-20,CSCO,0.00047874451,-0.0015106797,-0.01008606
2024-08-20,IBM,-0.0018525124,0.011157632,-0.0037888885
2024-08-20,INTC,-0.0013877749,0.0019891262,-0.0074880123
2024-08-20,MSFT,-0.016106427,0.011112928,-0.0057528615
2024-08-20,NKE,-0.031320512,0.02241993,0.0030591488
2024-08-20,VZ,-0.003570497,0.0039553642,-0.0080429912
2024-08-20,WMT,-0.0097491741,0.0040584803,-0.011066437
2024-08-21,AAPL,-0.021129608,0.02332139,-0.0085790157
2024-08-21,AMGN,-0.019581079,0.013711929,-0.0038595796
2024-08-21,CRM,-0.016693592,0.021405339,-0.006208539
2024-08-21,CSCO,-0.010015547,-0.0029477477,-0.010532439
2024-08-21,IBM,-0.010368884,0.0050928593,-0.0063483715
2024-08-21,INTC,-0.008053422,0.0038145781,-0.0037477612
2024-08-21,MSFT,-0.015327334,0.011305094,-0.0082302094
2024-08-21,NKE,-0.029047489,0.015257001,-0.0016121864
2024-08-21,VZ,-0.01308012,0.0049033165,-0.0030202866
2024-08-21,WMT,-0.013847351,0.00018596649,-0.011503696
2024-08-22,AAPL,-0.02761668,0.026696324,-0.013288975
2024-08-22,AMGN,-0.024406433,0.012712002,-0.0086144209
2024-08-22,CRM,-0.041437447,0.022968054,-0.01237309
2024-08-22,CSCO,-0.005544126,-0.00714463,-0.018954635
2024-08-22,IBM,-0.014004052,0.0096416473,-0.0058161616
2024-08-22,INTC,-0.017060816,-0.0015928745,-0.012872517
2024-08-22,MSFT,-0.017686307,0.005358696,-0.010298431
2024-08-22,NKE,-0.029413581,0.010794878,-0.0083968639
2024-08-22,VZ,-0.0054135919,0.0015711784,-0.011814535
2024-08-22,WMT,-0.0088710785,-0.0010455847,-0.013105989
2024-08-23,AAPL,-0.042805612,0.036325097,-0.0049283504
2024-08-23,AMGN,-0.0068781972,0.014038086,-0.0090749264
2024-08-23,CRM,-0.019537508,0.022253394,0.00025892258
2024-08-23,CSCO,-0.0078046918,0.0064036846,-0.004250586
2024-08-23,IBM,-0.016890168,0.015316844,0.00048279762
2024-08-23,INTC,-0.018632889,0.0062091351,0.001955986
2024-08-23,MSFT,-0.025196671,0.015248299,-0.00323838
2024-08-23,NKE,-0.013985217,0.015964389,0.0011041164
2024-08-23,VZ,-0.017544091,0.0062940121,-0.00022977591
2024-08-23,WMT,-0.0062577128,0.0025776625,-0.0096074939
2024-08-26,AAPL,-0.025751352,0.024248481,-0.021791756
2024-08-26,AMGN,-0.043642759,0.02018249,-0.0062660575
2024-08-26,CRM,-0.0060554147,0.00089073181,-0.017982483
2024-08-26,CSCO,-0.0011337399,-0.010431886,-0.018038452
2024-08-26,IBM,-0.024866223,0.010600567,0.00019204617
2024-08-26,INTC,-0.021573603,0.0031604767,-0.006272912
2024-08-26,MSFT,-0.023640752,0.0060212612,-0.0083732605
2024-08-26,NKE,-0.019212246,0.0044147968,-0.0055329204
2024-08-26,VZ,-0.033269465,0.011146903,-0.0020332932
2024-08-26,WMT,-0.031172276,0.013244748,-0.0020012856
2024-08-27,AAPL,-0.0060217977,0.022292495,-0.011103392
2024-08-27,AMGN,-0.030088186,0.022889853,-0.0022472143
2024-08-27,CRM,-0.0048229098,0.011480808,-0.00029951334
2024-08-27,CSCO,0.0060486794,-0.010561109,-0.0096027255
2024-08-27,IBM,-0.0081519485,0.011782527,0.00018894672
2024-08-27,INTC,-0.0065379739,0.001458168,-0.0076788664
2024-08-27,MSFT,-0.016332388,0.010128975,-0.0023171902
2024-08-27,NKE,-0.024447083,0.015297771,0.0061899424
2024-08-27,VZ,-0.019652843,0.0063544512,-0.0060545802
2024-08-27,WMT,-0.025369704,0.0098040104,-0.0028517842
2024-08-28,AAPL,-0.0026280284,0.010806084,-0.0095549822
2024-08-28,AMGN,-0.03160882,0.021636486,-0.0040255785
2024-08-28,CRM,-0.0085654855,0.0059602261,-0.005924046
2024-08-28,CSCO,-0.012206078,-0.0071738362,-0.0080544949
2024-08-28,IBM,-0.02086246,0.0063847303,-0.0023499131
2024-08-28,INTC,-0.010826111,0.0016680956,-0.0044642091
2024-08-28,MSFT,-0.016959786,0.0027871132,-0.0073517561
2024-08-28,NKE,-0.032578766,0.019473433,0.00053465366
2024-08-28,VZ,-0.020694077,0.007569313,-0.003020227
2024-08-28,WMT,-0.026044071,0.0090931654,-0.0030180812
2024-08-29,AAPL,-0.0064529777,0.013993621,-0.016922534
2024-08-29,AMGN,-0.031008124,0.021460176,-0.012762964
2024-08-29,CRM,-0.069428861,0.040559649,-0.00021201372
2024-08-29,CSCO,-0.015130997,-0.012358963,-0.020440161
2024-08-29,IBM,-0.01220119,0.0014903545,-0.0085456967
2024-08-29,INTC,-0.014364898,-0.0019625425,-0.012893915
2024-08-29,MSFT,-0.019572318,0.0050909519,-0.010212362
2024-08-29,NKE,-0.038585305,0.011796832,-0.0059677362
2024-08-29,VZ,-0.0010905266,-0.0052360296,-0.014639616
2024-08-29,WMT,0.0050321817,-0.0061480403,-0.018480122
2024-08-30,AAPL,-0.019487739,0.02213943,-0.0017217398
2024-08-30,AMGN,-0.013481498,0.025090218,-0.0070890784
2024-08-30,CRM,-0.060780585,0.063052416,-0.011703372
2024-08-30,CSCO,-0.011110187,0.0096757412,-0.0062348247
2024-08-30,IBM,-0.0090483427,0.011397362,-0.0072723627
2024-08-30,INTC,-0.014738858,0.016293406,0.00094616413
2024-08-30,MSFT,-0.014619589,0.016578197,-0.0062355995
2024-08-30,NKE,-0.032612324,0.028532386,0.0056374073
2024-08-30,VZ,-0.00649333,0.0044642687,-0.0080844164
2024-08-30,WMT,0.0031510592,0.0053530931,-0.0097442269
2024-09-03,AAPL,0.00086915493,0.0012713671,-0.03886199
2024-09-03,AMGN,-0.0128631,0.017934322,-0.0160411
2024-09-03,CRM,-0.044404566,0.037292123,-0.042853177
2024-09-03,CSCO,-0.013574064,0.00045800209,-0.025796175
2024-09-03,IBM,-0.0048137903,0.0099276304,-0.021026254
2024-09-03,INTC,-0.0025953054,0.0013548136,-0.021435618
2024-09-03,MSFT,-0.0062625408,0.0079181194,-0.027255058
2024-09-03,NKE,-0.023458838,0.013236165,-0.018210709
2024-09-03,VZ,-0.020992279,0.0079184771,-0.015726268
2024-09-03,WMT,-0.013538599,0.010067821,-0.016915262
2024-09-04,AAPL,-0.04764992,0.040409684,-0.005309999
2024-09-04,AMGN,-0.036234081,0.037369967,-0.00020909309
2024-09-04,CRM,-0.050840378,0.058525324,-0.015567899
2024-09-04,CSCO,-0.039234161,0.035748243,-0.0079327822
2024-09-04,IBM,-0.031228125,0.031477571,-0.0026873946
2024-09-04,INTC,-0.038094997,0.037668586,-0.0042819977
2024-09-04,MSFT,-0.037429214,0.033810735,-0.0030076504
2024-09-04,NKE,-0.037130892,0.03119421,-0.0083942413
2024-09-04,VZ,-0.033353508,0.029113412,-0.0042819977
2024-09-04,WMT,-0.029606104,0.026933789,-0.0062800646
2024-09-05,AAPL,-0.00061583519,0.012946248,-0.0012332201
2024-09-05,AMGN,-0.0062672496,0.0049561262,-0.0024576783
2024-09-05,CRM,0.01489985,0.010635138,-0.00062566996
2024-09-05,CSCO,0.010941505,-0.0041965246,-0.0051085353
2024-09-05,IBM,0.0035085678,0.0052959919,-0.00097846985
2024-09-05,INTC,0.00020384789,0.0023033619,-0.0017886758
2024-09-05,MSFT,-0.0049512386,0.00077784061,-0.0025917292
2024-09-05,NKE,-0.0081425905,0.006980896,0.0039426088
2024-09-05,VZ,-0.004222393,0.0016896725,0.0024744272
2024-09-05,WMT,-0.0030933619,-4.6432018e-05,-0.0044122934
2024-09-06,AAPL,-0.030624092,0.020948052,0.0029604435
2024-09-06,AMGN,-0.054744482,0.02035892,0.0078667402
2024-09-06,CRM,-0.055103242,0.027430296,0.0080237389
2024-09-06,CSCO,-0.008476913,-0.0044158101,-0.011017442
2024-09-06,IBM,-0.022430956,0.0092227459,-0.0033311248
2024-09-06,INTC,-0.017618537,-0.0025756359,-0.0010908246
2024-09-06,MSFT,-0.040615737,0.011814594,-0.0032874942
2024-09-06,NKE,-0.032252312,0.0093536377,0.0017272234
2024-09-06,VZ,-0.01721555,-0.0017430782,0.0019376278
2024-09-06,WMT,-0.014072537,-0.00343436,-0.0098162293
2024-09-09,AAPL,-0.021139145,0.021671295,-0.0091366768
2024-09-09,AMGN,-0.03010267,0.018872738,-0.0090084672
2024-09-09,CRM,-0.035448611,0.024859071,-0.00052982569
2024-09-09,CSCO,0.0037653446,-0.005022645,-0.019079685
2024-09-09,IBM,0.0052132607,0.00037503242,-0.0062348247
2024-09-09,INTC,0.004642725,-0.0078843832,-0.0075790286
2024-09-09,MSFT,-0.020277321,0.0025237799,-0.010628939
2024-09-09,NKE,-0.031502903,0.0082740784,-0.0011582375
2024-09-09,VZ,-0.0039295554,-0.0039537549,-0.0026067495
2024-09-09,WMT,-0.0014712214,-0.0076066852,-0.011818349
2024-09-10,AAPL,-0.0081187487,0.011736631,-0.0042690039
2024-09-10,AMGN,-0.04268378,0.019922733,0.00029027462
2024-09-10,CRM,-0.022639096,0.012653828,-0.0062116981
2024-09-10,CSCO,-0.00126791,-0.014125526,-0.015529692
2024-09-10,IBM,-0.0059512258,-0.0014364123,-0.0048800111
2024-09-10,INTC,0.0004067421,-0.0067822933,-0.0051592588
2024-09-10,MSFT,-0.017846465,0.0049866438,-0.0060367584
2024-09-10,NKE,-0.01837188,0.01463151,0.0016703606
2024-09-10,VZ,-0.0060942173,0.00020480156,-0.0051695108
2024-09-10,WMT,0.0046989918,-0.0042625666,-0.011847079
2024-09-11,AAPL,-0.027255714,0.022142649,-0.0040629506
2024-09-11,AMGN,-0.019372702,0.013826013,-0.0036987066
2024-09-11,CRM,-0.019498885,0.019627452,0.00051248074
2024-09-11,CSCO,-1.4483929e-05,-0.0093446374,-0.012538254
2024-09-11,IBM,-0.0086545944,0.0068598986,-0.0025102496
2024-09-11,INTC,-0.0032109022,-0.0024556518,-0.0012698174
2024-09-11,MSFT,-0.01330018,0.0073702335,-0.0032215118
2024-09-11,NKE,-0.038771033,0.017267466,0.0066071749
2024-09-11,VZ,-0.013498008,0.0033884048,-0.005905509
2024-09-11,WMT,-0.015263379,-0.00092625618,-0.0059212446
2024-09-12,AAPL,-0.028481364,0.021128058,-0.015593827
2024-09-12,AMGN,-0.025154829,0.018731117,-0.0050863028
2024-09-12,CRM,-0.020433903,0.014445782,-0.0069214106
2024-09-12,CSCO,-0.011670113,-0.0083053112,-0.0099707246
2024-09-12,IBM,-0.020422816,0.011245251,-0.00017690659
2024-09-12,INTC,-0.0054619908,-0.0039453506,-0.0060556531
2024-09-12,MSFT,-0.021645963,0.0073032379,-0.0083588958
2024-09-12,NKE,-0.038360655,0.013397098,0.0029441118
2024-09-12,VZ,-0.028233767,0.0078519583,-0.0041444302
2024-09-12,WMT,-0.027814746,0.006336689,-0.0023134947
2024-09-13,AAPL,-0.042555511,0.038260221,-0.0099288821
2024-09-13,AMGN,-0.030930936,0.017921686,0.0042130947
2024-09-13,CRM,-0.03640306,0.022579789,-0.0019955039
2024-09-13,CSCO,-0.020763695,0.0019294024,-0.012768865
2024-09-13,IBM,-0.018903673,0.013565779,-0.0044391155
2024-09-13,INTC,-0.0077450871,0.00034797192,-0.014680386
2024-09-13,MSFT,-0.024194479,0.010140419,-0.0097079277
2024-09-13,NKE,-0.034654081,0.015026212,0.0025758743
2024-09-13,VZ,-0.022377729,0.0068874359,-0.0033444762
2024-09-13,WMT,-0.03220576,0.011863351,-0.0062451959
2024-09-16,AAPL,-0.020168185,0.027507305,-0.0034330487
2024-09-16,AMGN,-0.0036417246,0.0071060658,-0.0037233233
2024-09-16,CRM,-0.0082346201,0.0081217289,0.00069665909
2024-09-16,CSCO,7.9154968e-05,-0.0040548444,-0.01064229
2024-09-16,IBM,-0.0090913177,0.0099861622,-0.0021764636
2024-09-16,INTC,-0.0051267743,0.0023261309,-0.00074923038
2024-09-16,MSFT,-0.017436147,0.0099081993,-0.0039489269
2024-09-16,NKE,-0.016674876,0.014860868,0.0078217983
2024-09-16,VZ,-0.011363626,0.0090106726,-0.0023980737
2024-09-16,WMT,-0.011702955,0.0029321909,-0.010972083
2024-09-17,AAPL,-0.012264132,0.020568848,-0.0076756477
2024-09-17,AMGN,-0.015426993,0.01058805,-0.00087374449
2024-09-17,CRM,0.00066518784,-0.003519237,0.0015624762
2024-09-17,CSCO,0.005274415,-0.0085466504,-0.0093942285
2024-09-17,IBM,-0.01225394,0.0060733557,-0.0019717813
2024-09-17,INTC,-0.0085616708,-0.0052563548,-0.002122581
2024-09-17,MSFT,-0.010788858,0.0031744242,-0.005834043
2024-09-17,NKE,-0.014743924,0.0087115765,0.0030485392
2024-09-17,VZ,-0.012220383,0.0030933619,-0.0040427446
2024-09-17,WMT,-0.019798934,0.0011119843,-0.0048328638
2024-09-18,AAPL,-0.028827012,0.028332353,-0.0047222972
2024-09-18,AMGN,-0.022815824,0.01554203,-0.0024459958
2024-09-18,CRM,-0.040452063,0.015242934,0.0021716356
2024-09-18,CSCO,-0.013845444,-0.0033966899,-0.012935817
2024-09-18,IBM,-0.023030937,0.010001898,-0.0016346574
2024-09-18,INTC,-0.016899943,-0.0038604736,-0.0063705444
2024-09-18,MSFT,-0.025218606,0.0068093538,-0.0090414882
2024-09-18,NKE,-0.028967142,0.012624741,-0.00034147501
2024-09-18,VZ,-0.0083370209,-0.0013585687,-0.011815071
2024-09-18,WMT,-0.016772509,0.00070571899,-0.0088114142
2024-09-19,AAPL,-0.012286603,0.0260849,-0.0013973117
2024-09-19,AMGN,-0.021362364,0.015537262,0.0014224052
2024-09-19,CRM,-0.018330038,0.013658881,0.0078984499
2024-09-19,CSCO,0.010246634,-0.0043658018,-0.0057933927
2024-09-19,IBM,-0.0075187087,0.0078074932,0.00039684772
2024-09-19,INTC,-0.0019288063,-0.0052227974,-0.0028637052
2024-09-19,MSFT,-0.022010088,0.0032166243,-0.001589179
2024-09-19,NKE,-0.023121297,0.0135746,0.01073277
2024-09-19,VZ,0.0080865622,-0.0017326474,-0.0073472261
2024-09-19,WMT,-0.0090349317,0.00031590462,-0.0083358288
2024-09-20,AAPL,-0.019201577,0.022227168,-0.0029673576
2024-09-20,AMGN,-0.018331468,0.0085268021,0.00047492981
2024-09-20,CRM,0.00025987625,0.0043935776,-0.00090056658
2024-09-20,CSCO,-0.00026267767,-0.0054590702,-0.0081628561
2024-09-20,IBM,-0.012243032,0.0069971085,-0.0014742613
2024-09-20,INTC,-0.0069802403,0.00037026405,0.0005916357
2024-09-20,MSFT,-0.01798296,0.007109642,-0.0030193329
2024-09-20,NKE,-0.018165767,0.0091307163,0.0071502924
2024-09-20,VZ,-0.006195128,0.00066411495,-0.0011052489
2024-09-20,WMT,-0.015607417,0.0025840998,-0.0072934628
2024-09-23,AAPL,-0.024787188,0.026015759,-0.0061825514
2024-09-23,AMGN,-0.037543118,0.019508839,0.0076062679
2024-09-23,CRM,-0.029766977,0.012616515,0.004155755
2024-09-23,CSCO,-0.00030982494,-0.0088874102,-0.014549613
2024-09-23,IBM,-0.016203225,0.010320306,-0.003036797
2024-09-23,INTC,-0.01088661,-0.00024855137,-0.0013654828
2024-09-23,MSFT,-0.024364293,0.0080075264,-0.0048345923
2024-09-23,NKE,-0.027229607,0.013410687,0.0040407181
2024-09-23,VZ,-0.00075095892,-0.0015410185,-0.0037662387
2024-09-23,WMT,-0.01304543,-0.00029718876,-0.012268066
2024-09-24,AAPL,-0.027017653,0.026912093,-0.0092509985
2024-09-24,AMGN,-0.023138702,0.016123533,-0.003636539
2024-09-24,CRM,-0.0013846159,0.0060448647,-0.0044324398
2024-09-24,CSCO,0.014171839,-0.0064839721,-0.011858821
2024-09-24,IBM,-0.014642596,0.0075775385,0.00092971325
2024-09-24,INTC,0.000400424,-0.0021830201,-0.0020489097
2024-09-24,MSFT,-0.019518673,0.0075007677,-0.0053073764
2024-09-24,NKE,-0.023902178,0.013346791,0.0034604073
2024-09-24,VZ,-0.011867166,0.00056684017,-0.002476871
2024-09-24,WMT,-0.020610869,0.0046635866,-0.0055018663
2024-09-25,AAPL,-0.021552742,0.027973652,-0.014605343
2024-09-25,AMGN,-0.04250294,0.024315119,0.0010666847
2024-09-25,CRM,-0.00025331974,0.0013577938,-0.0045186877
2024-09-25,CSCO,0.0038471222,-0.0082428455,-0.015161216
2024-09-25,IBM,-0.01058954,0.0077364445,-4.1842461e-05
2024-09-25,INTC,-0.006147325,-0.0010942221,-0.0021595359
2024-09-25,MSFT,-0.012611687,0.0054546595,-0.0093598962
2024-09-25,NKE,-0.025319457,0.010170698,0.0051958561
2024-09-25,VZ,-0.02210623,0.0038455725,0.0026736259
2024-09-25,WMT,-0.024933696,0.0085452795,-0.0021889806
2024-09-26,AAPL,8.4638596e-05,0.011383772,-0.022373557
2024-09-26,AMGN,-0.053046703,0.035722136,0.0045678616
2024-09-26,CRM,-0.0085631013,0.0039246082,-0.0040339828
2024-09-26,CSCO,0.014657736,-0.018571436,-0.019037545
2024-09-26,IBM,-0.0061227679,0.0062075853,-0.0049147606
2024-09-26,INTC,0.0049262047,-0.0085429549,-0.012094736
2024-09-26,MSFT,-0.0077321529,0.0017690659,-0.0092704296
2024-09-26,NKE,-0.01654309,0.007145524,9.7990036e-05
2024-09-26,VZ,-0.011842847,0.0023733377,-0.0047419667
2024-09-26,WMT,-0.031886995,0.0085653067,-0.0056172609
2024-09-27,AAPL,-0.014460921,0.01983726,-0.0097758174
2024-09-27,AMGN,-0.024231136,0.019417286,-0.0072087646
2024-09-27,CRM,-0.0065368414,0.005146265,-0.0069729686
2024-09-27,CSCO,-0.013176501,-0.0043757558,-0.0092999339
2024-09-27,IBM,-0.016344249,0.0051971674,-0.0023008585
2024-09-27,INTC,-0.0029196739,-0.0025414824,-0.0092992783
2024-09-27,MSFT,-0.012040079,-0.00086289644,-0.01030618
2024-09-27,NKE,-0.028872132,0.013164282,0.0044033527
2024-09-27,VZ,-0.015376449,0.0085402727,-0.005859375
2024-09-27,WMT,-0.036700666,0.013272643,0.0007379055
2024-09-30,AAPL,-0.0088337064,0.016767859,-0.012022018
2024-09-30,AMGN,-0.02391088,0.018873572,-0.007455945
2024-09-30,CRM,-0.038018048,0.028482676,1.6093254e-05
2024-09-30,CSCO,-0.0099744201,-0.0030602217,-0.010179281
2024-09-30,IBM,-0.014160573,0.0064677,-0.0041573644
2024-09-30,INTC,-0.018049479,0.0032324791,-0.0040453076
2024-09-30,MSFT,-0.014578283,0.009863615,-0.0095971227
2024-09-30,NKE,-0.032513082,0.013821244,0.0074406862
2024-09-30,VZ,-0.0063328147,0.0024214983,-0.0050318241
2024-09-30,WMT,-0.0075867176,2.7656555e-05,-0.010814607
2024-10-01,AAPL,-0.022790551,0.025352716,-0.006196022
2024-10-01,AMGN,-0.01442337,0.025341153,-0.0054097772
2024-10-01,CRM,-0.048004985,0.049393773,-0.011269271
2024-10-01,CSCO,-0.020652533,0.013981581,-0.0052278042
2024-10-01,IBM,-0.027499497,0.017552614,-0.0054736137
2024-10-01,INTC,-0.026721716,0.014219046,0.0062190294
2024-10-01,MSFT,-0.016207695,0.018899202,-0.0037299991
2024-10-01,NKE,-0.028474331,0.026658654,0.0053014755
2024-10-01,VZ,-0.0055498481,0.0076270103,-0.0048539639
2024-10-01,WMT,-0.009724319,0.0094205141,-0.0041301847
2024-10-02,AAPL,-0.0042021871,0.0074106455,-0.040757596
2024-10-02,AMGN,-0.0015682578,0.012740731,-0.021967649
2024-10-02,CRM,-0.071581066,0.045135736,-0.032400727
2024-10-02,CSCO,-0.034971297,0.0093312263,-0.023649216
2024-10-02,IBM,-0.0186342,0.013818145,-0.018555284
2024-10-02,INTC,-0.021692216,0.004678607,-0.017569125
2024-10-02,MSFT,-0.020459354,0.0081735849,-0.022801399
2024-10-02,NKE,-0.02476573,0.013527274,-0.016418695
2024-10-02,VZ,-0.021160901,0.0065197945,-0.021345854
2024-10-02,WMT,-0.012904286,0.0092099905,-0.016900182
2024-10-03,AAPL,-0.048329592,0.042544007,-0.0057506561
2024-10-03,AMGN,-0.036635697,0.040956855,0.00038731098
2024-10-03,CRM,-0.061816573,0.067124963,-0.01225853
2024-10-03,CSCO,-0.038723111,0.035501003,-0.0087099671
2024-10-03,IBM,-0.033405066,0.030778646,-0.004470706
2024-10-03,INTC,-0.042584062,0.035061121,-0.0017791986
2024-10-03,MSFT,-0.039785564,0.030840158,-0.0017445087
2024-10-03,NKE,-0.034907103,0.026895881,-0.0036321878
2024-10-03,VZ,-0.023808539,0.023315907,-0.0078594089
2024-10-03,WMT,-0.019359767,0.021556616,-0.0056465864
2024-10-04,AAPL,-0.00068533421,0.0096495152,-0.0072589517
2024-10-04,AMGN,-0.0033949614,-0.00064957142,-0.0039981604
2024-10-04,CRM,0.013780594,0.0075335503,-0.0038098097
2024-10-04,CSCO,0.011184216,-0.0050892234,-0.0086107254
2024-10-04,IBM,0.0063853264,0.002850771,-0.0029590726
2024-10-04,INTC,0.0085732937,0.00056743622,-0.0085678697
2024-10-04,MSFT,3.2186508e-05,-0.00046062469,-0.0042877793
2024-10-04,NKE,0.00083649158,0.0058078766,0.00022172928
2024-10-04,VZ,0.003415823,-0.00095444918,-0.0052784681
2024-10-04,WMT,0.0038290024,-0.00063884258,-0.0076112151
2024-10-07,AAPL,-0.028055847,0.023143411,0.0060014725
2024-10-07,AMGN,-0.034037113,0.0082490444,0.0060378313
2024-10-07,CRM,-0.01377517,0.003220439,0.0090065002
2024-10-07,CSCO,-0.0079116821,-0.0031445622,-0.0048748851
2024-10-07,IBM,-0.024468362,0.013314605,0.0020669699
2024-10-07,INTC,-0.022747636,0.0029587746,0.0062173605
2024-10-07,MSFT,-0.032000303,0.01029098,-0.00051105022
2024-10-07,NKE,-0.030332744,0.015110731,0.0091910362
2024-10-07,VZ,-0.015646636,0.0036627054,0.0013705492
2024-10-07,WMT,-0.022763491,0.0016165972,-0.00028151274
2024-10-08,AAPL,-0.019465744,0.021029353,-0.0019035339
2024-10-08,AMGN,-0.032328367,0.010840297,0.00065815449
2024-10-08,CRM,-0.034358621,0.022971392,0.013076067
2024-10-08,CSCO,-0.0051638484,-0.0034459829,-0.0091022253
2024-10-08,IBM,-0.012331903,0.0061192513,-0.00150913
2024-10-08,INTC,-0.015108347,-0.0046105981,-0.002527535
2024-10-08,MSFT,-0.029185295,0.0039143562,-0.0030491948
2024-10-08,NKE,-0.041697025,0.013397336,0.0089249611
2024-10-08,VZ,0.0024193525,-0.0048146844,-0.0035680532
2024-10-08,WMT,-0.012058139,-0.0052702427,-0.0062714219
2024-10-09,AAPL,-0.018692076,0.012821794,0.00018572807
2024-10-09,AMGN,-0.035695076,0.010640383,0.0038110018
2024-10-09,CRM,-0.039894462,0.013233185,0.0031956434
2024-10-09,CSCO,-0.0053778291,-0.0089373589,-0.0079093575
2024-10-09,IBM,-0.011074662,0.0027006865,-0.0044996738
2024-10-09,INTC,-0.0071367621,-0.0086098909,-0.0036088228
2024-10-09,MSFT,-0.018505991,0.00035977364,-0.0067103505
2024-10-09,NKE,-0.026329041,0.014235497,0.0040431023
2024-10-09,VZ,-0.0037971139,-0.0039849281,-0.0056046844
2024-10-09,WMT,-0.0093197227,-0.0011506081,-0.0093306303
2024-10-10,AAPL,-0.0309515,0.021315098,-0.0073472261
2024-10-10,AMGN,-0.026881456,0.011566877,-0.00016528368
2024-10-10,CRM,-0.035197675,0.025102735,0.0047072172
2024-10-10,CSCO,-0.0062815547,-0.011108398,-0.014259756
2024-10-10,IBM,-0.013660908,0.0057871342,-0.0044929385
2024-10-10,INTC,-0.016951323,-0.0033922791,-0.00093060732
2024-10-10,MSFT,-0.024300814,0.0071653128,-0.0059914589
2024-10-10,NKE,-0.041214705,0.011712909,0.0045051575
2024-10-10,VZ,-7.8082085e-06,-0.0031177402,-0.0053509474
2024-10-10,WMT,-0.010186791,-0.0043771267,-0.011631072
2024-10-11,AAPL,-0.027981341,0.025347233,-0.005782485
2024-10-11,AMGN,-0.031522453,0.01856935,0.00077426434
2024-10-11,CRM,-0.028257132,0.020395279,-0.0035334826
2024-10-11,CSCO,0.0040487051,-0.0041838884,-0.012121797
2024-10-11,IBM,-0.0092932582,0.0058000088,-0.0020979047
2024-10-11,INTC,-0.0031933188,-0.0084677339,-0.0041126013
2024-10-11,MSFT,-0.019279122,0.0049183369,-0.0043615103
2024-10-11,NKE,-0.040101886,0.019345403,0.0079259872
2024-10-11,VZ,-0.0043401122,-0.00059622526,-0.0063983798
2024-10-11,WMT,-0.018169165,0.0005556345,-0.0064553022
2024-10-14,AAPL,-0.021224797,0.022692323,2.0265579e-06
2024-10-14,AMGN,-0.027179122,0.013091683,0.0015240908
2024-10-14,CRM,0.0059642792,0.0055594444,-0.0048553348
2024-10-14,CSCO,0.0002976656,-0.010285378,-0.0064921975
2024-10-14,IBM,-0.018367648,0.012106419,0.0028026104
2024-10-14,INTC,-0.0027012229,-0.0074601173,-0.0033496618
2024-10-14,MSFT,-0.017508805,0.0007557869,-0.0036491156
2024-10-14,NKE,-0.039322376,0.015662432,0.0088074207
2024-10-14,VZ,-0.016693115,0.002207756,-0.0019908547
2024-10-14,WMT,-0.035249472,0.0077688694,-0.00040555
2024-10-15,AAPL,-0.02832973,0.027381897,0.0026720762
2024-10-15,AMGN,-0.032973588,0.019483685,0.0036993027
2024-10-15,CRM,-0.033838391,0.015758514,0.0075224638
2024-10-15,CSCO,-0.0023540258,-0.0062608123,-0.0099624991
2024-10-15,IBM,-0.018223524,0.012815118,-2.6226044e-06
2024-10-15,INTC,-0.0097523332,-0.0039614439,-0.0036873817
2024-10-15,MSFT,-0.023239374,0.003433466,-0.0026862621
2024-10-15,NKE,-0.03782177,0.017657161,0.010161161
2024-10-15,VZ,-0.012412786,0.006537199,-0.0020594001
2024-10-15,WMT,-0.019387007,0.00014781952,-0.0073339343
2024-10-16,AAPL,-0.019726157,0.020484686,-0.00407511
2024-10-16,AMGN,-0.015636921,0.0078539848,-0.0005749464
2024-10-16,CRM,-0.015847623,0.0084198713,0.0059504509
2024-10-16,CSCO,0.0028407574,-0.0086044669,-0.01077193
2024-10-16,IBM,-0.011044025,0.0078845024,-0.00071132183
2024-10-16,INTC,-0.0089110136,-0.0037685037,-0.0012062788
2024-10-16,MSFT,-0.019567192,0.0018869638,-0.0034856796
2024-10-16,NKE,-0.02456826,0.0099362135,0.0051621199
2024-10-16,VZ,-0.012844801,0.0025327206,0.0011256933
2024-10-16,WMT,-0.022774935,0.0013355017,-0.0055238605
2024-10-17,AAPL,-0.028835177,0.029650092,-0.014192283
2024-10-17,AMGN,-0.019362748,0.010298133,-0.0066524744
2024-10-17,CRM,-0.030763984,0.014688134,-0.0042153001
2024-10-17,CSCO,-0.0087325573,-0.0069345832,-0.013925195
2024-10-17,IBM,-0.011669934,0.008836031,-0.0020193458
2024-10-17,INTC,-0.012580812,-0.0061917305,-0.0049495101
2024-10-17,MSFT,-0.016951919,0.0058246851,-0.010278046
2024-10-17,NKE,-0.033538759,0.011790752,0.0020647049
2024-10-17,VZ,-0.015809715,0.0032006502,-0.0066801906
2024-10-17,WMT,-0.018801212,-0.00057017803,-0.010269225
2024-10-18,AAPL,-0.024331391,0.022698522,-0.0090286136
2024-10-18,AMGN,-0.041999042,0.022477388,0.0058848858
2024-10-18,CRM,-0.019471586,0.0094045401,-0.0014345646
2024-10-18,CSCO,-0.00060230494,-0.0061411262,-0.013072491
2024-10-18,IBM,-0.017146707,0.0076360703,-0.0012952089
2024-10-18,INTC,-0.0018077493,-0.0057398677,-0.0099375844
2024-10-18,MSFT,-0.022893548,0.0010905266,-0.012054086
2024-10-18,NKE,-0.027972996,0.015449286,0.0030611753
2024-10-18,VZ,-0.017562866,0.0059396029,-0.0050245523
2024-10-18,WMT,-0.021810412,0.0051938295,-0.006251514
2024-10-21,AAPL,-0.03823334,0.031749964,-7.0691109e-05
2024-10-21,AMGN,-0.012910903,0.0081099272,-0.0059383512
2024-10-21,CRM,-0.023444235,0.019400358,0.0066286325
2024-10-21,CSCO,-0.0068202019,-0.0015317798,-0.008449018
2024-10-21,IBM,-0.012604356,0.0098603964,-0.00044792891
2024-10-21,INTC,-0.011965394,0.0025758743,0.001257658
2024-10-21,MSFT,-0.024791777,0.011212111,-0.0014067292
2024-10-21,NKE,-0.032273173,0.018200994,0.0099282265
2024-10-21,VZ,-0.0079776645,0.0026000738,-0.0029704571
2024-10-21,WMT,-0.015273273,-0.00053662062,-0.0066927075
2024-10-22,AAPL,-0.016680777,0.023124933,-0.019494951
2024-10-22,AMGN,-0.025007248,0.012408018,-0.006287396
2024-10-22,CRM,-0.053954482,0.028066158,0.00042831898
2024-10-22,CSCO,-0.0078001022,-0.0028409362,-0.012564003
2024-10-22,IBM,-0.012743652,0.0085713863,-0.0050442219
2024-10-22,INTC,-0.0072014928,-0.0053550601,-0.010118723
2024-10-22,MSFT,-0.015613616,0.0038156509,-0.011559904
2024-10-22,NKE,-0.043122172,0.016824484,0.0032974482
2024-10-22,VZ,-0.018922746,0.0048518181,-0.0042032599
2024-10-22,WMT,-0.017608404,-0.00015485287,-0.012268782
2024-10-23,AAPL,-0.026815295,0.029407144,-0.011039138
2024-10-23,AMGN,-0.027923584,0.01968801,0.0024489164
2024-10-23,CRM,-0.028824747,0.019451022,-0.0043511391
2024-10-23,CSCO,0.0022889376,-0.0020927787,-0.01447475
2024-10-23,IBM,-0.0059054494,0.0073342323,-0.0043715239
2024-10-23,INTC,-0.0066576004,-0.0015882254,-0.006429553
2024-10-23,MSFT,-0.0086817741,0.0042290688,-0.0099533796
2024-10-23,NKE,-0.033075988,0.01764071,0.0058453083
2024-10-23,VZ,-0.010240495,0.0040181875,-0.0063931346
2024-10-23,WMT,-0.021495521,0.0020695925,-0.010971069
2024-10-24,AAPL,-0.033349812,0.032182455,-0.009342432
2024-10-24,AMGN,-0.030177712,0.023599148,0.003828764
2024-10-24,CRM,-0.024126887,0.024944425,0.00040030479
2024-10-24,CSCO,-0.0090783834,0.0018277168,-0.010735452
2024-10-24,IBM,-0.012464821,0.0086020231,-0.0010231137
2024-10-24,INTC,-0.016825855,0.00065922737,-0.0059734583
2024-10-24,MSFT,-0.024827361,0.012634039,-0.0062327981
2024-10-24,NKE,-0.028209448,0.017232656,0.0053594112
2024-10-24,VZ,-0.010457397,0.0050712824,-0.0069439411
2024-10-24,WMT,-0.013708353,0.0023289919,-0.0077659488
2024-10-25,AAPL,-0.0072721243,0.018168092,-0.013535559
2024-10-25,AMGN,-0.027364075,0.014288664,0.00072717667
2024-10-25,CRM,0.013794065,-0.00069439411,-0.0029226542
2024-10-25,CSCO,0.016721606,-0.010428488,-0.013920665
2024-10-25,IBM,-0.0068289638,0.0065114498,-0.0063519478
2024-10-25,INTC,0.0077190399,-0.0084192157,-0.0084985495
2024-10-25,MSFT,-0.0078625679,-0.00065988302,-0.0086969733
2024-10-25,NKE,-0.014791071,0.0075057745,-0.0020986795
2024-10-25,VZ,-0.0078431964,0.0034776926,-0.0041543841
2024-10-25,WMT,-0.021191835,0.0063240528,-0.0066667795
2024-10-28,AAPL,-0.023050785,0.024111152,-0.0068081617
2024-10-28,AMGN,-0.0090063214,0.0055485964,-0.0074983835
2024-10-28,CRM,0.015649199,-0.0080941319,-0.0028977394
2024-10-28,CSCO,0.0034842491,-0.0057964325,-0.0080343485
2024-10-28,IBM,-0.019842505,0.010105729,-0.00025898218
2024-10-28,INTC,-0.0091546178,-0.002794385,-0.0014702082
2024-10-28,MSFT,-0.013740897,0.0064891577,-0.00374192
2024-10-28,NKE,-0.020878673,0.015332937,0.0048187971
2024-10-28,VZ,-0.0094810724,0.0039436817,-0.0035532117
2024-10-28,WMT,-0.028701663,0.0086616278,0.00016117096
2024-10-29,AAPL,-0.0031271577,0.015471339,-0.014393389
2024-10-29,AMGN,-0.032336056,0.016369581,-0.0052474737
2024-10-29,CRM,-0.031668246,0.020342231,-0.0026698112
2024-10-29,CSCO,-0.011317313,-0.0034052134,-0.011254072
2024-10-29,IBM,-0.017676651,0.0068501234,-0.0020397902
2024-10-29,INTC,-0.018336535,-0.00039184093,-0.0063006878
2024-10-29,MSFT,-0.019148111,0.0053619146,-0.008759439
2024-10-29,NKE,-0.02821517,0.014890313,0.0028520823
2024-10-29,VZ,-0.011166334,-0.0019137263,-0.005217135
2024-10-29,WMT,-0.011738062,0.0065494776,-0.0085862279
2024-10-30,AAPL,-0.028517544,0.024958253,-0.0039826632
2024-10-30,AMGN,-0.012412012,0.017516851,-0.0075717568
2024-10-30,CRM,-0.055200338,0.049706101,0.0031096935
2024-10-30,CSCO,-0.013436317,0.0090321302,-0.0092139244
2024-10-30,IBM,-0.021351039,0.013449669,-0.0052538514
2024-10-30,INTC,-0.017030597,0.010095835,-0.0012388229
2024-10-30,MSFT,-0.017015398,0.014969349,-0.0022688508
2024-10-30,NKE,-0.033848226,0.027934551,0.0074752569
2024-10-30,VZ,-0.0042674541,0.005076766,-0.0050156713
2024-10-30,WMT,-0.013575852,0.012017608,-0.0017530322
2024-10-31,AAPL,-0.01177609,0.014265418,-0.045209348
2024-10-31,AMGN,-0.011707008,0.018066645,-0.017550409
2024-10-31,CRM,-0.061051726,0.047111988,-0.032252789
2024-10-31,CSCO,-0.030653179,0.011587262,-0.027574062
2024-10-31,IBM,-0.012793779,0.012713194,-0.019514918
2024-10-31,INTC,-0.018951893,0.0095243454,-0.01980561
2024-10-31,MSFT,-0.019294381,0.011970758,-0.027842224
2024-10-31,NKE,-0.02801168,0.019073367,-0.017947614
2024-10-31,VZ,-0.013283849,0.0069565773,-0.025029898
2024-10-31,WMT,-0.012036502,0.013340831,-0.018680274
2024-11-01,AAPL,-0.04611367,0.042668343,-0.0044119358
2024-11-01,AMGN,-0.034825981,0.036957264,-0.0031514168
2024-11-01,CRM,-0.055094004,0.057672262,-0.015896738
2024-11-01,CSCO,-0.038864493,0.037915349,-0.0082327724
2024-11-01,IBM,-0.038982511,0.031945348,-0.0029663444
2024-11-01,INTC,-0.044276774,0.040497065,0.00069928169
2024-11-01,MSFT,-0.043926001,0.034672141,-0.0013604164
2024-11-01,NKE,-0.037082791,0.03094089,-0.0046534538
2024-11-01,VZ,-0.03601557,0.028922081,-0.0034139156
2024-11-01,WMT,-0.027020872,0.026862264,-0.0038466454
2024-11-04,AAPL,0.0039718151,0.0088057518,-0.0030691028
2024-11-04,AMGN,-0.013171792,0.0042122602,-0.00022786856
2024-11-04,CRM,0.0016025305,0.011404991,0.004455924
2024-11-04,CSCO,0.011684895,-0.0067980289,-0.0057734251
2024-11-04,IBM,-0.0059261918,0.0064066648,0.0021436214
2024-11-04,INTC,0.0059548616,-0.0016924143,-0.0027365088
2024-11-04,MSFT,-0.0041002035,-0.0035199523,-0.00078696012
2024-11-04,NKE,-0.0073519945,0.008810997,0.0056169033
2024-11-04,VZ,-0.0004581213,0.0021976233,0.001079917
2024-11-04,WMT,-0.0067376494,0.0032862425,-0.001768887
2024-11-05,AAPL,-0.022221863,0.018676758,0.0094050169
2024-11-05,AMGN,-0.051950693,0.018434763,0.017056823
2024-11-05,CRM,-0.031460822,0.01292181,0.011628389
2024-11-05,CSCO,-0.0030742288,-0.0029856563,-0.001352191
2024-11-05,IBM,-0.022057235,0.013494492,0.0028378963
2024-11-05,INTC,-0.0033239126,-0.006518364,0.0061767101
2024-11-05,MSFT,-0.021221578,0.0041276217,-0.0016825199
2024-11-05,NKE,-0.029557765,0.014661193,0.013907313
2024-11-05,VZ,-0.009237349,0.0049462318,0.0069414377
2024-11-05,WMT,-0.021710992,0.0020563602,0.0017112494
2024-11-06,AAPL,-0.014428437,0.011906505,-0.0032457709
2024-11-06,AMGN,-0.031665504,0.010750651,0.0038826466
2024-11-06,CRM,-0.015100181,0.0048516989,0.006379962
2024-11-06,CSCO,0.00055205822,-0.0065046549,-0.0076765418
2024-11-06,IBM,-0.012168527,0.0043432713,0.0022622347
2024-11-06,INTC,-0.0065308213,-0.0086345673,0.0062389374
2024-11-06,MSFT,-0.021810532,-0.0044506192,-0.00026738644
2024-11-06,NKE,-0.020777345,0.0063093901,0.0091358423
2024-11-06,VZ,-0.0027092695,0.00093495846,1.2040138e-05
2024-11-06,WMT,-0.020875514,-0.0013533831,0.0010770559
2024-11-07,AAPL,-0.024096131,0.015509844,-0.00011813641
2024-11-07,AMGN,-0.031944215,0.0056575537,0.0042693615
2024-11-07,CRM,-0.024799287,0.0081937313,0.0070490837
2024-11-07,CSCO,-0.0064752698,-0.0095334649,-0.0086397529
2024-11-07,IBM,-0.013401151,0.0025231838,0.00097715855
2024-11-07,INTC,-0.014258981,-0.0053727031,0.004976511
2024-11-07,MSFT,-0.016287327,0.00116992,-0.0035285354
2024-11-07,NKE,-0.016848803,0.011410713,0.0078344345
2024-11-07,VZ,-0.0026554465,0.0014697313,-0.0018494725
2024-11-07,WMT,-0.0020216107,-0.0046808124,-0.0071704984
2024-11-08,AAPL,-0.024514377,0.017476797,-0.0038195252
2024-11-08,AMGN,-0.030975223,0.0084975958,0.0062263012
2024-11-08,CRM,-0.033080101,0.016655445,0.0047014952
2024-11-08,CSCO,0.0066338778,-0.010752141,-0.0085344911
2024-11-08,IBM,-0.019805014,0.006210804,0.0030170679
2024-11-08,INTC,-0.0079301596,-0.0072792172,0.0024852753
2024-11-08,MSFT,-0.015761077,-0.0020632148,-0.0030686259
2024-11-08,NKE,-0.032770991,0.011144638,0.01135397
2024-11-08,VZ,-0.010899961,0.002548933,-0.0021699071
2024-11-08,WMT,-0.015494704,0.00077021122,-0.0037424564
2024-11-11,AAPL,-0.020534873,0.013375759,-0.0057364702
2024-11-11,AMGN,-0.03031522,0.01264441,0.0051082373
2024-11-11,CRM,-0.0024657249,-0.0003271699,-0.0025968552
2024-11-11,CSCO,0.01459074,-0.015606284,-0.010555267
2024-11-11,IBM,-0.0086025,0.0075170994,0.001311779
2024-11-11,INTC,0.0054314137,-0.010291517,0.0012264252
2024-11-11,MSFT,-0.0073447227,-0.0072184205,-0.004712224
2024-11-11,NKE,-0.026347578,0.0073407888,0.014107108
2024-11-11,VZ,-0.015209675,0.0048335791,0.0024491549
2024-11-11,WMT,-0.024921715,0.0050985813,0.0012017488
2024-11-12,AAPL,-0.023085535,0.017989039,-0.0076076388
2024-11-12,AMGN,-0.033546507,0.010761023,0.0040113926
2024-11-12,CRM,-0.013832927,-0.0039053559,0.0046161413
2024-11-12,CSCO,-0.0071035624,-0.014105618,-0.011587739
2024-11-12,IBM,-0.021001875,0.0096361637,0.0034532547
2024-11-12,INTC,-0.0081276894,-0.0076551437,-0.0013217926
2024-11-12,MSFT,-0.02325052,0.0016484261,-0.0027510524
2024-11-12,NKE,-0.028889179,0.013636351,0.010360479
2024-11-12,VZ,-0.024039805,0.011364102,0.0027054548
2024-11-12,WMT,-0.036294639,0.010147214,-0.0012018681
2024-11-13,AAPL,-0.016351998,0.017373443,-0.0050577521
2024-11-13,AMGN,-0.039819956,0.017532349,0.0056682825
2024-11-13,CRM,-0.01937604,0.0016108751,0.006436348
2024-11-13,CSCO,0.002348423,-0.013369858,-0.0093562603
2024-11-13,IBM,-0.018431485,0.0096487999,0.0042001009
2024-11-13,INTC,-0.0035017133,-0.0065761805,-0.0041596293
2024-11-13,MSFT,-0.019618332,-0.0013040304,-0.0040351152
2024-11-13,NKE,-0.034551561,0.014004588,0.011983871
2024-11-13,VZ,-0.020346403,0.010212421,-0.00083649158
2024-11-13,WMT,-0.02963239,0.0059531927,-0.0046361089
2024-11-14,AAPL,-0.017049789,0.016235828,-0.0063936114
2024-11-14,AMGN,-0.023358345,0.0098029375,0.0010814667
2024-11-14,CRM,0.0018521547,-0.0050398111,0.0053170919
2024-11-14,CSCO,0.0070593357,-0.011303663,-0.010565877
2024-11-14,IBM,-0.011200845,0.0081744194,0.00088310242
2024-11-14,INTC,0.0030853748,-0.0083701015,-0.0054952502
2024-11-14,MSFT,-0.010590971,-0.002202332,-0.008481741
2024-11-14,NKE,-0.022076905,0.011069536,0.0087548494
2024-11-14,VZ,-0.014195621,0.0064820051,-0.0034809113
2024-11-14,WMT,-0.03397274,0.0070244074,8.2969666e-05
2024-11-15,AAPL,-0.021371305,0.023024678,-0.0022748709
2024-11-15,AMGN,-0.016569912,0.0084143877,-0.00011187792
2024-11-15,CRM,-0.014088988,-0.00062793493,0.0040253401
2024-11-15,CSCO,0.005595088,-0.0099343657,-0.0082026124
2024-11-15,IBM,-0.012367904,0.0039560795,0.00046348572
2024-11-15,INTC,-0.0060422421,-0.0060372949,0.0010411739
2024-11-15,MSFT,-0.017706037,0.0014520884,-0.0061110258
2024-11-15,NKE,-0.020240784,0.013285279,0.010512471
2024-11-15,VZ,-0.00594908,0.0033545494,-0.0069040656
2024-11-15,WMT,-0.014918685,0.00018799305,-0.0055121183
2024-11-18,AAPL,-0.026901186,0.0217098,-0.0048730373
2024-11-18,AMGN,-0.026495039,0.012887836,0.0034202337
2024-11-18,CRM,-0.012974858,0.0018854141,0.0076971054
2024-11-18,CSCO,-0.00059306622,-0.0070407391,-0.0084837079
2024-11-18,IBM,-0.022716761,0.0071389675,0.0058344603
2024-11-18,INTC,-0.010461986,-0.0046427846,0.0029411316
2024-11-18,MSFT,-0.018093646,-0.0013061762,-0.0033156276
2024-11-18,NKE,-0.021362484,0.011140108,0.0076794624
2024-11-18,VZ,-0.0081914067,0.0055024624,-0.0055039525
2024-11-18,WMT,-0.019090712,0.00082945824,-0.0044938922
2024-11-19,AAPL,-0.032440245,0.023794889,-0.0088874698
2024-11-19,AMGN,-0.020264924,0.010568261,0.00198102
2024-11-19,CRM,-0.016712248,0.0073190928,0.0043547153
2024-11-19,CSCO,-0.0013218522,-0.010181069,-0.010517299
2024-11-19,IBM,-0.020158648,0.0097121,0.0041054487
2024-11-19,INTC,-0.01073724,-0.0022011995,-0.0020920038
2024-11-19,MSFT,-0.01928854,0.0039790869,-0.0045890808
2024-11-19,NKE,-0.026753128,0.0095614195,0.0044269562
2024-11-19,VZ,-0.013195634,0.0045729876,-0.0031195283
2024-11-19,WMT,-0.024471223,0.004440546,-0.0046254396
2024-11-20,AAPL,-0.023437262,0.022880793,-0.008346498
2024-11-20,AMGN,-0.021086752,0.010289907,-0.00030738115
2024-11-20,CRM,-0.0095627904,-0.00026768446,0.0028555393
2024-11-20,CSCO,-0.00080043077,-0.0065808892,-0.0084708929
2024-11-20,IBM,-0.019160986,0.010166407,-0.001548171
2024-11-20,INTC,-0.0057843328,-0.0045842528,-0.00287956
2024-11-20,MSFT,-0.020459235,0.0036892891,-0.0027894378
2024-11-20,NKE,-0.021885395,0.011470079,0.0078703165
2024-11-20,VZ,-0.011878014,0.0055886507,-0.00071263313
2024-11-20,WMT,-0.02797699,0.0085084438,-0.004753828
2024-11-21,AAPL,0.002654314,0.013544083,-0.012598455
2024-11-21,AMGN,-0.022476673,0.011203408,0.00074672699
2024-11-21,CRM,0.014528394,-0.011420369,-0.00082743168
2024-11-21,CSCO,0.01684916,-0.013592124,-0.0095536709
2024-11-21,IBM,-0.01333797,0.0048418045,0.0011301041
2024-11-21,INTC,0.0022991896,-0.0055094361,-0.0030536056
2024-11-21,MSFT,-0.012893975,-0.00090616941,-0.0038294792
2024-11-21,NKE,-0.019950569,0.010031343,0.0085862875
2024-11-21,VZ,-0.0088595748,0.0016970634,-0.0010452867
2024-11-21,WMT,-0.022564828,0.003455162,-0.0011280179
2024-11-22,AAPL,-0.024232864,0.025893688,-0.0034658313
2024-11-22,AMGN,-0.047939181,0.030225039,0.013606787
2024-11-22,CRM,-0.01862222,0.0056856871,0.011848807
2024-11-22,CSCO,0.0072832108,-0.0072148442,-0.010214686
2024-11-22,IBM,-0.0030742288,0.00092637539,-0.00019216537
2024-11-22,INTC,-0.0097358823,-0.0057868361,0.0015330315
2024-11-22,MSFT,-0.012935579,0.00066959858,-0.0046185851
2024-11-22,NKE,-0.018201113,0.0095968246,0.0073471069
2024-11-22,VZ,0.0010534525,-0.0010583997,-0.0035564303
2024-11-22,WMT,-0.011386395,-0.0019142032,-0.0032574534
2024-11-25,AAPL,-0.0071066022,0.0070016384,-0.017697811
2024-11-25,AMGN,-0.038639486,0.022389054,0.0038771629
2024-11-25,CRM,-0.011120498,0.0010918379,0.0058460236
2024-11-25,CSCO,0.013499737,-0.012796104,-0.015856326
2024-11-25,IBM,-0.0099939108,0.0011748075,-0.0018226504
2024-11-25,INTC,0.0014688969,-0.0074097514,-0.0056408644
2024-11-25,MSFT,-0.0042643547,-0.0043179989,-0.0071351528
2024-11-25,NKE,-0.013669372,0.0079370737,0.0024372339
2024-11-25,VZ,0.0070664883,-0.0037522912,-0.011052608
2024-11-25,WMT,-0.01643461,0.0013616085,-0.0027688146
2024-11-26,AAPL,-0.025925934,0.019584656,-0.003448844
2024-11-26,AMGN,-0.017178535,0.015845656,-0.0092351437
2024-11-26,CRM,0.0050119162,-0.002838254,0.00055241585
2024-11-26,CSCO,-0.0031775236,-0.004762888,-0.0034763217
2024-11-26,IBM,-0.011464119,0.0017752647,0.0001398325
2024-11-26,INTC,-0.0047294497,-0.00055742264,0.0010766983
2024-11-26,MSFT,-0.0027754307,0.00045645237,-0.0035547018
2024-11-26,NKE,-0.017381787,0.012311578,0.0080183744
2024-11-26,VZ,0.0020347834,0.0022885799,-0.0071554184
2024-11-26,WMT,-0.019385338,0.0052177906,0.003015995
2024-11-27,AAPL,-0.014137089,0.018100023,-0.015363991
2024-11-27,AMGN,-0.028151751,0.023690701,-0.0032377839
2024-11-27,CRM,-0.028362453,0.015133262,0.00058615208
2024-11-27,CSCO,-0.0067486167,-0.0029287934,-0.01051861
2024-11-27,IBM,-0.015482545,0.0080660582,-0.0020375252
2024-11-27,INTC,-0.012672901,0.001963973,0.0021520853
2024-11-27,MSFT,-0.009711206,0.0057156086,-0.0059592128
2024-11-27,NKE,-0.022856534,0.010565877,0.0057719946
2024-11-27,VZ,-0.011142015,0.002528429,-0.0017569661
2024-11-27,WMT,-0.017843843,0.007273674,-0.0015569329
2024-11-29,AAPL,-0.02639091,0.029554009,-0.0069001317
2024-11-29,AMGN,-0.024012029,0.027681947,-0.005002439
2024-11-29,CRM,-0.046430767,0.037637353,-0.0046259165
2024-11-29,CSCO,-0.025957644,0.014199615,-0.0051229
2024-11-29,IBM,-0.031248629,0.017799258,-0.00015729666
2024-11-29,INTC,-0.030921996,0.015887737,0.0033926964
2024-11-29,MSFT,-0.019512236,0.017998099,-0.0021178722
2024-11-29,NKE,-0.027908266,0.027116537,0.0065174103
2024-11-29,VZ,-0.0061960816,0.0057804585,-0.0043293238
2024-11-29,WMT,-0.021152675,0.018620968,0.0020831823
2024-12-02,AAPL,-0.016098738,0.017927527,-0.023893237
2024-12-02,AMGN,-0.0094435215,0.022032499,-0.015878975
2024-12-02,CRM,-0.053414583,0.041545272,-0.02383709
2024-12-02,CSCO,-0.035696328,0.010966063,-0.018199205
2024-12-02,IBM,-0.018684328,0.014955163,-0.015970945
2024-12-02,INTC,-0.028879404,0.0098279715,-0.011100888
2024-12-02,MSFT,-0.028682768,0.017938018,-0.015934944
2024-12-02,NKE,-0.029039085,0.017220497,-0.0093249679
2024-12-02,VZ,-0.015950561,0.0067771673,-0.017045557
2024-12-02,WMT,-0.01829499,0.016632676,-0.012697041
2024-12-03,AAPL,-0.043355763,0.040554404,-0.0069716573
2024-12-03,AMGN,-0.037042618,0.043042421,-4.786253e-05
2024-12-03,CRM,-0.056058526,0.055301666,-0.012270033
2024-12-03,CSCO,-0.036566615,0.037098408,-0.009791851
2024-12-03,IBM,-0.035369575,0.029337168,-0.0037268996
2024-12-03,INTC,-0.04100132,0.038591027,0.0004966259
2024-12-03,MSFT,-0.042531013,0.033569813,-0.0024533272
2024-12-03,NKE,-0.037220061,0.02831924,-0.006265521
2024-12-03,VZ,-0.030642331,0.025419474,-0.005881846
2024-12-03,WMT,-0.023743272,0.024815559,-0.0054354668
2024-12-04,AAPL,-0.0077121258,0.016761422,-0.013397515
2024-12-04,AMGN,-0.015285254,0.0023715496,-0.0022372603
2024-12-04,CRM,-0.014430225,0.010224462,0.002699852
2024-12-04,CSCO,0.011247873,-0.01074791,-0.010780871
2024-12-04,IBM,-0.0040296912,0.0013583899,-0.0057907701
2024-12-04,INTC,-0.0040735006,-0.0092407465,-0.00092238188
2024-12-04,MSFT,-0.011319339,-0.0049111843,-0.0055837035
2024-12-04,NKE,-0.014663219,0.0036301613,0.002352953
2024-12-04,VZ,0.0041790009,-0.0018689036,-0.0080720186
2024-12-04,WMT,-0.0018655658,-0.0082021952,-0.0068733096
2024-12-05,AAPL,-0.02463609,0.019992948,0.0021371841
2024-12-05,AMGN,-0.030998349,0.010260463,0.0077533722
2024-12-05,CRM,-0.019749939,0.0092152357,0.008354187
2024-12-05,CSCO,-0.0036658645,-0.0089097619,-0.0076893568
2024-12-05,IBM,-0.014487863,0.0019402504,0.0030753613
2024-12-05,INTC,-0.010949194,-0.0025885701,0.0034860373
2024-12-05,MSFT,-0.013455212,0.0022895336,-0.00049364567
2024-12-05,NKE,-0.021410048,0.012922406,0.01130271
2024-12-05,VZ,-0.0053644776,0.00086522102,-0.0011758208
2024-12-05,WMT,-0.0046440363,-0.0026887655,-0.0057381988
2024-12-06,AAPL,-0.022884965,0.015282631,-0.011913836
2024-12-06,AMGN,-0.032933831,0.011212826,0.0064815283
2024-12-06,CRM,-0.021740437,0.0048662424,0.0018453598
2024-12-06,CSCO,0.0074418783,-0.013875186,-0.0094619989
2024-12-06,IBM,-0.016449809,0.0057835579,0.0033295155
2024-12-06,INTC,-0.0054287314,-0.0095820427,0.0010150671
2024-12-06,MSFT,-0.012177527,-0.0042269826,-0.0032490492
2024-12-06,NKE,-0.021355748,0.0069372654,0.011088967
2024-12-06,VZ,-0.0095220208,0.0055060387,-0.0032064915
2024-12-06,WMT,-0.016530812,0.0010377169,-0.0031005144
2024-12-09,AAPL,-0.024497509,0.016929388,-0.0062509179
2024-12-09,AMGN,-0.020898104,0.0088760853,0.0014147758
2024-12-09,CRM,-0.0089017749,-0.0013877749,0.005338788
2024-12-09,CSCO,0.0026526451,-0.013006866,-0.0047773123
2024-12-09,IBM,-0.014838696,0.0019086599,0.0048520565
2024-12-09,INTC,-0.0017499924,-0.0042085648,0.0039373636
2024-12-09,MSFT,-0.010657072,-0.0066011548,0.0002143383
2024-12-09,NKE,-0.017717957,0.0031036139,0.011163116
2024-12-09,VZ,-0.016092718,0.0052284002,0.0014779568
2024-12-09,WMT,-0.017233074,-0.0011576414,0.00018548965
2024-12-10,AAPL,-0.029107094,0.020306826,-0.0090363622
2024-12-10,AMGN,-0.046858549,0.015551925,0.013181686
2024-12-10,CRM,-0.011424303,-0.0020502806,0.0098981857
2024-12-10,CSCO,-0.012867033,-0.013243973,-0.0078001618
2024-12-10,IBM,-0.027589321,0.0079194307,0.0061520338
2024-12-10,INTC,-0.012974441,-0.0071384311,0.0052624941
2024-12-10,MSFT,-0.02172631,-0.00073581934,0.0033090115
2024-12-10,NKE,-0.018654823,0.0051085949,0.010007262
2024-12-10,VZ,-0.012101829,0.0053622723,0.001557827
2024-12-10,WMT,-0.026340127,0.0027529001,0.00078451633
2024-12-11,AAPL,-0.029471636,0.025431991,-0.002933979
2024-12-11,AMGN,-0.020472467,0.0038785934,0.00024950504
2024-12-11,CRM,-0.032486796,0.012337446,0.010365129
2024-12-11,CSCO,-0.012317717,-0.0074898601,-0.0023320317
2024-12-11,IBM,-0.021398187,0.0061990023,0.005677104
2024-12-11,INTC,-0.009383738,-0.006144166,0.0048079491
2024-12-11,MSFT,-0.028180838,0.0012022257,0.005376935
2024-12-11,NKE,-0.029584348,0.010191679,0.01202631
2024-12-11,VZ,-0.0069927573,0.0039484501,-0.0023474097
2024-12-11,WMT,-0.017906487,-0.0011510849,-0.0040081143
2024-12-12,AAPL,-0.01171422,0.01710999,-0.0052781105
2024-12-12,AMGN,-0.028624535,0.012573957,0.0091999769
2024-12-12,CRM,-0.014136553,0.0044741631,0.013068676
2024-12-12,CSCO,0.0095661879,-0.016561091,-0.0077932477
2024-12-12,IBM,-0.015064776,0.0032074451,0.0023646355
2024-12-12,INTC,-0.0038541555,-0.0074682236,0.0031664371
2024-12-12,MSFT,-0.012939394,-0.0064833164,-0.0020583868
2024-12-12,NKE,-0.024365246,0.0097745657,0.012783408
2024-12-12,VZ,-0.011287093,0.00020587444,0.0015524626
2024-12-12,WMT,-0.021260381,0.00073885918,-0.0013161302
2024-12-13,AAPL,-0.026047766,0.025737643,-0.0070570707
2024-12-13,AMGN,-0.025875866,0.012099504,0.00072169304
2024-12-13,CRM,-0.026164412,0.015157938,0.0041879416
2024-12-13,CSCO,-0.00066149235,-0.014895678,-0.012124419
2024-12-13,IBM,-0.016159713,0.0059757233,0.00083255768
2024-12-13,INTC,-0.0079991221,-0.0074722767,0.00254035
2024-12-13,MSFT,-0.014156163,0.0026644468,-0.0058740377
2024-12-13,NKE,-0.025522113,0.011372328,0.0091941357
2024-12-13,VZ,-0.0074665546,0.0015386343,-0.0043094158
2024-12-13,WMT,-0.016162574,-0.0027061701,-0.0069974661
2024-12-16,AAPL,-0.013543189,0.014969945,-0.0077482462
2024-12-16,AMGN,-0.035976052,0.019724488,0.0076094866
2024-12-16,CRM,-0.020877719,0.011800051,-0.0011724234
2024-12-16,CSCO,0.0046344995,-0.012738168,-0.0082454681
2024-12-16,IBM,-0.016872108,0.0079549551,0.0044522285
2024-12-16,INTC,0.0045400858,-0.0099633336,-0.00033718348
2024-12-16,MSFT,-0.008812964,-0.0046240091,-0.0087450147
2024-12-16,NKE,-0.029712737,0.010286689,0.015042663
2024-12-16,VZ,-0.01781553,0.0059114695,-0.0017699003
2024-12-16,WMT,-0.023445129,0.0030446053,-0.0025604963
2024-12-17,AAPL,-0.020634234,0.019408464,-0.0046133995
2024-12-17,AMGN,-0.022736311,0.0096375942,0.0017825365
2024-12-17,CRM,-0.011009693,0.0025570393,-0.00038844347
2024-12-17,CSCO,0.0075905323,-0.019819856,-0.013662219
2024-12-17,IBM,-0.015506327,0.0076335669,0.0015170574
2024-12-17,INTC,0.0077438354,-0.0078884959,0.0021160841
2024-12-17,MSFT,-0.0067052841,-0.0012138486,-0.0079365969
2024-12-17,NKE,-0.026204288,0.0074328184,0.0149194
2024-12-17,VZ,-0.016458988,0.010059595,0.0017914772
2024-12-17,WMT,-0.031734169,0.0089812279,-0.00036287308
2024-12-18,AAPL,-0.016179264,0.017750382,-0.0086477399
2024-12-18,AMGN,-0.021833003,0.015906572,-0.002173841
2024-12-18,CRM,-0.021796882,0.010823607,0.0016115904
2024-12-18,CSCO,0.0019112825,-0.011352777,-0.012610793
2024-12-18,IBM,-0.014350772,0.0084393024,0.00019788742
2024-12-18,INTC,0.0039633512,-0.0027747154,0.0018547773
2024-12-18,MSFT,-0.013083577,0.0026243925,-0.0027309656
2024-12-18,NKE,-0.029972136,0.014699221,0.01494956
2024-12-18,VZ,-0.01722616,0.011218905,0.00065791607
2024-12-18,WMT,-0.017052114,0.0042802095,-0.0063208342
2024-12-19,AAPL,-0.0056669116,0.019884109,-0.014738739
2024-12-19,AMGN,-0.034565568,0.022233963,0.0030684471
2024-12-19,CRM,-0.017634332,0.0059655905,0.00050330162
2024-12-19,CSCO,0.0071425438,-0.015265763,-0.017932415
2024-12-19,IBM,-0.0079429746,0.0096793175,-0.0016107559
2024-12-19,INTC,0.004005909,-0.0051337481,-0.0030264258
2024-12-19,MSFT,-0.0030142665,0.0005415678,-0.0097786188
2024-12-19,NKE,-0.035392821,0.014194131,0.0094696283
2024-12-19,VZ,-0.014253318,0.0070542097,-0.0052697062
2024-12-19,WMT,-0.022917867,0.0040980577,-0.0047988296
2024-12-20,AAPL,-0.024651229,0.025591969,-0.014336288
2024-12-20,AMGN,-0.052901804,0.038924575,0.0079389811
2024-12-20,CRM,-0.040545344,0.020620346,0.0087519884
2024-12-20,CSCO,-0.008082211,-0.0042485595,-0.013373315
2024-12-20,IBM,-0.011358321,0.011309385,-0.00089764595
2024-12-20,INTC,-0.011258543,-0.0025257468,-0.0072714686
2024-12-20,MSFT,-0.017843843,0.0094878674,-0.0079271197
2024-12-20,NKE,-0.025255203,0.015518308,0.0036207438
2024-12-20,VZ,-0.017147779,0.0088222027,-0.0053585172
2024-12-20,WMT,-0.024994135,0.0091365576,-0.0085041523
2024-12-23,AAPL,-0.010060787,0.0096149445,-0.016728044
2024-12-23,AMGN,-0.018703699,0.014272094,-0.0098804832
2024-12-23,CRM,-0.016346037,0.006319046,-0.0080851316
2024-12-23,CSCO,0.003944397,-0.0090566278,-0.021314502
2024-12-23,IBM,-0.0079943538,0.0044387579,-0.0081732869
2024-12-23,INTC,0.0013018847,-0.0039252043,-0.014245093
2024-12-23,MSFT,-0.015150785,0.0004324913,-0.012035608
2024-12-23,NKE,-0.014098883,0.0050392151,-0.0011532307
2024-12-23,VZ,-0.012036741,0.0064102411,-0.015541255
2024-12-23,WMT,-0.024215758,0.0041589737,-0.0091111064
2024-12-24,AAPL,-0.018912017,0.015192747,-0.012560964
2024-12-24,AMGN,0.0031816959,0.0051037073,-0.014361024
2024-12-24,CRM,0.010693908,-0.0033095479,-0.0085548759
2024-12-24,CSCO,0.0047570467,-0.0068206787,-0.01051271
2024-12-24,IBM,-0.019741297,0.0073738098,-0.00096380711
2024-12-24,INTC,-0.0047361851,-0.00025641918,-0.008836627
2024-12-24,MSFT,-0.00726825,0.002004385,-0.0061118603
2024-12-24,NKE,-0.014966786,0.011013865,0.0070034266
2024-12-24,VZ,-0.011520267,0.010664225,-0.0028563142
2024-12-24,WMT,-0.025095344,0.0059678555,-0.00091177225
2024-12-26,AAPL,-0.01788336,0.022437692,-0.0074881315
2024-12-26,AMGN,-0.022928298,0.016581774,0.00027287006
2024-12-26,CRM,-0.021780372,0.0098420382,0.0076401234
2024-12-26,CSCO,-0.011033475,0.00033283234,-0.0079305768
2024-12-26,IBM,-0.027133763,0.012307167,0.0034259558
2024-12-26,INTC,-0.019940257,0.0040996075,0.0047963858
2024-12-26,MSFT,-0.01494807,0.0074124336,-0.0020334125
2024-12-26,NKE,-0.017708838,0.010870934,0.0084023476
2024-12-26,VZ,-0.0081455708,0.00061011314,-0.0020272732
2024-12-26,WMT,-0.003567934,0.0032234192,-0.0042299628
2024-12-27,AAPL,-0.01801455,0.025717974,-0.0094290972
2024-12-27,AMGN,-0.042822242,0.028649449,0.0021666288
2024-12-27,CRM,-0.054905653,0.039762974,0.0048469305
2024-12-27,CSCO,-0.029836059,0.010272384,-0.0059427619
2024-12-27,IBM,-0.031726539,0.01654768,0.0015414953
2024-12-27,INTC,-0.030614853,0.014006495,0.0068637133
2024-12-27,MSFT,-0.02505511,0.01902163,0.00082111359
2024-12-27,NKE,-0.030674994,0.02278614,0.0033314228
2024-12-27,VZ,-0.0049335957,0.0040411949,-0.0018875003
2024-12-27,WMT,-0.018222094,0.011875391,-0.0007815361
2024-12-30,AAPL,-0.0071274638,0.011151791,-0.0333426
2024-12-30,AMGN,-0.037098348,0.031710267,-0.0064321756
2024-12-30,CRM,-0.059980512,0.03656292,-0.017382979
2024-12-30,CSCO,-0.027567208,0.0061559677,-0.02470696
2024-12-30,IBM,-0.009984076,0.0085061789,-0.014284551
2024-12-30,INTC,-0.016123295,0.0028262138,-0.01277405
2024-12-30,MSFT,-0.023790181,0.012332082,-0.014508963
2024-12-30,NKE,-0.032821298,0.012862206,-0.010923922
2024-12-30,VZ,-0.007063508,-0.00048577785,-0.019463539
2024-12-30,WMT,-0.020540833,0.015537262,-0.0093511939
2024-12-31,AAPL,-0.036965787,0.037910342,-0.0069518089
2024-12-31,AMGN,-0.041291237,0.042426467,0.00065505505
2024-12-31,CRM,-0.036638856,0.048027754,-0.014073372
2024-12-31,CSCO,-0.0301072,0.027511239,-0.01062119
2024-12-31,IBM,-0.026231408,0.023815632,-0.004657805
2024-12-31,INTC,-0.030898154,0.03144598,-0.0022284985
2024-12-31,MSFT,-0.040005624,0.025583029,-0.00084942579
2024-12-31,NKE,-0.040380776,0.026715517,-0.0036027431
2024-12-31,VZ,-0.028867304,0.020322442,-0.0056368113
2024-12-31,WMT,-0.024573505,0.022052288,-0.0058072209
