date,tic,close,high,low
2020-01-02,AAPL,-0.010762095,-0.0062548518,0.013502002
2020-01-02,AMGN,0.0064612627,-0.0084202886,-0.024662912
2020-01-02,CRM,-0.032513082,0.0077952147,-0.0026744604
2020-01-02,CSCO,0.0094649792,-0.0026609898,-0.032714963
2020-01-02,IBM,0.013767004,0.0062919855,-0.017821372
2020-01-02,INTC,-0.014495134,0.010768294,0.0089241266
2020-01-02,MSFT,0.03998673,0.019799352,-0.0043016076
2020-01-02,NKE,-0.010414898,-0.0066174865,-0.012434423
2020-01-02,VZ,0.0033329725,0.019411922,-0.015877604
2020-01-02,WMT,-0.020547152,0.0031857491,0.0064622164
2020-01-03,AAPL,0.025418639,0.0070614815,-0.0092155933
2020-01-03,AMGN,-0.0015386343,0.035636425,-0.0097241402
2020-01-03,CRM,0.024086356,0.017473817,-0.00062215328
2020-01-03,CSCO,0.0006146431,-0.0068903565,0.010119915
2020-01-03,IBM,-0.009136498,0.0081802607,-0.016074777
2020-01-03,INTC,-0.033179641,0.029936314,-0.014807463
2020-01-03,MSFT,0.0284549,0.013681531,-0.0039346814
2020-01-03,NKE,-0.024378777,-0.0024356842,-0.024500668
2020-01-03,VZ,-0.019175231,0.020037889,-0.0013270378
2020-01-03,WMT,0.0028455257,-0.024186075,-0.013511658
2020-01-06,AAPL,-0.030718446,0.024315715,-0.025058627
2020-01-06,AMGN,-0.0083060861,0.0024096966,-0.021501839
2020-01-06,CRM,-0.018342614,-0.0003194809,-0.0030773878
2020-01-06,CSCO,0.036324859,-0.016073167,-0.014946342
2020-01-06,IBM,-0.0085750222,-0.0016945004,0.0039948225
2020-01-06,INTC,0.013177752,0.021701694,-0.0095515847
2020-01-06,MSFT,-0.0011387467,0.00034224987,0.0020005703
2020-01-06,NKE,-0.0060989857,-0.0027819276,-0.0095240474
2020-01-06,VZ,-0.026211917,0.0012162924,0.021553159
2020-01-06,WMT,-0.007244885,-0.0078723431,0.001642108
2020-01-07,AAPL,-0.0046927929,0.014874101,-0.030524015
2020-01-07,AMGN,0.0083223581,-0.010329723,-0.010743797
2020-01-07,CRM,0.0035784245,-0.0083013177,-0.014531791
2020-01-07,CSCO,0.018819928,-0.00087231398,-0.0044702888
2020-01-07,IBM,0.0066773891,0.02172339,-0.0063390136
2020-01-07,INTC,0.036845326,0.0053598881,-0.0033598542
2020-01-07,MSFT,-0.0017595291,-0.0026714802,0.011056066
2020-01-07,NKE,0.012177348,0.012361169,-0.008374691
2020-01-07,VZ,-0.027933061,0.010917068,-0.0076668262
2020-01-07,WMT,-0.017031431,0.0047318935,0.00061094761
2020-01-08,AAPL,0.049615383,-0.011396527,-0.0084989071
2020-01-08,AMGN,-0.013138413,0.013237834,-0.022327721
2020-01-08,CRM,-0.0030119419,0.026727557,-0.01878494
2020-01-08,CSCO,-0.00010836124,0.0040289164,-0.01726979
2020-01-08,IBM,-0.026345134,0.0074987411,0.010214686
2020-01-08,INTC,0.024797678,0.0025572777,-0.0090663433
2020-01-08,MSFT,0.0074514151,0.007779479,-0.0069177151
2020-01-08,NKE,0.0099371672,0.012135625,-0.012967169
2020-01-08,VZ,0.019862175,0.01401937,-0.022560239
2020-01-08,WMT,0.014270067,0.016533256,-0.014276028
2020-01-09,AAPL,0.018912911,0.0088276863,-0.012624621
2020-01-09,AMGN,0.008002758,-0.0030807257,-0.027571082
2020-01-09,CRM,0.049236536,0.011093736,-0.011368155
2020-01-09,CSCO,-0.0086852312,0.028453946,-0.020510972
2020-01-09,IBM,-0.024058044,0.0051388741,-0.00085777044
2020-01-09,INTC,0.012129307,0.024520874,-0.024099946
2020-01-09,MSFT,0.00051724911,0.0092506409,-0.0090020895
2020-01-09,NKE,0.027840972,0.0050264597,-0.010608435
2020-01-09,VZ,-0.0040090084,0.002197504,-0.0092915297
2020-01-09,WMT,-0.014317453,0.0047574043,-0.015186012
2020-01-10,AAPL,-0.0054780245,0.0071575642,-0.017284214
2020-01-10,AMGN,-0.0089550614,0.012500167,0.002443552
2020-01-10,CRM,0.036146402,-0.011221409,-0.023645282
2020-01-10,CSCO,-0.0069074035,0.009335041,0.001590848
2020-01-10,IBM,0.0069521666,0.00071716309,-0.0029180646
2020-01-10,INTC,-0.0068542361,0.0063757896,-0.005261004
2020-01-10,MSFT,0.0036568642,-0.0035352111,-0.010864615
2020-01-10,NKE,-0.02665019,-0.00038075447,-0.0017135739
2020-01-10,VZ,0.014643192,0.0031152964,-0.028946757
2020-01-10,WMT,-0.0013192296,0.0028252602,-0.011303365
2020-01-13,AAPL,-0.0074524283,0.030313849,-0.021552086
2020-01-13,AMGN,0.001942277,0.0066720247,-0.021323979
2020-01-13,CRM,0.0096583366,0.032416582,-0.015382588
2020-01-13,CSCO,0.017086148,0.0059895515,-0.0096284747
2020-01-13,IBM,0.011414051,-0.003899157,0.0022037029
2020-01-13,INTC,0.018737793,0.020014644,0.0050387383
2020-01-13,MSFT,0.0047230721,0.0032057762,-0.0010522008
2020-01-13,NKE,0.029797912,0.01624465,-0.0096637607
2020-01-13,VZ,-0.01147151,0.023355722,-0.0087721348
2020-01-13,WMT,-0.0080279112,-0.0015985966,-0.0090210438
2020-01-14,AAPL,-0.018950582,0.0091955662,-0.005066812
2020-01-14,AMGN,-0.0069329143,-0.0055195093,-0.01434654
2020-01-14,CRM,0.011331081,0.0022060871,0.00060462952
2020-01-14,CSCO,-0.013912797,0.015414715,-0.013828456
2020-01-14,IBM,-0.032922566,-0.0023795962,0.0049384832
2020-01-14,INTC,-0.014897585,0.0021243095,-0.0066338778
2020-01-14,MSFT,-0.0068858266,-0.0038150549,-0.022402227
2020-01-14,NKE,0.0053896904,0.025386572,0.0046647787
2020-01-14,VZ,0.017279983,0.0065331459,-0.0021318793
2020-01-14,WMT,0.014656544,0.013659716,-0.0048825145
2020-01-15,AAPL,-0.0063745975,-4.1663647e-05,-0.0108248
2020-01-15,AMGN,-0.0013256669,0.012988925,-0.0058671236
2020-01-15,CRM,0.016149998,-0.0023495555,-0.030216992
2020-01-15,CSCO,-0.0046919584,-0.0062274933,-0.012397349
2020-01-15,IBM,-0.0015847683,-0.0094613433,-0.0031279922
2020-01-15,INTC,-0.0327003,0.0035618544,-0.010740817
2020-01-15,MSFT,-0.016909182,0.02200067,-0.00049197674
2020-01-15,NKE,0.0053758621,0.010989428,-0.012322426
2020-01-15,VZ,-0.009866178,0.0093692541,-0.00056707859
2020-01-15,WMT,-0.013896286,0.0063456297,0.0088095665
2020-01-16,AAPL,0.02251184,-0.0065347552,-0.0059461594
2020-01-16,AMGN,-0.0048978329,0.012006879,-0.0060798526
2020-01-16,CRM,0.0021197796,-0.005702734,-0.031270325
2020-01-16,CSCO,0.0076133013,0.00027477741,-0.0061774254
2020-01-16,IBM,-0.018782914,-0.0045298934,0.0059965849
2020-01-16,INTC,-0.0034980178,-0.0037635565,-0.011865258
2020-01-16,MSFT,-0.0070285797,0.013137221,-0.011259615
2020-01-16,NKE,-0.013128519,0.0049058199,-0.015090525
2020-01-16,VZ,0.020461679,0.024502754,-0.0019776821
2020-01-16,WMT,0.00082814693,0.0084522963,0.0015387535
2020-01-17,AAPL,-0.014262199,0.01207912,-0.016791046
2020-01-17,AMGN,-0.0047676563,-0.0055087209,-0.0029963255
2020-01-17,CRM,0.0031890869,0.010423422,-0.0008046627
2020-01-17,CSCO,-0.0012773275,-0.0036564469,-0.030247688
2020-01-17,IBM,-0.018899322,0.014637113,-0.002905488
2020-01-17,INTC,-0.031208396,0.002895236,-0.026517391
2020-01-17,MSFT,0.034821987,0.014891148,-0.0014840364
2020-01-17,NKE,0.010760307,0.0071883202,-0.004123807
2020-01-17,VZ,0.001142621,0.016624093,-0.024198651
2020-01-17,WMT,-0.0095208883,-0.0022305846,-0.0014519691
2020-01-21,AAPL,0.0043334961,-0.011131048,-0.0078255534
2020-01-21,AMGN,0.0011851788,0.01031661,-0.00856179
2020-01-21,CRM,-0.03256619,0.0119977,-0.0093672276
2020-01-21,CSCO,-0.0088948607,-0.0026493669,0.0046061277
2020-01-21,IBM,0.017585993,-0.0033092499,-0.0055140257
2020-01-21,INTC,-0.019893408,0.0062125921,-0.02920413
2020-01-21,MSFT,-0.020303905,0.026989698,-0.00063830614
2020-01-21,NKE,-0.0067953467,0.0081256628,-0.01339829
2020-01-21,VZ,-0.012000263,0.0013698339,-0.030496597
2020-01-21,WMT,-0.00090688467,-0.0044624209,-0.0095799565
2020-01-22,AAPL,-0.020566344,0.0074802637,0.012965441
2020-01-22,AMGN,-0.014292181,0.015057206,-0.011511385
2020-01-22,CRM,0.023030519,0.0014356375,-0.034497201
2020-01-22,CSCO,-0.00098013878,-0.0061053634,0.0048248768
2020-01-22,IBM,-0.036456168,0.021999478,-0.014254034
2020-01-22,INTC,-0.0010178089,0.00079548359,-0.0039073825
2020-01-22,MSFT,0.010997415,-0.0078189373,-0.0050139427
2020-01-22,NKE,-0.0063580275,0.010484457,0.0014122725
2020-01-22,VZ,0.013916254,0.0056205988,-0.0033505559
2020-01-22,WMT,-0.026200593,0.0091471672,-0.0085179806
2020-01-23,AAPL,-0.017487824,0.026167393,0.0050245523
2020-01-23,AMGN,-0.0012301803,-0.018087387,-0.010261893
2020-01-23,CRM,-0.0050726533,0.0087614059,-0.011648536
2020-01-23,CSCO,-0.019726753,0.0013462305,-0.022513986
2020-01-23,IBM,-0.0057885051,0.014922738,-0.016293287
2020-01-23,INTC,0.0099595785,0.016351819,-0.0050749779
2020-01-23,MSFT,-0.015279651,-0.011487067,0.0056409836
2020-01-23,NKE,0.0062012672,-0.0024114847,-0.016845405
2020-01-23,VZ,-0.010845661,0.012645841,-0.0068987012
2020-01-23,WMT,-0.019828558,0.025101066,-0.0058653951
2020-01-24,AAPL,-0.036321402,0.0017753839,-0.021665871
2020-01-24,AMGN,-0.010156214,0.0014505386,-0.01506567
2020-01-24,CRM,-0.063194573,0.0029116869,-0.018632233
2020-01-24,CSCO,-0.018685937,-0.010759115,-0.0044093132
2020-01-24,IBM,0.02091372,0.00097155571,-0.008090198
2020-01-24,INTC,-0.032432199,-0.0025730133,-0.018595934
2020-01-24,MSFT,-0.027842879,0.0022479296,-0.0017067194
2020-01-24,NKE,0.0024653673,0.010419488,-0.0065615773
2020-01-24,VZ,0.011490583,0.013314962,-0.0073387027
2020-01-24,WMT,0.011718154,0.011296511,-0.011249721
2020-01-27,AAPL,0.025452852,0.0022890568,-0.017120302
2020-01-27,AMGN,0.017941594,-0.00068509579,0.01293385
2020-01-27,CRM,0.0067003965,0.0042140484,0.0077143908
2020-01-27,CSCO,-0.0062093735,0.01853323,0.0042389631
2020-01-27,IBM,0.0084611177,0.0086885691,-0.0044975281
2020-01-27,INTC,-0.01164633,-0.0035623908,0.00041556358
2020-01-27,MSFT,0.034832478,0.015575051,-0.011333287
2020-01-27,NKE,0.016093373,0.0091816187,-0.010261536
2020-01-27,VZ,0.010373712,0.008151412,-0.00018697977
2020-01-27,WMT,-0.0080949664,-0.007692337,-0.0078320503
2020-01-28,AAPL,0.0067187548,0.00099754333,-0.0059853792
2020-01-28,AMGN,0.0075064898,0.012130141,-0.0035582185
2020-01-28,CRM,0.02291286,0.0011570454,-0.020564437
2020-01-28,CSCO,0.029090881,0.010614157,-0.0072845817
2020-01-28,IBM,-0.012622774,0.012599707,-0.0044022202
2020-01-28,INTC,-0.0025142431,0.0094803572,-0.0078495741
2020-01-28,MSFT,-0.0093111396,-0.0050352812,-0.013824642
2020-01-28,NKE,0.0099352598,0.027099967,-0.0074153543
2020-01-28,VZ,-0.011636972,0.0042316914,-0.0050244927
2020-01-28,WMT,-0.0070689917,0.012605548,-0.0082410574
2020-01-29,AAPL,-0.0087769628,-0.0066970587,-0.0058816671
2020-01-29,AMGN,-0.0061156154,0.014339447,0.0040882826
2020-01-29,CRM,-0.011077166,0.018247843,-0.035611749
2020-01-29,CSCO,0.020537138,0.003521204,-0.0082740784
2020-01-29,IBM,-0.036360502,-0.0060937405,-0.0083198547
2020-01-29,INTC,-0.0043243766,0.0085784197,-0.012244999
2020-01-29,MSFT,0.052323461,0.025117517,-0.0058434606
2020-01-29,NKE,-0.015487909,0.019683838,-0.010893643
2020-01-29,VZ,-0.010740757,0.0032142401,-0.012695193
2020-01-29,WMT,0.001290679,0.0028518438,-0.012088537
2020-01-30,AAPL,-0.022664189,-0.0059108138,-0.0056642294
2020-01-30,AMGN,-0.0039765239,0.014153957,-0.0033864975
2020-01-30,CRM,-0.02066958,0.024975777,-0.0043188334
2020-01-30,CSCO,0.0175488,0.010302663,-0.014421821
2020-01-30,IBM,0.012841344,0.020860314,-0.0035549402
2020-01-30,INTC,0.018133283,0.00210464,0.0020228624
2020-01-30,MSFT,0.0082309246,0.0030082464,-0.0074815154
2020-01-30,NKE,-0.0030525923,0.0032923222,-0.013141811
2020-01-30,VZ,-0.018012106,0.015462518,0.000893116
2020-01-30,WMT,-0.0048242211,-0.00053572655,-0.0045238733
2020-01-31,AAPL,0.028539777,0.01047802,0.0014978647
2020-01-31,AMGN,0.013429284,0.017575264,-0.018385291
2020-01-31,CRM,0.01940918,0.03148365,-0.036522567
2020-01-31,CSCO,-0.038633287,0.0047118664,-0.0076118708
2020-01-31,IBM,-0.0097682476,0.015559554,-0.0055878758
2020-01-31,INTC,-0.01709646,0.009947896,-0.0008033514
2020-01-31,MSFT,-0.0020190477,0.020501256,-0.0056420565
2020-01-31,NKE,-0.0079393387,0.0096904039,-0.023710966
2020-01-31,VZ,-0.0070226789,-0.0034429431,-0.0025384426
2020-01-31,WMT,0.0059621334,0.0056780577,0.0037720203
2020-02-03,AAPL,-0.01514554,-0.0053600073,0.0046579838
2020-02-03,AMGN,-0.0041831136,-0.00088459253,-0.025499642
2020-02-03,CRM,-0.012814224,0.027776122,-0.019674778
2020-02-03,CSCO,-0.0048385262,0.0042632818,-0.0045034885
2020-02-03,IBM,-0.0020270944,0.0043593645,0.0057096481
2020-02-03,INTC,0.0035487413,0.022062063,-0.003139019
2020-02-03,MSFT,0.030665994,0.016698003,0.0048196316
2020-02-03,NKE,-0.0085061789,0.01733458,-0.00479877
2020-02-03,VZ,-0.012381911,0.016910315,-0.015265167
2020-02-03,WMT,0.0094124079,-0.0016807318,-0.0082475543
2020-02-04,AAPL,0.051445007,-0.0049535036,-0.025216043
2020-02-04,AMGN,0.020716548,0.012215018,0.01307714
2020-02-04,CRM,0.004117012,0.016536593,-0.0087184906
2020-02-04,CSCO,0.011695266,0.01431179,-0.01989311
2020-02-04,IBM,0.00067710876,0.0050191879,-0.0015630722
2020-02-04,INTC,0.0025823116,0.023938417,-0.00014257431
2020-02-04,MSFT,-0.00084018707,0.0050326586,-0.0057259798
2020-02-04,NKE,-0.0040286183,0.0043848753,-0.0022068024
2020-02-04,VZ,-0.020694494,0.0064795017,-0.0020882487
2020-02-04,WMT,-0.02409935,0.0041790009,-3.9279461e-05
2020-02-05,AAPL,0.032730222,-0.015816212,0.0099323988
2020-02-05,AMGN,-0.022820532,0.0014145374,-0.006043613
2020-02-05,CRM,-0.047965765,0.001445055,-0.020091653
2020-02-05,CSCO,0.026441693,0.012322426,-0.00057822466
2020-02-05,IBM,-0.031340778,0.0095229149,0.0021673441
2020-02-05,INTC,-0.017791092,-0.023739874,-0.013666928
2020-02-05,MSFT,0.009729743,0.014983892,-0.01501441
2020-02-05,NKE,-0.012886465,0.014224529,-0.0076678395
2020-02-05,VZ,0.00041866302,0.026143909,-0.013493657
2020-02-05,WMT,-0.024266422,0.0097000599,-0.0094733238
2020-02-06,AAPL,-0.0095097423,0.032238603,-0.0053293109
2020-02-06,AMGN,-0.013519108,0.010205507,-0.017210603
2020-02-06,CRM,0.012941122,0.0080448389,-0.019179463
2020-02-06,CSCO,0.036471367,-0.0065139532,0.0045815706
2020-02-06,IBM,0.0054453611,0.0098381042,-0.010966122
2020-02-06,INTC,-0.0029700398,0.016659379,-0.017953217
2020-02-06,MSFT,-0.016543925,0.021271706,-0.0062716007
2020-02-06,NKE,0.01350677,0.016520619,-0.0040885806
2020-02-06,VZ,-0.0096445084,-0.0022896528,-0.022982657
2020-02-06,WMT,-0.0050089359,0.0061554909,-0.0047495365
2020-02-07,AAPL,0.0010193586,-0.0071057677,0.0012612343
2020-02-07,AMGN,-0.028886616,0.01414454,-0.011823058
2020-02-07,CRM,-0.0091525912,0.0077009201,-0.0035930276
2020-02-07,CSCO,-0.020953357,0.013195038,-0.003667891
2020-02-07,IBM,0.0073927641,-0.0039641261,0.0077141523
2020-02-07,INTC,0.00017547607,0.0061200857,-0.010114014
2020-02-07,MSFT,-0.011105418,-0.0092234612,-0.0015364885
2020-02-07,NKE,-0.0059849024,0.02717185,-0.0094237924
2020-02-07,VZ,-0.0032113791,0.0026531219,-0.0096808672
2020-02-07,WMT,-0.018508732,0.013334274,-0.0020602942
2020-02-10,AAPL,-0.0012537837,-0.0055519938,-0.014419973
2020-02-10,AMGN,0.026017547,0.0090707541,-0.017023563
2020-02-10,CRM,0.011410952,0.019470334,0.0048393011
2020-02-10,CSCO,0.0023212433,0.0059604645,-0.03296876
2020-02-10,IBM,-0.018440425,0.0055078268,-0.011515081
2020-02-10,INTC,-0.0081804991,0.0060887337,-0.016415477
2020-02-10,MSFT,-0.025359035,0.0087029934,-0.010607958
2020-02-10,NKE,0.0040888786,0.01796329,0.0028995275
2020-02-10,VZ,-0.011968851,0.016859531,0.01179111
2020-02-10,WMT,-0.027731001,0.014358997,-0.01218307
2020-02-11,AAPL,0.0034461021,0.0043516159,-0.00013780594
2020-02-11,AMGN,0.027157545,0.0069848299,-0.034244061
2020-02-11,CRM,-0.0074458122,0.0014593601,0.0014423132
2020-02-11,CSCO,-0.022717655,-0.011303186,0.0041843653
2020-02-11,IBM,0.0025781393,0.0034346581,-0.016467631
2020-02-11,INTC,-0.024599254,0.0088049173,-0.011580527
2020-02-11,MSFT,-0.018666267,0.013683319,-0.0091373324
2020-02-11,NKE,-0.017901182,0.0070934296,-0.0076693892
2020-02-11,VZ,-0.0065600872,0.016009569,-0.0064429641
2020-02-11,WMT,-0.010377407,0.010057449,-0.012517035
2020-02-12,AAPL,-0.0021851659,0.0046392679,-0.019368708
2020-02-12,AMGN,-0.016421854,0.004442811,-0.010456264
2020-02-12,CRM,0.013553381,-0.002609551,0.0032259226
2020-02-12,CSCO,-0.00022423267,-0.013175726,0.0048310757
2020-02-12,IBM,-0.0075071454,0.0030893087,-0.007416904
2020-02-12,INTC,-0.0020575523,0.0031915903,-0.0060085654
2020-02-12,MSFT,-0.014273405,0.008500576,-0.026952326
2020-02-12,NKE,-0.01825279,-0.0025525689,-0.021310091
2020-02-12,VZ,-0.020207524,0.00021851063,-0.0074951053
2020-02-12,WMT,-0.014172852,0.0028793812,-0.0012404919
2020-02-13,AAPL,-0.017698169,0.022938967,-0.020162702
2020-02-13,AMGN,-0.022548676,0.011218429,-7.7724457e-05
2020-02-13,CRM,-0.0092717409,0.025067568,-0.029378057
2020-02-13,CSCO,0.0011466742,-0.0014366508,-0.012702107
2020-02-13,IBM,-0.0097165108,-0.0017401576,-0.0049808621
2020-02-13,INTC,0.021084428,0.0059553385,-0.0041086674
2020-02-13,MSFT,0.031834364,0.012760282,-0.0029865503
2020-02-13,NKE,0.026616216,0.027317166,-0.015003145
2020-02-13,VZ,-0.01308006,0.0087190866,-0.011832476
2020-02-13,WMT,-0.014388621,0.0063548088,-0.0033163428
2020-02-14,AAPL,-0.052619755,0.0067127943,-0.026621401
2020-02-14,AMGN,-0.0005403161,0.0097129345,0.0038217306
2020-02-14,CRM,-0.035872579,-0.0041368008,0.0083528757
2020-02-14,CSCO,0.011797905,0.0046181679,-0.0023706555
2020-02-14,IBM,0.014869213,0.030541658,-0.016286314
2020-02-14,INTC,-0.016319573,0.011410952,-0.0097556114
2020-02-14,MSFT,-0.0048779845,0.014625192,-0.00075721741
2020-02-14,NKE,0.00045371056,0.0073640347,0.018782735
2020-02-14,VZ,0.004576683,0.012379289,0.01996994
2020-02-14,WMT,-0.011096954,-0.0088256001,-0.012427747
2020-02-18,AAPL,0.013996601,0.014821649,-0.010775864
2020-02-18,AMGN,-0.015873253,0.010246873,-0.01305306
2020-02-18,CRM,0.014519453,0.023222685,-0.026772678
2020-02-18,CSCO,-0.014878571,0.012050271,-0.00099170208
2020-02-18,IBM,0.0040996075,0.0093946457,-0.0040817261
2020-02-18,INTC,0.022336602,0.0066286325,-0.0076104403
2020-02-18,MSFT,0.033297062,0.034517288,-0.027898371
2020-02-18,NKE,-0.03813982,0.014220715,0.0093445778
2020-02-18,VZ,-0.022463799,0.012888193,-0.007537663
2020-02-18,WMT,-0.0075351,0.0080689192,-0.020233393
2020-02-19,AAPL,0.0045101643,-0.0044036508,0.011841655
2020-02-19,AMGN,-0.036941648,0.012747169,-0.0023005605
2020-02-19,CRM,0.0045052767,-0.012982965,0.0017901659
2020-02-19,CSCO,-0.031856596,0.013161063,-0.011273146
2020-02-19,IBM,0.012024045,0.015922785,0.0028547049
2020-02-19,INTC,0.017643571,0.005700469,-0.013107121
2020-02-19,MSFT,-2.4735928e-05,0.018414736,-0.0039778352
2020-02-19,NKE,0.0033187866,0.015140176,0.0026726723
2020-02-19,VZ,-0.00039726496,0.013353705,0.010680199
2020-02-19,WMT,0.0073848963,0.011678576,-0.0095399022
2020-02-20,AAPL,0.002572298,-0.0020580888,0.011134505
2020-02-20,AMGN,-0.04344511,0.014227152,-0.00077295303
2020-02-20,CRM,-0.028914392,0.014653325,-0.023025334
2020-02-20,CSCO,0.0017243624,0.0073662996,-0.0084932446
2020-02-20,IBM,0.030644178,0.021264434,-0.0064330101
2020-02-20,INTC,0.037596822,0.0095192194,-0.005515635
2020-02-20,MSFT,0.021677017,0.01170063,-0.012538314
2020-02-20,NKE,-0.033706665,0.012120366,-0.011106372
2020-02-20,VZ,-0.011205137,0.0037134886,-0.014564157
2020-02-20,WMT,-0.015344143,0.0080827475,-0.018850029
2020-02-21,AAPL,-0.019278765,-0.013240755,0.0055236816
2020-02-21,AMGN,-0.022200406,0.0094476938,-0.010753691
2020-02-21,CRM,-0.016383588,0.025662303,-0.013655722
2020-02-21,CSCO,-0.015681207,0.023116946,-0.0025146604
2020-02-21,IBM,0.00011777878,0.01240623,0.007089138
2020-02-21,INTC,0.024616122,0.0088863373,-0.018137813
2020-02-21,MSFT,0.0056754351,-0.0013318658,-0.026657462
2020-02-21,NKE,-0.028914332,0.0065139532,-0.00038564205
2020-02-21,VZ,-0.017472982,-0.011152565,-0.0094011426
2020-02-21,WMT,-0.0092303753,0.017345428,-0.0070777535
2020-02-24,AAPL,0.023386955,0.016993761,-0.027202308
2020-02-24,AMGN,-0.022637308,0.02556181,-0.0093485117
2020-02-24,CRM,-0.041765928,0.008471489,-0.033003211
2020-02-24,CSCO,0.0058515072,0.0022765398,-0.019207895
2020-02-24,IBM,0.0070753098,-0.0116539,0.0083874464
2020-02-24,INTC,0.0027774572,0.013140202,-0.0055316687
2020-02-24,MSFT,-0.0016533732,0.0020624399,-0.015401721
2020-02-24,NKE,-0.0083857179,0.018068194,0.0035657883
2020-02-24,VZ,-0.040418088,0.015624046,0.0082066059
2020-02-24,WMT,-0.012340307,0.013192892,-0.011634529
2020-02-25,AAPL,9.727478e-05,0.019494653,-0.017931044
2020-02-25,AMGN,-0.0092191696,0.0094959736,-0.011061728
2020-02-25,CRM,-0.034647763,0.026359558,-0.025101721
2020-02-25,CSCO,-0.023914158,0.0015382767,-0.0038955808
2020-02-25,IBM,-0.017538071,-0.005053401,-0.0046494603
2020-02-25,INTC,0.0030052662,0.017127872,-0.021802545
2020-02-25,MSFT,0.024947524,0.033130288,-0.022028148
2020-02-25,NKE,0.012789249,-0.00181216,-0.012095034
2020-02-25,VZ,0.0077513456,0.028910279,-0.0021112561
2020-02-25,WMT,-0.021058738,-0.0060687065,0.0091897249
2020-02-26,AAPL,0.00087165833,-0.00093144178,-0.017375112
2020-02-26,AMGN,0.015629888,0.02670753,-0.020951509
2020-02-26,CRM,0.01191473,0.02582252,0.0063605309
2020-02-26,CSCO,-0.0039275885,0.015839815,-0.009965539
2020-02-26,IBM,0.0013741255,0.015019178,-0.00065875053
2020-02-26,INTC,-0.019997895,0.013108492,-0.016677678
2020-02-26,MSFT,0.007225275,0.013850808,-0.00026136637
2020-02-26,NKE,-0.030541658,-0.0029408932,-0.016796827
2020-02-26,VZ,-0.019405246,0.0061174631,-0.011183083
2020-02-26,WMT,0.0032533407,-0.0023017526,-0.01388061
2020-02-27,AAPL,-0.018269062,0.01012969,0.0084915161
2020-02-27,AMGN,-0.006079793,0.012538195,-0.00017309189
2020-02-27,CRM,-0.021828294,-0.0018470883,-0.024921477
2020-02-27,CSCO,0.0092839003,-0.0072157383,-0.014808893
2020-02-27,IBM,-0.0069523454,0.013153672,-0.019415796
2020-02-27,INTC,-0.010870755,-0.0040338039,-0.0085663795
2020-02-27,MSFT,-0.0097510219,0.010007858,-0.00054889917
2020-02-27,NKE,0.0087845325,0.022447228,0.0087952614
2020-02-27,VZ,0.0063257217,0.00079452991,-0.0048106909
2020-02-27,WMT,0.0049312115,0.002686739,-0.020505607
2020-02-28,AAPL,-0.0023139119,0.021615028,-0.013319254
2020-02-28,AMGN,0.033434868,0.0072486401,-0.018248618
2020-02-28,CRM,-0.0030298233,0.0028064251,-0.034410894
2020-02-28,CSCO,-0.023232996,0.0057717562,0.0021532774
2020-02-28,IBM,-0.0027887821,0.014600158,-0.016052067
2020-02-28,INTC,-0.015790105,0.015577078,-0.019101739
2020-02-28,MSFT,-0.043807149,-0.00073450804,-0.019335091
2020-02-28,NKE,-0.0064402819,0.012326002,-0.0067270398
2020-02-28,VZ,-0.017204523,0.0068237782,-0.013456523
2020-02-28,WMT,-0.023654759,0.0075384378,0.0038733482
2020-03-02,AAPL,0.024727464,0.013299108,-0.039229453
2020-03-02,AMGN,-0.0019943118,0.0024467707,-0.00031554699
2020-03-02,CRM,0.017531276,0.0055263042,-0.013586402
2020-03-02,CSCO,-0.041787922,-0.0051178336,-0.00080376863
2020-03-02,IBM,0.004784584,0.016142249,0.010149956
2020-03-02,INTC,0.0013538599,-0.0074802041,-0.0097074509
2020-03-02,MSFT,-0.011451006,0.015485406,-0.014306962
2020-03-02,NKE,0.052967191,0.0080884695,-0.0027043223
2020-03-02,VZ,0.00063586235,0.0043524504,-0.0023542643
2020-03-02,WMT,-0.00030308962,0.016486049,-0.0089882016
2020-03-03,AAPL,-0.022962272,0.0080066919,-0.025777578
2020-03-03,AMGN,0.0084673166,0.017237306,0.0042997599
2020-03-03,CRM,0.00073611736,-0.0074027777,-0.036006749
2020-03-03,CSCO,0.024267673,-0.012616217,-0.011541009
2020-03-03,IBM,0.0028556585,0.0066233873,-0.00048190355
2020-03-03,INTC,-0.028577209,0.01324451,-0.023537517
2020-03-03,MSFT,0.011490703,0.011603832,-0.015008032
2020-03-03,NKE,-0.013061702,-0.00094234943,-0.008374095
2020-03-03,VZ,-0.0061398745,0.015039682,-0.0090179443
2020-03-03,WMT,-0.023000479,0.011878252,-0.0080339313
2020-03-04,AAPL,-0.028805435,0.0076797009,-0.010872483
2020-03-04,AMGN,-0.0071317554,0.015458345,-0.0038315058
2020-03-04,CRM,-0.00027871132,0.045898557,-0.00562042
2020-03-04,CSCO,-0.00041598082,-0.0032882094,-0.018907845
2020-03-04,IBM,0.0046340227,0.012935281,-0.011919081
2020-03-04,INTC,0.014082313,0.0022302866,-0.0071647167
2020-03-04,MSFT,0.023586154,0.012366533,-0.010687292
2020-03-04,NKE,0.0039843321,0.0070147514,-0.022387326
2020-03-04,VZ,-0.022827327,0.0043953657,-0.010022879
2020-03-04,WMT,0.0030850172,-0.0018888116,0.014919043
2020-03-05,AAPL,-0.021427691,-0.019333601,-0.0054367185
2020-03-05,AMGN,-0.021329939,-0.0036668777,-0.013802409
2020-03-05,CRM,0.021265268,0.044393659,-0.035102963
2020-03-05,CSCO,-0.028067648,-0.0010616183,-0.010044873
2020-03-05,IBM,0.0082887411,0.00096428394,-0.0038731098
2020-03-05,INTC,-0.018088639,-0.018048108,-0.0064808726
2020-03-05,MSFT,0.0057909489,0.009024024,-0.0008456111
2020-03-05,NKE,0.00062441826,0.010071993,-0.018375576
2020-03-05,VZ,-0.0085119605,0.018789768,-0.016241133
2020-03-05,WMT,-0.007748723,0.014534593,-0.011565804
2020-03-06,AAPL,-0.028186619,0.010867238,-0.020174861
2020-03-06,AMGN,0.0018684864,0.020230532,-0.021963775
2020-03-06,CRM,0.0014050007,0.045080423,-0.019349694
2020-03-06,CSCO,-0.023828566,0.031221747,-0.0090790391
2020-03-06,IBM,-0.0065456033,0.016527176,-0.014241815
2020-03-06,INTC,0.024182796,0.032480121,0.002596736
2020-03-06,MSFT,0.018433452,0.0058683157,-0.0015649199
2020-03-06,NKE,0.024013638,0.0071749687,-0.012128592
2020-03-06,VZ,-0.013951302,0.0075839758,-0.021038532
2020-03-06,WMT,0.0030568838,0.0064023733,-0.0038994551
2020-03-09,AAPL,-0.0083460212,-0.0057691932,-0.022122383
2020-03-09,AMGN,-0.0066543221,0.02987659,-0.010805011
2020-03-09,CRM,0.016470551,0.019093037,-0.022656143
2020-03-09,CSCO,0.018167734,0.011084557,-0.0095214844
2020-03-09,IBM,0.014062643,0.011836767,0.00064098835
2020-03-09,INTC,-0.0092005134,0.011527181,-0.02397728
2020-03-09,MSFT,0.0093282461,0.023589373,-0.010522425
2020-03-09,NKE,0.013187051,0.00013327599,-0.013693392
2020-03-09,VZ,-0.0027502775,-0.0025631785,-0.011498511
2020-03-09,WMT,-0.013755262,0.019749522,0.0020893812
2020-03-10,AAPL,0.01386869,0.0038121939,-0.0045816302
2020-03-10,AMGN,-0.014941454,0.009406209,0.0071758032
2020-03-10,CRM,0.025024295,0.03281498,0.0022140741
2020-03-10,CSCO,0.00059878826,0.017454028,-0.029667318
2020-03-10,IBM,-0.025837123,0.005091548,-0.019738734
2020-03-10,INTC,0.021721125,0.0016782284,0.0031926632
2020-03-10,MSFT,0.015486717,0.00740695,-0.0030146241
2020-03-10,NKE,-0.024257541,0.01674509,-0.016664028
2020-03-10,VZ,0.0025157928,0.023961902,-1.4305115e-06
2020-03-10,WMT,-0.012550533,0.014371395,0.003159523
2020-03-11,AAPL,0.00078570843,0.012799621,-0.0042542219
2020-03-11,AMGN,-0.017880023,0.032144904,-0.021689415
2020-03-11,CRM,0.010114789,0.013420224,-0.0042452216
2020-03-11,CSCO,-0.0073953867,0.014548302,-0.018452406
2020-03-11,IBM,-0.010667086,0.022295356,0.0051081181
2020-03-11,INTC,0.023663402,0.0060175657,-0.00046646595
2020-03-11,MSFT,0.010913134,0.0031116009,-0.011473954
2020-03-11,NKE,-0.012064457,0.0014781952,-0.031913698
2020-03-11,VZ,0.0039386749,0.010681033,-0.014096379
2020-03-11,WMT,-0.0030553937,0.0056296587,-0.011784494
2020-03-12,AAPL,0.010015488,0.021404505,-0.028137803
2020-03-12,AMGN,0.010778308,0.012949944,-0.020154178
2020-03-12,CRM,-0.00025343895,-0.0035797954,-0.035116911
2020-03-12,CSCO,0.013316393,0.013437867,0.0027614832
2020-03-12,IBM,-0.0013542771,0.014180899,-0.0088927746
2020-03-12,INTC,-0.018548906,0.007904768,-0.019820035
2020-03-12,MSFT,0.031177878,0.00076043606,0.0038710833
2020-03-12,NKE,-0.016988933,0.012982488,-0.0083479285
2020-03-12,VZ,0.0027151108,0.010276318,-0.013927102
2020-03-12,WMT,-0.018371642,0.011248231,-0.0027159452
2020-03-13,AAPL,-0.023989677,0.018972874,-0.024812877
2020-03-13,AMGN,-0.00030505657,0.023885965,-0.006485641
2020-03-13,CRM,-0.017651558,-0.021072149,0.014957428
2020-03-13,CSCO,-0.038763225,0.010029197,-0.0079158545
2020-03-13,IBM,0.017156124,0.011322379,-0.0014802217
2020-03-13,INTC,-0.016385615,0.0046653748,-0.031508207
2020-03-13,MSFT,0.011395216,0.00040984154,-0.019671738
2020-03-13,NKE,0.011368394,0.00028061867,0.0031756163
2020-03-13,VZ,-0.014830291,-0.0017527938,0.00096023083
2020-03-13,WMT,-0.0085673332,0.00013279915,-0.025194526
2020-03-16,AAPL,0.016644239,0.022147536,-0.029216826
2020-03-16,AMGN,0.0027008057,0.033383369,-0.0046462417
2020-03-16,CRM,-0.017885625,0.017780185,-0.014379501
2020-03-16,CSCO,0.0033810139,0.0011742115,-0.019007862
2020-03-16,IBM,-0.0043837428,0.0024425983,-0.025681853
2020-03-16,INTC,-0.012081921,-0.0026345253,-0.0033267736
2020-03-16,MSFT,-0.013980091,0.011208177,-0.0068212748
2020-03-16,NKE,-0.012597084,0.021157503,0.00045681
2020-03-16,VZ,0.012892485,0.0086344481,-0.010592222
2020-03-16,WMT,-0.018627346,-0.00097054243,0.0059946775
2020-03-17,AAPL,-0.019130409,-0.0062373877,-0.0068543553
2020-03-17,AMGN,0.011361837,0.021456599,-0.019737661
2020-03-17,CRM,0.0051125288,-0.0085879564,-0.013800442
2020-03-17,CSCO,-0.00054442883,0.021147966,-0.02162528
2020-03-17,IBM,0.0059441328,0.018628001,-0.010620177
2020-03-17,INTC,0.014215112,0.012799263,-0.007414937
2020-03-17,MSFT,0.019049525,0.0045827627,-0.010679543
2020-03-17,NKE,-0.022436678,0.011734605,-0.019826412
2020-03-17,VZ,-0.0015733838,0.0060045719,-4.3809414e-05
2020-03-17,WMT,-0.013544023,0.017771363,-0.0010325313
2020-03-18,AAPL,-0.02844131,0.012826085,-0.0089915395
2020-03-18,AMGN,0.0014904737,0.021254539,-0.013546765
2020-03-18,CRM,-0.01416719,0.0060404539,-0.035105526
2020-03-18,CSCO,0.018254161,0.0023471117,-0.0034967065
2020-03-18,IBM,-0.011570215,0.0086117983,-6.377697e-06
2020-03-18,INTC,-0.030263364,0.0018376112,-0.013566375
2020-03-18,MSFT,-0.0014411807,0.026186109,-0.015973628
2020-03-18,NKE,-0.0052050948,0.0025981665,-0.03048265
2020-03-18,VZ,-0.0047468543,0.015681505,0.0001333952
2020-03-18,WMT,-0.013595343,0.0084886551,-0.0063692331
2020-03-19,AAPL,-0.017486155,0.023492813,-0.011802256
2020-03-19,AMGN,0.0060178041,-0.004917562,-0.011798561
2020-03-19,CRM,0.030698299,0.021274567,-0.028973043
2020-03-19,CSCO,0.0049613714,0.0077126026,-0.011669695
2020-03-19,IBM,-0.0015374422,0.0081785917,0.0091342926
2020-03-19,INTC,-0.0130409,0.011512637,-0.011778176
2020-03-19,MSFT,0.0049587488,0.0036206245,-0.0093412995
2020-03-19,NKE,-0.006333828,0.016055346,-0.018993258
2020-03-19,VZ,-0.0014340878,0.020357609,-0.014439762
2020-03-19,WMT,-0.0072726607,-0.0011559725,-0.0083068013
2020-03-20,AAPL,-0.018437922,-0.0085173249,-0.031662524
2020-03-20,AMGN,-0.015539765,0.029154301,-0.011184454
2020-03-20,CRM,-0.028184414,0.031631708,0.018826365
2020-03-20,CSCO,0.01274693,0.012630582,-0.023056388
2020-03-20,IBM,0.0080089569,0.0071605444,-0.0038881898
2020-03-20,INTC,0.046041965,-0.0027077794,-0.0021768808
2020-03-20,MSFT,-0.014281571,0.024451852,-0.008566618
2020-03-20,NKE,-0.020164728,0.0013264418,-0.013345838
2020-03-20,VZ,-0.011379719,0.0048356056,-0.0023738146
2020-03-20,WMT,0.0011920929,-0.0047026277,-0.0087273717
2020-03-23,AAPL,0.016770244,0.019448996,-0.0063770413
2020-03-23,AMGN,0.015515804,0.032042623,0.0017727613
2020-03-23,CRM,0.0090956688,2.3126602e-05,-0.016570747
2020-03-23,CSCO,0.011129022,0.017239213,-0.01666981
2020-03-23,IBM,-0.01947099,0.0074721575,-0.021448195
2020-03-23,INTC,-0.0019943714,0.0081468821,0.0019321442
2020-03-23,MSFT,-0.0024794936,0.022954226,-0.0017935634
2020-03-23,NKE,-0.02467227,-0.012285113,-0.026777327
2020-03-23,VZ,0.0098664761,0.010165572,-0.014898717
2020-03-23,WMT,0.0019322634,0.017193556,-0.012452185
2020-03-24,AAPL,-0.017405927,0.012158275,-0.012321532
2020-03-24,AMGN,0.033684492,0.023064733,-0.01905638
2020-03-24,CRM,0.034519792,-0.007874012,-0.037150204
2020-03-24,CSCO,-0.01062268,0.008015871,-0.019008994
2020-03-24,IBM,0.009483099,0.013785601,-0.015709102
2020-03-24,INTC,-0.027606487,0.016089678,-0.010198414
2020-03-24,MSFT,-0.01644063,0.0015354156,-0.017789304
2020-03-24,NKE,-0.010145843,0.0098038912,0.0021988153
2020-03-24,VZ,-0.0085498095,0.0080500841,-0.019021451
2020-03-24,WMT,0.014821291,-0.0099464059,-0.01133877
2020-03-25,AAPL,0.0008803606,0.0089359283,-0.02017498
2020-03-25,AMGN,-0.00082200766,0.0080010891,-0.011585534
2020-03-25,CRM,-0.00042074919,-0.010131001,-0.026361525
2020-03-25,CSCO,-0.043495893,-0.0075859427,-0.013111711
2020-03-25,IBM,0.0025452375,0.014459252,0.00027251244
2020-03-25,INTC,-0.010311663,0.012899518,-0.02809906
2020-03-25,MSFT,-0.020089686,0.00061893463,-0.01107806
2020-03-25,NKE,0.0041341782,0.031422377,0.0015777349
2020-03-25,VZ,-0.022588015,0.00031006336,-0.0096668005
2020-03-25,WMT,6.8545341e-05,0.0081087351,-0.00039428473
2020-03-26,AAPL,-0.032661021,0.0012443066,0.012917638
2020-03-26,AMGN,0.012901068,0.0036991835,-0.0013266206
2020-03-26,CRM,0.0057947636,0.010817289,-0.037900448
2020-03-26,CSCO,-0.015218794,-0.012956798,-0.0045750737
2020-03-26,IBM,-0.0036109686,0.019219756,0.0027772188
2020-03-26,INTC,-0.01483798,0.0060738325,-0.0098618865
2020-03-26,MSFT,-0.0073854923,0.018472314,-0.023533702
2020-03-26,NKE,-0.011191428,0.0032293797,-0.022131622
2020-03-26,VZ,0.010652184,0.0032168627,-0.016707122
2020-03-26,WMT,-0.0091087222,0.01794064,0.0065401793
2020-03-27,AAPL,0.003333807,0.012485266,-0.013247192
2020-03-27,AMGN,-0.035802066,0.022860527,-0.0067285299
2020-03-27,CRM,0.04642415,0.010295749,0.00043332577
2020-03-27,CSCO,-0.022542477,0.016349792,-0.0225842
2020-03-27,IBM,0.019502997,0.0022981167,-0.01561296
2020-03-27,INTC,0.02648747,-0.0036286712,0.0077091455
2020-03-27,MSFT,0.0085859299,0.0082038641,0.00061333179
2020-03-27,NKE,-0.016234398,0.0092920065,-0.016067386
2020-03-27,VZ,-0.0072813034,0.0050314665,-0.023291767
2020-03-27,WMT,-0.0030459166,0.019932747,-0.0025305152
2020-03-30,AAPL,0.013765931,0.0055398941,-0.021661758
2020-03-30,AMGN,0.0047639608,0.01858449,-0.010793507
2020-03-30,CRM,-0.0094531178,0.017040491,-0.027235091
2020-03-30,CSCO,0.0072729588,0.0066652298,-0.018010676
2020-03-30,IBM,-0.003098309,0.011152506,0.0074135065
2020-03-30,INTC,-0.0049245954,-0.00067567825,-0.0088230968
2020-03-30,MSFT,-0.019105077,0.005767107,-0.0072786808
2020-03-30,NKE,-0.023807883,0.0097031593,-0.018001437
2020-03-30,VZ,-0.014487088,0.01125145,-0.0058140159
2020-03-30,WMT,0.014861703,0.013687849,0.0076042414
2020-03-31,AAPL,-0.040246904,0.0023542643,-0.019889534
2020-03-31,AMGN,0.034633398,0.021451831,-0.027494669
2020-03-31,CRM,-0.03820169,0.027870178,-0.0052538514
2020-03-31,CSCO,-0.016036093,0.0069805384,-0.03248179
2020-03-31,IBM,-0.032351851,-0.004196763,-0.0083546638
2020-03-31,INTC,0.0013611317,2.9563904e-05,-0.018872261
2020-03-31,MSFT,0.030993819,-0.0091708899,-0.0025697947
2020-03-31,NKE,0.015077114,0.02472508,-0.015873075
2020-03-31,VZ,-0.01096952,0.029244661,0.0010929108
2020-03-31,WMT,0.0019340515,0.010648966,-0.0076261163
2020-04-01,AAPL,-0.0077702403,0.0054688454,-0.0034352541
2020-04-01,AMGN,0.014550447,0.022936106,-0.011392891
2020-04-01,CRM,-0.049615383,0.02675736,-0.003864944
2020-04-01,CSCO,0.046711802,0.0056838989,-0.015134811
2020-04-01,IBM,-0.0036081672,0.014174461,0.0076479912
2020-04-01,INTC,0.0084266663,0.02190423,-0.021611691
2020-04-01,MSFT,-0.020222366,0.023702383,-0.0047815442
2020-04-01,NKE,-0.026695669,0.026835442,-0.0065028071
2020-04-01,VZ,-0.0074748397,0.007948041,-0.024656296
2020-04-01,WMT,-0.0048159361,0.011227608,-0.0091933608
2020-04-02,AAPL,0.014497876,0.0009046793,-0.016584098
2020-04-02,AMGN,0.00037300587,0.0030164719,-0.022854686
2020-04-02,CRM,-0.002376318,0.031589508,-0.02778542
2020-04-02,CSCO,0.00033283234,0.021585941,-0.005898118
2020-04-02,IBM,0.0027703047,0.0059504509,0.0096124411
2020-04-02,INTC,-0.023532033,-0.0023134351,-0.023677289
2020-04-02,MSFT,-0.022857785,0.01706624,-0.0097947717
2020-04-02,NKE,-0.013928413,0.0030610561,-0.012292087
2020-04-02,VZ,-0.0072265267,0.01785624,-0.019071102
2020-04-02,WMT,0.018128157,0.0070599318,-0.013095975
2020-04-03,AAPL,0.02633667,0.01384902,-0.029148161
2020-04-03,AMGN,0.0079091787,0.018028736,-0.012802124
2020-04-03,CRM,-0.019429624,0.038289428,-0.044430137
2020-04-03,CSCO,-0.043751359,0.025322318,-0.026928961
2020-04-03,IBM,-0.0020884871,0.0048149824,-0.0060271621
2020-04-03,INTC,-0.014102221,0.0058566332,-0.019771516
2020-04-03,MSFT,-0.0090783834,0.017712951,-0.002999723
2020-04-03,NKE,0.0071437359,0.018586278,-0.033936143
2020-04-03,VZ,-0.011132658,0.013569832,-0.018576741
2020-04-03,WMT,-0.0067453384,0.0038586855,-0.01621753
2020-04-06,AAPL,-0.0051313043,0.024624944,-4.3511391e-05
2020-04-06,AMGN,0.0099624395,0.0035102367,-0.0077844858
2020-04-06,CRM,-0.006962657,0.034378648,0.018659949
2020-04-06,CSCO,-0.0067283511,0.022880197,-0.0034373403
2020-04-06,IBM,0.0089594126,0.0035283566,-0.0073907375
2020-04-06,INTC,-0.01873672,0.0093673468,-0.031662524
2020-04-06,MSFT,0.023345709,0.036187649,-0.028357923
2020-04-06,NKE,-0.012014687,0.032318711,-0.0082127452
2020-04-06,VZ,-0.011713684,0.021178246,-0.027149975
2020-04-06,WMT,-0.00094509125,0.016762733,0.0027800798
2020-04-07,AAPL,-0.029267192,0.03240943,-0.0048285723
2020-04-07,AMGN,-0.0017113686,0.012349725,-0.0027225614
2020-04-07,CRM,-0.0079395771,0.0082359314,-0.024070382
2020-04-07,CSCO,0.027800918,0.0027599335,-0.022246003
2020-04-07,IBM,0.0097330809,0.0093080997,-0.0057320595
2020-04-07,INTC,-0.0023369193,0.01422441,-0.0023716092
2020-04-07,MSFT,0.015565157,0.017983556,-0.0016661882
2020-04-07,NKE,-0.010081947,0.0010414124,-0.023689985
2020-04-07,VZ,-0.0053101778,0.02424264,-0.024631023
2020-04-07,WMT,-0.00077778101,0.012588501,-0.012295783
2020-04-08,AAPL,0.018979669,0.01458168,-0.014696538
2020-04-08,AMGN,-0.015217662,0.0027228594,0.0049180984
2020-04-08,CRM,0.01600194,0.0055857897,-0.027684867
2020-04-08,CSCO,0.045386076,0.0086464882,-0.0051640272
2020-04-08,IBM,-0.0065521598,0.015484929,-0.016717553
2020-04-08,INTC,0.019244432,0.021374941,-0.0098089576
2020-04-08,MSFT,-0.02976191,0.030151248,-0.0072391033
2020-04-08,NKE,0.018643975,0.017524838,-0.0012818575
2020-04-08,VZ,-0.033052146,0.025263667,-0.013721764
2020-04-08,WMT,0.01181066,0.014239311,-0.0079767704
2020-04-09,AAPL,-0.040267229,0.0015431643,-0.021175921
2020-04-09,AMGN,-0.017366588,0.0058778524,0.016547561
2020-04-09,CRM,0.011413693,-0.0021511316,-0.02078861
2020-04-09,CSCO,-0.0066472292,0.015966654,-0.0061429143
2020-04-09,IBM,0.0016120672,0.017432928,-0.016290009
2020-04-09,INTC,0.010614991,0.045549989,-0.026343882
2020-04-09,MSFT,-0.00400877,0.02887249,-0.0073345304
2020-04-09,NKE,0.0067471266,0.0078413486,-0.019737899
2020-04-09,VZ,0.010752439,0.005654335,-0.0072410703
2020-04-09,WMT,-0.002967298,0.01616776,-0.013759255
2020-04-13,AAPL,0.0075656176,0.0065442324,-0.031178057
2020-04-13,AMGN,0.010784388,0.013833642,-0.016924739
2020-04-13,CRM,0.018615007,0.021695495,-0.010155916
2020-04-13,CSCO,0.0060831308,0.016371727,-0.013699412
2020-04-13,IBM,-0.0088925362,0.020214319,-0.0053178668
2020-04-13,INTC,-0.030745149,0.0039297342,-0.0093631744
2020-04-13,MSFT,-0.017256856,0.023205996,-0.0096185207
2020-04-13,NKE,-0.025767386,0.0059555769,-0.02480036
2020-04-13,VZ,-0.020668209,0.021912694,-0.017945111
2020-04-13,WMT,-0.019352496,0.0043922663,-0.011012793
2020-04-14,AAPL,0.009616971,0.018825293,-0.025322497
2020-04-14,AMGN,-0.015591681,0.017509341,-0.021165133
2020-04-14,CRM,-0.044095039,-0.0033026934,-0.026633441
2020-04-14,CSCO,-0.01907295,-0.012280047,-0.019268453
2020-04-14,IBM,-0.015240371,0.011253119,-0.0091847181
2020-04-14,INTC,0.023074627,0.035696983,-0.0014010668
2020-04-14,MSFT,-0.01811403,0.016739488,-0.014687002
2020-04-14,NKE,-0.00088238716,0.0087947845,-0.0089865923
2020-04-14,VZ,-0.0079756379,0.0044397116,-0.020640612
2020-04-14,WMT,-0.0010191202,0.021741867,-2.1338463e-05
2020-04-15,AAPL,-0.0048226118,0.025231123,0.0083988905
2020-04-15,AMGN,-0.0092945099,0.02487433,-0.010275722
2020-04-15,CRM,-0.0017619133,0.00029146671,-0.012951374
2020-04-15,CSCO,0.010685325,0.013784766,-0.02310276
2020-04-15,IBM,-0.016241848,0.0049549341,8.3446503e-06
2020-04-15,INTC,0.017057776,5.9604645e-07,-0.011507094
2020-04-15,MSFT,0.0038855076,0.024749994,-0.00081729889
2020-04-15,NKE,0.010197043,0.00233078,-0.0024936795
2020-04-15,VZ,-0.01693058,0.017244577,0.012842894
2020-04-15,WMT,0.018632174,-0.0040327311,-0.010410488
2020-04-16,AAPL,0.03880775,-0.001693368,-0.0079177618
2020-04-16,AMGN,0.017151237,-0.003436923,-0.0072864294
2020-04-16,CRM,0.0069752932,-0.012634754,-0.0089429021
2020-04-16,CSCO,0.019945025,0.012313366,-0.01835072
2020-04-16,IBM,-0.004825592,0.014539599,-0.004596293
2020-04-16,INTC,0.0024187565,0.012650251,-0.0038836598
2020-04-16,MSFT,0.0043100119,0.022886395,-0.0033758283
2020-04-16,NKE,-0.034842789,0.010754704,-0.016480684
2020-04-16,VZ,-0.027206302,0.012511849,-0.0018104315
2020-04-16,WMT,0.00059485435,0.0074272156,-0.00082409382
2020-04-17,AAPL,-0.0028147697,0.0038304329,0.0034928322
2020-04-17,AMGN,-0.023932457,0.013539076,0.0067017078
2020-04-17,CRM,-0.010359645,0.0077257156,-0.040082514
2020-04-17,CSCO,-0.011566699,-0.0061649084,-0.021024466
2020-04-17,IBM,0.017773151,0.0028135777,-0.013001025
2020-04-17,INTC,-0.0081923604,0.014654636,-0.0017058253
2020-04-17,MSFT,0.028583527,0.00053167343,-0.013829172
2020-04-17,NKE,-0.022591233,0.015497804,-0.012539685
2020-04-17,VZ,-0.0092952847,0.016487956,-0.018987596
2020-04-17,WMT,0.020948648,0.025263786,-0.0071045756
2020-04-20,AAPL,-0.0029152632,0.016080976,-0.027945638
2020-04-20,AMGN,-0.014993966,0.017583847,-0.014156759
2020-04-20,CRM,-0.014829934,0.014842749,1.347065e-05
2020-04-20,CSCO,0.031861424,0.019312143,-0.011749089
2020-04-20,IBM,0.0010910034,0.012756109,-0.019772887
2020-04-20,INTC,0.012319207,0.020059228,-0.029775202
2020-04-20,MSFT,0.0024205446,0.011452317,-0.011031926
2020-04-20,NKE,0.0025968552,0.026508808,0.0077134371
2020-04-20,VZ,0.0022521019,0.0032609701,0.0091562271
2020-04-20,WMT,-0.011102021,0.0038807392,-0.005992651
2020-04-21,AAPL,0.0042589903,-0.0021494627,-0.011502862
2020-04-21,AMGN,0.016000271,0.03640008,-0.0049910545
2020-04-21,CRM,-0.023126841,0.040436149,-0.020326018
2020-04-21,CSCO,-0.0092803836,0.006724,-0.014551401
2020-04-21,IBM,0.001342535,0.019920468,-0.0101524
2020-04-21,INTC,-0.017170548,0.015539765,0.0051544905
2020-04-21,MSFT,-0.022239387,0.0037907362,-0.0086683631
2020-04-21,NKE,-0.016574144,0.030991077,-0.021502078
2020-04-21,VZ,-0.0064914823,0.015414596,-0.010866582
2020-04-21,WMT,0.023558974,0.0022947788,-0.0023989081
2020-04-22,AAPL,0.0069046021,-0.0020104051,-0.015367568
2020-04-22,AMGN,-0.0029218197,0.013685465,-0.011945784
2020-04-22,CRM,-0.03292042,0.027861357,-0.014030516
2020-04-22,CSCO,-0.045006216,0.010755658,-0.0093817711
2020-04-22,IBM,-0.0093417168,0.0061999559,-0.015332222
2020-04-22,INTC,0.017793298,0.023333907,-0.023043156
2020-04-22,MSFT,-0.022529423,0.0012860298,-0.011547804
2020-04-22,NKE,0.024428368,0.013399482,-0.021929562
2020-04-22,VZ,0.015649915,0.023637533,-0.018730104
2020-04-22,WMT,-0.01288414,0.0079268217,-0.0063508749
2020-04-23,AAPL,-0.00013947487,0.017562747,-0.0059512854
2020-04-23,AMGN,0.0055309534,-0.005151093,-0.0151335
2020-04-23,CRM,0.018916607,-0.0011948347,-0.035856903
2020-04-23,CSCO,-0.010176897,-0.00089514256,-0.024372697
2020-04-23,IBM,-0.0042006969,-0.001147747,-0.0047546625
2020-04-23,INTC,0.0080143213,0.0071690083,-0.012003601
2020-04-23,MSFT,0.015848756,0.018665075,-0.0041119456
2020-04-23,NKE,0.00031852722,0.019911289,-0.030285835
2020-04-23,VZ,-0.0040873289,-0.0050840974,0.00052380562
2020-04-23,WMT,0.0020521879,0.0085386038,-0.014743984
2020-04-24,AAPL,-0.028200984,0.038210511,-0.021384954
2020-04-24,AMGN,-0.023433268,0.01900959,-0.0099898577
2020-04-24,CRM,-0.045363605,-0.0022794604,-0.025892794
2020-04-24,CSCO,0.0061864853,0.0064405203,-0.012170374
2020-04-24,IBM,0.01596415,0.003744483,-0.01496619
2020-04-24,INTC,0.0012917519,0.024445176,-0.027796626
2020-04-24,MSFT,0.041897297,0.026284099,-0.013582468
2020-04-24,NKE,0.017854571,0.0090857744,-0.039701343
2020-04-24,VZ,-0.02016741,-0.00098222494,-0.03066808
2020-04-24,WMT,0.013031483,0.013910174,-0.023047388
2020-04-27,AAPL,0.052010894,0.025478125,-0.0080610514
2020-04-27,AMGN,-0.0054776669,0.0019181967,-0.028832674
2020-04-27,CRM,-0.023363292,0.033576846,-0.0086796284
2020-04-27,CSCO,0.012884974,0.00062024593,-0.0030234456
2020-04-27,IBM,-0.0088968277,0.015900254,-0.03632617
2020-04-27,INTC,-0.0087184906,0.024765968,-0.028866351
2020-04-27,MSFT,0.018133163,0.017587662,-0.003058672
2020-04-27,NKE,0.014380217,0.010665417,-0.013723314
2020-04-27,VZ,-0.0099960566,0.0060735941,-0.011858344
2020-04-27,WMT,0.016410232,0.0057685375,-0.019058406
2020-04-28,AAPL,-0.0076366663,0.00079488754,-0.012668967
2020-04-28,AMGN,0.016512632,0.010463476,-0.0085814595
2020-04-28,CRM,0.018413305,0.0011464357,-0.0044676065
2020-04-28,CSCO,0.017794609,0.0021966696,-0.0035416484
2020-04-28,IBM,0.026499391,0.0015913248,-0.0041370392
2020-04-28,INTC,-0.021315753,0.00053501129,-0.018536389
2020-04-28,MSFT,-0.0021478534,0.012251258,-0.014122367
2020-04-28,NKE,-0.021965981,0.023798466,0.0042222738
2020-04-28,VZ,-0.01436305,0.0099480152,-0.01131326
2020-04-28,WMT,-0.0077159405,0.0085002184,-0.01267904
2020-04-29,AAPL,-0.0039194226,0.015568018,-0.023305893
2020-04-29,AMGN,0.016824126,0.029624581,-0.016797185
2020-04-29,CRM,0.0028634071,0.031846166,-0.019866347
2020-04-29,CSCO,0.020202398,0.0022864342,-0.0051925182
2020-04-29,IBM,0.0054231882,0.004904151,-0.0062274337
2020-04-29,INTC,-0.029323757,0.019436121,-0.031548798
2020-04-29,MSFT,0.034319282,0.0017877817,-0.029280961
2020-04-29,NKE,-0.028341711,-0.012200236,-0.022483945
2020-04-29,VZ,-0.0049501061,0.014745712,-0.011425197
2020-04-29,WMT,-0.0095079541,0.015271902,-0.010447502
2020-04-30,AAPL,0.025594354,-0.0034394264,-0.033699751
2020-04-30,AMGN,-0.00056540966,0.023354292,-0.020905733
2020-04-30,CRM,0.0041843653,0.018917561,-0.042654753
2020-04-30,CSCO,-0.015814543,0.01636827,-0.01267159
2020-04-30,IBM,-0.020714343,0.005499959,-0.017017007
2020-04-30,INTC,-7.4803829e-05,0.013609052,-0.017792881
2020-04-30,MSFT,-0.010946274,0.0091509819,-0.01965034
2020-04-30,NKE,0.00043034554,0.019183755,-0.043860376
2020-04-30,VZ,0.0037754774,0.014386296,-0.012872219
2020-04-30,WMT,-0.0040354133,0.0085817575,-0.021503985
2020-05-01,AAPL,-0.02322197,0.021232128,-0.016087592
2020-05-01,AMGN,-0.0033705831,0.02109313,-0.0012849569
2020-05-01,CRM,0.018086195,0.024978995,-0.027330756
2020-05-01,CSCO,0.009503603,0.043419003,-0.0051694512
2020-05-01,IBM,-0.025076807,0.013545394,-0.012317181
2020-05-01,INTC,0.0026336908,0.026388168,-0.0017868876
2020-05-01,MSFT,-0.014559865,0.034355402,0.0056296587
2020-05-01,NKE,-0.013767958,0.011661053,-0.020233512
2020-05-01,VZ,-0.0086455345,-0.0015005469,-0.023399413
2020-05-01,WMT,0.0052512884,0.026924253,-0.0065152049
2020-05-04,AAPL,0.0083708763,0.016825318,-0.017593145
2020-05-04,AMGN,0.0024781227,0.0056554079,-0.020403206
2020-05-04,CRM,-0.0168733,0.020517945,-0.034148693
2020-05-04,CSCO,-0.00020724535,0.015998006,-0.010667682
2020-05-04,IBM,0.016990542,0.014985323,-0.035215676
2020-05-04,INTC,0.019891262,0.019672751,-0.035160422
2020-05-04,MSFT,0.0015695095,0.0091893673,-0.0099349022
2020-05-04,NKE,-0.019416809,0.010354161,-0.028149247
2020-05-04,VZ,0.010510683,0.012825489,-0.021503985
2020-05-04,WMT,0.011885285,0.012498736,-0.017513037
2020-05-05,AAPL,-0.0040537119,0.030720234,-0.033809006
2020-05-05,AMGN,-0.0034991503,0.0086634159,-0.016955137
2020-05-05,CRM,-0.0037505627,-0.0047671795,-0.027514696
2020-05-05,CSCO,-0.0056757331,0.012000084,-0.047056139
2020-05-05,IBM,-0.016041994,0.0022021532,-0.035559356
2020-05-05,INTC,-0.017441988,0.0043708086,-0.020554721
2020-05-05,MSFT,0.010849118,0.018528581,-0.019108534
2020-05-05,NKE,-0.0065555573,0.01292634,-0.0071233511
2020-05-05,VZ,-0.00035333633,0.014330983,-0.013898432
2020-05-05,WMT,-0.0095806122,0.034971356,-0.02576375
2020-05-06,AAPL,0.039908051,0.021669865,-0.035183668
2020-05-06,AMGN,0.0020252466,0.019051552,-0.024917841
2020-05-06,CRM,0.0096700191,0.014178395,-0.0007750988
2020-05-06,CSCO,0.021923423,0.01196003,-0.019126475
2020-05-06,IBM,0.0022813082,0.0050543547,-0.025492847
2020-05-06,INTC,-0.0029207468,0.025417686,-0.01312691
2020-05-06,MSFT,-0.030779243,0.033715606,-0.0075373054
2020-05-06,NKE,-0.012692511,0.020809174,-0.0059126019
2020-05-06,VZ,0.020910621,0.0012851954,0.0045026541
2020-05-06,WMT,-0.0031920671,0.0052671432,-0.023931265
2020-05-07,AAPL,0.021322966,0.0028350353,-0.025588572
2020-05-07,AMGN,-0.023867071,0.011499405,-0.020544171
2020-05-07,CRM,0.014960289,0.01672101,-0.039851487
2020-05-07,CSCO,-0.0051401854,-0.0044051409,-0.019317865
2020-05-07,IBM,-0.0047124624,0.0052646399,-0.031499624
2020-05-07,INTC,0.019762993,0.012283087,-0.007152319
2020-05-07,MSFT,0.0087026358,0.028253675,-0.0013277531
2020-05-07,NKE,-0.013665736,0.018475533,-0.0010487437
2020-05-07,VZ,-0.0049390793,0.0035067797,-0.02156812
2020-05-07,WMT,-0.0039252043,-0.0038328767,-0.019018054
2020-05-08,AAPL,0.0089524984,0.022480845,-0.024165213
2020-05-08,AMGN,0.013953328,0.0062683821,-0.024697304
2020-05-08,CRM,0.021896958,0.0096170902,0.0042234659
2020-05-08,CSCO,-0.015701473,0.022576809,-0.030634344
2020-05-08,IBM,0.00051963329,0.0085318089,-0.014795065
2020-05-08,INTC,-0.0014402866,0.0085066557,0.0032006502
2020-05-08,MSFT,-0.01216656,0.012019634,-0.0098906159
2020-05-08,NKE,0.0035421848,0.014662147,-0.0422135
2020-05-08,VZ,-0.019368589,0.022398472,-0.033632338
2020-05-08,WMT,0.0093971491,0.01109314,-0.007732749
2020-05-11,AAPL,0.012996078,-0.00023525953,-0.0488711
2020-05-11,AMGN,0.00061118603,0.011348248,-0.04375875
2020-05-11,CRM,-0.050058603,0.0053315163,-0.014747381
2020-05-11,CSCO,-0.0085286498,0.025279403,-0.0027258992
2020-05-11,IBM,0.0065151453,0.0067038536,-0.014432788
2020-05-11,INTC,-0.025286555,0.022109389,-0.017035127
2020-05-11,MSFT,0.0096071959,0.029032588,-0.0071596503
2020-05-11,NKE,-0.006347239,0.018185973,-0.00062841177
2020-05-11,VZ,0.015784025,0.021053791,-0.026870191
2020-05-11,WMT,-0.016097724,0.015118957,-0.0047895908
2020-05-12,AAPL,-0.0070871711,0.0093266964,-0.02886939
2020-05-12,AMGN,0.01066196,0.0016099215,-0.026906788
2020-05-12,CRM,-0.014893115,-0.0020669699,-0.0010946393
2020-05-12,CSCO,-0.0030844212,0.011631966,0.0029575825
2020-05-12,IBM,-0.018688023,0.024575472,-0.018428683
2020-05-12,INTC,-0.019584,0.015823603,-0.014934182
2020-05-12,MSFT,-0.042110682,0.011797428,-0.023258448
2020-05-12,NKE,0.01689291,0.023033142,-0.0121755
2020-05-12,VZ,0.0023013353,0.0053389072,-0.030192673
2020-05-12,WMT,0.0050292015,0.019986272,-0.019647837
2020-05-13,AAPL,-0.033467531,0.019999385,-0.029918492
2020-05-13,AMGN,0.012806535,0.013712764,0.00051212311
2020-05-13,CRM,0.033467174,0.024523497,-0.0089960098
2020-05-13,CSCO,-0.0038256049,0.016622901,-0.011086583
2020-05-13,IBM,-0.0067284107,0.011642694,-0.018546283
2020-05-13,INTC,0.0042059422,0.00081837177,-0.020819068
2020-05-13,MSFT,-0.0015775561,-0.01125133,-0.008611083
2020-05-13,NKE,-0.0023596883,0.0087804794,-0.029032052
2020-05-13,VZ,-0.0057284832,0.020674229,-0.0034675002
2020-05-13,WMT,-0.009477973,0.020467997,-0.0047949553
2020-05-14,AAPL,-0.034225523,0.0031197071,-0.02580297
2020-05-14,AMGN,-0.02123189,0.00065553188,-0.016539216
2020-05-14,CRM,-0.028080463,0.036490798,-0.042230725
2020-05-14,CSCO,-0.0037961602,0.011733294,-0.022849619
2020-05-14,IBM,-0.0047118664,-0.0081945062,-0.012402534
2020-05-14,INTC,0.01970613,0.014058352,-0.017557561
2020-05-14,MSFT,0.01328361,0.0043650866,-0.0045073032
2020-05-14,NKE,-0.0085003376,0.014926314,-0.022847116
2020-05-14,VZ,-0.010562956,0.0026801825,-0.018188357
2020-05-14,WMT,0.0046846867,0.012850046,-0.015203059
2020-05-15,AAPL,-0.022339523,0.016205668,-0.018168032
2020-05-15,AMGN,0.020589232,0.024282217,-0.021982849
2020-05-15,CRM,0.028862476,0.011165738,-0.026307642
2020-05-15,CSCO,-0.00099623203,0.027439952,-0.01509589
2020-05-15,IBM,-0.0033535361,0.006528616,-0.017610788
2020-05-15,INTC,-0.0094307065,0.02209866,-0.0066542625
2020-05-15,MSFT,-0.0032112598,0.019525886,-0.032424629
2020-05-15,NKE,-0.0026692152,0.028624773,-0.016217291
2020-05-15,VZ,-0.015366614,0.021577477,-0.0063038468
2020-05-15,WMT,-0.0098631978,0.010854483,0.0025490522
2020-05-18,AAPL,0.021247387,0.015013814,-0.039247751
2020-05-18,AMGN,0.045762062,0.023492932,-0.017570078
2020-05-18,CRM,-0.029599428,0.028015614,-0.00096404552
2020-05-18,CSCO,-0.017540574,-0.0041738153,-0.016650796
2020-05-18,IBM,-0.0032727718,0.0039684772,-0.0069509149
2020-05-18,INTC,-0.0074578524,0.019404411,-0.00042378902
2020-05-18,MSFT,-0.012296259,0.0075265169,-0.0056271553
2020-05-18,NKE,-0.0015542507,0.031605363,-0.022791266
2020-05-18,VZ,-0.010436237,0.0033398867,-0.013087809
2020-05-18,WMT,-0.020595133,0.019963622,-0.012182295
2020-05-19,AAPL,0.01371789,0.007860899,-0.009816587
2020-05-19,AMGN,0.0045523643,0.0094320774,-0.02178812
2020-05-19,CRM,0.041224957,0.017257929,-0.028538048
2020-05-19,CSCO,0.015995502,0.018622398,-0.0050806999
2020-05-19,IBM,-0.017607808,0.009200573,-0.020017505
2020-05-19,INTC,-0.023762465,0.0052676201,-0.016179621
2020-05-19,MSFT,-0.0067021251,0.015101194,-0.013778508
2020-05-19,NKE,0.00070261955,0.018579364,-0.014703333
2020-05-19,VZ,0.00098443031,0.019226432,-0.011712134
2020-05-19,WMT,-0.015139878,0.0042629242,0.0013297796
2020-05-20,AAPL,0.0053907633,0.026215076,-0.010295272
2020-05-20,AMGN,0.010191679,0.006485343,-0.020040214
2020-05-20,CRM,-0.021080375,0.022177219,-0.014288843
2020-05-20,CSCO,-0.020791233,0.011695623,-0.027942896
2020-05-20,IBM,-0.0032359362,0.028550029,-0.026718497
2020-05-20,INTC,0.0051242113,0.020623684,-0.02988261
2020-05-20,MSFT,0.0059390068,0.014942646,0.007338047
2020-05-20,NKE,-0.029587626,0.0041004419,-0.014701247
2020-05-20,VZ,0.019524813,0.0068130493,-0.0012231469
2020-05-20,WMT,-0.009300828,0.0080906153,-0.0035905242
2020-05-21,AAPL,0.0071082115,0.010859251,-0.031445026
2020-05-21,AMGN,-0.00062692165,0.0093461275,0.0047243834
2020-05-21,CRM,-0.01856786,0.034536958,-0.0088883638
2020-05-21,CSCO,0.012043357,0.011649132,-0.0088675618
2020-05-21,IBM,-0.0068630576,0.0083450079,-0.0086593032
2020-05-21,INTC,-0.007181704,0.01654613,-0.017324805
2020-05-21,MSFT,0.0043982267,0.0014487505,-0.012346566
2020-05-21,NKE,-0.038927436,0.005146265,-0.025740981
2020-05-21,VZ,-0.022539139,0.0056995153,-0.0046457052
2020-05-21,WMT,-0.017192721,0.017505169,-0.0030410886
2020-05-22,AAPL,0.0085206032,0.012211204,-0.040703714
2020-05-22,AMGN,-0.009137094,0.0073307753,-0.020278275
2020-05-22,CRM,-0.019821942,0.02818954,0.010175347
2020-05-22,CSCO,-0.0364272,0.013284922,-0.0084209442
2020-05-22,IBM,-0.019621193,0.014072895,-0.016209543
2020-05-22,INTC,-0.024966717,0.013908148,-0.019709051
2020-05-22,MSFT,-0.0030855536,0.016259551,-0.01373589
2020-05-22,NKE,-0.010311306,0.0092628002,-0.017410219
2020-05-22,VZ,-0.00028383732,0.021423221,-0.017091811
2020-05-22,WMT,-0.012184024,0.0059177876,-0.015756309
2020-05-26,AAPL,0.0020052195,0.012580514,-0.0003862381
2020-05-26,AMGN,0.016054273,0.0075032711,-0.014366508
2020-05-26,CRM,0.034782887,0.047635436,-0.019432843
2020-05-26,CSCO,0.035607457,0.0089184046,-0.018132389
2020-05-26,IBM,-0.028609633,-0.00076431036,-0.023121476
2020-05-26,INTC,0.025456905,0.0097556114,-0.0030064583
2020-05-26,MSFT,0.0054332018,0.011748433,-0.020563304
2020-05-26,NKE,-0.018138826,0.028971195,-0.022546291
2020-05-26,VZ,-0.026013315,0.015434265,-0.011525154
2020-05-26,WMT,-0.010608494,0.0068097115,-0.01461786
2020-05-27,AAPL,-0.023832858,0.034491062,-0.0011646152
2020-05-27,AMGN,0.016564727,0.00065207481,-0.014827609
2020-05-27,CRM,0.0015898943,0.03255105,-0.000459373
2020-05-27,CSCO,-0.0028407574,0.014292121,-0.019794464
2020-05-27,IBM,-0.0044806004,0.0096218586,-0.028334618
2020-05-27,INTC,0.021036267,0.0083913803,-0.0068137646
2020-05-27,MSFT,-0.0094548464,0.039167404,-0.030730724
2020-05-27,NKE,-0.018737912,0.011102319,-0.001707077
2020-05-27,VZ,0.0020465851,0.013918281,-0.017978728
2020-05-27,WMT,0.008436799,0.01941812,0.0059806108
2020-05-28,AAPL,0.0122298,0.014627814,-0.0033572316
2020-05-28,AMGN,0.01456058,0.026070356,-0.0088251829
2020-05-28,CRM,-0.032595396,0.02699554,-0.019485891
2020-05-28,CSCO,-0.027796626,0.0020991564,-0.016560137
2020-05-28,IBM,-0.0038782954,0.016059995,-0.029394329
2020-05-28,INTC,-0.001627326,0.015314937,-0.019086957
2020-05-28,MSFT,-0.015726566,0.0053677559,-0.0062971711
2020-05-28,NKE,-0.012975335,0.0018230677,0.01084888
2020-05-28,VZ,-0.010840952,0.018426657,-0.006244719
2020-05-28,WMT,0.018152356,0.013292789,-0.019414186
2020-05-29,AAPL,0.014438987,0.023311377,-0.018841147
2020-05-29,AMGN,-0.017886877,0.008618474,-0.016929805
2020-05-29,CRM,0.052792192,0.026157975,0.00063359737
2020-05-29,CSCO,-0.035144687,0.028640985,-0.0077405572
2020-05-29,IBM,-0.0025090575,0.0017944574,-0.013804555
2020-05-29,INTC,0.0042024851,0.019101143,-0.0093313456
2020-05-29,MSFT,0.042490244,0.0030373335,-0.0069634318
2020-05-29,NKE,-0.031117439,0.021191001,-0.01508373
2020-05-29,VZ,0.026895881,0.0050592422,-0.0024051666
2020-05-29,WMT,0.019074678,0.016105294,-0.013210714
2020-06-01,AAPL,0.0054409504,0.027361631,-0.046029747
2020-06-01,AMGN,-0.0087988377,0.02327311,-0.0026038289
2020-06-01,CRM,-0.0174945,0.029746175,-0.018463552
2020-06-01,CSCO,0.021428585,0.0015987158,0.0021346807
2020-06-01,IBM,0.0059016943,0.015565157,0.00072002411
2020-06-01,INTC,0.012318611,0.010757208,-0.031056702
2020-06-01,MSFT,-0.012807012,0.020543218,-0.004802525
2020-06-01,NKE,-0.0002451539,0.022218466,-0.0086280107
2020-06-01,VZ,0.0079779625,0.0096890926,-0.020165503
2020-06-01,WMT,-0.0071476698,0.0062170029,-0.017738163
2020-06-02,AAPL,0.010332227,0.035901546,-0.031569123
2020-06-02,AMGN,-0.0073227286,0.028646588,-0.010937214
2020-06-02,CRM,7.5101852e-05,0.03494215,-0.031173885
2020-06-02,CSCO,-0.040933549,0.027302861,-0.020736814
2020-06-02,IBM,-0.011302829,0.01198566,0.0060005188
2020-06-02,INTC,-0.0075966716,0.045329571,-0.026294291
2020-06-02,MSFT,-0.0022782683,0.0093129873,-0.0064889789
2020-06-02,NKE,-0.021802008,0.010823131,-0.0091477036
2020-06-02,VZ,-0.00061571598,0.011739135,0.0019944906
2020-06-02,WMT,7.5936317e-05,0.025551319,-0.0007185936
2020-06-03,AAPL,0.030277252,0.010644436,-0.0048931837
2020-06-03,AMGN,-0.011192739,-8.4638596e-05,-0.010412514
2020-06-03,CRM,-0.036665678,0.03217566,-0.0098221898
2020-06-03,CSCO,-0.001072526,0.018975258,-0.0056688786
2020-06-03,IBM,-0.010616064,0.0083405972,-0.009298265
2020-06-03,INTC,0.029370785,0.018367052,-0.0060352087
2020-06-03,MSFT,0.0064170361,0.015335917,-0.005453825
2020-06-03,NKE,-0.031427145,0.0039492846,-0.010432184
2020-06-03,VZ,0.0075737238,0.0010260344,0.0087090731
2020-06-03,WMT,0.0014176369,0.012538433,-0.020166814
2020-06-04,AAPL,0.0049527884,0.026363492,-0.01948005
2020-06-04,AMGN,0.0059171915,0.0047938824,-0.0047532916
2020-06-04,CRM,-0.016261637,0.011049628,-0.0093008876
2020-06-04,CSCO,0.0225811,0.010721207,0.011934638
2020-06-04,IBM,0.013945103,0.0043764114,-0.030057192
2020-06-04,INTC,0.0016047955,0.032072544,-0.020595551
2020-06-04,MSFT,-0.02826786,0.0065687895,-0.0093340278
2020-06-04,NKE,-0.018692851,0.0056173801,-0.011384904
2020-06-04,VZ,-0.028214037,0.0087507963,0.0038557053
2020-06-04,WMT,-0.00096577406,0.0065200329,-0.015914738
2020-06-05,AAPL,0.0016827583,0.0059251785,-0.021172166
2020-06-05,AMGN,-0.023788869,0.023122072,-0.025057018
2020-06-05,CRM,-0.016361475,0.033618212,-0.026999116
2020-06-05,CSCO,0.0053957701,0.0096672773,-0.032686651
2020-06-05,IBM,0.016785741,-0.0026566982,-0.012229443
2020-06-05,INTC,0.035175085,0.0053728819,-0.021543562
2020-06-05,MSFT,-0.026120067,0.0089793205,-0.032084107
2020-06-05,NKE,0.0067163706,-0.0071270466,0.016900659
2020-06-05,VZ,-0.022141457,0.018449783,-0.014218509
2020-06-05,WMT,0.0028146505,0.013119698,-0.0047774911
2020-06-08,AAPL,-0.023821712,0.0013493299,-0.0071550608
2020-06-08,AMGN,-0.029767275,0.0015066862,-0.017450809
2020-06-08,CRM,0.051298857,0.020116568,-0.013776362
2020-06-08,CSCO,0.0015665293,0.013620138,-0.015613377
2020-06-08,IBM,0.0069265366,-0.0036813617,-0.013139844
2020-06-08,INTC,-0.0065459013,-0.00060617924,-0.011194885
2020-06-08,MSFT,-0.011275053,0.021967649,-0.02507472
2020-06-08,NKE,-0.012538016,0.014902711,0.011992216
2020-06-08,VZ,-0.0011910796,0.0016406775,-0.018145978
2020-06-08,WMT,-0.0013751388,0.003198266,-0.0034012794
2020-06-09,AAPL,0.011907816,0.0021989346,-0.030540884
2020-06-09,AMGN,0.0072863102,0.015387893,-0.012411654
2020-06-09,CRM,0.059201241,0.017823219,-0.0063980818
2020-06-09,CSCO,-0.010142505,0.02330482,-0.013168454
2020-06-09,IBM,0.0015093088,0.006257534,-0.0074803233
2020-06-09,INTC,-0.03771311,0.008788228,-0.011835694
2020-06-09,MSFT,0.029928088,0.027330756,-0.005502522
2020-06-09,NKE,0.0075080395,0.022512078,-0.009457469
2020-06-09,VZ,-0.015310228,0.001294136,-0.010544956
2020-06-09,WMT,-0.035081267,0.012613058,-0.009082377
2020-06-10,AAPL,0.029157758,0.0098737478,-0.016381085
2020-06-10,AMGN,-0.0068685412,0.019364238,-0.018503129
2020-06-10,CRM,0.012599111,0.0032809973,-0.0056262016
2020-06-10,CSCO,0.013694286,-0.0069423914,-0.0059725642
2020-06-10,IBM,-0.015836656,0.017822027,-0.012425721
2020-06-10,INTC,-0.003412962,0.0042533875,-0.0012505054
2020-06-10,MSFT,-0.010266244,0.0032379627,-0.0066640973
2020-06-10,NKE,-0.012353778,0.014290094,-0.017338634
2020-06-10,VZ,-0.0077771544,0.014478922,-0.018814862
2020-06-10,WMT,-0.0021712184,0.011166692,-0.019627094
2020-06-11,AAPL,-0.011413455,0.037430763,-0.0031073689
2020-06-11,AMGN,-0.014624238,0.0063471794,-0.022298157
2020-06-11,CRM,0.0014166832,-0.00068175793,0.01707077
2020-06-11,CSCO,0.00098776817,0.023263097,-0.012002766
2020-06-11,IBM,0.0073752403,0.014613748,-0.017921865
2020-06-11,INTC,-0.020170152,0.02678442,-0.019912064
2020-06-11,MSFT,0.010910988,0.026503325,-0.019914627
2020-06-11,NKE,0.0087089539,-0.0050243735,-0.0076026917
2020-06-11,VZ,-0.0077704191,-0.003035903,-0.0064805746
2020-06-11,WMT,0.00040853024,0.017204762,-0.011801362
2020-06-12,AAPL,-0.0044661164,0.011312246,-0.016512036
2020-06-12,AMGN,0.024845123,0.012803674,-0.022430539
2020-06-12,CRM,-0.0025573969,0.017515659,-0.016512811
2020-06-12,CSCO,-0.013231575,-0.00040531158,-0.011475682
2020-06-12,IBM,0.0049849749,0.0017653704,-0.013727665
2020-06-12,INTC,-0.0086266994,-0.0020420551,-0.018160999
2020-06-12,MSFT,-0.0013911724,0.014068723,-0.006754458
2020-06-12,NKE,-0.023760378,-0.0016128421,-0.0071636438
2020-06-12,VZ,-0.013989925,-0.00090962648,-0.0011720657
2020-06-12,WMT,0.0055913925,0.014007568,-0.0092329979
2020-06-15,AAPL,-0.013721585,0.0046670437,-0.027682185
2020-06-15,AMGN,0.012328386,0.014474869,-0.01207602
2020-06-15,CRM,0.020236254,0.027115583,-0.030433655
2020-06-15,CSCO,-0.021303117,-0.01551348,-0.026802659
2020-06-15,IBM,-0.010036647,0.0038391352,-0.017745435
2020-06-15,INTC,0.004511714,0.018272161,-0.018381238
2020-06-15,MSFT,-0.0070131421,0.010395288,-0.01006335
2020-06-15,NKE,-0.024191439,0.0049613714,-0.023860216
2020-06-15,VZ,-0.0050858855,0.0059336424,-0.0047698617
2020-06-15,WMT,-0.0083430409,0.021562934,-0.011885226
2020-06-16,AAPL,-0.014607489,0.0049592257,-0.0051022172
2020-06-16,AMGN,-0.019006908,0.023486972,-0.020757139
2020-06-16,CRM,-0.030317485,0.026222587,-0.014492512
2020-06-16,CSCO,-0.012750924,0.026245952,-0.0051856637
2020-06-16,IBM,0.00041282177,0.013112903,0.0062018633
2020-06-16,INTC,-0.0023976564,0.010882616,-0.03573215
2020-06-16,MSFT,0.01310122,0.010257363,-0.025143862
2020-06-16,NKE,-0.014656842,0.0048904419,0.0063647032
2020-06-16,VZ,0.00011587143,0.011520505,-0.016915321
2020-06-16,WMT,-0.017907202,0.027418375,-0.016694009
2020-06-17,AAPL,-0.044496894,0.021744251,-0.0067651272
2020-06-17,AMGN,-0.004386127,0.011220813,-0.01678139
2020-06-17,CRM,-0.022077918,0.029631257,-0.010965228
2020-06-17,CSCO,0.002055645,-0.0082479715,-0.024122238
2020-06-17,IBM,-0.011002958,0.013784766,0.0076805353
2020-06-17,INTC,-0.00074750185,0.025102377,-0.008161664
2020-06-17,MSFT,0.01452589,0.011236191,-0.0066736937
2020-06-17,NKE,-0.0016052723,0.024940848,-0.016595006
2020-06-17,VZ,-0.0024052858,0.012752175,-0.0085915327
2020-06-17,WMT,0.0072658062,-0.0019508004,-0.009041965
2020-06-18,AAPL,-0.0043848157,0.0023818016,-0.020138979
2020-06-18,AMGN,-0.012835205,0.019314408,-0.019509852
2020-06-18,CRM,-0.018535316,0.009270072,-0.020602882
2020-06-18,CSCO,-0.022128522,-0.011080205,-0.02419883
2020-06-18,IBM,0.0079305172,0.021155596,-0.0061994195
2020-06-18,INTC,-0.030384481,-0.0061237216,-0.017021835
2020-06-18,MSFT,-0.0009804368,0.009122014,-0.016827881
2020-06-18,NKE,0.016170502,0.035282493,0.0072891712
2020-06-18,VZ,-0.001236558,-0.0047036409,-0.019955754
2020-06-18,WMT,0.010171533,0.010926962,-0.0070041418
2020-06-19,AAPL,-0.01843065,0.032329679,-0.044152021
2020-06-19,AMGN,-0.00082236528,0.026708722,-0.010008633
2020-06-19,CRM,-0.028980613,0.0025689602,-0.038695455
2020-06-19,CSCO,-0.015049398,0.013666391,-0.025807917
2020-06-19,IBM,-0.0087704062,0.0057207346,-0.0099440217
2020-06-19,INTC,-0.02085638,0.013514876,-0.020457983
2020-06-19,MSFT,-0.0079502463,0.016204476,-0.023077428
2020-06-19,NKE,-0.0026388764,0.014655232,0.001416564
2020-06-19,VZ,-0.01106894,0.015457511,-0.0146119
2020-06-19,WMT,-0.0040563345,0.002035141,-0.013125777
2020-06-22,AAPL,0.056636453,0.0060850382,-0.031955481
2020-06-22,AMGN,0.011918783,0.0096008778,-0.030155361
2020-06-22,CRM,0.02187252,-0.0087906718,0.0061200857
2020-06-22,CSCO,-0.036058009,0.0092779398,-0.024408817
2020-06-22,IBM,0.00385952,0.014293909,-0.022864521
2020-06-22,INTC,-0.0044251084,0.0045751333,-0.0073007345
2020-06-22,MSFT,-0.013290048,0.0087556839,-0.012198269
2020-06-22,NKE,-0.023808718,0.0071687698,-0.012345195
2020-06-22,VZ,0.0050436258,0.0089094639,-0.011640728
2020-06-22,WMT,-0.017955422,0.0081838369,0.0010225773
2020-06-23,AAPL,0.022636771,0.016470075,-0.018984556
2020-06-23,AMGN,-0.02619046,-0.0012882948,-0.024714947
2020-06-23,CRM,-0.029169023,0.045233846,-0.031621099
2020-06-23,CSCO,0.030744195,0.006896019,-0.022587717
2020-06-23,IBM,0.0013557673,0.0065397024,-0.017502666
2020-06-23,INTC,-0.013995409,0.017131329,-0.021041334
2020-06-23,MSFT,-0.024011016,0.009904027,-0.011028707
2020-06-23,NKE,-0.031678796,0.0062625408,-0.003954947
2020-06-23,VZ,-0.015855491,0.01292336,-0.0015234351
2020-06-23,WMT,0.0035539865,0.030587673,-0.0061922073
2020-06-24,AAPL,0.022108078,0.033335924,-0.033976495
2020-06-24,AMGN,-0.024355114,-0.0010926127,-0.022787094
2020-06-24,CRM,0.013313174,0.022873878,-0.025334954
2020-06-24,CSCO,-0.036459267,-0.0010074377,-0.031603873
2020-06-24,IBM,-0.0047789812,0.01198256,-0.012865782
2020-06-24,INTC,0.0091706514,-0.002291441,-0.043674886
2020-06-24,MSFT,0.020465493,0.021346688,-0.014613271
2020-06-24,NKE,-0.045341849,-0.0099229813,-0.012827814
2020-06-24,VZ,-0.0073518157,0.021057725,-0.023739576
2020-06-24,WMT,-0.0041844249,0.024106026,-0.021553636
2020-06-25,AAPL,-0.029825211,0.014232397,-0.015487432
2020-06-25,AMGN,-0.028762639,0.020550251,-0.017208338
2020-06-25,CRM,0.013692498,0.014915228,-0.015813529
2020-06-25,CSCO,0.023554206,0.022566438,-0.022512019
2020-06-25,IBM,-0.01304388,0.026174307,-0.014786482
2020-06-25,INTC,-0.034772336,0.014989734,-0.021979451
2020-06-25,MSFT,-0.0089345574,0.010409594,-0.012933314
2020-06-25,NKE,-0.040368855,0.00051367283,-0.015969694
2020-06-25,VZ,0.011676073,-0.0018038154,0.00027191639
2020-06-25,WMT,-0.0046367049,0.012566209,-0.010105968
2020-06-26,AAPL,-0.014427662,0.024318695,-0.036852002
2020-06-26,AMGN,-0.018258989,-0.0016937256,-0.022564888
2020-06-26,CRM,0.033127308,0.032277584,0.017350435
2020-06-26,CSCO,-0.019538224,-0.0087136626,-0.012558937
2020-06-26,IBM,-0.019126475,0.0062717199,-0.0053834319
2020-06-26,INTC,-0.012877584,-0.0040385127,0.0044863224
2020-06-26,MSFT,0.033496618,-0.0063272715,-0.020834208
2020-06-26,NKE,-0.024850786,0.013998747,-0.011557639
2020-06-26,VZ,-0.0095093846,0.021031976,0.0040102005
2020-06-26,WMT,0.0029968023,0.020442843,0.0074030161
2020-06-29,AAPL,-0.036580026,0.024913073,-0.04275924
2020-06-29,AMGN,-0.031851232,-0.00023323298,-0.01486063
2020-06-29,CRM,-0.045032799,0.016158819,-0.038528621
2020-06-29,CSCO,-0.013173461,0.017710567,-0.0032467842
2020-06-29,IBM,-0.030881882,0.028036118,-0.010528505
2020-06-29,INTC,0.034906387,0.0059547424,0.0040482283
2020-06-29,MSFT,-0.0091852546,0.023254871,-0.0091211796
2020-06-29,NKE,-0.016242325,0.012084246,-0.027224779
2020-06-29,VZ,0.02577126,0.0095955133,-0.015228331
2020-06-29,WMT,0.011964679,-0.0092414618,-0.011977971
2020-06-30,AAPL,0.023572445,0.0097634792,-0.02225703
2020-06-30,AMGN,0.0050458908,0.011023641,0.0026472807
2020-06-30,CRM,0.039408565,0.027472854,-0.028043151
2020-06-30,CSCO,-0.027249098,0.029164791,-0.026976228
2020-06-30,IBM,0.0099358559,0.014228106,-0.016785324
2020-06-30,INTC,-0.047784984,0.012028813,-0.0088483095
2020-06-30,MSFT,-0.0061399341,0.030556798,-0.021045446
2020-06-30,NKE,0.0090457201,0.020181537,-0.012668073
2020-06-30,VZ,0.01852715,-0.0063043237,-0.014899135
2020-06-30,WMT,-0.013096988,0.0037636757,-0.012121499
2020-07-01,AAPL,0.024370551,0.018972397,-0.0015807748
2020-07-01,AMGN,-0.022405684,0.017124414,-0.018734932
2020-07-01,CRM,-0.030165851,0.015443683,0.0020627975
2020-07-01,CSCO,0.011020422,0.017893434,-0.019343555
2020-07-01,IBM,0.011149645,0.023562431,-0.0113222
2020-07-01,INTC,0.0006455183,0.033115625,-0.027323544
2020-07-01,MSFT,0.011441469,0.016523719,-0.013165295
2020-07-01,NKE,0.0045045614,0.010077596,-0.013050675
2020-07-01,VZ,-0.0086585879,0.011733651,-0.022233665
2020-07-01,WMT,-0.0075347424,-0.0019889474,-0.0078960061
2020-07-02,AAPL,-0.0093756914,0.050660372,0.00091171265
2020-07-02,AMGN,-0.022549689,0.014354706,-0.025346756
2020-07-02,CRM,-0.021251261,-0.0034607053,-0.0047232509
2020-07-02,CSCO,-0.0004054904,0.010264039,-0.0094879866
2020-07-02,IBM,0.0061978102,0.011312366,-0.0094032884
2020-07-02,INTC,-0.0057860017,0.011180162,-0.019502223
2020-07-02,MSFT,-0.010048687,0.004191041,-0.010103643
2020-07-02,NKE,0.022615671,0.014971972,0.0073422194
2020-07-02,VZ,-0.01239568,-0.0072615147,-0.0030955672
2020-07-02,WMT,0.0085340738,0.014220953,-0.0094888806
2020-07-06,AAPL,0.010785341,0.01506269,0.00062012672
2020-07-06,AMGN,-0.00090920925,0.028808355,-0.016461551
2020-07-06,CRM,-0.037087202,0.01021719,-0.033488572
2020-07-06,CSCO,-0.0022124052,-0.016918659,-0.011568785
2020-07-06,IBM,0.0027935505,0.011323333,-0.01996994
2020-07-06,INTC,0.0093016624,0.013872862,-0.0092092752
2020-07-06,MSFT,-0.016221106,0.0060456991,-0.019029558
2020-07-06,NKE,-0.011826813,0.0022526979,-0.031597257
2020-07-06,VZ,-0.0062984228,0.024337769,-0.0062767267
2020-07-06,WMT,-0.016185641,0.009824276,-0.0011124611
2020-07-07,AAPL,-0.034887016,0.018698454,-0.027289152
2020-07-07,AMGN,0.013672113,-0.0096319318,-0.030526578
2020-07-07,CRM,-0.032267332,0.039973855,-0.0052995682
2020-07-07,CSCO,0.0041460991,0.0048424006,-0.015613794
2020-07-07,IBM,0.010432363,-0.0087836981,-0.011112332
2020-07-07,INTC,0.0046944618,0.035274148,-0.034995019
2020-07-07,MSFT,-0.0027078986,-0.0033107996,-0.0010465384
2020-07-07,NKE,0.0018725395,0.019226313,0.0015075207
2020-07-07,VZ,0.0038282871,-0.0042647123,-0.0073226094
2020-07-07,WMT,-0.0037487745,0.012239099,0.0030657053
2020-07-08,AAPL,0.011871219,0.016890526,-0.00093722343
2020-07-08,AMGN,-0.0016034245,0.023390412,-0.016356289
2020-07-08,CRM,-0.012910903,0.0037639141,0.00018727779
2020-07-08,CSCO,-0.059530795,-0.00039517879,-0.010340571
2020-07-08,IBM,-0.0064894557,-0.0064116716,-0.00023329258
2020-07-08,INTC,-0.0064527392,0.012363076,-0.010616481
2020-07-08,MSFT,-0.015362084,0.019792676,-0.022993267
2020-07-08,NKE,0.012670279,0.013012052,0.021845698
2020-07-08,VZ,-0.030922055,-0.0019665956,-0.0049261451
2020-07-08,WMT,-0.024731934,0.0065250397,-0.011009812
2020-07-09,AAPL,-0.01439172,0.022956729,-0.024811089
2020-07-09,AMGN,-0.029349148,0.013235688,-0.02482903
2020-07-09,CRM,-0.0085739493,0.017363071,0.0080235004
2020-07-09,CSCO,0.0068119764,-0.0069082975,-0.0056434274
2020-07-09,IBM,0.022260904,0.0073363781,-0.0023108721
2020-07-09,INTC,-0.019632518,0.013988256,-0.013290346
2020-07-09,MSFT,0.01231873,0.0048233271,-0.020422757
2020-07-09,NKE,0.011367679,0.0094754696,-0.024522007
2020-07-09,VZ,-0.030295491,0.008924365,-0.0012614727
2020-07-09,WMT,0.013902307,0.003218174,0.0071492195
2020-07-10,AAPL,-0.025283277,0.035672665,-0.023995101
2020-07-10,AMGN,0.0025683641,0.011264443,-0.023893952
2020-07-10,CRM,-0.0011681914,-0.016151011,-0.025360942
2020-07-10,CSCO,-0.018762052,0.023970246,-0.0028483868
2020-07-10,IBM,-0.003156364,-0.0069647431,0.0024316311
2020-07-10,INTC,0.039016128,-0.00060302019,-0.013561964
2020-07-10,MSFT,0.01824379,0.02611506,-0.019019604
2020-07-10,NKE,-0.0018411279,0.008182168,-0.0048545599
2020-07-10,VZ,0.005734086,0.01402545,0.0048935413
2020-07-10,WMT,0.0079430342,0.0082286596,-0.021566689
2020-07-13,AAPL,0.0095095634,0.010409832,-0.018340468
2020-07-13,AMGN,-0.0057889223,0.0012397766,-0.021677732
2020-07-13,CRM,-0.02546376,0.022229433,-9.1731548e-05
2020-07-13,CSCO,0.007134676,0.0024282932,-0.01377213
2020-07-13,IBM,-0.0031944513,0.012482047,-0.0059015155
2020-07-13,INTC,-0.0047178864,0.028232813,-0.024108887
2020-07-13,MSFT,-0.012972116,0.016101599,-0.018788457
2020-07-13,NKE,-0.023908079,-0.00079369545,0.0025751591
2020-07-13,VZ,-0.023686349,0.018181086,-0.014031947
2020-07-13,WMT,0.0015956163,0.023855448,-0.0028868318
2020-07-14,AAPL,0.015416265,0.003813982,-0.012174726
2020-07-14,AMGN,-0.03397572,0.021628022,-0.025984585
2020-07-14,CRM,-0.052734673,0.020435214,-0.015500784
2020-07-14,CSCO,-0.0074569583,0.002007246,-0.015090823
2020-07-14,IBM,-0.0027650595,0.0037927628,-0.014531672
2020-07-14,INTC,-0.001257658,0.0099110603,-0.040603638
2020-07-14,MSFT,-0.007534802,0.0073411465,-0.0058711171
2020-07-14,NKE,-0.0095151067,0.023331285,-0.021449268
2020-07-14,VZ,0.0075893402,0.017150879,-0.019925714
2020-07-14,WMT,-0.01777488,0.0071368217,-0.0022365451
2020-07-15,AAPL,-0.012310445,0.024149656,0.014573216
2020-07-15,AMGN,-0.02921629,0.015447974,-0.0145908
2020-07-15,CRM,-0.025952458,0.016159415,-0.0062138438
2020-07-15,CSCO,-0.0027493834,0.012938619,-0.0097436309
2020-07-15,IBM,0.0046133995,-0.0033606887,-0.00094920397
2020-07-15,INTC,0.01022923,0.0075489283,-0.0027951002
2020-07-15,MSFT,0.030467987,0.0049606562,-0.0067383647
2020-07-15,NKE,-0.0045552254,0.011082411,-0.031940162
2020-07-15,VZ,0.022189856,0.0070400238,0.0090769529
2020-07-15,WMT,-0.0064781904,0.0097892284,-0.0034953356
2020-07-16,AAPL,-0.02168715,0.0091501474,0.0024764538
2020-07-16,AMGN,-0.015444815,0.015423536,-0.012827575
2020-07-16,CRM,-0.056872368,0.0074880123,-0.028582096
2020-07-16,CSCO,0.046182156,0.014522433,-0.0049464703
2020-07-16,IBM,-0.016712844,-0.0034869909,-0.0046535134
2020-07-16,INTC,-0.0083111525,0.020850301,0.0013908148
2020-07-16,MSFT,0.025803089,-0.0014802814,-0.014585018
2020-07-16,NKE,0.02946198,0.014468312,-0.021734118
2020-07-16,VZ,-0.012423575,-0.0017798543,-0.007445097
2020-07-16,WMT,-0.012897432,-0.00064301491,-0.01572603
2020-07-17,AAPL,0.018216014,0.0082386732,-0.0085092783
2020-07-17,AMGN,-0.0024695396,0.012812972,0.0074733496
2020-07-17,CRM,0.019561648,0.022734046,-0.034875274
2020-07-17,CSCO,0.012525797,-0.0023378134,0.001003027
2020-07-17,IBM,-0.0063509345,0.018902421,-0.018131018
2020-07-17,INTC,-0.012643397,0.00058972836,0.0044096708
2020-07-17,MSFT,0.02099216,0.013540268,-0.020175695
2020-07-17,NKE,0.014474034,-0.0046768188,0.0037952662
2020-07-17,VZ,-0.0040670633,0.0090389252,-0.010559142
2020-07-17,WMT,0.0058588982,0.0088711977,0.0012582541
2020-07-20,AAPL,-0.020546377,0.021122813,-0.0082204938
2020-07-20,AMGN,0.021767259,0.0069122314,0.0012845993
2020-07-20,CRM,0.0084514618,-0.0015134215,-0.02662164
2020-07-20,CSCO,0.02103281,0.02718854,-0.016480923
2020-07-20,IBM,0.01359117,0.024261713,5.2928925e-05
2020-07-20,INTC,0.016980171,0.0056189299,-0.0044530034
2020-07-20,MSFT,-0.014969587,0.012548089,-0.016341746
2020-07-20,NKE,0.0060530901,0.024009824,-0.0075843334
2020-07-20,VZ,0.012386918,0.00099027157,-0.023074329
2020-07-20,WMT,-0.011329949,0.011888862,0.0029252768
2020-07-21,AAPL,-0.0015807152,0.0025472641,-0.025678456
2020-07-21,AMGN,-0.008310318,0.017863154,-0.0052506924
2020-07-21,CRM,-0.026576757,0.013277292,-0.011031628
2020-07-21,CSCO,-0.011788309,-0.0021420121,0.0046998262
2020-07-21,IBM,-0.021848679,0.0097020864,-0.0098116398
2020-07-21,INTC,-0.010750532,-0.0051782131,-0.025459528
2020-07-21,MSFT,0.013127923,0.0053780079,-0.0057583451
2020-07-21,NKE,0.010210037,-0.015392482,-0.018597186
2020-07-21,VZ,-0.0061584115,0.025424838,-0.0067663789
2020-07-21,WMT,0.0036871433,0.014301658,-0.0010082126
2020-07-22,AAPL,0.011916399,0.02722466,0.00352633
2020-07-22,AMGN,0.016630292,-0.00015437603,-0.015825212
2020-07-22,CRM,-0.049727738,0.028746605,0.01224649
2020-07-22,CSCO,-0.011724353,0.0020776987,-0.023735583
2020-07-22,IBM,-0.0079384446,0.01625967,-0.0057539344
2020-07-22,INTC,0.024583101,0.018364906,-0.018557847
2020-07-22,MSFT,-0.0036632419,0.0030229092,-0.011020601
2020-07-22,NKE,-0.028509378,0.0040683746,-0.0080959201
2020-07-22,VZ,-0.0015734434,0.016990662,-0.016018271
2020-07-22,WMT,-0.0030297041,0.0096596479,-0.0023674965
2020-07-23,AAPL,-0.0060151815,0.00087428093,-0.0074442625
2020-07-23,AMGN,-0.01256144,0.0081497431,-0.027308822
2020-07-23,CRM,0.0072907209,-0.019110799,-0.014088988
2020-07-23,CSCO,-0.039123178,-0.0072162151,-0.0075355172
2020-07-23,IBM,0.0089495182,0.0052710772,-0.0078616738
2020-07-23,INTC,0.0044529438,0.014210582,-0.018363416
2020-07-23,MSFT,-0.0012931824,-0.0030292869,-0.0097526908
2020-07-23,NKE,-0.019504249,0.018809676,-0.0085660219
2020-07-23,VZ,-0.023634553,-0.0097374916,0.00044715405
2020-07-23,WMT,0.02099967,0.0053594112,0.00089693069
2020-07-24,AAPL,0.00044167042,0.0057667494,-0.028683603
2020-07-24,AMGN,-0.0038293004,-0.0033345819,-0.0090037584
2020-07-24,CRM,0.0092116594,0.026104927,-0.046231985
2020-07-24,CSCO,-0.012446404,0.019921064,-0.022698343
2020-07-24,IBM,0.010747194,0.0037622452,0.0068958998
2020-07-24,INTC,0.02991426,0.001830101,-0.017942667
2020-07-24,MSFT,-0.0039497614,-0.0033455491,-0.017078042
2020-07-24,NKE,0.0094857216,0.015001655,-0.0010740757
2020-07-24,VZ,-0.0060015321,0.0017645359,0.00050508976
2020-07-24,WMT,-0.013327479,-0.0025795698,-0.016885281
2020-07-27,AAPL,-0.0061461329,-0.0049179792,-0.026578903
2020-07-27,AMGN,0.0074412823,0.013991237,-0.010754943
2020-07-27,CRM,0.0053317547,-0.0010888577,-0.018928587
2020-07-27,CSCO,-0.01903975,0.0048868656,-0.028974831
2020-07-27,IBM,-0.022140563,0.0073010921,-0.011766851
2020-07-27,INTC,0.00072836876,0.0025676489,-0.023052096
2020-07-27,MSFT,-0.0039342046,-0.0077424645,-0.01739341
2020-07-27,NKE,-0.0060886741,0.017089844,0.0046973228
2020-07-27,VZ,-0.0077801943,0.0072937012,0.0081341267
2020-07-27,WMT,0.0026669502,0.011132121,-7.0393085e-05
2020-07-28,AAPL,0.044315219,-0.0061360598,-0.032753229
2020-07-28,AMGN,0.038396239,0.0071237087,-0.012572765
2020-07-28,CRM,0.016481638,0.016869426,0.008983016
2020-07-28,CSCO,0.017197609,-0.0084650517,-0.0077861547
2020-07-28,IBM,0.0095709562,0.0055841208,0.002483964
2020-07-28,INTC,-0.0053070784,0.0084918737,-0.0072880387
2020-07-28,MSFT,-0.015653193,0.018717885,-0.034525156
2020-07-28,NKE,0.00024032593,0.0060477257,-0.04421854
2020-07-28,VZ,0.0039612055,0.018311381,0.0024579763
2020-07-28,WMT,-0.0098587871,0.021147132,0.013809204
2020-07-29,AAPL,0.015854001,0.0035209656,-0.016524434
2020-07-29,AMGN,0.010632634,0.011581898,-0.013113916
2020-07-29,CRM,0.015258312,0.020745039,-0.01475668
2020-07-29,CSCO,-0.024959445,0.0040736198,-0.019904792
2020-07-29,IBM,-0.020480096,0.011925101,-0.0011416078
2020-07-29,INTC,-0.0050741434,-0.0011920333,-0.015136063
2020-07-29,MSFT,-0.00048816204,0.013478756,-0.019162714
2020-07-29,NKE,-0.014357507,0.01532793,-0.017297983
2020-07-29,VZ,-0.011255562,0.0043159723,-0.010142863
2020-07-29,WMT,-0.0010811687,0.0033384562,-0.019947469
2020-07-30,AAPL,0.0074685812,0.0098829269,-0.03045702
2020-07-30,AMGN,-0.0059138536,0.01428628,-0.0093308091
2020-07-30,CRM,0.0031998158,0.029224277,-0.013501763
2020-07-30,CSCO,0.010481358,0.0086915493,-0.020066977
2020-07-30,IBM,0.0029143095,0.014513969,-0.0052146912
2020-07-30,INTC,0.015958905,-0.0096344352,-0.014230609
2020-07-30,MSFT,0.036325336,-0.0022929311,-0.012078524
2020-07-30,NKE,-0.024378359,-0.00010639429,-0.0095201135
2020-07-30,VZ,-0.030222952,0.00076651573,-0.0025129914
2020-07-30,WMT,-0.0038177967,0.020783305,-0.015732706
2020-07-31,AAPL,-0.028873801,0.005993247,0.0097211599
2020-07-31,AMGN,-0.022101641,0.026908636,-0.013300538
2020-07-31,CRM,0.0032839775,0.01983428,-0.0046302676
2020-07-31,CSCO,0.047108769,-0.007263422,-0.013295829
2020-07-31,IBM,0.020753264,0.019918203,-0.0099602342
2020-07-31,INTC,0.021460176,0.0041718483,-0.019684494
2020-07-31,MSFT,0.01398015,0.020581603,-0.0069125891
2020-07-31,NKE,-0.00030130148,0.027492404,0.00032889843
2020-07-31,VZ,0.0067975521,0.01130271,-0.033865035
2020-07-31,WMT,-0.010515153,0.011027694,-0.0096412897
2020-08-03,AAPL,0.0079526901,0.010097027,-0.013899267
2020-08-03,AMGN,0.0069549084,0.0092327595,-0.0019591451
2020-08-03,CRM,-0.027324021,0.015596032,-0.0065507889
2020-08-03,CSCO,-0.0023134351,0.00040698051,0.004062891
2020-08-03,IBM,0.0022022724,0.010061383,-0.012442768
2020-08-03,INTC,-0.01929599,0.010427237,-0.00097841024
2020-08-03,MSFT,-0.0046287179,0.013957858,-0.01493907
2020-08-03,NKE,-0.00086545944,0.0090517998,-0.026324987
2020-08-03,VZ,-0.022567272,0.012228847,-0.0037972927
2020-08-03,WMT,0.0091371536,0.017399669,-0.0096486211
2020-08-04,AAPL,0.021138668,0.008313179,-0.036513805
2020-08-04,AMGN,0.0027320385,0.0055935383,-0.03036356
2020-08-04,CRM,-0.0066385865,0.020973921,0.025471926
2020-08-04,CSCO,-0.027238607,0.021853924,-0.010668159
2020-08-04,IBM,0.0089976788,0.0012148619,-0.0050373077
2020-08-04,INTC,-0.022868633,0.0066567659,-0.0063266754
2020-08-04,MSFT,0.031327248,-0.0044980049,-0.017931819
2020-08-04,NKE,0.0048015118,0.0078526735,0.0037935972
2020-08-04,VZ,-0.0042889714,0.0098230839,-0.005539
2020-08-04,WMT,0.015781045,0.025904059,-0.014040351
2020-08-05,AAPL,-0.035364628,0.0052573681,-0.0070458651
2020-08-05,AMGN,-0.026937544,0.028555393,-0.0025673509
2020-08-05,CRM,0.0052374601,0.0059183836,-0.049850285
2020-08-05,CSCO,0.016576648,0.020515442,-0.019765675
2020-08-05,IBM,-0.028135359,0.010393739,-0.0058799386
2020-08-05,INTC,0.039363146,0.0057967901,-0.0097144842
2020-08-05,MSFT,0.00040984154,0.035058975,-0.021815002
2020-08-05,NKE,-0.0023310781,0.0098261833,-0.0067837238
2020-08-05,VZ,0.04149735,0.0065960884,-0.013422251
2020-08-05,WMT,-0.033432603,0.0097928047,-0.0089278817
2020-08-06,AAPL,0.014126778,-0.0081763864,-0.020125985
2020-08-06,AMGN,-0.022035003,-0.0032172799,-0.0011025667
2020-08-06,CRM,-0.011092186,-0.0080367923,-0.013400316
2020-08-06,CSCO,-0.010144651,0.014281392,-0.022343755
2020-08-06,IBM,-0.0050392151,0.0097711086,0.0011328459
2020-08-06,INTC,0.013406873,0.016978145,-0.01509589
2020-08-06,MSFT,0.022828579,0.011215925,-0.016911864
2020-08-06,NKE,-0.015190303,0.015179753,0.0019551516
2020-08-06,VZ,-0.0051352978,-0.0079473257,0.0027449131
2020-08-06,WMT,0.0033576488,0.008769393,-0.016052663
2020-08-07,AAPL,0.0060094595,0.012597084,-0.019634724
2020-08-07,AMGN,0.0041521788,0.011563897,-0.025774598
2020-08-07,CRM,-0.035623372,-0.0082390308,-0.031772554
2020-08-07,CSCO,-0.013073385,0.015978575,-0.0077450871
2020-08-07,IBM,0.018276334,0.0035687685,7.1644783e-05
2020-08-07,INTC,-0.0035144091,-0.016445875,0.01342833
2020-08-07,MSFT,-0.0089404583,0.022479773,0.014841795
2020-08-07,NKE,0.010145783,0.0074908733,-0.009216547
2020-08-07,VZ,0.010193586,-0.010914862,-0.00064712763
2020-08-07,WMT,-0.0032604337,0.013698936,-0.0050472617
2020-08-10,AAPL,0.0045678616,0.0016232729,-0.013792813
2020-08-10,AMGN,0.014425397,0.017503262,-0.008182466
2020-08-10,CRM,-0.027115226,0.0375669,-0.020505607
2020-08-10,CSCO,-0.021121085,0.00046944618,-0.0052304268
2020-08-10,IBM,-0.0083916783,-0.010887384,-0.0047453046
2020-08-10,INTC,-0.017365873,0.0011280775,-0.022352993
2020-08-10,MSFT,0.0095416307,0.00055587292,-0.002466321
2020-08-10,NKE,-0.0036260486,0.018544436,-0.0064827204
2020-08-10,VZ,-0.0089973807,0.016685367,-0.010864198
2020-08-10,WMT,-0.026992321,0.0078005791,-0.016028583
2020-08-11,AAPL,0.029263139,0.0094225407,-0.012917697
2020-08-11,AMGN,0.020320892,0.0119102,-0.021845937
2020-08-11,CRM,0.01855123,0.006682992,0.0056704283
2020-08-11,CSCO,0.01016891,0.0075836182,-0.0076985359
2020-08-11,IBM,-0.0036420822,0.010238409,-0.0075550079
2020-08-11,INTC,-0.033712506,0.012397647,-0.0095140934
2020-08-11,MSFT,0.005954504,0.0014628172,-0.019800842
2020-08-11,NKE,-0.0087894797,0.015559554,-0.013375163
2020-08-11,VZ,-0.0039494038,-0.0035507679,0.0050107241
2020-08-11,WMT,-0.0021034479,0.010820627,-0.006039381
2020-08-12,AAPL,-0.014061213,0.0059038401,-0.0032350421
2020-08-12,AMGN,-0.0047598481,0.018439412,-0.0071501136
2020-08-12,CRM,-0.029655099,0.015458465,0.010388732
2020-08-12,CSCO,0.038935661,0.026711464,-0.014591277
2020-08-12,IBM,-0.007729888,0.012833238,-0.021258712
2020-08-12,INTC,-0.012727141,-0.0038310289,-0.012180626
2020-08-12,MSFT,0.025358915,0.0057709217,-0.02322793
2020-08-12,NKE,-0.0176875,0.0018222332,-0.0024872422
2020-08-12,VZ,-0.0201419,0.0022013187,-0.011999846
2020-08-12,WMT,-0.010403574,0.010971665,-0.010675073
2020-08-13,AAPL,-0.010243714,0.016853809,-0.017133057
2020-08-13,AMGN,0.0061725378,0.0037612915,-0.0093887448
2020-08-13,CRM,-0.010082603,0.015816569,-0.0060854554
2020-08-13,CSCO,-0.0032343268,0.0064408779,-0.004732728
2020-08-13,IBM,-0.0052213073,0.015065074,0.0053251982
2020-08-13,INTC,-0.014371574,-0.009659946,-0.022070944
2020-08-13,MSFT,0.0085517168,-0.0044814348,-0.016093075
2020-08-13,NKE,-0.030428469,0.020769954,-0.015066803
2020-08-13,VZ,-0.0076372027,0.0091845989,0.0018556118
2020-08-13,WMT,-0.010831833,0.00036680698,-0.0010878444
2020-08-14,AAPL,0.022998452,-0.0094538927,0.0053459406
2020-08-14,AMGN,-0.042501271,0.0015900135,-0.010077298
2020-08-14,CRM,0.03974092,0.023309588,-0.001519978
2020-08-14,CSCO,-0.024956465,7.7486038e-05,-0.015600562
2020-08-14,IBM,-0.017515957,1.9311905e-05,-0.0049813986
2020-08-14,INTC,0.029563546,0.033654094,-0.022283196
2020-08-14,MSFT,0.015283585,0.019680142,0.001930356
2020-08-14,NKE,0.0070174932,-0.0012254715,-0.0078688264
2020-08-14,VZ,-0.00522089,0.0016026497,-0.015321732
2020-08-14,WMT,-0.00088965893,0.013644934,-0.018771112
2020-08-17,AAPL,-0.00091636181,0.023089051,-0.0088375211
2020-08-17,AMGN,0.021839619,0.022057295,-0.010735035
2020-08-17,CRM,-0.036481321,-0.0009214282,-0.02661705
2020-08-17,CSCO,0.0059372187,-0.0051922202,-0.016128361
2020-08-17,IBM,0.0169276,-0.0013039112,-0.011990249
2020-08-17,INTC,-0.01361227,0.012502074,-0.01006633
2020-08-17,MSFT,0.012666821,0.0014079809,-0.0090759397
2020-08-17,NKE,-0.016749561,-0.00094056129,-0.026263595
2020-08-17,VZ,0.019986629,0.018047571,-0.0070341825
2020-08-17,WMT,-0.0046428442,0.012845635,-0.0091248751
2020-08-18,AAPL,0.018760204,0.0094047785,-0.0077297688
2020-08-18,AMGN,-0.00019866228,0.0034275055,-0.0047776699
2020-08-18,CRM,0.055305123,0.020838857,-0.02753067
2020-08-18,CSCO,0.0038019419,0.010784984,-0.011405051
2020-08-18,IBM,0.0118016,0.0062252283,0.006957531
2020-08-18,INTC,-0.013334095,0.0086809397,-0.0005658865
2020-08-18,MSFT,-0.01228714,0.0054161549,0.0035187006
2020-08-18,NKE,-0.020700514,0.012850881,-0.01879698
2020-08-18,VZ,0.0058158636,-0.011082351,-0.028630555
2020-08-18,WMT,-0.013105452,0.015851736,-0.0008302927
2020-08-19,AAPL,0.014027953,0.0037136078,-0.013331056
2020-08-19,AMGN,-0.015212893,0.0066058636,-0.0304479
2020-08-19,CRM,-0.0041255951,0.018867016,-0.018375754
2020-08-19,CSCO,-0.014825523,0.021796107,0.0079274178
2020-08-19,IBM,-0.016567826,0.014915943,-0.019830525
2020-08-19,INTC,-0.037666261,0.021378279,-0.031302869
2020-08-19,MSFT,-0.0018119812,0.015896201,-0.027958512
2020-08-19,NKE,-0.019316733,0.021145225,-0.012903273
2020-08-19,VZ,-0.0067064762,-0.0024746656,-0.017074227
2020-08-19,WMT,-0.008095026,0.011375308,0.0045365095
2020-08-20,AAPL,0.010287166,-0.035178423,0.011036277
2020-08-20,AMGN,-0.015675366,0.026274562,0.0052930117
2020-08-20,CRM,-0.027298272,-0.0058786869,-0.023519516
2020-08-20,CSCO,0.021984816,0.021760106,-0.00062924623
2020-08-20,IBM,0.019469619,0.011439323,-0.0044086576
2020-08-20,INTC,-0.011618137,0.011844158,-0.011445582
2020-08-20,MSFT,-0.028235018,-0.0039289594,-0.021899581
2020-08-20,NKE,-0.010067761,0.023125887,-0.017533839
2020-08-20,VZ,0.0007891655,0.01488483,-0.020658076
2020-08-20,WMT,0.0047761202,0.0075110197,-0.009931922
2020-08-21,AAPL,-0.033649027,0.02365458,-0.0061676502
2020-08-21,AMGN,-0.0093253255,0.0090460777,0.0046937466
2020-08-21,CRM,0.012297034,0.0080279112,0.016472578
2020-08-21,CSCO,-0.011803448,0.020154476,-0.009126842
2020-08-21,IBM,-0.024926066,-0.0046197772,-0.010328531
2020-08-21,INTC,-0.010643244,0.0087229013,-0.01788342
2020-08-21,MSFT,0.017920136,0.017526627,-0.009555459
2020-08-21,NKE,0.017770052,0.0099533796,-0.015600324
2020-08-21,VZ,-0.0090174675,0.014796376,-0.015018582
2020-08-21,WMT,-0.015714586,0.0072016716,0.00085163116
2020-08-24,AAPL,-0.0043988824,0.0091923475,-0.019061923
2020-08-24,AMGN,-0.037089646,0.010541201,-0.0095279217
2020-08-24,CRM,-0.0080389977,0.01041162,-0.015335977
2020-08-24,CSCO,0.0021922588,0.013322592,-0.012013078
2020-08-24,IBM,-0.0042863488,-0.011943638,-0.0024302006
2020-08-24,INTC,0.0049381256,-0.010741651,0.0028630495
2020-08-24,MSFT,0.015469909,0.02246201,-0.009447813
2020-08-24,NKE,-0.016021311,0.014019251,-0.011211574
2020-08-24,VZ,-0.026740491,0.0051548481,0.0059410334
2020-08-24,WMT,0.0012247562,0.0051435232,-0.0033546686
2020-08-25,AAPL,-0.0082680583,-0.014952481,-0.031324029
2020-08-25,AMGN,-0.030732572,0.025795102,-0.0071089864
2020-08-25,CRM,0.038488269,0.0103755,-0.01407057
2020-08-25,CSCO,0.0054602623,0.025800228,-0.0097475052
2020-08-25,IBM,-0.00094741583,0.010278106,-0.010203898
2020-08-25,INTC,0.019899845,0.0044203997,-0.007923305
2020-08-25,MSFT,0.026324749,0.016203284,-0.019254446
2020-08-25,NKE,0.035034418,0.017201304,-0.012370408
2020-08-25,VZ,-0.0070656538,0.0062223673,0.0022492409
2020-08-25,WMT,-0.0023055077,0.0077967644,0.0059155226
2020-08-26,AAPL,0.01078999,0.002794385,-0.015633881
2020-08-26,AMGN,-0.010189235,-4.4763088e-05,-0.0054636598
2020-08-26,CRM,-0.024620891,0.017049909,-0.018785954
2020-08-26,CSCO,0.016456485,-0.0018897057,-0.02779144
2020-08-26,IBM,0.014127731,0.020824075,-0.011434972
2020-08-26,INTC,-0.0107463,0.008743763,-0.0022783875
2020-08-26,MSFT,0.022137523,0.012828231,-0.015622556
2020-08-26,NKE,0.0063536167,0.012431264,-0.0054898262
2020-08-26,VZ,-0.00015312433,0.018380761,-0.010394752
2020-08-26,WMT,0.012316346,0.015870094,-0.0010269284
2020-08-27,AAPL,0.0022540092,0.015235901,-0.029015958
2020-08-27,AMGN,-0.020790279,0.012110591,-0.010909796
2020-08-27,CRM,0.013456225,0.0048820972,0.00089049339
2020-08-27,CSCO,0.0020699501,0.014420271,-0.015720487
2020-08-27,IBM,0.0030808449,0.003823638,-0.0046309829
2020-08-27,INTC,-0.0079085231,0.00974226,-0.012759745
2020-08-27,MSFT,0.00030744076,0.0092113018,-0.016151488
2020-08-27,NKE,0.017012715,0.019811749,0.00044381618
2020-08-27,VZ,-0.00098931789,0.007309556,0.0083971024
2020-08-27,WMT,-0.0056889057,0.007188797,-0.01003468
2020-08-28,AAPL,-0.030112803,0.015778661,-0.024117768
2020-08-28,AMGN,-0.0098373294,0.019145966,-0.014478028
2020-08-28,CRM,0.00059354305,0.015224934,0.0069584846
2020-08-28,CSCO,-0.014986277,0.003585577,-0.01218015
2020-08-28,IBM,0.0012803078,0.0080951452,-0.014695823
2020-08-28,INTC,0.013514757,0.0020809174,-0.015816987
2020-08-28,MSFT,-0.021902978,0.011383533,-0.0031024218
2020-08-28,NKE,-0.0083765984,0.0022037029,-0.0077240467
2020-08-28,VZ,0.0096421242,0.0026261806,-0.0021622181
2020-08-28,WMT,-0.011039793,0.0061714649,-0.0076860189
2020-08-31,AAPL,0.0014196634,0.025220633,-0.0096909404
2020-08-31,AMGN,-0.0082738996,0.015997648,-0.022812903
2020-08-31,CRM,-0.020541608,-0.0036675334,-0.03725034
2020-08-31,CSCO,-0.032568216,0.02259028,-0.022694409
2020-08-31,IBM,-0.027417362,0.016765833,-0.0072514415
2020-08-31,INTC,-0.020859182,0.025763512,-0.0040135384
2020-08-31,MSFT,-0.027471781,0.011271238,-0.025654376
2020-08-31,NKE,0.014767051,0.033927441,-0.0060120225
2020-08-31,VZ,0.004147768,0.010996819,0.0053534508
2020-08-31,WMT,-0.027758837,0.015798688,-0.00027298927
2020-09-01,AAPL,0.02068758,0.0030977726,-0.0022261143
2020-09-01,AMGN,0.010784507,0.013128281,-0.010090888
2020-09-01,CRM,-0.010226607,0.022527695,-0.030396938
2020-09-01,CSCO,-0.0033988357,0.0076476336,-0.023665249
2020-09-01,IBM,0.0067719221,0.0038040876,-0.011601508
2020-09-01,INTC,-0.0075090528,0.0041303635,-0.0072007179
2020-09-01,MSFT,-0.0087653399,0.0034362078,-0.022692144
2020-09-01,NKE,-0.0084240437,0.010870576,-0.012139916
2020-09-01,VZ,-0.024710417,-0.0020413995,0.003279686
2020-09-01,WMT,0.0044426918,-0.0032502413,-0.00050419569
2020-09-02,AAPL,0.0065795183,0.013885975,-0.0090519786
2020-09-02,AMGN,0.021541119,0.030750871,-0.0025768876
2020-09-02,CRM,0.001147747,0.0045111179,-0.018367469
2020-09-02,CSCO,-0.0018584728,0.013977647,-0.0045672059
2020-09-02,IBM,0.014755249,0.015473366,0.0035609007
2020-09-02,INTC,-0.0095909238,-0.0018281937,-0.020713568
2020-09-02,MSFT,-0.00066649914,-0.0068500042,-0.021770537
2020-09-02,NKE,-0.003000319,-0.00016510487,-0.0097691417
2020-09-02,VZ,0.00030779839,-0.0036671758,-0.02382344
2020-09-02,WMT,-0.0080094337,0.013837337,0.0056408644
2020-09-03,AAPL,0.013169289,-0.0085264444,-0.047980428
2020-09-03,AMGN,-0.0035220385,0.018833756,-0.0032230616
2020-09-03,CRM,-0.018841326,0.005079627,-0.012215793
2020-09-03,CSCO,-0.001018703,-0.0045102239,-0.018392146
2020-09-03,IBM,8.7022781e-06,0.0022888184,-0.010610998
2020-09-03,INTC,-0.016062021,0.0077003241,-0.0071246624
2020-09-03,MSFT,-0.018128753,5.9127808e-05,-0.0061033964
2020-09-03,NKE,-0.018916845,0.0039100647,0.0015171766
2020-09-03,VZ,-0.01088047,0.015524387,-0.018048525
2020-09-03,WMT,-0.0015454292,0.017905712,-0.021739423
2020-09-04,AAPL,0.021078467,0.011386752,-0.0093988776
2020-09-04,AMGN,0.011515856,-0.0055867434,-0.017904222
2020-09-04,CRM,0.05303514,0.009577632,-0.027899802
2020-09-04,CSCO,0.001614809,0.020299315,-0.0093528628
2020-09-04,IBM,-0.0079030395,0.0015625954,-0.013493299
2020-09-04,INTC,0.010301352,0.021729589,-0.020999491
2020-09-04,MSFT,-0.02966553,0.017118812,-0.0029432178
2020-09-04,NKE,-0.0073791742,0.0032221079,-0.011562049
2020-09-04,VZ,-0.026300788,0.0064820051,-0.0063610673
2020-09-04,WMT,-0.018096507,0.008518815,-0.0008931756
2020-09-08,AAPL,0.031080484,0.023397684,-0.0071274638
2020-09-08,AMGN,0.006842494,0.019090414,-0.015823424
2020-09-08,CRM,0.0014154911,0.021498799,-0.023561358
2020-09-08,CSCO,-0.019844234,-0.0049594641,-0.011578143
2020-09-08,IBM,0.0056667328,0.010187507,-0.021512151
2020-09-08,INTC,0.021139264,0.01577282,-0.0098823905
2020-09-08,MSFT,-0.0085362792,-0.0068082213,0.00062930584
2020-09-08,NKE,-0.026687264,-0.0073651075,0.0044624805
2020-09-08,VZ,0.0071772337,0.010046482,-0.012302399
2020-09-08,WMT,-0.015033722,0.0048793554,0.0013467073
2020-09-09,AAPL,0.02734828,-0.0050072074,-0.0027950406
2020-09-09,AMGN,0.0048713684,0.018321514,-0.033176839
2020-09-09,CRM,-0.012959778,-0.014627218,-0.030727923
2020-09-09,CSCO,-0.010954678,-0.011272132,-0.018079281
2020-09-09,IBM,-0.011144817,0.014010668,-0.013505101
2020-09-09,INTC,-0.015079439,0.021494508,-0.020089209
2020-09-09,MSFT,-0.0088166595,0.018313527,0.0014127493
2020-09-09,NKE,-0.020596027,0.0028609037,-0.021589279
2020-09-09,VZ,-0.015254974,0.0017405748,0.0018746853
2020-09-09,WMT,-0.017032802,0.015344977,-0.019730985
2020-09-10,AAPL,0.015224695,0.0068497658,-0.017938912
2020-09-10,AMGN,0.029769778,0.0093364716,-0.0085465908
2020-09-10,CRM,0.0048021078,0.0091198683,-0.024114311
2020-09-10,CSCO,-0.012428582,0.0019437075,-0.0084885359
2020-09-10,IBM,-0.02427721,0.0057542324,-0.0034840703
2020-09-10,INTC,-0.0046015978,0.0068542957,-0.0019369721
2020-09-10,MSFT,-0.018460631,0.011906624,-0.010389388
2020-09-10,NKE,-0.016789734,0.022215366,-0.020157039
2020-09-10,VZ,-0.0081154108,0.013453603,-0.02061379
2020-09-10,WMT,0.005011797,0.0079151392,-0.013102233
2020-09-11,AAPL,0.001306057,0.011855245,-0.005331099
2020-09-11,AMGN,-0.016913414,0.035766482,-0.016248345
2020-09-11,CRM,-0.0094506145,-0.01056838,-0.03417784
2020-09-11,CSCO,0.010617137,0.0026205778,-0.012326241
2020-09-11,IBM,0.022831321,0.013743758,-0.0064314008
2020-09-11,INTC,-0.0039259791,0.012681127,-0.008742094
2020-09-11,MSFT,-0.020902693,0.0070650578,-0.0081200004
2020-09-11,NKE,-0.020292819,0.015402913,-0.0033177137
2020-09-11,VZ,-0.012059748,0.00031292439,-0.021117747
2020-09-11,WMT,-0.0011212826,0.0042809248,-0.014628053
2020-09-14,AAPL,-0.032197237,-0.0019780993,-0.0073721409
2020-09-14,AMGN,-0.015258253,-0.0050664544,-0.0080807805
2020-09-14,CRM,0.015954971,0.0033416748,-0.019289732
2020-09-14,CSCO,-0.010031104,0.026746988,-0.0045146346
2020-09-14,IBM,-0.01407671,0.0045012236,-0.0069346428
2020-09-14,INTC,-0.020039201,0.00048232079,-0.027120531
2020-09-14,MSFT,-4.7266483e-05,-0.000461936,-0.0075099468
2020-09-14,NKE,0.0076590776,-0.00077724457,-0.0024113655
2020-09-14,VZ,-0.018281102,0.007820487,-0.0012940168
2020-09-14,WMT,0.010210514,0.0055344105,-0.0001129508
2020-09-15,AAPL,-0.027911961,0.013796806,-0.018004894
2020-09-15,AMGN,0.014309406,0.014314055,-0.0031634569
2020-09-15,CRM,0.0014951229,0.0075743198,-0.028465748
2020-09-15,CSCO,-0.022901475,0.0091556311,-0.015298784
2020-09-15,IBM,-0.0046633482,0.013929963,-0.00042676926
2020-09-15,INTC,-0.01191628,0.019378066,-0.021813452
2020-09-15,MSFT,-0.014990032,0.0057497025,-0.036664069
2020-09-15,NKE,-0.03119868,0.0014181137,-0.022865355
2020-09-15,VZ,0.0035164356,-0.0012076497,0.0038239956
2020-09-15,WMT,0.0054662228,0.01515007,-0.0045949817
2020-09-16,AAPL,0.019821644,-0.0067504644,-0.0016659498
2020-09-16,AMGN,-0.031258941,-0.0074393153,-0.017770529
2020-09-16,CRM,0.045409083,0.017956018,-0.013388753
2020-09-16,CSCO,-0.01745975,-0.0040783286,-0.0015664697
2020-09-16,IBM,-0.0048913956,0.011392593,-0.0088134408
2020-09-16,INTC,-0.011398852,0.0016007423,-0.0265311
2020-09-16,MSFT,-0.032136023,0.0046409369,-0.010527372
2020-09-16,NKE,-0.0097604394,0.013656497,-0.012010396
2020-09-16,VZ,-0.013267815,0.0040274858,-0.015086114
2020-09-16,WMT,-0.0071862936,0.00024414062,-0.013661921
2020-09-17,AAPL,0.028881788,-3.2961369e-05,-0.0079045892
2020-09-17,AMGN,-0.0048537254,0.0043143034,0.0037266016
2020-09-17,CRM,0.031928539,0.038600206,-0.010552227
2020-09-17,CSCO,0.017842531,0.012694478,-0.013675153
2020-09-17,IBM,0.0090520382,0.0017729998,-0.0054653883
2020-09-17,INTC,-0.025600553,0.017251611,0.0049630404
2020-09-17,MSFT,-0.0060657263,0.0066320896,-0.018375337
2020-09-17,NKE,-0.00222224,0.0029268265,-0.006940186
2020-09-17,VZ,-0.008782804,-0.0040706396,-0.011557102
2020-09-17,WMT,0.010132313,0.0043884516,-0.014346957
2020-09-18,AAPL,-0.026409268,0.0074197054,-0.020785093
2020-09-18,AMGN,-0.0034009814,0.018644929,-0.015532315
2020-09-18,CRM,-0.0064623952,0.0088697672,-0.028738141
2020-09-18,CSCO,-0.036326349,0.019256949,-0.00059455633
2020-09-18,IBM,0.014997959,0.01154232,-0.0016410947
2020-09-18,INTC,-0.011353612,0.014444947,-0.0062423348
2020-09-18,MSFT,0.015561104,0.016966343,-0.0055881143
2020-09-18,NKE,0.011532426,-0.0091150999,-0.0074406862
2020-09-18,VZ,0.0021793842,0.0070172548,-0.014104426
2020-09-18,WMT,0.01187551,0.01558888,-0.0074259043
2020-09-21,AAPL,0.008518219,0.013572335,-0.0024383068
2020-09-21,AMGN,0.0071617365,0.023722768,0.0026851892
2020-09-21,CRM,-0.0017538667,0.023711562,-0.01691407
2020-09-21,CSCO,0.025541306,-0.0046579242,-0.020085812
2020-09-21,IBM,-0.0082505941,0.0050733089,-0.0041578412
2020-09-21,INTC,-0.0047692657,0.0040067434,-0.0068771839
2020-09-21,MSFT,-0.016821861,-0.004889667,-0.022196472
2020-09-21,NKE,-0.0029903054,0.0023156404,0.0038061142
2020-09-21,VZ,-0.024426937,0.011989951,-0.0027503371
2020-09-21,WMT,-0.01845789,-0.002933681,-0.010122299
2020-09-22,AAPL,-0.008458972,0.016520023,0.0066498518
2020-09-22,AMGN,0.017682314,0.0053015947,-0.021718085
2020-09-22,CRM,0.022244811,0.032535315,0.001583457
2020-09-22,CSCO,0.016479373,-0.00058168173,-0.016381741
2020-09-22,IBM,0.01617384,0.013509512,0.0069108009
2020-09-22,INTC,-0.0053809881,0.010601759,-0.014507174
2020-09-22,MSFT,0.00026738644,0.00083005428,-0.023495615
2020-09-22,NKE,-0.0048342347,0.043229342,-0.017184913
2020-09-22,VZ,-0.031984925,-0.0079379082,0.0040786266
2020-09-22,WMT,-0.001326263,0.013517737,-0.0057399273
2020-09-23,AAPL,0.0024870634,0.0087987185,-0.0014015436
2020-09-23,AMGN,0.015688181,0.037958145,-0.024948895
2020-09-23,CRM,-0.0032249689,-0.0048878193,0.0036273003
2020-09-23,CSCO,0.023618579,0.0025968552,-0.0045346618
2020-09-23,IBM,-0.0025691986,0.0083880424,0.0040869713
2020-09-23,INTC,-0.04208672,0.019380569,0.0037486553
2020-09-23,MSFT,0.016321778,0.011557817,-0.03447932
2020-09-23,NKE,-0.010331035,0.011923909,0.0046194792
2020-09-23,VZ,0.015384793,-0.00020003319,-0.0053265691
2020-09-23,WMT,-0.017861664,0.00052142143,-0.020920753
2020-09-24,AAPL,0.019054055,0.0075662136,-0.0062267184
2020-09-24,AMGN,-0.00039184093,0.0014288425,0.0080325603
2020-09-24,CRM,-0.0023241043,0.0093427896,-0.0094904304
2020-09-24,CSCO,0.01619792,0.013564229,0.00027513504
2020-09-24,IBM,-0.0046526194,0.017401338,-0.0049388409
2020-09-24,INTC,-0.023767531,0.014430285,-0.021320939
2020-09-24,MSFT,0.0039030313,-0.00061631203,-0.018238723
2020-09-24,NKE,-0.0096565485,0.017766714,-0.026185215
2020-09-24,VZ,0.020532489,0.018627882,-0.01251924
2020-09-24,WMT,-0.0025811195,0.032005668,-0.0088495612
2020-09-25,AAPL,-0.018188477,0.022162437,-0.01914221
2020-09-25,AMGN,-0.0038561821,0.032347202,-0.003464222
2020-09-25,CRM,-0.037623584,0.00028038025,-0.001393497
2020-09-25,CSCO,0.015539765,0.021544456,-0.014581561
2020-09-25,IBM,0.015313268,-0.00022155046,-0.016515732
2020-09-25,INTC,-0.035911381,0.014161587,-0.0015851855
2020-09-25,MSFT,0.0036430359,0.0015670061,-0.0012853146
2020-09-25,NKE,0.0024124384,-0.00030636787,-0.0080424547
2020-09-25,VZ,0.0072132349,0.013790727,-0.0095370412
2020-09-25,WMT,0.0035970211,0.013509631,0.0029705763
2020-09-28,AAPL,-0.02484709,0.017033696,-0.026676297
2020-09-28,AMGN,0.020149469,0.012381673,-0.020711124
2020-09-28,CRM,0.01949811,0.0010044575,-0.0044131279
2020-09-28,CSCO,0.014064193,-0.0030605197,0.0025074482
2020-09-28,IBM,-0.026341617,0.0087999105,-0.015883088
2020-09-28,INTC,0.014333487,4.1723251e-06,-0.0065335035
2020-09-28,MSFT,-0.0038419366,-0.00055408478,-0.029524684
2020-09-28,NKE,-0.017767072,-0.0065866709,0.017200947
2020-09-28,VZ,0.02578938,0.01268065,-0.0056803226
2020-09-28,WMT,0.012105465,0.0098917484,-0.010683239
2020-09-29,AAPL,-0.014820039,-0.0061944723,-0.04164201
2020-09-29,AMGN,-0.018853128,0.014969826,0.011542559
2020-09-29,CRM,-0.027619004,0.0028729439,-0.013988256
2020-09-29,CSCO,-0.022538126,0.0056948662,-0.01863277
2020-09-29,IBM,0.011425138,0.012212873,0.0020544529
2020-09-29,INTC,-0.0041765571,0.011248231,-0.013968825
2020-09-29,MSFT,0.028843999,0.016851306,-0.011165261
2020-09-29,NKE,-0.026525378,0.035044312,-0.013906062
2020-09-29,VZ,0.020119429,0.016044259,-0.025276303
2020-09-29,WMT,0.0018801689,-0.0037377477,-0.014972925
2020-09-30,AAPL,-0.0091025829,0.026405931,-0.014064789
2020-09-30,AMGN,-0.030824006,-0.0071727037,-0.01368475
2020-09-30,CRM,-0.025573134,0.0014543533,-0.020376205
2020-09-30,CSCO,-0.012949586,-0.0027445555,-0.013220489
2020-09-30,IBM,0.0046659708,0.0032476187,-0.0043144226
2020-09-30,INTC,-0.029390812,0.02120769,-0.04138571
2020-09-30,MSFT,-0.013756573,0.0072280169,0.0022492409
2020-09-30,NKE,0.0027911663,0.021111488,-0.024633825
2020-09-30,VZ,-0.011339009,0.0058492422,-0.0057569146
2020-09-30,WMT,-0.014419675,0.018229604,0.0011018515
2020-10-01,AAPL,0.031498075,0.017309546,0.0076812506
2020-10-01,AMGN,0.015260577,0.01943028,0.0023690462
2020-10-01,CRM,0.0064097643,0.02077949,-0.013201475
2020-10-01,CSCO,-0.020827651,-0.0018385053,-0.021327615
2020-10-01,IBM,0.0076715946,0.0046555996,0.0043586493
2020-10-01,INTC,-0.021612704,0.0049465895,-0.010271788
2020-10-01,MSFT,-0.013417721,0.00039494038,-0.0092665553
2020-10-01,NKE,0.012490749,0.038246274,0.0066211224
2020-10-01,VZ,0.017437339,0.0011115074,-0.01059711
2020-10-01,WMT,-0.0069505572,0.0061644316,-0.0015696883
2020-10-02,AAPL,0.0043678284,-0.0066969991,-0.003713727
2020-10-02,AMGN,-0.0078895688,0.024187207,-0.0038340688
2020-10-02,CRM,0.019884825,0.013850093,-0.0078009367
2020-10-02,CSCO,-0.0016545057,0.008326292,-0.0080255866
2020-10-02,IBM,-0.023500919,-0.00022214651,-0.01737237
2020-10-02,INTC,-0.016850352,0.021026134,-0.0065100193
2020-10-02,MSFT,0.011849284,0.017025471,-0.0047886372
2020-10-02,NKE,0.011417985,-0.012550354,-0.004227221
2020-10-02,VZ,0.011961699,0.01138854,-0.023106515
2020-10-02,WMT,0.0034615993,-0.001489222,-0.012895048
2020-10-05,AAPL,0.00092470646,0.0045278072,-0.043646455
2020-10-05,AMGN,-0.0068833232,0.013375163,-0.02149272
2020-10-05,CRM,0.019943357,0.032857776,-0.0067660213
2020-10-05,CSCO,0.0022249222,0.034952521,-0.01357764
2020-10-05,IBM,0.03877604,0.0033968687,-0.013926625
2020-10-05,INTC,-0.0020775795,-0.0023393631,-0.013019741
2020-10-05,MSFT,-0.015970528,0.0016381741,-0.025028765
2020-10-05,NKE,-0.0021304488,0.004783392,-0.029048443
2020-10-05,VZ,-0.0067876577,0.012789488,-0.015320182
2020-10-05,WMT,-0.0034537911,-0.00084424019,0.0043387413
2020-10-06,AAPL,0.019111395,0.0069909096,-0.02226758
2020-10-06,AMGN,-0.00045514107,0.023745179,-0.026955605
2020-10-06,CRM,0.016612172,0.025039792,0.014066219
2020-10-06,CSCO,-0.021681309,-0.013592303,-0.016824603
2020-10-06,IBM,-0.009776473,0.015748382,-0.00960356
2020-10-06,INTC,0.014791489,0.00060069561,-0.021402776
2020-10-06,MSFT,-0.00037997961,0.018729806,-0.029026866
2020-10-06,NKE,-0.015123725,0.016550422,-0.02400738
2020-10-06,VZ,-0.0012014508,0.022728682,-0.0063666105
2020-10-06,WMT,0.0077676773,0.00496912,-0.0041418672
2020-10-07,AAPL,0.027330279,0.01202929,-0.0066494942
2020-10-07,AMGN,0.0010988712,0.020207167,-0.02101475
2020-10-07,CRM,0.013184428,0.038786173,-0.030519068
2020-10-07,CSCO,0.019561172,0.026910067,-0.017721236
2020-10-07,IBM,-0.0078001022,0.0062441826,-0.015813291
2020-10-07,INTC,-0.00097680092,0.028842449,7.6293945e-06
2020-10-07,MSFT,0.012625933,0.016910076,-0.025459468
2020-10-07,NKE,-0.026224971,0.0039650202,-0.0038744211
2020-10-07,VZ,-0.012354612,0.0026302338,-0.0073649287
2020-10-07,WMT,0.0028823614,0.018753171,0.0085625648
2020-10-08,AAPL,-0.01166147,0.014226556,-0.028596461
2020-10-08,AMGN,-0.010860264,0.022819161,0.0019330978
2020-10-08,CRM,-0.058771968,-0.0054645538,-0.042221606
2020-10-08,CSCO,-0.00027656555,0.019420981,-0.023108006
2020-10-08,IBM,0.018399119,0.0059164762,-0.0010333657
2020-10-08,INTC,-0.022123098,3.4213066e-05,-0.010209799
2020-10-08,MSFT,-0.00022023916,0.039818406,-0.014293373
2020-10-08,NKE,0.0078853369,0.014019608,-0.0011692643
2020-10-08,VZ,0.008477807,0.013365269,-0.012625039
2020-10-08,WMT,0.018935561,0.019274116,-0.012916207
2020-10-09,AAPL,0.023615837,0.019958854,-0.015396297
2020-10-09,AMGN,-0.041250587,-0.014495134,-0.011790872
2020-10-09,CRM,-0.0085741282,0.0057783127,-0.019651711
2020-10-09,CSCO,-0.026758015,0.0098730326,-0.011717141
2020-10-09,IBM,-0.0038888454,0.013828874,0.0011817217
2020-10-09,INTC,-0.026297867,0.019172311,-0.021192074
2020-10-09,MSFT,-0.0011897683,0.013012767,-0.027148187
2020-10-09,NKE,-0.010884881,0.018066525,-0.019073427
2020-10-09,VZ,0.0041499138,0.023424387,-0.014089048
2020-10-09,WMT,-0.013723791,0.015290737,-0.014220238
2020-10-12,AAPL,0.036790729,0.023477674,-0.029661119
2020-10-12,AMGN,-0.020658553,-5.9425831e-05,-0.0052193403
2020-10-12,CRM,-0.015543699,0.014875889,-0.019384086
2020-10-12,CSCO,0.0091147423,0.0013598204,-0.0071324706
2020-10-12,IBM,0.0045889616,0.0055977106,0.012364745
2020-10-12,INTC,0.010087609,0.017674804,-0.015696704
2020-10-12,MSFT,-0.04023838,0.0081683397,-0.0059984922
2020-10-12,NKE,-0.0058879256,-0.0090642571,-0.0084607005
2020-10-12,VZ,-0.017329037,-0.0071617365,-0.0014719367
2020-10-12,WMT,0.018818855,0.0062687397,-0.009083569
2020-10-13,AAPL,0.0064326525,-0.0021398664,-0.041158438
2020-10-13,AMGN,0.021391869,0.0020977259,-0.017336488
2020-10-13,CRM,0.0136832,0.039510369,0.0027484894
2020-10-13,CSCO,-0.0029330254,-0.0014989376,-0.014725029
2020-10-13,IBM,-0.02014941,0.016475916,-0.012460768
2020-10-13,INTC,-0.0095828176,0.013316035,-0.00670892
2020-10-13,MSFT,0.017509818,0.0066484213,-0.0064733624
2020-10-13,NKE,0.0085425377,0.010134697,-0.0037691593
2020-10-13,VZ,-0.0016890168,0.0065002441,-0.017908216
2020-10-13,WMT,0.00061666965,0.0044386387,-0.0045359731
2020-10-14,AAPL,-0.056424022,0.0098866224,-0.015381694
2020-10-14,AMGN,0.026736498,0.011551976,-0.014376402
2020-10-14,CRM,0.034285784,0.011138558,0.004445672
2020-10-14,CSCO,-0.0019252896,0.0083919764,-0.037380219
2020-10-14,IBM,0.0070626736,0.011192441,-0.0071703196
2020-10-14,INTC,0.0069168806,0.01802969,-0.011087418
2020-10-14,MSFT,-0.0011442304,0.014951587,-0.0011607409
2020-10-14,NKE,0.03116715,0.0028530359,-0.0044804215
2020-10-14,VZ,0.0059074163,0.0051240921,-0.011623263
2020-10-14,WMT,0.0056369305,0.026869059,-0.011247158
2020-10-15,AAPL,0.04277873,0.014547706,-0.019411743
2020-10-15,AMGN,-0.014230907,0.012839437,-0.032635689
2020-10-15,CRM,-0.0099459887,0.014663935,-0.038843811
2020-10-15,CSCO,-0.0066388845,0.0058492422,-0.020276845
2020-10-15,IBM,-0.0017454624,0.0062943697,-0.0042746663
2020-10-15,INTC,-0.04790169,-0.0036795735,0.0077848434
2020-10-15,MSFT,-0.021688819,0.0019103289,-0.0057426691
2020-10-15,NKE,-0.019707322,0.0085884333,-0.0068652034
2020-10-15,VZ,-0.014860988,0.0007058382,-0.013590634
2020-10-15,WMT,0.017068863,0.0062838793,-0.010479569
2020-10-16,AAPL,0.028171062,0.0014411211,-0.015963852
2020-10-16,AMGN,0.0017886162,0.023399949,-0.013334572
2020-10-16,CRM,-0.036928177,0.026123762,-0.043189466
2020-10-16,CSCO,-0.01106292,0.018439651,-0.024795592
2020-10-16,IBM,0.013863325,0.0092955828,-0.007874608
2020-10-16,INTC,-0.019659221,0.0024639368,-0.010498464
2020-10-16,MSFT,-0.0026877522,0.004635334,-0.0094746351
2020-10-16,NKE,0.019625664,0.0096474886,-0.0068770051
2020-10-16,VZ,-0.0060868263,0.021799922,-0.0027438402
2020-10-16,WMT,-0.038504779,0.0079544783,-0.0085930824
2020-10-19,AAPL,-0.019066453,0.02665472,-0.025467217
2020-10-19,AMGN,-0.0066826344,0.011164784,-0.0068255067
2020-10-19,CRM,0.0029935837,0.020694375,-0.0098267198
2020-10-19,CSCO,-0.023595512,0.015859604,-0.0019114614
2020-10-19,IBM,-0.0038666129,0.018181205,-0.01803875
2020-10-19,INTC,0.00038194656,0.011369348,-0.031511724
2020-10-19,MSFT,0.020746708,0.017012715,0.002158165
2020-10-19,NKE,0.015320182,0.0046952963,-0.023872375
2020-10-19,VZ,0.0019433498,0.010441899,-0.011546433
2020-10-19,WMT,0.022037387,0.018993855,-0.010136724
2020-10-20,AAPL,-0.014657974,0.028971553,-0.0043324828
2020-10-20,AMGN,-0.010032117,0.0095682144,-0.024733186
2020-10-20,CRM,-0.047816098,-0.0025166273,-0.0013283491
2020-10-20,CSCO,-0.0040364265,0.014677882,-0.029641628
2020-10-20,IBM,-0.03563714,-0.012790442,-0.01902473
2020-10-20,INTC,-0.020791948,0.019375801,-0.013767123
2020-10-20,MSFT,-0.010520518,0.0014717579,-0.015663862
2020-10-20,NKE,-0.018004894,0.012346387,-0.015411019
2020-10-20,VZ,0.0046745539,-0.0081835985,-0.0031177402
2020-10-20,WMT,-0.0053272843,0.011957765,0.0014476776
2020-10-21,AAPL,-0.0024680495,-0.0019388199,-0.032702804
2020-10-21,AMGN,-0.031924129,0.023029447,0.0054719448
2020-10-21,CRM,0.0093942881,0.020290494,-0.049054563
2020-10-21,CSCO,-0.0030394197,0.014628768,-0.010504186
2020-10-21,IBM,0.0070533752,0.014068604,0.0022058487
2020-10-21,INTC,0.01223433,0.033871412,-0.012671649
2020-10-21,MSFT,0.0020140409,-0.0050814152,-0.0048415065
2020-10-21,NKE,0.0069746971,0.0099753141,-0.003575325
2020-10-21,VZ,0.0028208494,0.01531446,0.0057990551
2020-10-21,WMT,-0.016030133,-0.0077480078,-0.015559077
2020-10-22,AAPL,-0.017949104,0.0076332092,-0.00012981892
2020-10-22,AMGN,-0.011861145,-0.011145294,-0.0058786273
2020-10-22,CRM,-0.040032208,-0.012195051,-0.013550282
2020-10-22,CSCO,-0.006272912,0.0099202394,0.0060293674
2020-10-22,IBM,-0.011587143,0.00069952011,-0.00043153763
2020-10-22,INTC,-0.020262837,0.00095558167,-0.017060578
2020-10-22,MSFT,0.012878418,0.012119651,-0.020445704
2020-10-22,NKE,-0.013896465,0.029078603,-0.0066221952
2020-10-22,VZ,-0.01266861,0.016883492,-0.00067234039
2020-10-22,WMT,-0.0032359362,2.6941299e-05,-0.00077986717
2020-10-23,AAPL,-0.01228863,0.0039380789,-0.015501499
2020-10-23,AMGN,-0.00085002184,0.014909744,-0.013737202
2020-10-23,CRM,0.0067629814,0.012612224,-0.03094393
2020-10-23,CSCO,-0.035464525,0.0052230358,-0.0038312078
2020-10-23,IBM,-0.0015873313,-0.0085802674,-0.02444768
2020-10-23,INTC,-0.0014773011,0.01389873,0.0066466331
2020-10-23,MSFT,-0.02540791,-0.003210783,-0.030922055
2020-10-23,NKE,0.02319324,0.011340499,-0.01062429
2020-10-23,VZ,-0.0027678013,-0.001122117,-0.0027924776
2020-10-23,WMT,-0.016930223,0.017283201,-0.014510512
2020-10-26,AAPL,0.017036438,0.0079301596,0.010182381
2020-10-26,AMGN,-0.010144949,0.0031737089,-0.015747607
2020-10-26,CRM,-0.027892709,-0.0080581307,0.0042734146
2020-10-26,CSCO,-0.0012062788,0.029430628,-0.0092970133
2020-10-26,IBM,0.0023519993,-0.0097493529,-0.0057961941
2020-10-26,INTC,0.025336146,0.012693405,-0.017888248
2020-10-26,MSFT,-0.0093881488,0.029456139,0.00032818317
2020-10-26,NKE,0.020156741,0.010105133,0.0018643141
2020-10-26,VZ,0.021033287,-0.00031125546,-0.0057453513
2020-10-26,WMT,-0.009888947,0.0083028078,-0.0091117024
2020-10-27,AAPL,-0.052808404,0.0072216988,-0.016197264
2020-10-27,AMGN,-0.018019497,-0.004268229,-0.020699024
2020-10-27,CRM,0.021614194,0.029970288,-0.016241193
2020-10-27,CSCO,-0.034593284,0.014500856,-0.0021309257
2020-10-27,IBM,-0.0044101477,0.011930346,0.0028231144
2020-10-27,INTC,-0.0090646148,0.020576477,-0.021849394
2020-10-27,MSFT,0.029903769,0.00041675568,0.0023458004
2020-10-27,NKE,-0.0031374693,0.0025122166,-0.0078607202
2020-10-27,VZ,0.010224581,-0.0068657398,0.003272295
2020-10-27,WMT,0.011267185,0.012333989,-0.017664254
2020-10-28,AAPL,-0.014130235,-0.0086922646,-0.010591328
2020-10-28,AMGN,-0.0065618157,0.0059893131,-0.010160506
2020-10-28,CRM,0.0032788515,0.020075798,-0.0402233
2020-10-28,CSCO,-0.0031757951,0.017046094,-0.026688159
2020-10-28,IBM,-0.010623872,-0.00074720383,0.00057661533
2020-10-28,INTC,-0.0017504096,0.017891884,-0.0084469318
2020-10-28,MSFT,-0.015289903,-0.003967464,-0.010763586
2020-10-28,NKE,0.0036853552,0.0095959902,0.0028958321
2020-10-28,VZ,-0.025621951,0.0094912052,-0.017112911
2020-10-28,WMT,0.0013148785,0.016846657,-0.015130579
2020-10-29,AAPL,0.0098177195,0.030373573,-0.00040644407
2020-10-29,AMGN,0.013495088,0.010861397,0.00078260899
2020-10-29,CRM,0.028396249,0.037172675,-0.053306282
2020-10-29,CSCO,-0.036936998,0.01683867,-0.019935787
2020-10-29,IBM,-0.029255509,0.0070923567,-0.011503637
2020-10-29,INTC,0.013623118,0.013146996,-0.021736383
2020-10-29,MSFT,-0.030341744,0.033289671,-0.0037822723
2020-10-29,NKE,0.0098121166,0.029658198,0.010286331
2020-10-29,VZ,-0.0098295808,0.018070459,-0.0066146255
2020-10-29,WMT,-0.0033710599,0.010063767,-0.012576401
2020-10-30,AAPL,-0.029443383,0.013676167,-0.0027935505
2020-10-30,AMGN,0.025529742,0.036479831,-0.013948441
2020-10-30,CRM,-0.057954133,0.00303936,-0.021640837
2020-10-30,CSCO,-0.0023586154,0.0054992437,-0.00089293718
2020-10-30,IBM,-0.0067163706,0.011476755,-0.0061248541
2020-10-30,INTC,-0.036293924,0.003783226,-0.012910187
2020-10-30,MSFT,-0.014839709,-0.0016204715,-0.0077804923
2020-10-30,NKE,0.014428258,0.0061532259,-0.027832806
2020-10-30,VZ,0.019729614,0.031648993,-0.0045927167
2020-10-30,WMT,-0.013545871,0.0098944902,0.0019893646
2020-11-02,AAPL,-0.018992484,0.01006043,0.0086553097
2020-11-02,AMGN,0.011526585,0.013701558,-0.013280928
2020-11-02,CRM,-0.0070234537,-0.0077354908,-0.014331639
2020-11-02,CSCO,0.0046881437,0.02389884,-0.021484554
2020-11-02,IBM,-0.018887579,0.014642239,-0.00027000904
2020-11-02,INTC,-0.016089857,0.018741488,-0.010738492
2020-11-02,MSFT,-0.018235564,0.0154531,-0.012757719
2020-11-02,NKE,0.011206865,-0.0007507205,0.00077176094
2020-11-02,VZ,-0.010260046,0.0022957325,-0.010473251
2020-11-02,WMT,-0.014383674,0.0031472445,-0.015030086
2020-11-03,AAPL,0.038392305,-0.01950258,-0.017885268
2020-11-03,AMGN,-0.026192009,0.017808795,-0.0052511692
2020-11-03,CRM,-0.0072264671,0.054796338,-0.01268959
2020-11-03,CSCO,0.00090956688,-0.0017929077,-0.0016918778
2020-11-03,IBM,-0.037292719,0.01516664,-0.015471339
2020-11-03,INTC,-0.03750813,-0.0054111481,-0.023368418
2020-11-03,MSFT,-0.027513385,0.021479368,-0.010343969
2020-11-03,NKE,-0.016132653,0.012325287,-0.009546876
2020-11-03,VZ,-0.0058687329,0.020181894,-0.027219355
2020-11-03,WMT,-0.0031692982,0.025238872,-0.0058618784
2020-11-04,AAPL,0.028060794,0.004953146,-0.022367179
2020-11-04,AMGN,-0.010993779,0.028103948,-0.0039871335
2020-11-04,CRM,-0.034026563,0.0065174103,0.010265827
2020-11-04,CSCO,-0.016997874,-0.019406438,-0.022422433
2020-11-04,IBM,-0.0035945177,0.025583386,0.011774778
2020-11-04,INTC,-0.01778841,7.3671341e-05,-0.0044083595
2020-11-04,MSFT,0.0086318254,0.010768652,-0.0015460849
2020-11-04,NKE,-0.014840484,0.012289405,0.0012021065
2020-11-04,VZ,-0.011526346,0.0082410574,-0.010135591
2020-11-04,WMT,-0.017076254,-0.0080078244,-0.016236603
2020-11-05,AAPL,-0.017390788,0.021151304,-0.027004004
2020-11-05,AMGN,-0.027793348,0.010102391,-0.022330761
2020-11-05,CRM,-0.012669444,-0.0039848089,-0.017799437
2020-11-05,CSCO,-0.041157901,0.023995876,-0.018657923
2020-11-05,IBM,-0.0042544007,0.0037087202,-0.0080658197
2020-11-05,INTC,-0.019316018,0.012741327,-0.016785741
2020-11-05,MSFT,0.017937541,-0.0094944835,0.0089390278
2020-11-05,NKE,-0.014168441,0.018968344,-0.0064312816
2020-11-05,VZ,-0.012560725,0.012857795,0.00095701218
2020-11-05,WMT,0.0037515163,-0.00053960085,-0.0098266006
2020-11-06,AAPL,-0.032730103,0.021885157,-0.0055216551
2020-11-06,AMGN,0.021410584,0.013327599,-0.0086767077
2020-11-06,CRM,-0.022328675,0.011484385,-0.0045128465
2020-11-06,CSCO,0.0058974028,0.019070029,-0.015405416
2020-11-06,IBM,-0.0037351847,0.015134811,-0.0045362115
2020-11-06,INTC,0.0052953959,0.015274882,-0.011978805
2020-11-06,MSFT,-0.0088361502,0.0068935156,-0.012111247
2020-11-06,NKE,-0.024514258,0.010132313,-0.0030327439
2020-11-06,VZ,-0.010555744,-0.0064011812,-0.0090196729
2020-11-06,WMT,0.0046905279,0.013305783,-0.023926318
2020-11-09,AAPL,-0.0242607,0.026661992,-8.7082386e-05
2020-11-09,AMGN,-0.037539363,0.027077436,-0.017770529
2020-11-09,CRM,0.012431026,0.024714231,-0.016834557
2020-11-09,CSCO,-0.02384913,-0.0073677897,-0.0014255047
2020-11-09,IBM,0.010216713,0.015246987,0.0014258623
2020-11-09,INTC,-0.013173401,0.014544964,-0.00030934811
2020-11-09,MSFT,-0.0080034733,-0.017792404,-0.017012417
2020-11-09,NKE,0.0042334795,0.0010358095,0.0068273544
2020-11-09,VZ,-0.00083905458,0.020027637,-0.0088449121
2020-11-09,WMT,-0.0051018,0.0047715902,-0.0064092278
2020-11-10,AAPL,-0.012880206,0.011024356,-0.038110197
2020-11-10,AMGN,0.012157321,0.017939806,-0.020167351
2020-11-10,CRM,0.026463032,-0.0029681325,-0.036227703
2020-11-10,CSCO,0.0047924519,0.011531472,-0.001550138
2020-11-10,IBM,0.010750294,0.020173192,-0.012881398
2020-11-10,INTC,0.016600251,0.039600492,-0.013507247
2020-11-10,MSFT,-0.019715846,0.0062832832,0.010470152
2020-11-10,NKE,-0.026472032,0.00070059299,0.0072938204
2020-11-10,VZ,0.018104792,0.019310713,-6.0379505e-05
2020-11-10,WMT,0.0067328215,0.0013750792,-0.0154773
2020-11-11,AAPL,0.017924666,0.020247459,-0.0051121712
2020-11-11,AMGN,-0.010005474,0.022893548,0.0033888817
2020-11-11,CRM,-0.063879251,0.030385256,-0.035253882
2020-11-11,CSCO,-0.014620304,0.01018393,-0.00021678209
2020-11-11,IBM,-0.0078989863,0.011620998,-0.015353918
2020-11-11,INTC,-0.0028473735,0.035209894,-0.0053189993
2020-11-11,MSFT,0.0035670996,0.0068119764,-0.021608293
2020-11-11,NKE,0.00026500225,0.025289178,-0.005880475
2020-11-11,VZ,-0.0027806163,0.0090196133,-0.011727571
2020-11-11,WMT,0.0032631159,0.0081219673,-0.012854218
2020-11-12,AAPL,-0.024185479,-0.006103158,-0.019697309
2020-11-12,AMGN,-0.0016531348,0.0043410063,-0.0038163662
2020-11-12,CRM,0.021771312,0.013283014,0.0055234432
2020-11-12,CSCO,0.01734376,0.022215009,-0.0011382699
2020-11-12,IBM,0.0060712099,0.021013379,-0.0010452867
2020-11-12,INTC,-0.015236735,-0.0041862726,-0.02402854
2020-11-12,MSFT,0.014575124,-0.0035759211,-0.0082932711
2020-11-12,NKE,-0.031666934,0.014397979,-0.0086572766
2020-11-12,VZ,0.029942036,0.0055841208,-0.0074980259
2020-11-12,WMT,0.0052782297,0.019548416,-0.0021186471
2020-11-13,AAPL,-0.02892071,0.022893429,0.0064357519
2020-11-13,AMGN,-0.011480153,0.012709975,0.0019253492
2020-11-13,CRM,0.023014069,-0.0039736629,0.0005671978
2020-11-13,CSCO,-0.0098859072,-0.011498094,-0.019800961
2020-11-13,IBM,-0.0077789426,0.0028910637,-0.018517435
2020-11-13,INTC,-0.012710571,-0.00076073408,0.011248708
2020-11-13,MSFT,0.014262199,0.0093146563,-0.01398617
2020-11-13,NKE,0.00013029575,0.015694141,0.0045641661
2020-11-13,VZ,-0.011125803,0.011934638,-0.025725245
2020-11-13,WMT,-0.010580659,0.010829091,-0.0034410357
2020-11-16,AAPL,0.006986022,0.0011702776,-0.013533115
2020-11-16,AMGN,-0.029097795,0.0087497234,-0.01446116
2020-11-16,CRM,-0.011707723,0.022358656,-0.02770251
2020-11-16,CSCO,0.012159944,0.010763407,-0.012716413
2020-11-16,IBM,0.0044621229,-0.00083982944,0.0075101852
2020-11-16,INTC,-0.019082725,0.0087515116,-0.010612845
2020-11-16,MSFT,0.013585329,0.022541285,-0.014456868
2020-11-16,NKE,0.014506817,0.0028526783,-0.012592316
2020-11-16,VZ,-0.0097152591,0.0095227957,-0.035731733
2020-11-16,WMT,-0.016511381,0.015411854,-0.00034892559
2020-11-17,AAPL,0.0095826387,-0.00044035912,0.0042688847
2020-11-17,AMGN,-0.01327455,0.0061382055,-0.02138567
2020-11-17,CRM,-0.01114136,0.014473319,0.038526654
2020-11-17,CSCO,0.035605073,0.02713728,-0.013095498
2020-11-17,IBM,0.0026886463,0.022691727,-0.0057013035
2020-11-17,INTC,-0.0034100413,0.008249402,-0.019598722
2020-11-17,MSFT,-0.015704691,0.00075006485,-0.012917101
2020-11-17,NKE,-0.017417192,0.013305783,-0.0028486252
2020-11-17,VZ,0.0088628531,0.008590579,-0.022658885
2020-11-17,WMT,0.0072278976,0.017833471,-0.011828601
2020-11-18,AAPL,0.043887854,0.0060821772,-0.006070435
2020-11-18,AMGN,-0.0069566369,0.015716314,-0.008094728
2020-11-18,CRM,0.034881711,-0.017905951,-0.0024012923
2020-11-18,CSCO,-0.0065091848,0.017004848,-0.0045349598
2020-11-18,IBM,-0.016325951,0.0077924728,0.0025140047
2020-11-18,INTC,0.0088566542,0.023612261,-0.014538407
2020-11-18,MSFT,0.024638057,0.0044448376,0.0051668882
2020-11-18,NKE,0.013216138,0.0051310062,-0.017895162
2020-11-18,VZ,-0.011149585,0.011761785,-0.020647466
2020-11-18,WMT,-0.014295101,0.016095161,0.0015056133
2020-11-19,AAPL,-0.011440098,0.01348269,-0.021903813
2020-11-19,AMGN,0.0028815269,0.021078587,-0.017008483
2020-11-19,CRM,0.057778478,0.0093141794,-0.013510764
2020-11-19,CSCO,0.00157094,0.0018187761,-0.00051414967
2020-11-19,IBM,0.0064704418,-0.0037913322,-0.0016133189
2020-11-19,INTC,0.018353701,0.012559175,-0.0067301393
2020-11-19,MSFT,-0.028867304,0.0038071871,-0.015946329
2020-11-19,NKE,-0.01424396,0.01219058,-0.013511658
2020-11-19,VZ,-0.010401011,0.0034095049,-0.014322102
2020-11-19,WMT,0.0035345554,0.012330174,0.0034714937
2020-11-20,AAPL,-0.0045359135,0.0039277077,-0.0085399151
2020-11-20,AMGN,0.0022556782,0.022410393,-0.018336177
2020-11-20,CRM,0.042143345,0.0097064972,-0.037049949
2020-11-20,CSCO,0.01985836,0.0099915266,0.012368917
2020-11-20,IBM,-0.016915262,0.015302658,-0.013738275
2020-11-20,INTC,-0.040179431,0.021651745,0.0010240078
2020-11-20,MSFT,-0.005466342,0.017776132,-0.00018119812
2020-11-20,NKE,-0.035126686,-0.0053933263,-0.0050346255
2020-11-20,VZ,-0.010462463,0.016377568,-0.0068823099
2020-11-20,WMT,0.009950161,-0.0080342293,-0.00078219175
2020-11-23,AAPL,0.00071775913,0.02035892,-0.017327189
2020-11-23,AMGN,-0.01186949,0.01856637,-0.033661008
2020-11-23,CRM,0.019215465,-0.010300219,0.0067552328
2020-11-23,CSCO,-0.011322618,0.01574719,-0.011982918
2020-11-23,IBM,-0.016934097,0.014084697,0.0082620382
2020-11-23,INTC,-0.0046220422,0.012831569,-0.016781271
2020-11-23,MSFT,-0.00029850006,0.012440205,-0.0083380938
2020-11-23,NKE,-0.018768489,0.009665966,-0.0063971281
2020-11-23,VZ,0.014404893,0.0083339214,-0.018632233
2020-11-23,WMT,-0.010921419,0.025803924,0.0014687777
2020-11-24,AAPL,-0.0068980455,0.016114354,-0.018581748
2020-11-24,AMGN,-0.025759816,0.0026577711,-0.0061116219
2020-11-24,CRM,0.0059803724,0.022823691,0.005095005
2020-11-24,CSCO,0.0023280382,0.005140543,-0.0039904118
2020-11-24,IBM,0.0047188997,0.0041260719,-0.0088931322
2020-11-24,INTC,0.0026942492,0.01281774,-0.01895541
2020-11-24,MSFT,0.00024282932,-0.004570663,-0.013928831
2020-11-24,NKE,-0.010534704,0.0040351152,-0.018610537
2020-11-24,VZ,-0.030785441,0.0079579353,0.0059808493
2020-11-24,WMT,-0.012388945,0.0048109293,-0.0071274638
2020-11-25,AAPL,-0.0083129406,-0.00019937754,-0.027977705
2020-11-25,AMGN,-0.02586633,0.0098401308,-0.019552767
2020-11-25,CRM,-0.068356097,0.011721969,-0.01317656
2020-11-25,CSCO,-0.00030642748,0.018402815,-0.0071640015
2020-11-25,IBM,-0.0022770166,0.0057165623,-0.0072296262
2020-11-25,INTC,-0.034434557,-0.0033663511,0.0066320896
2020-11-25,MSFT,0.0015127659,0.01965344,-0.015734196
2020-11-25,NKE,0.059701681,0.015934944,-0.0032804608
2020-11-25,VZ,-0.0024319291,0.015642762,-0.019912541
2020-11-25,WMT,0.0049734116,0.021370053,-0.013125956
2020-11-27,AAPL,0.026689768,0.018451214,-0.022701204
2020-11-27,AMGN,-0.0064969063,0.015687585,-0.013083041
2020-11-27,CRM,-0.026093006,0.0068576336,-0.034950018
2020-11-27,CSCO,0.0053509474,0.010279775,-0.025527477
2020-11-27,IBM,-0.015759528,0.00039517879,-0.00089728832
2020-11-27,INTC,0.032180309,0.010603905,-0.005869627
2020-11-27,MSFT,-0.018134475,-0.011631906,-0.021040916
2020-11-27,NKE,-0.012740672,0.0041862726,-0.014342725
2020-11-27,VZ,-0.026890159,-0.0016683936,-0.0067918897
2020-11-27,WMT,-0.007267952,0.012189269,-0.013077557
2020-11-30,AAPL,-0.022220314,0.032113314,-0.026620388
2020-11-30,AMGN,0.011350036,0.0024760962,-0.01079613
2020-11-30,CRM,-0.064397752,0.028894186,-0.030110657
2020-11-30,CSCO,-0.018819869,0.024298549,-0.0039297938
2020-11-30,IBM,-0.0039073825,0.0098469257,-0.018299699
2020-11-30,INTC,-0.025838315,0.029114485,-0.0073496699
2020-11-30,MSFT,0.00087416172,0.0067303181,0.010644317
2020-11-30,NKE,-0.0070414543,0.016879201,-0.012433946
2020-11-30,VZ,-0.0081093311,0.019974709,-0.00037676096
2020-11-30,WMT,0.0039762259,0.011755347,0.0061209202
2020-12-01,AAPL,-0.027503669,-0.0088263154,-0.013636291
2020-12-01,AMGN,-0.0015954971,0.011233568,-0.011801779
2020-12-01,CRM,0.032058477,0.039281487,-0.0050560832
2020-12-01,CSCO,0.0075256824,0.0073260069,0.0080536604
2020-12-01,IBM,-0.011619925,-0.0061066747,-0.00043642521
2020-12-01,INTC,-0.0025796294,-0.0021666884,-0.00026416779
2020-12-01,MSFT,0.024475932,-0.00081151724,-0.0018610954
2020-12-01,NKE,0.0041575432,0.0053249598,-0.014014125
2020-12-01,VZ,0.0017983913,0.0031358004,0.00020825863
2020-12-01,WMT,0.027472854,0.011288285,-0.0022030473
2020-12-02,AAPL,0.0018846989,0.025950193,-0.022448301
2020-12-02,AMGN,-0.024363041,0.026970625,0.005718112
2020-12-02,CRM,-0.02714628,0.024167299,0.014838457
2020-12-02,CSCO,0.0048952103,-0.010375977,-0.027650952
2020-12-02,IBM,-0.0051345825,0.013607621,-0.00072991848
2020-12-02,INTC,0.011756659,0.0048340559,0.0048816204
2020-12-02,MSFT,0.0069160461,0.023985982,-0.012079895
2020-12-02,NKE,-0.00042158365,0.0029261112,-0.024218142
2020-12-02,VZ,-0.0010764599,0.016427398,-0.003252089
2020-12-02,WMT,0.010677338,-0.0036385059,-0.015534163
2020-12-03,AAPL,-0.0053112507,-0.00055921078,0.0050253868
2020-12-03,AMGN,-0.052440822,0.005395174,0.0040926933
2020-12-03,CRM,0.0208143,0.004037261,-0.035431147
2020-12-03,CSCO,-0.0046672821,0.014789104,-0.00051504374
2020-12-03,IBM,-0.015169084,0.015626192,0.001573801
2020-12-03,INTC,0.019464135,0.025760651,-0.02275455
2020-12-03,MSFT,-0.014919221,0.00090527534,-0.023366749
2020-12-03,NKE,0.021540403,0.021434784,-0.034418106
2020-12-03,VZ,-0.011364579,-0.0079395771,-0.00065612793
2020-12-03,WMT,-0.0057406425,0.011755824,-0.026290894
2020-12-04,AAPL,0.019191146,0.0046024323,-0.018955886
2020-12-04,AMGN,-0.0099074244,0.020395279,-0.0045984387
2020-12-04,CRM,-0.011790872,0.029930711,-0.029773593
2020-12-04,CSCO,0.023444176,0.0047422647,-0.012836456
2020-12-04,IBM,-0.0067734122,0.019211173,0.0034661293
2020-12-04,INTC,-0.0082018971,0.01969099,-0.012521565
2020-12-04,MSFT,0.0096458197,0.0053020716,-0.027920723
2020-12-04,NKE,-0.0019071698,0.010751486,-0.013683558
2020-12-04,VZ,0.0088828802,0.0092470646,-0.012619257
2020-12-04,WMT,-0.011285245,0.0068292618,0.007978797
2020-12-07,AAPL,0.028006554,0.0089836121,-0.02154392
2020-12-07,AMGN,-0.0022947192,-0.0063629746,-0.019798338
2020-12-07,CRM,-0.0019960999,0.021216631,-0.035541534
2020-12-07,CSCO,-0.0064073205,0.0024118423,-0.013028324
2020-12-07,IBM,-0.013777673,0.012547612,0.0065516233
2020-12-07,INTC,0.020817995,0.010008931,-0.0046648383
2020-12-07,MSFT,0.0076936483,0.026356101,-0.01906395
2020-12-07,NKE,0.0065900087,0.013489962,-0.0093894601
2020-12-07,VZ,-0.0070730448,0.0030417442,0.0049549341
2020-12-07,WMT,0.012822986,0.0036377907,0.0074609518
2020-12-08,AAPL,-0.0020473003,0.011800289,-0.0081954598
2020-12-08,AMGN,-0.026518643,0.021722436,-0.012026668
2020-12-08,CRM,0.010208964,0.027491212,-0.0097849369
2020-12-08,CSCO,-0.016631305,0.0026113987,-0.01396805
2020-12-08,IBM,-0.014523327,0.0050526857,-0.0050061345
2020-12-08,INTC,0.025547266,0.016024113,-0.0094248056
2020-12-08,MSFT,0.010121584,0.0048378706,-0.0026817322
2020-12-08,NKE,0.0036566257,0.01134932,-0.0014035106
2020-12-08,VZ,-0.012777567,-0.0034902096,-0.0080890059
2020-12-08,WMT,0.0075312853,0.0036175251,-0.013893068
2020-12-09,AAPL,0.0039963722,0.0088790655,-0.027852178
2020-12-09,AMGN,0.005387187,0.0061056614,-0.0013594031
2020-12-09,CRM,0.012247324,-0.0062309504,-0.00262779
2020-12-09,CSCO,-0.037066996,0.013554454,-0.0085136294
2020-12-09,IBM,0.0075688362,0.010703683,0.0024605989
2020-12-09,INTC,0.031968594,0.011303663,-0.018482208
2020-12-09,MSFT,-9.5963478e-05,0.0075520277,-0.031592071
2020-12-09,NKE,0.013914585,0.0060222149,0.0012071133
2020-12-09,VZ,-0.024129331,0.017341733,-0.015693009
2020-12-09,WMT,-0.0033022761,0.0085420609,0.013976693
2020-12-10,AAPL,0.014900923,0.019679904,-0.02293098
2020-12-10,AMGN,0.014156818,0.021235466,-0.013223231
2020-12-10,CRM,0.039606333,0.022199869,-0.019046545
2020-12-10,CSCO,0.0020779371,0.006562233,-0.01155889
2020-12-10,IBM,0.0053957701,0.0053812265,-0.0037297606
2020-12-10,INTC,-0.0077444911,0.0021320581,-0.0190292
2020-12-10,MSFT,-0.0011264086,0.0086046457,-0.01630336
2020-12-10,NKE,0.017518759,0.026703596,-0.0077694058
2020-12-10,VZ,0.0062160492,0.0034381151,-0.00056481361
2020-12-10,WMT,-0.007619977,0.017357111,0.0039634705
2020-12-11,AAPL,-0.032648087,0.017211795,-0.0087801814
2020-12-11,AMGN,-0.0075184107,0.04092133,-0.01575768
2020-12-11,CRM,0.047763824,-0.025968134,-0.018290341
2020-12-11,CSCO,0.013240218,0.0006223917,-0.016427934
2020-12-11,IBM,0.022571087,0.0030888319,-0.018045247
2020-12-11,INTC,0.012211561,0.018903971,0.023380876
2020-12-11,MSFT,-0.0071222186,0.0040324926,-0.021267176
2020-12-11,NKE,-0.0019205213,0.0053247213,-0.0010205507
2020-12-11,VZ,0.011914372,0.0055906773,-0.0081670284
2020-12-11,WMT,-0.016429543,0.011153579,-0.012330592
2020-12-14,AAPL,0.031527877,-0.0023194551,-0.0095181465
2020-12-14,AMGN,-0.030468762,-0.0049966574,-0.0061498284
2020-12-14,CRM,0.022130132,-0.0085725188,-0.014811456
2020-12-14,CSCO,-0.0051638484,0.0303545,-0.023912787
2020-12-14,IBM,-0.0091167092,0.004150629,0.0020304918
2020-12-14,INTC,-0.016258955,0.018875241,-0.02915591
2020-12-14,MSFT,-0.0042654872,0.017047048,-0.020912647
2020-12-14,NKE,0.034949899,0.0076555014,-0.019211352
2020-12-14,VZ,-0.014065027,0.0065097809,0.0040314198
2020-12-14,WMT,-0.0023368597,0.0078099966,-0.0090754628
2020-12-15,AAPL,-0.027814209,0.0177387,-0.016300857
2020-12-15,AMGN,-0.010989547,0.018631101,-0.017451167
2020-12-15,CRM,0.044101954,0.0057666302,-0.0093919039
2020-12-15,CSCO,0.03803277,0.013830662,-0.0072009563
2020-12-15,IBM,0.0031933784,0.0084216595,0.00049328804
2020-12-15,INTC,-0.010971606,0.021585464,-0.0066004395
2020-12-15,MSFT,0.019291043,0.00059223175,-0.0019629002
2020-12-15,NKE,0.011004686,0.026449442,-0.014326513
2020-12-15,VZ,0.018003464,0.0086637735,-0.0075635314
2020-12-15,WMT,-0.003184855,0.014518023,-0.0072373152
2020-12-16,AAPL,-0.010955274,0.025288105,-0.0079137683
2020-12-16,AMGN,-0.021816313,0.021475077,-0.0014924407
2020-12-16,CRM,-0.034110725,0.0069918633,-0.0024767518
2020-12-16,CSCO,-0.014779747,0.0039284229,-0.032557726
2020-12-16,IBM,0.0071121454,0.0009676218,-0.0046804547
2020-12-16,INTC,-0.014429808,-0.0033103824,0.0023736954
2020-12-16,MSFT,-0.0039483905,0.016287923,-0.0087551475
2020-12-16,NKE,0.01014781,0.015637398,-0.004778862
2020-12-16,VZ,-0.0034154654,0.016194105,-0.0006531477
2020-12-16,WMT,0.0030441284,0.0088666677,0.0054638386
2020-12-17,AAPL,-0.015440106,0.017293572,-0.011146128
2020-12-17,AMGN,-0.041294098,0.018061996,-0.014276028
2020-12-17,CRM,0.0083525181,0.0051910877,-0.022910297
2020-12-17,CSCO,-0.013547957,0.012558937,-0.015016615
2020-12-17,IBM,0.006462574,0.011627316,0.0074068308
2020-12-17,INTC,0.0077102184,0.01720202,0.004170537
2020-12-17,MSFT,0.014345884,-0.0077746511,-0.0042119622
2020-12-17,NKE,0.0084453821,0.0095111132,-0.017805398
2020-12-17,VZ,0.0066748857,0.010614276,-0.006788373
2020-12-17,WMT,0.0013080835,0.010822654,-0.0056038499
2020-12-18,AAPL,0.016735792,0.030411482,6.0677528e-05
2020-12-18,AMGN,-0.0036251545,0.021046162,-0.032098413
2020-12-18,CRM,-0.036062539,0.013335705,-0.02153635
2020-12-18,CSCO,0.0069051981,0.007119894,-0.0092164874
2020-12-18,IBM,0.032825589,0.0044629574,-0.015019
2020-12-18,INTC,-0.011057496,0.0032596588,-0.00042337179
2020-12-18,MSFT,-0.0138762,0.01171577,-0.018077135
2020-12-18,NKE,-0.0017058253,0.018699288,-0.023992956
2020-12-18,VZ,-0.0018200874,0.037655473,0.0003541708
2020-12-18,WMT,0.00044345856,0.012674451,-0.015120268
2020-12-21,AAPL,-0.023269117,0.0063946247,-0.022210062
2020-12-21,AMGN,-0.0034064651,0.011087775,-0.011296749
2020-12-21,CRM,0.017327905,0.035844684,-0.038849533
2020-12-21,CSCO,0.0027362108,-0.0010686517,-0.013754129
2020-12-21,IBM,-0.00058537722,0.0060398579,-0.0020967126
2020-12-21,INTC,-0.00627321,0.013832808,-0.016638637
2020-12-21,MSFT,-0.018592954,0.0063271523,-0.01796633
2020-12-21,NKE,-0.014160097,0.014781475,-0.0072054267
2020-12-21,VZ,-0.0097028613,-0.0081564784,-0.0058041811
2020-12-21,WMT,-0.0075892806,0.021198153,0.0041571856
2020-12-22,AAPL,0.033113599,0.0068308115,-0.015415549
2020-12-22,AMGN,-0.028032243,0.032862902,-0.011439741
2020-12-22,CRM,0.020873904,0.048404336,-0.028748214
2020-12-22,CSCO,-0.0035793781,0.021754146,-0.012857556
2020-12-22,IBM,0.015375495,0.015070677,-0.019841135
2020-12-22,INTC,-0.0049912333,0.004784584,-0.011656761
2020-12-22,MSFT,0.0055469275,0.019551635,-0.0011603832
2020-12-22,NKE,-0.027320623,0.0024656057,-0.030691385
2020-12-22,VZ,-0.011330187,0.018557787,-0.0059893131
2020-12-22,WMT,0.0096666813,-0.0039057732,-0.011640966
2020-12-23,AAPL,-0.035650074,-0.0017084479,-0.001912415
2020-12-23,AMGN,-0.0093064904,0.0058193207,-0.014150143
2020-12-23,CRM,0.012662172,0.0071725845,0.013554692
2020-12-23,CSCO,0.0051696301,0.0095845461,-0.0094990134
2020-12-23,IBM,-0.010678709,0.020560145,-0.0046059489
2020-12-23,INTC,0.0024803877,0.013447165,-0.020585716
2020-12-23,MSFT,-0.0053341389,0.017315269,-0.026775181
2020-12-23,NKE,0.01392436,0.017153502,-0.018364787
2020-12-23,VZ,0.001095295,0.020282507,-0.0083486438
2020-12-23,WMT,0.0095279217,0.022885323,-0.014300168
2020-12-24,AAPL,-0.042208314,0.0039818287,-0.025612295
2020-12-24,AMGN,-0.023992777,0.013271332,0.01377821
2020-12-24,CRM,-0.0090239048,-0.0052105188,-0.016287506
2020-12-24,CSCO,0.0093539953,0.011084318,-0.018226445
2020-12-24,IBM,-0.0030739903,-0.0028399825,0.001081109
2020-12-24,INTC,-0.03126353,-0.0011719465,-0.019969463
2020-12-24,MSFT,-0.054089367,0.0021572113,-0.0018000603
2020-12-24,NKE,0.0039914846,0.0039678812,-0.00038164854
2020-12-24,VZ,-0.020883977,0.0066831112,-0.01564759
2020-12-24,WMT,-0.01353395,0.0068697929,-0.0043888092
2020-12-28,AAPL,-0.0055565238,0.011520982,-0.0086974502
2020-12-28,AMGN,0.011969447,0.018838763,0.0013920069
2020-12-28,CRM,-0.020288646,0.033505797,-0.0022729635
2020-12-28,CSCO,0.00077772141,-0.0049898624,0.0021065474
2020-12-28,IBM,-0.021668077,0.0088061094,-0.018656492
2020-12-28,INTC,-0.012785435,0.0063105822,0.008867979
2020-12-28,MSFT,-0.021939754,0.0041191578,-0.0086909533
2020-12-28,NKE,0.021537423,0.017584682,-0.00015431643
2020-12-28,VZ,-0.0069320202,0.00067305565,-0.0031991005
2020-12-28,WMT,-0.013055205,0.0016928911,-0.010985792
2020-12-29,AAPL,-0.0071477294,0.0068602562,-0.025077581
2020-12-29,AMGN,-0.030324578,0.029979944,-0.01585871
2020-12-29,CRM,0.044844985,0.026520729,-0.00069743395
2020-12-29,CSCO,-0.018376827,0.012657404,-0.019185483
2020-12-29,IBM,0.010542989,0.0029699802,-0.012194812
2020-12-29,INTC,0.0028481483,0.012229443,0.001652956
2020-12-29,MSFT,-0.012140691,0.011951685,-0.018389523
2020-12-29,NKE,-0.0029287338,0.0038559437,-0.0078731775
2020-12-29,VZ,0.0094259977,0.0075696707,-0.021455228
2020-12-29,WMT,-0.018605053,-0.0071083307,-0.016374707
2020-12-30,AAPL,-0.034730732,-0.012991965,-0.021587014
2020-12-30,AMGN,-0.0017351508,0.015347242,-0.023002803
2020-12-30,CRM,-0.005278945,-0.0046127439,-0.015349627
2020-12-30,CSCO,0.0097792149,0.011943698,-0.030861795
2020-12-30,IBM,-0.0063694119,-0.0025945902,-0.0016679764
2020-12-30,INTC,0.01084125,0.023409963,0.006210804
2020-12-30,MSFT,-0.0026535988,0.0015188456,0.0033181906
2020-12-30,NKE,0.012801409,0.011360168,-0.012690485
2020-12-30,VZ,0.0028300285,0.017362952,-0.00023198128
2020-12-30,WMT,0.003844738,0.01999557,-0.0034621358
2020-12-31,AAPL,-0.0052723885,0.006152153,5.4359436e-05
2020-12-31,AMGN,-0.031357348,-0.0058757067,-0.016353726
2020-12-31,CRM,-0.029632568,0.012568474,0.022441983
2020-12-31,CSCO,0.0010168552,0.0092147589,-0.02720201
2020-12-31,IBM,-0.008261323,-0.00045329332,-0.0070846677
2020-12-31,INTC,-0.0041807294,0.0012872219,-0.0065799356
2020-12-31,MSFT,0.012668133,0.015170813,0.0026355982
2020-12-31,NKE,-0.0021229386,0.0074427128,-0.0074820518
2020-12-31,VZ,-0.0091371536,0.00031220913,-0.0067982674
2020-12-31,WMT,-0.011465073,0.001412034,-0.018776476
2021-01-04,AAPL,0.00041162968,0.018146992,0.01032114
2021-01-04,AMGN,0.0076218843,0.03303051,-0.021423101
2021-01-04,CRM,0.00021719933,0.015162945,-0.0095832944
2021-01-04,CSCO,-0.036374509,-0.014572203,-0.011836946
2021-01-04,IBM,-0.0041906834,0.0052258968,0.0080575943
2021-01-04,INTC,-0.023576438,0.0070997477,0.0065895319
2021-01-04,MSFT,0.00074732304,0.015977979,0.0081496239
2021-01-04,NKE,-0.010863364,-0.0068033934,-0.020930231
2021-01-04,VZ,0.018537879,0.0017455816,0.0043363571
2021-01-04,WMT,0.01626873,-0.0076841712,-0.0059501529
2021-01-05,AAPL,0.017282248,0.012356639,-0.005218029
2021-01-05,AMGN,-0.022420108,0.010017514,-0.013447762
2021-01-05,CRM,-0.024372876,0.014998555,0.0074698925
2021-01-05,CSCO,-0.017630994,0.013299346,-0.0067405701
2021-01-05,IBM,-0.0012018085,0.0064544678,-0.00755018
2021-01-05,INTC,0.020011067,0.024117112,-0.0054196715
2021-01-05,MSFT,0.00061714649,0.0259763,-0.017014861
2021-01-05,NKE,0.0027271509,0.006901741,-0.021771371
2021-01-05,VZ,-0.0066137314,0.0098297596,-0.0051307082
2021-01-05,WMT,-0.023853481,0.021265388,0.0079286098
2021-01-06,AAPL,-0.0039892197,0.020942926,-0.019450724
2021-01-06,AMGN,0.0047645569,0.0025917292,-0.0095391273
2021-01-06,CRM,-0.0072009563,0.0025324821,-0.031588256
2021-01-06,CSCO,-0.034437835,0.025692463,-0.032616735
2021-01-06,IBM,0.00034546852,0.018849015,-0.012422204
2021-01-06,INTC,0.0012928247,0.014539003,0.004295826
2021-01-06,MSFT,0.038690448,-0.0070621371,-0.014670789
2021-01-06,NKE,-0.027164996,0.017909408,0.0048838854
2021-01-06,VZ,0.015325189,0.016802549,0.0034998655
2021-01-06,WMT,-0.020086288,0.0014897585,-0.017642796
2021-01-07,AAPL,-0.015115917,0.02753365,-0.021296263
2021-01-07,AMGN,-0.020022511,0.0031907558,-0.022309959
2021-01-07,CRM,0.011929035,0.057954073,0.0061919689
2021-01-07,CSCO,-0.015301347,0.0021550655,-0.0060310364
2021-01-07,IBM,0.0042542219,0.0092763901,-0.004838109
2021-01-07,INTC,-0.037988961,-0.0052787662,-0.01205802
2021-01-07,MSFT,0.011550188,0.00039684772,0.00020468235
2021-01-07,NKE,-0.015231729,0.013973117,-0.023563027
2021-01-07,VZ,-0.0052576661,-0.0069546103,0.0065641403
2021-01-07,WMT,-0.010950446,0.0017002821,-0.019107699
2021-01-08,AAPL,-0.010335743,0.0083076954,-0.0074057579
2021-01-08,AMGN,-0.022458255,0.024240494,-0.018092811
2021-01-08,CRM,0.013887644,0.0054939985,0.01666677
2021-01-08,CSCO,-0.026217461,0.013901472,-0.030928373
2021-01-08,IBM,-0.0083486438,0.0020929575,-0.017511606
2021-01-08,INTC,-0.033494949,-0.0046428442,0.00082993507
2021-01-08,MSFT,-0.0074471831,-0.0057866573,-0.0066849589
2021-01-08,NKE,0.0058246851,0.0030004978,-0.011523783
2021-01-08,VZ,-0.011465549,-0.0022792816,0.0030385256
2021-01-08,WMT,0.0035825968,0.0072197914,-0.0079352856
2021-01-11,AAPL,-0.0014206171,0.0067850351,-0.016299963
2021-01-11,AMGN,-0.0036716461,0.0078436136,0.0088220835
2021-01-11,CRM,0.018116117,0.018320799,-0.020240307
2021-01-11,CSCO,-0.0093424916,0.010589242,-0.0002425909
2021-01-11,IBM,-0.0069560409,-0.0064982176,0.0049809217
2021-01-11,INTC,-0.017996073,-0.008618474,-0.029578149
2021-01-11,MSFT,0.0024392605,0.01700604,0.0026552677
2021-01-11,NKE,-0.011650205,0.0027003288,-0.0058153868
2021-01-11,VZ,0.015340805,0.0085721016,-0.023378253
2021-01-11,WMT,-0.013894439,0.011473536,0.002705574
2021-01-12,AAPL,0.036331892,0.017147541,-0.017484903
2021-01-12,AMGN,-0.0029747486,0.0072466135,-0.0058733225
2021-01-12,CRM,0.030093312,0.01183176,-0.016340852
2021-01-12,CSCO,0.014698505,-0.00032424927,9.8109245e-05
2021-01-12,IBM,-0.019752443,0.0019513369,-0.0093708634
2021-01-12,INTC,0.00087678432,-0.0048559308,-0.024146795
2021-01-12,MSFT,0.0059199333,0.0093845129,-0.012066722
2021-01-12,NKE,-0.024027586,0.020257115,-0.0075247884
2021-01-12,VZ,-0.0067109466,0.0019210577,-0.00067180395
2021-01-12,WMT,0.0062053204,0.0080001354,-0.0057350993
2021-01-13,AAPL,-0.044856906,0.013954401,-0.020985782
2021-01-13,AMGN,-0.01241231,0.015422225,-0.014013886
2021-01-13,CRM,0.036076665,0.017991185,-0.0023040175
2021-01-13,CSCO,0.0257442,0.024143815,-0.010034621
2021-01-13,IBM,-0.01798737,0.012225866,-0.010938525
2021-01-13,INTC,-0.0094717145,0.021587372,-0.0020641685
2021-01-13,MSFT,0.028079152,0.010656476,-0.010705352
2021-01-13,NKE,-0.0022501349,-0.007524848,-0.011208415
2021-01-13,VZ,0.0039079189,0.012396693,-9.8407269e-05
2021-01-13,WMT,-0.0066351891,0.01189971,-0.0092537403
2021-01-14,AAPL,-0.0035053492,0.023367643,-0.022671819
2021-01-14,AMGN,0.018998504,0.012184024,-0.015362084
2021-01-14,CRM,0.019096017,0.013675332,-0.011601806
2021-01-14,CSCO,0.015732408,-0.0039700866,-0.0082092881
2021-01-14,IBM,-0.011470258,0.0054209232,-0.0024780631
2021-01-14,INTC,-0.030729115,0.02155447,-0.0075561404
2021-01-14,MSFT,0.015624762,0.016505957,-0.020439863
2021-01-14,NKE,0.0079333782,0.019714117,-0.019174635
2021-01-14,VZ,-0.0074700117,0.0017966032,-0.029467762
2021-01-14,WMT,-0.0088291764,0.015705585,-0.014809191
2021-01-15,AAPL,-0.0022875071,0.0059093237,-0.0028665066
2021-01-15,AMGN,-0.026727378,0.010102391,-0.016694427
2021-01-15,CRM,0.076574206,0.018006206,-0.024840713
2021-01-15,CSCO,-0.013538063,-0.00013852119,0.0013468266
2021-01-15,IBM,0.011294603,0.017063498,-0.0053203702
2021-01-15,INTC,-0.021608174,0.011595368,-0.02210778
2021-01-15,MSFT,-0.0021365881,-0.0028530359,-0.0052133203
2021-01-15,NKE,-0.0053722262,0.01008749,-0.0025942326
2021-01-15,VZ,0.0030758381,0.0025799274,-0.0082652569
2021-01-15,WMT,-0.0090485215,0.018489003,0.001259923
2021-01-19,AAPL,-0.023230374,0.0067296028,-0.0095261335
2021-01-19,AMGN,0.016758442,0.0010129213,-0.017717361
2021-01-19,CRM,0.012699127,-0.018882513,-0.018302143
2021-01-19,CSCO,0.0037220716,0.0076379776,-0.0083313584
2021-01-19,IBM,-0.022119761,0.0072859526,0.0036326647
2021-01-19,INTC,0.0018428564,-0.0082543492,-0.01370126
2021-01-19,MSFT,0.0034813881,0.012550712,-0.01482743
2021-01-19,NKE,0.027675629,0.025833607,0.0082069635
2021-01-19,VZ,0.0068141222,0.0095864534,-0.0030812025
2021-01-19,WMT,-0.031333327,0.013489604,-0.010383487
2021-01-20,AAPL,0.020419598,0.056237459,-0.0025296807
2021-01-20,AMGN,0.018815279,0.0041663647,-0.0094711781
2021-01-20,CRM,-0.024763107,-0.012544096,-0.040830076
2021-01-20,CSCO,-0.0302369,-0.00016778708,-0.023275256
2021-01-20,IBM,-0.0069590807,0.0046159029,-0.0044506788
2021-01-20,INTC,0.010101914,0.007401228,0.017420173
2021-01-20,MSFT,0.016492248,0.009196043,-0.013393342
2021-01-20,NKE,0.0043147802,0.0045907497,-0.0071738958
2021-01-20,VZ,-0.024767399,-0.00044208765,-0.018907607
2021-01-20,WMT,-0.013385713,0.009693265,-0.00045144558
2021-01-21,AAPL,0.060555696,0.015616298,0.0083025694
2021-01-21,AMGN,-0.021943569,0.021877527,-0.003591001
2021-01-21,CRM,0.01987505,0.031666875,-0.0029211044
2021-01-21,CSCO,0.012419581,0.003057003,-0.016353607
2021-01-21,IBM,0.011419535,0.01738739,-0.01145941
2021-01-21,INTC,0.025981426,0.031647682,0.0021165609
2021-01-21,MSFT,-0.0045238733,-0.011834979,-0.017127514
2021-01-21,NKE,-0.024752975,0.0065088272,-0.040655136
2021-01-21,VZ,-0.002410531,0.014621854,-0.021691918
2021-01-21,WMT,-0.0084270835,0.010789514,-0.0075567365
2021-01-22,AAPL,0.020285487,0.032634258,0.0058133602
2021-01-22,AMGN,0.0064834356,0.02493453,-0.020956159
2021-01-22,CRM,0.003511548,-0.0027433038,-0.010268331
2021-01-22,CSCO,0.00012254715,0.013607979,-0.023231924
2021-01-22,IBM,-0.0066379309,0.028770804,-0.0084563494
2021-01-22,INTC,-0.0075803399,0.025806427,-0.021566212
2021-01-22,MSFT,-0.012763381,0.03153193,-0.00077068806
2021-01-22,NKE,-0.013822675,-0.0046520233,-0.0080702305
2021-01-22,VZ,-0.012400508,0.00061404705,-0.0040635467
2021-01-22,WMT,0.0093156099,0.014285088,-0.00055766106
2021-01-25,AAPL,-0.013813198,0.024004579,-0.020223379
2021-01-25,AMGN,-0.015933871,0.015194058,0.0070953369
2021-01-25,CRM,-0.010296345,0.0044907331,-0.049861133
2021-01-25,CSCO,0.00065243244,0.009447813,-0.011509299
2021-01-25,IBM,-0.012821436,0.0074825287,-0.00010567904
2021-01-25,INTC,0.0090991259,0.015423179,-0.016199291
2021-01-25,MSFT,0.003169179,0.0083299875,-0.019788504
2021-01-25,NKE,-0.015133977,-0.013738692,0.0025104284
2021-01-25,VZ,-0.0058097243,0.012204409,0.013283134
2021-01-25,WMT,-0.010232329,0.0047929287,-0.0068505406
2021-01-26,AAPL,-0.038595021,-0.013941646,-0.0046634674
2021-01-26,AMGN,0.025422812,0.011510968,-0.0041872263
2021-01-26,CRM,0.046949387,0.0094368458,-0.0016757846
2021-01-26,CSCO,0.018776417,0.01651454,-0.013116598
2021-01-26,IBM,-0.02153933,0.017478466,-0.0045111179
2021-01-26,INTC,-0.0040236712,-0.011164844,-0.0066614747
2021-01-26,MSFT,0.013571262,0.011913538,0.0002733469
2021-01-26,NKE,0.013362765,0.004560709,-0.0082294345
2021-01-26,VZ,-0.0082020164,0.018201709,0.0053669214
2021-01-26,WMT,0.013931274,0.0073947906,-0.0045916438
2021-01-27,AAPL,-0.024917901,0.034733653,-0.025194824
2021-01-27,AMGN,0.0053913593,0.034666061,-0.023381948
2021-01-27,CRM,0.0011535883,0.0070463419,-0.0075595975
2021-01-27,CSCO,0.0084471703,0.025455475,0.0062152147
2021-01-27,IBM,0.016191244,0.016820431,0.0015404224
2021-01-27,INTC,0.011950135,-0.0047253966,-0.0051727891
2021-01-27,MSFT,-0.0023797154,0.02552855,-0.012767017
2021-01-27,NKE,-0.026693523,0.004976511,-0.019188106
2021-01-27,VZ,0.0060641766,-0.0019983053,-0.022603631
2021-01-27,WMT,-0.005006969,0.0015726089,-0.011389911
2021-01-28,AAPL,-0.024248898,0.015971661,-0.0042564273
2021-01-28,AMGN,0.007258296,0.0014572144,0.0070170164
2021-01-28,CRM,-0.014083922,0.025868297,-0.0090484023
2021-01-28,CSCO,0.0024950504,0.022713304,-0.0032710433
2021-01-28,IBM,0.019886971,0.010661125,-0.0037121177
2021-01-28,INTC,-0.035380363,0.001942277,-0.016380489
2021-01-28,MSFT,0.0099873543,0.01185441,-0.018971682
2021-01-28,NKE,0.0087932348,0.0051134825,-0.014923275
2021-01-28,VZ,0.015556455,0.017396212,-0.014567494
2021-01-28,WMT,0.0049120188,0.0085179806,-0.010176778
2021-01-29,AAPL,0.015526891,0.014405727,-0.0077403188
2021-01-29,AMGN,0.0083525181,-0.0046758056,-0.014890075
2021-01-29,CRM,-0.030881286,0.016800761,-0.014788508
2021-01-29,CSCO,-0.021030724,0.012960911,-0.016847849
2021-01-29,IBM,0.015704989,0.0040119886,-0.00042313337
2021-01-29,INTC,-0.0093233585,0.032788634,-0.015491426
2021-01-29,MSFT,0.016105294,0.022669911,-0.014441729
2021-01-29,NKE,-0.0049857497,-0.0079783201,-0.013115108
2021-01-29,VZ,0.011787415,0.0017492771,-0.0055869818
2021-01-29,WMT,-0.012558818,0.012292385,-0.023691595
2021-02-01,AAPL,0.01073432,0.020902514,-0.0091521144
2021-02-01,AMGN,-0.0088402033,0.015189528,-0.010708988
2021-02-01,CRM,0.0089918375,0.0208745,-0.0089796185
2021-02-01,CSCO,-0.0006968379,0.017831326,-0.026278138
2021-02-01,IBM,-0.030595422,0.0078064203,-0.0076476932
2021-02-01,INTC,-0.0096520782,0.006644845,0.0012184381
2021-02-01,MSFT,-0.045301974,0.017469883,-0.00020200014
2021-02-01,NKE,-0.039752603,0.013565898,0.0077761412
2021-02-01,VZ,-0.020259023,0.018484712,-0.0070490241
2021-02-01,WMT,-0.017054677,0.020861387,-0.0081115961
2021-02-02,AAPL,-0.0096388459,0.022147298,-0.0016863346
2021-02-02,AMGN,-0.0039206147,0.022814989,-0.015653133
2021-02-02,CRM,-0.015740275,0.0094848871,-0.01186204
2021-02-02,CSCO,0.0027705431,0.0079475641,-0.0010969043
2021-02-02,IBM,-0.0020080209,0.021313071,-0.0043523908
2021-02-02,INTC,0.00012743473,0.014990091,-0.032997012
2021-02-02,MSFT,-0.0019875169,0.013424516,0.0005774498
2021-02-02,NKE,0.017704368,0.0081387758,-0.012915194
2021-02-02,VZ,0.0081472397,-0.00064063072,-0.024123073
2021-02-02,WMT,-0.009598732,0.006414175,-0.021432757
2021-02-03,AAPL,-0.041446149,-0.0060505867,-0.0065589547
2021-02-03,AMGN,-0.0072096586,0.024335146,-0.0047771335
2021-02-03,CRM,0.039227128,0.026799679,-0.0063381791
2021-02-03,CSCO,0.015937805,0.0036138296,-0.0049545169
2021-02-03,IBM,-0.002379179,0.0045341253,-0.0063031316
2021-02-03,INTC,-0.0058618784,0.017427564,-0.032922447
2021-02-03,MSFT,0.024889469,-0.010588706,-0.022185266
2021-02-03,NKE,-0.018407762,0.015831113,0.0016739368
2021-02-03,VZ,-0.0017308593,0.016391873,-0.020833075
2021-02-03,WMT,-0.015063107,-0.0037186742,-0.0014783144
2021-02-04,AAPL,0.01169908,-0.016029119,-0.011547387
2021-02-04,AMGN,-0.01642704,0.018440247,-0.025840104
2021-02-04,CRM,-0.0098657012,0.014687777,0.022733688
2021-02-04,CSCO,0.0087991953,0.010531306,-0.0050094128
2021-02-04,IBM,0.013380766,0.0021346807,-0.01242578
2021-02-04,INTC,0.012684464,0.005271554,-0.0295102
2021-02-04,MSFT,0.032248616,0.030774355,-0.021606266
2021-02-04,NKE,0.010527611,0.021411896,0.015315056
2021-02-04,VZ,0.00049889088,0.02220726,0.0090848207
2021-02-04,WMT,-0.0039913654,0.014913678,-0.0021623373
2021-02-05,AAPL,-0.016142726,0.021998525,-0.027680874
2021-02-05,AMGN,-0.018666685,0.0072515011,-0.0095116496
2021-02-05,CRM,-0.025063574,0.0070905685,0.014359117
2021-02-05,CSCO,-4.7802925e-05,0.0039671659,-0.010529757
2021-02-05,IBM,-0.02731657,0.017022491,0.0021271706
2021-02-05,INTC,0.0092145205,0.018519044,-0.0085840225
2021-02-05,MSFT,0.0029194355,-0.00082033873,-0.01936543
2021-02-05,NKE,0.017696977,-0.016973555,0.013734818
2021-02-05,VZ,-0.012168229,0.00089752674,-0.0090885162
2021-02-05,WMT,0.023387194,0.017690897,-0.023364484
2021-02-08,AAPL,-0.01339525,0.015583515,-0.0020971894
2021-02-08,AMGN,-0.0070124269,0.0065453053,-0.0014683604
2021-02-08,CRM,-0.025607944,0.021491647,-0.039200962
2021-02-08,CSCO,-0.01479423,0.0028192997,0.0008699894
2021-02-08,IBM,0.0017137527,0.0028266907,-0.010519147
2021-02-08,INTC,0.00050795078,0.02236557,-0.016723573
2021-02-08,MSFT,-0.011483073,0.0086952448,-0.0088990927
2021-02-08,NKE,-0.0036901832,0.011965752,0.009455204
2021-02-08,VZ,-0.0039697886,-0.0079534054,-0.019364774
2021-02-08,WMT,-0.0082665086,0.0099098682,0.00039374828
2021-02-09,AAPL,0.046975613,0.010241508,-0.01380384
2021-02-09,AMGN,0.010975718,-0.0020568371,-0.0068116784
2021-02-09,CRM,0.012954473,0.023997664,0.004024148
2021-02-09,CSCO,0.016097546,0.012442589,0.0035208464
2021-02-09,IBM,0.004389286,0.018908978,0.0025302172
2021-02-09,INTC,0.01239562,0.0084011555,-0.0025870204
2021-02-09,MSFT,0.0038448572,0.022785902,-0.0053914785
2021-02-09,NKE,0.00091159344,0.0066648722,-0.0054581761
2021-02-09,VZ,0.0015984774,0.0084044933,-0.019702971
2021-02-09,WMT,-0.030800164,0.010033607,-0.010956049
2021-02-10,AAPL,-0.0094456077,0.0024365187,0.0057497025
2021-02-10,AMGN,-0.028792262,0.019963026,-0.013087094
2021-02-10,CRM,-0.02828759,0.025772929,-0.029867947
2021-02-10,CSCO,0.010610342,0.0054472685,-0.016530871
2021-02-10,IBM,0.0039414167,0.015191793,-0.001567781
2021-02-10,INTC,-0.010189414,0.0063861609,-0.0054530501
2021-02-10,MSFT,0.035344243,0.011188745,-0.019742787
2021-02-10,NKE,0.0023881197,0.013349891,-0.0074816942
2021-02-10,VZ,-0.027458608,0.012352586,-0.01306355
2021-02-10,WMT,0.0076892376,0.012700677,-0.017132938
2021-02-11,AAPL,0.013835311,0.0078909397,-0.0055546165
2021-02-11,AMGN,-0.013227761,0.026524186,-0.0087026358
2021-02-11,CRM,0.012086868,0.032086372,0.016222477
2021-02-11,CSCO,0.016622543,0.0083025694,0.004481554
2021-02-11,IBM,-0.026941657,0.012775183,-0.0083737373
2021-02-11,INTC,-0.0013579726,-0.006203115,-0.0024873018
2021-02-11,MSFT,0.012334704,0.013722539,-0.028801501
2021-02-11,NKE,-0.011053622,0.016077042,-0.019124687
2021-02-11,VZ,0.018733501,0.0071644783,-0.010147929
2021-02-11,WMT,0.0064034462,0.018435001,-0.0075350404
2021-02-12,AAPL,0.010703325,0.0023518801,-0.021445513
2021-02-12,AMGN,0.00055444241,-0.0014479756,-0.020816684
2021-02-12,CRM,0.050137877,0.025801539,0.0077943802
2021-02-12,CSCO,0.00060176849,0.010637403,-0.008220911
2021-02-12,IBM,0.00088953972,0.016070485,0.020771503
2021-02-12,INTC,-0.010060787,0.01454854,0.0028733015
2021-02-12,MSFT,0.0168823,-0.0037723184,-0.01627624
2021-02-12,NKE,0.003854394,0.0031899214,0.0084908009
2021-02-12,VZ,-0.0032319427,0.011538625,-0.016772032
2021-02-12,WMT,-0.020966351,0.0095080137,-0.0038454533
2021-02-16,AAPL,0.0078605413,-0.0070276856,-0.030045569
2021-02-16,AMGN,0.0064902306,0.018656969,0.0028921366
2021-02-16,CRM,-0.0018294454,0.016615987,-0.012808383
2021-02-16,CSCO,0.00014686584,0.016065717,-0.020001709
2021-02-16,IBM,-0.0030103326,0.011101365,-0.0077368021
2021-02-16,INTC,0.03958106,0.020185709,-0.010593832
2021-02-16,MSFT,0.0048414469,0.0078533888,-0.021636367
2021-02-16,NKE,0.00047409534,0.0027514696,0.0043082237
2021-02-16,VZ,-0.0044620633,0.0037156343,-0.017279923
2021-02-16,WMT,0.014755249,0.014089823,-0.0091369152
2021-02-17,AAPL,-0.013768435,0.018464684,-0.032033443
2021-02-17,AMGN,0.030377507,0.0054652691,-0.0052446723
2021-02-17,CRM,0.016818404,0.019512653,-0.0043866634
2021-02-17,CSCO,0.014032841,-0.0047940016,-0.0072106719
2021-02-17,IBM,0.00037503242,0.01028204,-0.02740097
2021-02-17,INTC,-0.010169923,0.0042351484,0.0016585588
2021-02-17,MSFT,0.0049064159,0.0031605959,-0.0090729594
2021-02-17,NKE,-0.041750729,0.0098669529,0.0092785358
2021-02-17,VZ,-0.0019151568,0.024807334,-0.0072242022
2021-02-17,WMT,0.0094732046,0.018781185,-0.0093396902
2021-02-18,AAPL,-0.0058563948,0.012829304,-0.019006252
2021-02-18,AMGN,-0.0038237572,0.0018707514,-0.0052759647
2021-02-18,CRM,0.021806359,0.02897346,0.0011293888
2021-02-18,CSCO,-0.004774034,-0.0054278374,-0.0159536
2021-02-18,IBM,0.0014609098,0.022704601,0.0017535686
2021-02-18,INTC,-0.011873424,-0.01103127,0.0055294037
2021-02-18,MSFT,0.0093450546,-0.0072916746,-0.007714808
2021-02-18,NKE,0.0089572668,-0.010817111,-0.034065783
2021-02-18,VZ,-0.0125705,0.015774608,0.0066207647
2021-02-18,WMT,-0.012991011,0.015556216,0.0010129213
2021-02-19,AAPL,0.0063540936,0.03273046,-0.016335428
2021-02-19,AMGN,-0.023305833,0.0019750595,0.0050660372
2021-02-19,CRM,0.0080939531,0.006488204,-0.0060160756
2021-02-19,CSCO,-0.017293215,-0.0081045628,-0.0086641908
2021-02-19,IBM,-1.0848045e-05,0.0048638582,0.00091087818
2021-02-19,INTC,-0.010739028,-0.0060856342,-0.013340414
2021-02-19,MSFT,-0.015644312,-0.00046283007,-0.018249929
2021-02-19,NKE,-0.0094370246,0.021690607,-0.01273042
2021-02-19,VZ,-0.013895333,0.018436313,0.0035972595
2021-02-19,WMT,-0.016665339,0.012008667,-0.015583158
2021-02-22,AAPL,0.034796596,0.0052592754,-0.016881883
2021-02-22,AMGN,-0.031332791,-0.0034121275,-0.015727162
2021-02-22,CRM,0.017484069,-0.0025613904,-0.023277342
2021-02-22,CSCO,0.035059452,0.01337254,0.0033563375
2021-02-22,IBM,-0.01029253,-0.004306972,0.0081769228
2021-02-22,INTC,-0.043021262,0.029453397,0.01067102
2021-02-22,MSFT,-0.0010665059,-0.0014615059,-0.0049410462
2021-02-22,NKE,-0.013992965,0.014675379,0.0061813593
2021-02-22,VZ,0.017632484,0.005212307,-0.017330766
2021-02-22,WMT,-0.013721585,0.013219953,-0.0060168505
2021-02-23,AAPL,-0.00050109625,0.0011723042,-0.031259
2021-02-23,AMGN,0.0020893812,0.024101734,-0.026124716
2021-02-23,CRM,0.01912117,0.021853209,-0.0053204894
2021-02-23,CSCO,0.045511842,0.0079320669,0.016097665
2021-02-23,IBM,0.0090011358,-0.00094980001,-0.0120911
2021-02-23,INTC,-0.0063505173,-0.0040168762,-0.0097641945
2021-02-23,MSFT,0.0076926947,0.015096426,-0.019449472
2021-02-23,NKE,0.0027467012,0.02634275,0.0016618967
2021-02-23,VZ,-0.001955092,0.01497376,-0.010607123
2021-02-23,WMT,-0.0060038567,0.016553402,-0.0059288144
2021-02-24,AAPL,-0.0043798685,0.0051963329,-0.0050994754
2021-02-24,AMGN,0.040907502,0.0068497658,-0.0076267123
2021-02-24,CRM,-0.016382337,0.018668175,-0.029896855
2021-02-24,CSCO,0.0080982447,0.016339779,-0.019396424
2021-02-24,IBM,-0.0026236176,0.011597991,-0.011816263
2021-02-24,INTC,0.054365754,0.017256975,-0.021837234
2021-02-24,MSFT,-0.022655487,0.010010004,-0.012571514
2021-02-24,NKE,-0.00079649687,0.008428216,-0.0020525455
2021-02-24,VZ,-0.003841877,0.014229536,-0.020776391
2021-02-24,WMT,-0.022670209,0.011850595,-0.015443206
2021-02-25,AAPL,0.016656995,0.014681339,-0.011024773
2021-02-25,AMGN,-0.015657127,0.0036454201,-0.0067831874
2021-02-25,CRM,0.029474854,-0.00087368488,-0.0083258152
2021-02-25,CSCO,-0.020132124,0.0017155409,0.0039570332
2021-02-25,IBM,0.0083898306,-0.0014351606,0.0037885904
2021-02-25,INTC,-0.023172557,-0.01174283,-0.0089091063
2021-02-25,MSFT,0.018718958,0.011176348,-0.022569478
2021-02-25,NKE,-0.023768306,-0.00046205521,0.0093083382
2021-02-25,VZ,-0.020354211,0.00026464462,-0.015570045
2021-02-25,WMT,-0.009262085,0.0076823235,-0.002607286
2021-02-26,AAPL,0.030879736,0.017639756,-0.034090221
2021-02-26,AMGN,-0.002281785,0.017714381,-0.0099242926
2021-02-26,CRM,-0.046154082,0.011072159,-0.024572492
2021-02-26,CSCO,0.020716667,0.0093868971,-6.8724155e-05
2021-02-26,IBM,-0.011852264,0.007694602,-0.0054081678
2021-02-26,INTC,-0.037756383,-0.012589395,-0.019741893
2021-02-26,MSFT,-0.0052150488,-0.00030308962,-0.01493901
2021-02-26,NKE,-0.016674876,0.0076671839,-0.025272727
2021-02-26,VZ,0.0064460039,-0.0022731423,-0.0035403371
2021-02-26,WMT,-0.028299809,0.012569547,-0.019093812
2021-03-01,AAPL,-0.0098811984,0.02488637,-0.0061529875
2021-03-01,AMGN,0.016013503,0.0023114681,-0.0080657005
2021-03-01,CRM,-0.0089985728,0.014289975,0.01799643
2021-03-01,CSCO,-0.02353394,0.019249201,-0.012426972
2021-03-01,IBM,-0.011450887,0.00075674057,-0.007742703
2021-03-01,INTC,-0.025543928,0.012630582,-0.015229583
2021-03-01,MSFT,0.023212314,-0.00446105,-0.0037173629
2021-03-01,NKE,-0.015964329,0.009852767,-0.025218427
2021-03-01,VZ,0.00080144405,0.011154532,-0.015868604
2021-03-01,WMT,-0.004756093,0.0076249838,-0.0020789504
2021-03-02,AAPL,-0.0071938634,0.014505267,-0.02804029
2021-03-02,AMGN,-0.005846858,0.0061182976,0.011446953
2021-03-02,CRM,0.0004273653,-0.0019910932,-0.025395691
2021-03-02,CSCO,0.012606144,0.020519614,-0.013946354
2021-03-02,IBM,-0.011736929,0.022700787,-0.020859122
2021-03-02,INTC,-0.01025331,-0.012060046,-0.0054565072
2021-03-02,MSFT,0.018454552,0.012647033,-0.008271277
2021-03-02,NKE,-0.011496246,-0.0011758804,-0.010509551
2021-03-02,VZ,-0.02011925,0.008633256,0.0010719299
2021-03-02,WMT,-0.017205119,0.0022130013,-0.016607821
2021-03-03,AAPL,-0.014340401,0.035369873,-0.027693212
2021-03-03,AMGN,0.0071976185,0.0085071325,-0.0022367239
2021-03-03,CRM,0.0045708418,0.015626431,-0.029859662
2021-03-03,CSCO,-0.024558604,0.0049786568,-0.0057482123
2021-03-03,IBM,-0.012364864,-0.00025594234,-0.0037596226
2021-03-03,INTC,-0.015641034,0.0098472834,-0.0060074329
2021-03-03,MSFT,0.011120439,0.012767792,0.0081807375
2021-03-03,NKE,-0.017639935,0.041707635,-0.0027364492
2021-03-03,VZ,0.0085561275,0.01313889,-0.02134198
2021-03-03,WMT,0.0056825876,0.0072767735,0.016234756
2021-03-04,AAPL,0.00093781948,0.0019075871,-0.0070019364
2021-03-04,AMGN,0.0070010424,0.013604283,-0.011864603
2021-03-04,CRM,-0.021307766,-0.014648139,0.010973334
2021-03-04,CSCO,0.012796998,-0.010598063,-0.011357486
2021-03-04,IBM,0.029916525,0.011196017,0.0096153021
2021-03-04,INTC,-0.012708485,-0.0022419095,0.0071715117
2021-03-04,MSFT,-0.034168661,0.011463523,0.0024805069
2021-03-04,NKE,-0.018960118,0.036172628,-0.0021056533
2021-03-04,VZ,-0.0042911172,0.005238533,-0.015864134
2021-03-04,WMT,0.005892396,0.00069344044,-0.0052366257
2021-03-05,AAPL,0.029726744,0.0099745989,-0.012549877
2021-03-05,AMGN,-0.027529418,0.02738142,-0.0048670769
2021-03-05,CRM,-0.0032386184,0.024854898,-0.012199402
2021-03-05,CSCO,0.020662665,-0.0010951161,-0.0055896044
2021-03-05,IBM,-0.0039657354,0.020844579,0.0082347393
2021-03-05,INTC,-0.0010160208,0.00077927113,-0.010637581
2021-03-05,MSFT,-0.022332907,0.018803835,-0.015454292
2021-03-05,NKE,-0.0023860931,0.02015245,-0.027876139
2021-03-05,VZ,0.0013223886,-0.0015774369,-0.0073571205
2021-03-05,WMT,0.0027756691,0.0024183989,-0.0098887086
2021-03-08,AAPL,-0.011021733,0.0050721169,-0.0080215335
2021-03-08,AMGN,0.0019307137,-0.012060642,-0.0065413713
2021-03-08,CRM,-0.036351383,-0.0085991621,-0.031919539
2021-03-08,CSCO,0.027909517,0.0070016384,-0.017694771
2021-03-08,IBM,-0.018326521,0.013901591,0.0018701553
2021-03-08,INTC,0.007104516,0.003764987,-0.016900599
2021-03-08,MSFT,0.0043840408,0.014863133,-0.016377628
2021-03-08,NKE,-0.0088828206,0.0071300268,-0.0089059472
2021-03-08,VZ,-0.035640955,0.021155477,-0.0076849461
2021-03-08,WMT,-0.0025928617,0.001247406,-0.018660307
2021-03-09,AAPL,-0.052758753,-0.0088381767,-0.0085321069
2021-03-09,AMGN,-0.018843234,0.022946,-0.014977992
2021-03-09,CRM,-0.018531203,0.020296097,-0.017954826
2021-03-09,CSCO,0.001756072,-0.0087343454,-0.0024170876
2021-03-09,IBM,-0.018689752,0.0094239712,-0.01628983
2021-03-09,INTC,0.036281943,0.01846385,-0.013416111
2021-03-09,MSFT,-0.002614975,0.011590481,-0.018344283
2021-03-09,NKE,0.0042239428,-0.0039758682,0.025956631
2021-03-09,VZ,-0.014532387,0.0068030357,-0.012559712
2021-03-09,WMT,-0.015151918,0.0059820414,-0.0045388341
2021-03-10,AAPL,-0.0076056719,0.012848735,-0.0043197274
2021-03-10,AMGN,-0.007876873,-0.00076508522,-0.0047249198
2021-03-10,CRM,-0.018962026,0.0019240379,-0.030746758
2021-03-10,CSCO,-0.0099375248,-0.0038295388,-0.0099594593
2021-03-10,IBM,-0.0063604116,0.011704445,-0.0059833527
2021-03-10,INTC,0.0059456825,0.0067236423,-0.0021815896
2021-03-10,MSFT,0.001876235,0.020463347,0.0023423433
2021-03-10,NKE,0.0065385103,0.0021789074,0.01160109
2021-03-10,VZ,-0.017598689,0.0080289841,-0.0028572679
2021-03-10,WMT,0.0036257505,-0.003147006,-0.0086249709
2021-03-11,AAPL,-0.004794538,0.0044772625,-0.0074717402
2021-03-11,AMGN,-0.018483877,0.019478083,-0.019860268
2021-03-11,CRM,0.007692337,0.01651752,-0.013193905
2021-03-11,CSCO,0.0055100918,0.0051144361,-0.0029699802
2021-03-11,IBM,-0.020748436,0.0054447651,-0.010516524
2021-03-11,INTC,-0.0054839849,0.01517725,-0.013508558
2021-03-11,MSFT,0.024535418,0.00088489056,-0.010312021
2021-03-11,NKE,0.012544394,0.027679205,-0.00075501204
2021-03-11,VZ,0.013187528,-0.014361858,-0.010219932
2021-03-11,WMT,0.011184573,-0.0088320374,-0.0028654933
2021-03-12,AAPL,0.0072350502,-0.014392972,0.00032246113
2021-03-12,AMGN,-0.01921618,0.019136429,0.00040256977
2021-03-12,CRM,-0.024798155,0.046020627,-0.021538794
2021-03-12,CSCO,0.0066218376,0.019515157,-0.0050320029
2021-03-12,IBM,0.012055397,-0.0073184967,-0.0017953515
2021-03-12,INTC,0.0082722902,0.012159228,-0.010418236
2021-03-12,MSFT,0.0069264174,0.019928336,-0.0022144318
2021-03-12,NKE,-0.016628683,0.0180583,-0.010382116
2021-03-12,VZ,-0.012098253,0.0085216761,-0.0036376119
2021-03-12,WMT,-0.013633132,-0.0015978813,0.0023289919
2021-03-15,AAPL,0.00051653385,0.015371084,-0.022286952
2021-03-15,AMGN,-0.013661742,0.028602123,0.003251791
2021-03-15,CRM,0.018800259,0.00093364716,-0.022080839
2021-03-15,CSCO,0.011690497,0.0032426119,-0.0098093748
2021-03-15,IBM,-0.0051035285,-0.0044697523,-0.015049279
2021-03-15,INTC,-0.017482698,0.012487054,-0.010205448
2021-03-15,MSFT,0.021182895,0.012185335,-0.0050550699
2021-03-15,NKE,0.015655756,0.017903686,0.0064028502
2021-03-15,VZ,-0.0064477324,0.0062007904,-0.0093661547
2021-03-15,WMT,-0.013545692,0.013115883,-0.018855512
2021-03-16,AAPL,0.027528405,0.019637227,-0.0095011592
2021-03-16,AMGN,-0.025217354,0.0026843548,-0.019385338
2021-03-16,CRM,-0.024602294,0.0070302486,0.00047659874
2021-03-16,CSCO,0.0060901642,0.0062228441,0.00056803226
2021-03-16,IBM,-0.00029438734,0.010437131,-0.0067785978
2021-03-16,INTC,-0.0086958408,0.02467227,-0.019959152
2021-03-16,MSFT,0.006020546,0.018039346,-0.014107823
2021-03-16,NKE,0.010165811,0.019057035,0.0014110804
2021-03-16,VZ,-0.019789457,0.012510777,0.00058412552
2021-03-16,WMT,-0.0070673823,0.0047821999,-0.0040112734
2021-03-17,AAPL,0.014174342,-0.0093317032,-0.019286573
2021-03-17,AMGN,0.0031908751,0.0023995638,-0.008759737
2021-03-17,CRM,-0.021859765,-0.013399422,-0.0058637261
2021-03-17,CSCO,0.03498137,0.020010591,-0.031387985
2021-03-17,IBM,-0.030724525,0.014501333,-0.0036956072
2021-03-17,INTC,-0.0017387271,0.014839172,-0.0082895756
2021-03-17,MSFT,-0.0040259957,-0.0030807853,-0.027281225
2021-03-17,NKE,-0.024058402,0.010226727,-0.02378422
2021-03-17,VZ,-0.013311327,-0.0046833754,0.016088247
2021-03-17,WMT,-0.007797122,0.0039588213,-0.0097849369
2021-03-18,AAPL,0.0023885965,0.013886452,0.0017927885
2021-03-18,AMGN,-0.012857497,0.0010051727,-0.0053135753
2021-03-18,CRM,0.0037560463,0.018939853,-0.011804163
2021-03-18,CSCO,-0.019879758,-0.0059697628,-0.016900241
2021-03-18,IBM,0.00044929981,0.010237932,-0.0088684559
2021-03-18,INTC,0.0075169802,0.0118922,-0.00088846684
2021-03-18,MSFT,0.047069907,0.0019088984,-0.010544598
2021-03-18,NKE,-0.016664207,0.010677457,-0.028511167
2021-03-18,VZ,-0.014415324,0.0057636499,0.014961958
2021-03-18,WMT,-0.0026822686,0.015588641,-0.012025118
2021-03-19,AAPL,0.011384726,0.0019423962,0.0055361986
2021-03-19,AMGN,0.0071901083,0.020322442,-0.0095618367
2021-03-19,CRM,-0.0059762597,0.038297296,0.0051295757
2021-03-19,CSCO,0.019721866,0.015520096,-0.0069045424
2021-03-19,IBM,-0.00046247244,0.020373821,-0.0074147582
2021-03-19,INTC,0.0017844439,-0.0069426894,-0.014120281
2021-03-19,MSFT,0.0074875355,0.020587683,-0.021195054
2021-03-19,NKE,0.028432488,0.0062485933,0.0036914349
2021-03-19,VZ,-0.00068020821,0.011253953,-0.00057244301
2021-03-19,WMT,-0.0048887134,0.0091328621,-0.0098243356
2021-03-22,AAPL,-0.0027335286,0.025833249,0.0014326572
2021-03-22,AMGN,-0.025983453,0.021302819,-0.011416435
2021-03-22,CRM,-0.028449476,0.0087804794,-0.010544419
2021-03-22,CSCO,0.027384877,0.0071095228,0.011455774
2021-03-22,IBM,-0.025096118,0.00065767765,-0.0039044619
2021-03-22,INTC,-0.020676613,0.016229153,-0.017038405
2021-03-22,MSFT,-0.00074696541,0.016267776,-0.024082482
2021-03-22,NKE,-0.012639165,0.0094445944,-0.0082629919
2021-03-22,VZ,-0.00097191334,0.0074659586,-0.018963575
2021-03-22,WMT,-0.012402177,0.019801497,-6.0260296e-05
2021-03-23,AAPL,-0.018942297,0.0036027431,-0.012093484
2021-03-23,AMGN,0.026329756,0.014509797,-0.015877604
2021-03-23,CRM,-0.0089429021,0.031465888,-0.0032507181
2021-03-23,CSCO,-0.016113102,0.0077549219,-0.0045182705
2021-03-23,IBM,0.017368793,0.016084313,0.0045474768
2021-03-23,INTC,0.011567473,0.013046265,0.0076341629
2021-03-23,MSFT,-0.0016070604,0.0063356161,0.0022684336
2021-03-23,NKE,0.0056750774,-0.0025522113,-0.013132453
2021-03-23,VZ,-0.030608892,0.0053886175,0.017526388
2021-03-23,WMT,0.00091981888,0.010048032,-0.0091519356
2021-03-24,AAPL,-0.022905707,0.012605071,-0.0098406672
2021-03-24,AMGN,0.0066678524,0.012140751,-0.003684938
2021-03-24,CRM,0.0025733709,0.017339587,-0.010547042
2021-03-24,CSCO,0.016109467,-0.0045593381,-0.012126684
2021-03-24,IBM,0.012369752,-0.0027911663,-0.0034736991
2021-03-24,INTC,0.0070775747,0.0012304783,0.0011411905
2021-03-24,MSFT,0.0031663179,0.0096150637,-0.024412036
2021-03-24,NKE,-0.0083662271,0.0073510408,0.016201854
2021-03-24,VZ,-0.021611333,0.018228292,-0.01202029
2021-03-24,WMT,-0.029517889,0.014716029,-0.010054469
2021-03-25,AAPL,-0.016361535,0.019676089,-0.017359734
2021-03-25,AMGN,-0.020655692,0.015872717,-0.0076588392
2021-03-25,CRM,0.023888111,0.037399173,-0.034257591
2021-03-25,CSCO,0.015127301,-0.012786031,-0.0092927814
2021-03-25,IBM,0.015758634,0.024725676,-0.014766216
2021-03-25,INTC,-0.021982789,0.015726447,-0.0017466545
2021-03-25,MSFT,-0.016413093,0.015702367,-0.014262736
2021-03-25,NKE,-0.011242092,0.024860263,-0.016246378
2021-03-25,VZ,-0.003777504,0.016037345,0.0088815689
2021-03-25,WMT,0.011641264,0.0095080137,-0.013473928
2021-03-26,AAPL,-0.024288714,0.024846315,-0.011914313
2021-03-26,AMGN,0.0071408749,0.0084453821,-0.011152565
2021-03-26,CRM,-0.00081932545,-0.0084967613,-0.032882929
2021-03-26,CSCO,0.017723083,0.008476615,-0.0070208311
2021-03-26,IBM,-0.018878698,0.0078829527,-0.0052899718
2021-03-26,INTC,-0.0064653158,0.010081649,-0.0076783299
2021-03-26,MSFT,-0.0032199621,0.004953146,0.0028787851
2021-03-26,NKE,0.020921946,0.014315605,0.006557703
2021-03-26,VZ,0.0012751818,0.00057923794,-0.014876306
2021-03-26,WMT,-0.021505356,0.012775302,0.00094366074
2021-03-29,AAPL,0.0058943033,-0.0075728297,0.00072169304
2021-03-29,AMGN,-0.0037822127,0.02907145,-0.023261428
2021-03-29,CRM,-0.035631895,0.01707077,-0.018966973
2021-03-29,CSCO,-0.0095911026,-0.0017687678,-0.014065564
2021-03-29,IBM,-0.0035057664,0.0020188093,-0.0074299574
2021-03-29,INTC,-0.0090609789,0.01732707,-0.017576933
2021-03-29,MSFT,-0.0080407858,0.023186445,-0.004899323
2021-03-29,NKE,0.0085493326,0.028321743,0.0019152164
2021-03-29,VZ,-0.0012283325,-0.0035129786,-0.018865466
2021-03-29,WMT,-0.011807323,-0.0049616694,-0.0076268315
2021-03-30,AAPL,-0.003431797,0.02392745,-0.010805011
2021-03-30,AMGN,0.012721896,0.029299736,-0.0020046234
2021-03-30,CRM,-0.024845243,0.012118697,-0.0077384114
2021-03-30,CSCO,-0.0036299229,0.0082104206,-0.018648863
2021-03-30,IBM,-0.020245135,-0.0011820197,-0.015278399
2021-03-30,INTC,0.01058805,-0.0024755001,-0.014617741
2021-03-30,MSFT,0.017519355,0.0075489283,0.0098121166
2021-03-30,NKE,-0.014384925,0.016243815,-0.023055971
2021-03-30,VZ,-0.01603055,0.01895225,-0.016850412
2021-03-30,WMT,0.017986298,0.003623724,0.0021053553
2021-03-31,AAPL,0.019099474,0.021796107,-0.0091481209
2021-03-31,AMGN,-0.01161468,0.0093696117,-0.014199793
2021-03-31,CRM,-0.021035135,-0.013535082,-0.014542818
2021-03-31,CSCO,0.0048750639,-0.020328045,-0.0029518604
2021-03-31,IBM,0.010635257,0.0070412159,-0.0068469644
2021-03-31,INTC,0.0255059,0.010528922,-0.004701972
2021-03-31,MSFT,-0.013437092,0.0091428757,-0.0017799139
2021-03-31,NKE,-0.0090839863,-0.00058692694,-0.022466063
2021-03-31,VZ,-0.0037676692,0.012942672,-0.0052594543
2021-03-31,WMT,-0.020907044,0.013141155,-0.0137254
2021-04-01,AAPL,0.011699438,0.0033019781,-0.014759362
2021-04-01,AMGN,0.0051081181,0.0038963556,-0.012886107
2021-04-01,CRM,0.033265948,0.024184465,0.00068092346
2021-04-01,CSCO,0.019308329,0.012764931,0.00043737888
2021-04-01,IBM,0.004740715,-0.0063385367,-0.0046234727
2021-04-01,INTC,-0.00049203634,0.026103139,-0.0031818748
2021-04-01,MSFT,0.021510959,0.01023066,0.0049426556
2021-04-01,NKE,0.005204916,0.016285062,0.015646219
2021-04-01,VZ,0.0025416613,0.015347123,-0.012114465
2021-04-01,WMT,-0.006270349,0.008359313,-0.0045519471
2021-04-05,AAPL,-0.003945291,-0.015035808,-0.021464586
2021-04-05,AMGN,-0.010603249,0.0054866076,-0.019389689
2021-04-05,CRM,-0.051830471,0.027118325,0.0072367191
2021-04-05,CSCO,0.011030912,0.0085425377,-0.015179276
2021-04-05,IBM,-0.025323689,0.026378393,0.01139605
2021-04-05,INTC,-0.017449677,0.0019205809,-0.0097914338
2021-04-05,MSFT,0.020023227,-0.0078770518,-0.011589885
2021-04-05,NKE,-0.0042716861,0.0013926029,-0.0071619153
2021-04-05,VZ,-0.0097894073,0.017596364,-0.014768362
2021-04-05,WMT,-0.00073826313,0.0085740089,-0.012867272
2021-04-06,AAPL,0.0067374706,-0.0049814582,-0.023111999
2021-04-06,AMGN,0.00011813641,0.023499846,-0.020644486
2021-04-06,CRM,0.0015790462,0.011361718,-0.0016896725
2021-04-06,CSCO,-0.0057055354,0.0087002516,-0.018240571
2021-04-06,IBM,-0.010756195,-0.0063502789,-0.014767587
2021-04-06,INTC,-0.002756238,0.016228914,-0.019912958
2021-04-06,MSFT,0.032337427,0.014123678,-0.0027251244
2021-04-06,NKE,0.0067993402,0.0050808191,0.00084042549
2021-04-06,VZ,0.0009073019,0.010386229,-0.0095652342
2021-04-06,WMT,0.00020384789,0.0075801611,-0.0019757748
2021-04-07,AAPL,-0.015764415,0.01002562,0.001106739
2021-04-07,AMGN,0.010996699,0.004118681,-0.0094074011
2021-04-07,CRM,-0.020597637,0.024254322,-0.017105639
2021-04-07,CSCO,-0.03270632,0.024105072,-0.014559269
2021-04-07,IBM,-0.00046205521,-0.0054324269,-0.028556168
2021-04-07,INTC,-0.0060571432,0.008210063,-0.02980876
2021-04-07,MSFT,0.0023821592,0.002543211,-0.017701149
2021-04-07,NKE,0.0026395321,0.021578908,-0.010125577
2021-04-07,VZ,-0.014490664,0.0053950548,-0.017855763
2021-04-07,WMT,-0.01190275,0.001331687,-0.017946601
2021-04-08,AAPL,0.0023981333,0.012200713,0.0035682917
2021-04-08,AMGN,0.028908491,0.015795231,-0.0099267364
2021-04-08,CRM,-0.032534778,-0.0099791288,-0.019614041
2021-04-08,CSCO,-0.013409197,-0.0073865056,0.010941505
2021-04-08,IBM,0.0092502832,0.013425469,-0.016273081
2021-04-08,INTC,-0.026977956,0.0037074089,-0.010142505
2021-04-08,MSFT,0.011459231,0.00027775764,-0.0044786334
2021-04-08,NKE,0.023483992,0.0023357868,-0.02431798
2021-04-08,VZ,-0.014795482,-0.0070845485,0.0033332109
2021-04-08,WMT,-0.015951514,0.0087616444,-0.0085939765
2021-04-09,AAPL,-0.015086055,0.0027163029,-0.011354923
2021-04-09,AMGN,-0.028725684,0.026152849,-0.020255566
2021-04-09,CRM,-0.023622215,0.02111268,-0.042519867
2021-04-09,CSCO,0.009352684,-0.0097111464,-0.017675579
2021-04-09,IBM,0.0051925182,0.008190155,-0.0058205128
2021-04-09,INTC,0.0071053505,0.024375558,0.0066894293
2021-04-09,MSFT,-0.00167799,0.0083106756,-0.015814602
2021-04-09,NKE,-0.0079467893,0.0015882254,-0.020367622
2021-04-09,VZ,0.0083917379,0.014499068,0.010388851
2021-04-09,WMT,-0.0056079626,0.0032113791,-0.0074022412
2021-04-12,AAPL,0.0068100691,0.0095721483,-0.019806623
2021-04-12,AMGN,0.0042560101,0.0054233074,0.0049864054
2021-04-12,CRM,-0.010270178,-0.011819303,-0.022490323
2021-04-12,CSCO,0.022569418,0.0058678389,-0.019056976
2021-04-12,IBM,-0.015491366,-0.0021725893,-0.010812819
2021-04-12,INTC,-0.0032181144,-9.2387199e-06,-0.0081881881
2021-04-12,MSFT,0.0099444389,0.02132082,-0.021992743
2021-04-12,NKE,-0.0019933581,0.010662436,0.0044989586
2021-04-12,VZ,-0.034812629,0.00044822693,0.00033330917
2021-04-12,WMT,0.0059081316,0.0169245,-0.0023952723
2021-04-13,AAPL,0.034049511,0.0074117184,0.0023348331
2021-04-13,AMGN,-0.00041598082,0.0050086975,0.0069000721
2021-04-13,CRM,0.041004896,-0.00043720007,-0.018083572
2021-04-13,CSCO,-0.016000926,-0.0034085512,-0.019761562
2021-04-13,IBM,0.010590196,-0.0012415648,-0.0070014
2021-04-13,INTC,-0.0074494481,-0.002148807,-0.0087820292
2021-04-13,MSFT,-0.013739467,0.0041037798,-0.00099736452
2021-04-13,NKE,-0.012064397,0.0034496784,-0.011959553
2021-04-13,VZ,-0.030933321,0.015084505,-0.0052446723
2021-04-13,WMT,-0.0067151785,0.021744132,-0.014221728
2021-04-14,AAPL,-0.010363698,0.01696825,-0.043201506
2021-04-14,AMGN,0.0013340712,0.0019520521,-0.014893472
2021-04-14,CRM,-0.042435765,0.013213277,-0.00080347061
2021-04-14,CSCO,-0.01222682,0.019672632,-0.020055175
2021-04-14,IBM,-0.0063432455,0.00033855438,-0.014683604
2021-04-14,INTC,0.011395931,0.023831367,-0.007163465
2021-04-14,MSFT,-0.04178077,-0.0092501044,-0.025092363
2021-04-14,NKE,0.016307354,0.030607104,-0.0093718171
2021-04-14,VZ,-0.019920647,0.0050683022,-0.0093735456
2021-04-14,WMT,-0.0070393682,0.0077199936,0.013284564
2021-04-15,AAPL,0.021302819,0.0032507181,-0.014905453
2021-04-15,AMGN,-0.027541935,0.019696593,-0.012551725
2021-04-15,CRM,-0.026131511,0.012337804,-0.0083137751
2021-04-15,CSCO,0.02081275,0.0089682341,-0.016692638
2021-04-15,IBM,-0.00075131655,0.0096224546,0.0012867451
2021-04-15,INTC,0.026470184,0.031607389,0.00067973137
2021-04-15,MSFT,0.017989397,-0.001388967,0.001024127
2021-04-15,NKE,-0.019006848,0.012076378,-0.006419301
2021-04-15,VZ,0.025847673,0.013795137,-0.023992479
2021-04-15,WMT,-0.00079071522,0.024130702,-0.010286391
2021-04-16,AAPL,-0.016214788,0.014041901,-0.022893846
2021-04-16,AMGN,-0.022039115,0.023761868,-0.010135293
2021-04-16,CRM,0.011411309,-0.010731518,-0.011923075
2021-04-16,CSCO,-0.00020509958,0.01139164,-0.026973665
2021-04-16,IBM,-0.0012806654,0.00053930283,-0.0065627098
2021-04-16,INTC,-0.047412813,-0.0071152449,-0.013798237
2021-04-16,MSFT,-0.036384165,0.0060210228,-0.020403683
2021-04-16,NKE,0.022837281,-0.0019690394,-0.012462974
2021-04-16,VZ,0.0075321198,0.019427299,-0.0074359775
2021-04-16,WMT,0.00028026104,0.0067508221,-0.0050889254
2021-04-19,AAPL,0.043334723,0.017000198,6.6161156e-05
2021-04-19,AMGN,0.014192224,0.0087631941,-0.0080237389
2021-04-19,CRM,-0.029087901,0.014033198,-0.026060104
2021-04-19,CSCO,0.031929255,0.0092812777,0.00012719631
2021-04-19,IBM,-0.040612578,0.0027699471,0.0086852312
2021-04-19,INTC,0.00933218,-0.0011143088,-0.02395916
2021-04-19,MSFT,0.012161016,0.011078238,0.016654372
2021-04-19,NKE,-0.015751898,0.0084284544,-0.00053673983
2021-04-19,VZ,0.0036282539,0.017238379,-0.024519801
2021-04-19,WMT,-0.0056107044,0.011882305,-0.018051982
2021-04-20,AAPL,0.0079038143,0.0084457397,-0.018518031
2021-04-20,AMGN,-0.027262211,-0.0028685927,-0.013545811
2021-04-20,CRM,0.0025780201,0.021436453,0.0034987926
2021-04-20,CSCO,0.0018091202,-0.00024980307,-0.010596395
2021-04-20,IBM,-0.019108236,0.017507911,0.00094199181
2021-04-20,INTC,-0.0034784079,-0.0016337037,-0.022449374
2021-04-20,MSFT,-0.023189008,0.015642405,-0.039341092
2021-04-20,NKE,0.017154813,0.0091387033,-0.0034356117
2021-04-20,VZ,-0.0036250353,0.0050754547,-0.0069094896
2021-04-20,WMT,0.004381299,0.015839815,-0.0063416362
2021-04-21,AAPL,0.013271928,9.3340874e-05,-0.0041664243
2021-04-21,AMGN,-0.022749066,0.0069050789,-0.0098953247
2021-04-21,CRM,-0.030131102,0.017974019,-0.028091609
2021-04-21,CSCO,0.0091620684,0.0037240982,-0.002695024
2021-04-21,IBM,0.0017068386,-0.010166526,-0.0055864453
2021-04-21,INTC,0.0041327477,0.0048111677,-0.014171481
2021-04-21,MSFT,-0.010518134,0.010348797,-0.0062019825
2021-04-21,NKE,0.013949156,0.0050743818,0.0097256899
2021-04-21,VZ,-0.015888929,-0.00015300512,0.0021378994
2021-04-21,WMT,0.0089986324,0.0028270483,-0.0050670505
2021-04-22,AAPL,0.015740275,-0.0054291487,-0.0047905445
2021-04-22,AMGN,-0.013230443,0.011785626,-0.019278944
2021-04-22,CRM,0.0078980923,0.035128713,-0.0077186227
2021-04-22,CSCO,0.0098106861,0.0083810091,-0.018684328
2021-04-22,IBM,-0.00098884106,0.0040634871,0.0041196346
2021-04-22,INTC,-0.00012612343,0.028225183,-0.027314723
2021-04-22,MSFT,-0.0084549189,0.0082912445,0.0023194551
2021-04-22,NKE,-0.00087499619,0.015204549,-0.019079268
2021-04-22,VZ,-0.00085896254,0.012834072,-0.010818064
2021-04-22,WMT,0.0048696995,0.025947332,-0.022709072
2021-04-23,AAPL,-0.0046032667,0.0060881376,-0.0011789203
2021-04-23,AMGN,-0.028485715,0.019110918,-0.0069591403
2021-04-23,CRM,-0.01107204,0.011914492,-0.0049734712
2021-04-23,CSCO,-0.013459563,0.007194519,-0.0053271651
2021-04-23,IBM,0.0011930466,0.012248278,-0.0099890232
2021-04-23,INTC,0.037417412,-0.01353693,0.014848232
2021-04-23,MSFT,-0.012514353,0.020258784,-0.012283921
2021-04-23,NKE,0.014790535,0.0045405626,-0.019343555
2021-04-23,VZ,0.017432928,-0.0003875494,0.00090289116
2021-04-23,WMT,-0.023052752,0.011592627,-0.013845861
2021-04-26,AAPL,0.02539289,0.0023621321,0.0048621893
2021-04-26,AMGN,-0.021694899,0.0017956495,-0.0094000101
2021-04-26,CRM,-0.016522884,0.025648117,0.027210474
2021-04-26,CSCO,-0.0089829564,0.0022753477,-0.037135005
2021-04-26,IBM,-0.010494292,0.0041273832,-0.02093631
2021-04-26,INTC,0.030854344,0.0061674118,-0.0075713396
2021-04-26,MSFT,-0.020139396,0.0036108494,-0.0053588748
2021-04-26,NKE,-0.013346434,0.010819197,-0.01053369
2021-04-26,VZ,0.016266942,0.0036468506,-0.0037055612
2021-04-26,WMT,-0.0055928826,0.012203097,-0.010463297
2021-04-27,AAPL,0.044383645,0.016673684,-0.011723042
2021-04-27,AMGN,0.023503065,0.022589684,-0.013624966
2021-04-27,CRM,0.020190835,0.00065410137,-0.020424843
2021-04-27,CSCO,0.0028362274,0.020875931,-0.011972725
2021-04-27,IBM,-0.018701315,0.0048854351,-0.017673612
2021-04-27,INTC,0.018315792,0.0043603182,-0.017637789
2021-04-27,MSFT,0.018996119,0.014008522,-0.028057933
2021-04-27,NKE,-0.017955244,0.027174592,-0.010760784
2021-04-27,VZ,-0.015402973,0.019060612,0.010688663
2021-04-27,WMT,-0.0022553802,0.0019285679,-0.0010766387
2021-04-28,AAPL,0.021036386,0.0030766726,-0.016663194
2021-04-28,AMGN,0.0050678253,0.034745574,-0.00599581
2021-04-28,CRM,-0.0086221695,0.015761852,-0.041775644
2021-04-28,CSCO,0.0082466602,0.014164686,-0.0090149045
2021-04-28,IBM,0.0051622391,0.020707607,0.012122393
2021-04-28,INTC,-0.0042461157,0.0063070059,-0.012452126
2021-04-28,MSFT,-0.012861669,0.0052448511,-0.019371629
2021-04-28,NKE,0.023741603,-0.00091594458,-0.0029252768
2021-04-28,VZ,-0.020915508,0.0096768141,-0.007537365
2021-04-28,WMT,-0.019997954,0.0048117638,-0.0084335208
2021-04-29,AAPL,0.017560959,-0.0022124052,-0.0091722012
2021-04-29,AMGN,0.011730194,0.0081673861,-0.022744298
2021-04-29,CRM,-0.041817427,0.0074717999,-0.029481649
2021-04-29,CSCO,-0.018621862,0.010676622,-0.0046575665
2021-04-29,IBM,-0.010492384,0.014649868,0.0020691156
2021-04-29,INTC,-0.020324945,0.026894093,-0.014689267
2021-04-29,MSFT,-0.033834994,0.024580121,-0.010003507
2021-04-29,NKE,-0.0037094951,0.0023319721,-0.01014787
2021-04-29,VZ,-0.0097420812,-0.0011407733,0.00037956238
2021-04-29,WMT,0.0071172714,0.010937214,-0.017088592
2021-04-30,AAPL,-0.0090859532,-0.002220571,-0.013269305
2021-04-30,AMGN,-0.019209743,0.011196375,-0.015214443
2021-04-30,CRM,-0.034102082,0.010242701,-0.055518031
2021-04-30,CSCO,-0.057070553,0.0016150475,-0.0034597516
2021-04-30,IBM,-0.010299146,0.0056294203,-0.018831432
2021-04-30,INTC,-0.032484293,-0.00071656704,-0.010785222
2021-04-30,MSFT,0.0033355951,0.015705466,-0.015729129
2021-04-30,NKE,-0.012548685,0.0078754425,0.0058561563
2021-04-30,VZ,0.0046150684,0.023024559,-0.011707425
2021-04-30,WMT,-0.019754946,0.0081632137,-0.0094256401
2021-05-03,AAPL,-0.010131299,0.0043529272,-0.0098209977
2021-05-03,AMGN,0.0026179552,0.021960974,-0.002443552
2021-05-03,CRM,0.037645936,-0.012096643,-0.018696845
2021-05-03,CSCO,0.033172011,0.0070705414,-0.027418852
2021-05-03,IBM,-0.012846053,0.011826277,-0.0043261051
2021-05-03,INTC,0.0097513199,0.012908936,-0.018226385
2021-05-03,MSFT,0.018399954,0.028704166,-0.024350762
2021-05-03,NKE,-0.0016198754,0.027652621,0.0019196272
2021-05-03,VZ,0.0012691021,-0.00045597553,-0.0040973425
2021-05-03,WMT,5.0663948e-05,0.018491626,0.00095558167
2021-05-04,AAPL,0.0032405853,0.019561529,-0.009804666
2021-05-04,AMGN,0.02681601,-0.012849331,-0.00087243319
2021-05-04,CRM,-0.0048877001,0.0023350716,0.026198149
2021-05-04,CSCO,0.01380372,0.018495798,0.0010578632
2021-05-04,IBM,0.0052901506,-9.2208385e-05,-0.016406178
2021-05-04,INTC,0.026349783,-0.01625818,-0.01959151
2021-05-04,MSFT,-0.017615259,0.016892672,-0.017100096
2021-05-04,NKE,-0.00072056055,-0.0022259951,-0.0071768165
2021-05-04,VZ,-0.043935001,-0.009642601,-0.0040873885
2021-05-04,WMT,0.002913475,0.0042147636,0.0091902018
2021-05-05,AAPL,-0.019946516,-0.012262464,-0.02656883
2021-05-05,AMGN,-0.056089163,-0.00068098307,-0.0010274649
2021-05-05,CRM,-0.0006364584,0.0025647879,-0.0088513494
2021-05-05,CSCO,-0.0048302412,0.0024775267,-0.00095283985
2021-05-05,IBM,0.018408298,0.008912921,-0.0088559985
2021-05-05,INTC,0.0054131746,0.021288514,-0.0093808174
2021-05-05,MSFT,-0.0075011253,0.003013134,0.008315444
2021-05-05,NKE,0.0047262907,0.0041108131,-0.022024035
2021-05-05,VZ,-0.018796504,0.00634408,-0.0084362626
2021-05-05,WMT,-0.0090607405,0.0065350533,-0.0049879551
2021-05-06,AAPL,-0.0080809593,0.011358619,0.0083026886
2021-05-06,AMGN,0.018202662,-0.0043085217,0.0042904615
2021-05-06,CRM,-0.017947197,0.019123316,-0.046298742
2021-05-06,CSCO,-0.010110795,0.024147511,0.0046184063
2021-05-06,IBM,0.0086721182,0.0035227537,-0.014632523
2021-05-06,INTC,0.0064227581,0.017124891,-0.0003798604
2021-05-06,MSFT,-0.0073946118,0.0063253641,-0.019447803
2021-05-06,NKE,-0.022504985,0.010671139,0.0061995983
2021-05-06,VZ,-0.027685642,0.012695312,-0.015614271
2021-05-06,WMT,-0.018651545,0.0074959993,-0.0055647492
2021-05-07,AAPL,0.0095601082,0.01123333,-0.014937043
2021-05-07,AMGN,0.0016350746,0.026540875,0.0082317591
2021-05-07,CRM,0.049966335,0.026713371,-0.012039721
2021-05-07,CSCO,0.0061222315,0.011960387,-0.010450423
2021-05-07,IBM,-0.029440463,0.0021215677,-0.0089969039
2021-05-07,INTC,-0.024105072,0.015414834,-0.0080193877
2021-05-07,MSFT,0.023979783,0.0036177635,-0.020640433
2021-05-07,NKE,0.016655922,-0.0011563301,-0.013414562
2021-05-07,VZ,0.010406971,0.016914368,-0.010594964
2021-05-07,WMT,0.0034891367,0.019112349,-0.0080490112
2021-05-10,AAPL,0.0018172264,0.0098690987,-0.0034551024
2021-05-10,AMGN,-0.01734823,-0.011222482,0.0060764551
2021-05-10,CRM,0.060380459,0.0093563795,-0.043518484
2021-05-10,CSCO,0.0013990402,0.02093935,-0.010861337
2021-05-10,IBM,-0.016963303,0.011248946,-0.0011408329
2021-05-10,INTC,0.013759732,0.015479326,-0.014921606
2021-05-10,MSFT,0.0087207556,0.0054368973,-0.0096104145
2021-05-10,NKE,0.0086058378,0.01390183,-0.013580859
2021-05-10,VZ,-0.017208934,0.0066398382,0.0060254335
2021-05-10,WMT,-0.0064412951,0.0031557083,-0.0077328682
2021-05-11,AAPL,-0.013342679,0.012531161,-0.022311389
2021-05-11,AMGN,0.0042096376,0.013627052,-0.030124426
2021-05-11,CRM,-0.019864142,0.038667679,-0.023536265
2021-05-11,CSCO,-0.022717357,0.013023138,0.00081646442
2021-05-11,IBM,0.0068360567,0.010951042,-0.0042284727
2021-05-11,INTC,-0.0018237233,0.00031304359,-0.0045719743
2021-05-11,MSFT,0.043486953,0.0019544363,-0.018488586
2021-05-11,NKE,-0.016633928,0.0058941841,0.0043715239
2021-05-11,VZ,0.0084315538,0.0041379929,-0.00019782782
2021-05-11,WMT,-0.023957014,0.012967706,0.011328459
2021-05-12,AAPL,-0.010433376,0.0096435547,-0.017274976
2021-05-12,AMGN,0.011451602,0.010749459,-0.017062724
2021-05-12,CRM,0.046273112,0.02849865,-0.0055311918
2021-05-12,CSCO,0.0034899712,0.0042514801,-0.016976893
2021-05-12,IBM,0.011760473,0.0038436651,-0.0080035329
2021-05-12,INTC,-0.018491089,0.004881382,-0.01639396
2021-05-12,MSFT,-0.021498203,-0.0053748488,-0.0070854425
2021-05-12,NKE,-0.0084887147,0.0071991682,0.0024741888
2021-05-12,VZ,-0.031450391,0.01477778,-0.011349022
2021-05-12,WMT,-0.0052741766,0.022941232,-0.0079074502
2021-05-13,AAPL,-0.017726183,0.014197946,-0.015620708
2021-05-13,AMGN,-0.014625072,0.019147515,-0.010163784
2021-05-13,CRM,-0.05180186,-0.0016174316,-0.033858776
2021-05-13,CSCO,-0.01870203,0.010591388,-0.020675778
2021-05-13,IBM,0.0097895861,0.014167905,-0.0033455491
2021-05-13,INTC,-0.0030163527,0.013957739,-0.022537053
2021-05-13,MSFT,-0.017289817,0.015632629,-0.016497374
2021-05-13,NKE,0.0018093586,0.0041561127,-0.0027259588
2021-05-13,VZ,0.0023891926,-0.0065404773,-0.0067582726
2021-05-13,WMT,0.0052782297,0.013671994,0.00064456463
2021-05-14,AAPL,0.0013151169,0.017925978,-0.027511001
2021-05-14,AMGN,0.012495995,0.0075439215,-0.013403654
2021-05-14,CRM,0.014067411,0.002020359,-0.012031496
2021-05-14,CSCO,0.0049345493,0.025603652,-0.0078406334
2021-05-14,IBM,-0.0034352541,0.016206741,0.00052702427
2021-05-14,INTC,0.027440786,0.003760457,-0.02739948
2021-05-14,MSFT,-0.0086877346,-0.0051319599,0.0050411224
2021-05-14,NKE,-0.016599774,0.011901855,0.0020396709
2021-05-14,VZ,0.028552055,0.0064868927,-0.015489817
2021-05-14,WMT,0.0077189207,0.007499218,0.001889348
2021-05-17,AAPL,-0.023610294,0.0067306757,-0.027928472
2021-05-17,AMGN,0.0036761761,0.0081356764,-0.0084375143
2021-05-17,CRM,0.0067756176,-0.0001398921,-0.034950435
2021-05-17,CSCO,-0.020668507,0.013815761,-0.0090557933
2021-05-17,IBM,0.00040602684,0.013364196,-0.0046902895
2021-05-17,INTC,-0.0023137927,-0.0062946081,0.0044819117
2021-05-17,MSFT,0.030474782,0.007063508,-0.032772481
2021-05-17,NKE,0.016011357,0.010841608,-0.030575335
2021-05-17,VZ,-0.028081,0.00061774254,-0.0055199265
2021-05-17,WMT,0.0058809519,-0.0038244128,0.0010453463
2021-05-18,AAPL,0.0062201023,0.03392005,-0.0057071447
2021-05-18,AMGN,0.0019463301,0.015926003,-0.0060712695
2021-05-18,CRM,0.031626105,0.009671092,-0.015451133
2021-05-18,CSCO,0.002507925,0.0038889647,-0.021433175
2021-05-18,IBM,0.017603159,-0.0045459867,-0.0086656213
2021-05-18,INTC,-0.017744899,0.014578938,-0.0088945031
2021-05-18,MSFT,-0.015629411,-0.003287375,-0.0044014454
2021-05-18,NKE,-0.0069254041,0.013898253,-0.018279672
2021-05-18,VZ,-0.0036289692,-4.8398972e-05,-0.010385156
2021-05-18,WMT,0.0009354353,0.0078305006,-0.025761902
2021-05-19,AAPL,-0.00089466572,-0.0022515059,-0.01832515
2021-05-19,AMGN,0.0035296679,0.024110675,-0.026447892
2021-05-19,CRM,-0.041764915,-0.022033274,-0.036312044
2021-05-19,CSCO,-0.012113631,0.021476746,-0.016081214
2021-05-19,IBM,-0.0059598684,0.020219564,-0.0011672378
2021-05-19,INTC,-0.019426823,-0.010237336,-0.023822427
2021-05-19,MSFT,-0.023039877,0.0117414,-0.0025870204
2021-05-19,NKE,-0.0023940802,0.0023370981,-0.016958177
2021-05-19,VZ,0.024247646,0.0017145872,-0.00429672
2021-05-19,WMT,-0.010136425,0.011063576,-0.01061368
2021-05-20,AAPL,0.00011980534,0.0094155073,-0.019930661
2021-05-20,AMGN,-0.029678106,0.0095034838,-0.01015377
2021-05-20,CRM,0.019726276,0.03055191,-0.0070329309
2021-05-20,CSCO,-0.032321811,-0.0079296827,0.00694561
2021-05-20,IBM,0.0021588802,0.0098388195,0.0052243471
2021-05-20,INTC,0.011262059,0.0052945614,-0.0058987141
2021-05-20,MSFT,0.011644363,-0.0014575124,-0.021498919
2021-05-20,NKE,-0.024156928,0.023207068,-0.011448801
2021-05-20,VZ,-0.0028063059,0.010286689,-0.019377589
2021-05-20,WMT,-0.00019222498,0.0036303997,0.0031590462
2021-05-21,AAPL,0.0094501972,0.0070471764,0.017230392
2021-05-21,AMGN,-0.012045205,0.024598956,-0.017974913
2021-05-21,CRM,0.0026893616,0.019023299,-0.020746946
2021-05-21,CSCO,0.012245536,0.0092096329,-0.019938886
2021-05-21,IBM,-0.014331341,-0.01442045,-0.0074345469
2021-05-21,INTC,-0.027073145,0.012874365,-0.030865371
2021-05-21,MSFT,0.0007570982,0.011235356,-0.0071924925
2021-05-21,NKE,-0.022487879,-0.0069926977,-0.018841684
2021-05-21,VZ,-0.00021785498,0.017859578,0.0010637045
2021-05-21,WMT,0.011742949,0.010105968,-0.011228144
2021-05-24,AAPL,0.0011028051,0.011803269,-0.0025145411
2021-05-24,AMGN,-0.0082901716,-0.0055692792,-0.019276142
2021-05-24,CRM,-0.020307362,0.0060814619,-0.020247459
2021-05-24,CSCO,-0.00084042549,0.027321815,-0.02681452
2021-05-24,IBM,-0.01068753,0.012113929,-0.010594249
2021-05-24,INTC,-0.0052204728,-0.0027446151,-0.0015247464
2021-05-24,MSFT,-0.0081604719,0.01466012,-0.0053631663
2021-05-24,NKE,0.004052639,0.013081312,-0.026167929
2021-05-24,VZ,-0.014330149,0.010016322,-0.012555838
2021-05-24,WMT,0.018140912,0.01243031,-0.017446637
2021-05-25,AAPL,0.041744113,0.015676141,-0.006880343
2021-05-25,AMGN,-0.022620738,0.010651708,-0.026046157
2021-05-25,CRM,0.041010022,0.0092132092,-0.0041313767
2021-05-25,CSCO,0.016682863,0.013443351,-7.8082085e-06
2021-05-25,IBM,-0.0057567358,0.0017553568,-0.010534108
2021-05-25,INTC,0.0030341148,0.014579177,-0.019329548
2021-05-25,MSFT,-0.010599911,-0.0011333823,0.002814889
2021-05-25,NKE,-0.010392368,0.026832461,0.0081592798
2021-05-25,VZ,0.010095358,0.0069177151,-0.014802039
2021-05-25,WMT,0.0017031431,0.0081716776,-0.014420986
2021-05-26,AAPL,0.022909403,0.018982172,-0.015340686
2021-05-26,AMGN,0.0068961382,0.0037609339,-0.00867486
2021-05-26,CRM,-0.018630683,0.029422998,-0.0045181513
2021-05-26,CSCO,0.0090886354,0.0011713505,0.0011419058
2021-05-26,IBM,-0.0065308809,-0.0013562441,-0.010157943
2021-05-26,INTC,0.010425925,0.0023107529,-0.023779809
2021-05-26,MSFT,-0.0032843351,-0.0030625463,0.0031542778
2021-05-26,NKE,-0.024437964,0.015077472,-0.0078899264
2021-05-26,VZ,-0.0096800923,-0.01710856,-0.0049957037
2021-05-26,WMT,0.019813895,0.012831926,0.0062730312
2021-05-27,AAPL,0.0034139156,0.0098090172,-0.0097970963
2021-05-27,AMGN,0.018059731,-0.0020353198,-0.011985958
2021-05-27,CRM,-0.021010339,0.02410531,-0.031650305
2021-05-27,CSCO,0.0074570179,0.011742115,-0.0025449991
2021-05-27,IBM,-0.0086526871,-0.00036364794,-0.011512756
2021-05-27,INTC,-0.012649417,-0.0099831223,-0.0052499175
2021-05-27,MSFT,-0.012056589,0.0031924248,-2.0861626e-06
2021-05-27,NKE,0.0044811964,0.0087556839,-0.018088698
2021-05-27,VZ,0.0055270195,0.0031182766,-0.018764198
2021-05-27,WMT,0.0085339546,0.019288778,0.0025570393
2021-05-28,AAPL,0.015500546,0.014487505,-0.012090981
2021-05-28,AMGN,-0.021795273,0.0072404146,-0.020194829
2021-05-28,CRM,-0.058328867,0.048934698,-0.029448867
2021-05-28,CSCO,0.034435272,0.0011332035,-0.012704074
2021-05-28,IBM,0.015089154,0.013106227,0.0048404932
2021-05-28,INTC,-2.7418137e-05,0.015842319,-0.0077288747
2021-05-28,MSFT,-0.00522089,-0.0024293065,0.0016679764
2021-05-28,NKE,0.015290976,0.017161727,-0.016053021
2021-05-28,VZ,0.012028456,-0.0030549765,-0.0057932138
2021-05-28,WMT,-0.00041311979,-0.0022172332,0.0040228367
2021-06-01,AAPL,0.022950053,-0.0087361336,-0.02215904
2021-06-01,AMGN,-0.0098235607,0.021153331,-0.0052796602
2021-06-01,CRM,0.031615376,0.032939315,-0.039277613
2021-06-01,CSCO,-0.0020505786,0.0070347786,-0.034439266
2021-06-01,IBM,-0.015931904,0.0037572384,-0.0071001053
2021-06-01,INTC,-0.018581629,-0.0053591728,0.001162529
2021-06-01,MSFT,-0.01563561,0.012820244,-0.0043100119
2021-06-01,NKE,-8.1062317e-06,0.023806691,-0.0014619231
2021-06-01,VZ,0.0063925982,0.010145664,-0.017108738
2021-06-01,WMT,-0.0050213337,0.025570869,-0.014196813
2021-06-02,AAPL,0.014175057,-0.0013920665,-0.011697471
2021-06-02,AMGN,-0.0067042708,-0.0063670278,0.01593399
2021-06-02,CRM,0.022959828,0.014198422,-0.026434422
2021-06-02,CSCO,-0.011633515,0.011238337,0.0033633709
2021-06-02,IBM,-0.0078852773,0.0099300146,-0.017631471
2021-06-02,INTC,-0.018516243,0.011887193,-0.0077264905
2021-06-02,MSFT,-0.0017965436,0.0073978901,0.0011297464
2021-06-02,NKE,-0.031910002,-0.0068470836,-0.02380991
2021-06-02,VZ,0.00050067902,0.0013655424,-0.011811137
2021-06-02,WMT,-0.022352159,0.017673373,-0.014071047
2021-06-03,AAPL,-0.0018442869,0.0019439459,-0.0073096156
2021-06-03,AMGN,-0.016304791,0.018166304,0.014460325
2021-06-03,CRM,0.010615826,0.013453007,0.0053061247
2021-06-03,CSCO,-0.00077170134,-0.0017592311,-0.012171626
2021-06-03,IBM,0.017565727,0.0057303905,0.010304809
2021-06-03,INTC,0.042963624,0.023356438,-0.00579983
2021-06-03,MSFT,-0.003326118,0.011894584,-0.00064921379
2021-06-03,NKE,0.030867577,0.0088174343,0.0015747547
2021-06-03,VZ,0.013004422,0.011463881,-0.010998666
2021-06-03,WMT,-0.0076096058,0.013576746,-0.0060247183
2021-06-04,AAPL,-0.0053347945,0.0019615889,-0.016211152
2021-06-04,AMGN,-0.027218342,0.018996596,-0.017735124
2021-06-04,CRM,-0.0068818927,0.0035381317,-0.010635793
2021-06-04,CSCO,-0.0081828237,0.015707374,-0.0073732138
2021-06-04,IBM,0.00082814693,0.012658834,-0.00081980228
2021-06-04,INTC,0.011908412,0.010617733,0.0042272806
2021-06-04,MSFT,-0.013466299,0.014701486,-0.010296702
2021-06-04,NKE,0.0061472654,0.010335565,-0.017474115
2021-06-04,VZ,-0.0060189962,-0.0060428977,0.015899539
2021-06-04,WMT,0.0065258741,0.0027391911,-0.0045467615
2021-06-07,AAPL,0.011656404,-0.005766809,-0.013041615
2021-06-07,AMGN,-0.010672927,0.010278821,0.0071687698
2021-06-07,CRM,0.01808393,0.0024193525,-0.019508064
2021-06-07,CSCO,-0.015688479,0.0061334372,-0.0092797279
2021-06-07,IBM,-0.0025673509,0.0088062286,-0.0030612946
2021-06-07,INTC,-0.0266397,-0.0081070662,0.001005888
2021-06-07,MSFT,-0.018049359,0.011467457,-0.020098627
2021-06-07,NKE,0.024103165,0.017893076,-0.0082480311
2021-06-07,VZ,0.015500426,0.013555408,0.0042130947
2021-06-07,WMT,0.011773229,0.01856184,-0.017361701
2021-06-08,AAPL,-0.019410431,0.024177074,0.0098210573
2021-06-08,AMGN,0.003205657,0.013196588,-0.022922099
2021-06-08,CRM,0.022947311,-0.021076262,-0.012865782
2021-06-08,CSCO,0.006080389,0.034478426,-0.0095335245
2021-06-08,IBM,-0.0013154149,-0.0077564716,-0.014387548
2021-06-08,INTC,0.011933327,-0.0056007504,-0.030847013
2021-06-08,MSFT,0.011996388,0.0083765984,-0.0097449422
2021-06-08,NKE,-0.016613722,0.0049179792,-0.0036388636
2021-06-08,VZ,-0.017303824,0.01439333,-0.0084348917
2021-06-08,WMT,-0.023310184,0.011636734,0.0084198713
2021-06-09,AAPL,-0.0065018535,-0.00021827221,-0.015764534
2021-06-09,AMGN,0.019559264,0.029536843,-0.033863604
2021-06-09,CRM,-0.032796741,0.024036884,-0.037566006
2021-06-09,CSCO,0.022493601,0.015021324,-0.0038347244
2021-06-09,IBM,0.00256598,0.0096943378,0.0062764883
2021-06-09,INTC,0.0032219887,0.013417363,-0.017129123
2021-06-09,MSFT,0.0032389164,0.016379356,-0.009546876
2021-06-09,NKE,-0.011124849,0.0056116581,0.0099728107
2021-06-09,VZ,-0.014326036,0.0025298595,-0.024490714
2021-06-09,WMT,-0.021067262,0.011678457,-0.028300464
2021-06-10,AAPL,0.046878338,0.0061469078,-0.021466434
2021-06-10,AMGN,-0.04865694,0.0079168081,-0.0056938529
2021-06-10,CRM,-0.012022316,0.0013296604,-0.031104684
2021-06-10,CSCO,-0.0016408563,0.0056757927,-0.0018302798
2021-06-10,IBM,-0.0077601671,0.012575507,-0.013264239
2021-06-10,INTC,0.013442159,0.0044975281,0.0061290264
2021-06-10,MSFT,0.0014492273,-0.004498601,0.00049424171
2021-06-10,NKE,-0.02013135,0.024163485,-0.0028344393
2021-06-10,VZ,-0.01673454,0.0031539202,-0.0091825128
2021-06-10,WMT,-0.0087893009,0.014674902,-0.012719691
2021-06-11,AAPL,-0.0082927346,0.010518074,-0.015296996
2021-06-11,AMGN,0.0017904043,-0.0070496202,0.0015530586
2021-06-11,CRM,-0.021124542,0.056768537,0.0071030855
2021-06-11,CSCO,0.019580364,0.0020534992,-0.00080370903
2021-06-11,IBM,0.016576052,0.0024847984,-0.0041185021
2021-06-11,INTC,-0.010135055,0.0080597401,0.0010398626
2021-06-11,MSFT,-0.010161281,-0.020892501,-0.02526468
2021-06-11,NKE,-0.023107111,0.030656815,-0.0018889904
2021-06-11,VZ,-0.022441983,0.021912932,-0.027841568
2021-06-11,WMT,-0.028074682,0.0031253099,-0.013716459
2021-06-14,AAPL,0.0065122843,0.003234148,-0.0087106824
2021-06-14,AMGN,-0.0083320141,0.004581213,-0.027882099
2021-06-14,CRM,0.053444982,0.011965513,0.012754321
2021-06-14,CSCO,-0.0045982599,0.0065467358,0.0042363405
2021-06-14,IBM,0.0069739819,0.019637704,0.0033016205
2021-06-14,INTC,0.034346819,0.020230532,-0.030451477
2021-06-14,MSFT,-0.00064581633,0.00893116,-0.023264527
2021-06-14,NKE,-0.018825829,0.017758489,-0.0012832284
2021-06-14,VZ,-0.0089371204,0.018001795,0.0020148754
2021-06-14,WMT,-0.01385653,0.010016799,-0.0086834431
2021-06-15,AAPL,-0.0022250414,-0.00017684698,-0.004873991
2021-06-15,AMGN,-0.00015056133,0.019688487,-0.00036644936
2021-06-15,CRM,-0.012219608,0.019945502,0.0025641918
2021-06-15,CSCO,-0.01048857,0.0022819042,-0.016942978
2021-06-15,IBM,-0.0058900118,0.0030043125,-0.009075582
2021-06-15,INTC,-0.036009848,-0.0020262599,-0.0066206455
2021-06-15,MSFT,-0.022185564,0.0096877813,-0.02106601
2021-06-15,NKE,-0.046105206,0.01036799,-0.0062220097
2021-06-15,VZ,0.007543087,0.0046304464,0.0053838491
2021-06-15,WMT,-0.0011896491,0.022495151,-0.0099675655
2021-06-16,AAPL,0.050275683,0.0087295771,-0.034507573
2021-06-16,AMGN,-0.0099526048,0.0082056522,-0.0051493645
2021-06-16,CRM,-0.016971827,0.0073424578,-0.037409186
2021-06-16,CSCO,0.0055017471,0.0061267614,-0.0031875372
2021-06-16,IBM,-0.014769018,-0.00065153837,-0.0023587942
2021-06-16,INTC,-0.014519989,0.011824846,-0.0045868158
2021-06-16,MSFT,0.011740208,0.018604279,0.009527564
2021-06-16,NKE,-0.0052012801,-0.0096713901,-0.015287161
2021-06-16,VZ,0.0042294264,0.010499835,-0.010759115
2021-06-16,WMT,0.0052076578,0.005608201,0.00025820732
2021-06-17,AAPL,-0.013828754,0.0096201897,-0.046719551
2021-06-17,AMGN,-0.027708352,-0.015916765,-0.013401151
2021-06-17,CRM,0.046592116,0.017387986,-0.026612818
2021-06-17,CSCO,-0.0082986951,-0.0011608005,-0.010213673
2021-06-17,IBM,0.011069417,0.023964286,0.0062510967
2021-06-17,INTC,-0.011315763,0.010699391,0.017504692
2021-06-17,MSFT,-0.027961552,0.0057990551,-0.0031160712
2021-06-17,NKE,-0.011153042,-0.0028743148,0.012431979
2021-06-17,VZ,-0.012847722,0.0126127,-0.0047206283
2021-06-17,WMT,-0.0016577244,0.0063958168,-0.0054504871
2021-06-18,AAPL,0.037647486,0.0071797371,-0.0050477982
2021-06-18,AMGN,-0.0080043674,0.0028208494,-0.0016191006
2021-06-18,CRM,-0.045151114,0.0093795061,-0.016583025
2021-06-18,CSCO,-0.018563926,0.018669009,-0.0080646276
2021-06-18,IBM,0.016200185,0.013314605,0.011408806
2021-06-18,INTC,-0.0060236454,0.013684511,-0.017002642
2021-06-18,MSFT,0.021647453,-0.0017182231,-0.0049168468
2021-06-18,NKE,-0.016906142,0.0026385784,-0.021760941
2021-06-18,VZ,0.0047345161,-0.0030838847,0.002487421
2021-06-18,WMT,-0.014763594,0.02538383,0.0061937571
2021-06-21,AAPL,0.013025045,0.03077352,-0.0093506575
2021-06-21,AMGN,-0.016561866,0.016171694,-0.0079802871
2021-06-21,CRM,-0.041688263,0.010215163,-0.029698849
2021-06-21,CSCO,0.04766953,0.015939832,-0.014366567
2021-06-21,IBM,-0.0082948804,0.020258188,-0.00034207106
2021-06-21,INTC,0.00395751,-0.0086421967,-0.011847615
2021-06-21,MSFT,-0.026166797,0.01403451,-0.011823952
2021-06-21,NKE,-0.0037531853,0.02286315,-0.0026220083
2021-06-21,VZ,0.0055264235,0.0026099682,-0.0069906712
2021-06-21,WMT,-0.004562676,0.016424417,0.0089745522
2021-06-22,AAPL,0.018194199,0.0045697689,-0.024727166
2021-06-22,AMGN,-0.026162922,0.017365336,-0.00089156628
2021-06-22,CRM,0.029191375,0.030226946,0.0038152933
2021-06-22,CSCO,-0.010573745,0.0050626993,-0.010013163
2021-06-22,IBM,0.016829967,0.0012105703,-0.011255682
2021-06-22,INTC,-0.015001178,0.0043859482,-0.0081161261
2021-06-22,MSFT,0.0090236664,0.0003054142,-0.031146169
2021-06-22,NKE,-0.010626435,0.0031073093,-0.017402053
2021-06-22,VZ,-0.013095856,0.009855032,-0.005654633
2021-06-22,WMT,-0.013567746,0.014475942,-0.0036853552
2021-06-23,AAPL,0.0099848509,0.018077493,-0.010275602
2021-06-23,AMGN,-0.022819638,0.011622906,-0.0048463345
2021-06-23,CRM,0.021350384,-0.0028492808,-0.022891998
2021-06-23,CSCO,-0.0036718845,0.011454463,-0.013826907
2021-06-23,IBM,-0.010981858,0.0020073652,0.0015817881
2021-06-23,INTC,0.00088775158,0.010445237,-0.01474309
2021-06-23,MSFT,0.013495564,0.012348175,0.013540864
2021-06-23,NKE,0.01627636,0.0080322027,0.017388821
2021-06-23,VZ,-0.013026118,0.0097374916,-0.016352177
2021-06-23,WMT,0.015489101,0.012579441,-0.021350622
2021-06-24,AAPL,0.02958703,0.013248205,0.0057730675
2021-06-24,AMGN,-0.015964985,0.018493414,-0.0089433789
2021-06-24,CRM,0.033163667,0.04266274,-0.018989205
2021-06-24,CSCO,-0.00053620338,0.024602532,-0.011931479
2021-06-24,IBM,0.027032971,-0.0038248301,-0.0070587397
2021-06-24,INTC,-0.0018468499,0.0036510229,-0.015340924
2021-06-24,MSFT,-0.01315707,0.0088328123,0.0010416508
2021-06-24,NKE,-0.010796845,0.01832521,-0.015691221
2021-06-24,VZ,-0.016640365,0.0053679943,-0.012738883
2021-06-24,WMT,0.00021398067,0.0079095364,0.0031239986
2021-06-25,AAPL,0.0034230947,0.010835648,-0.013115108
2021-06-25,AMGN,-0.001285851,0.0095360279,-0.026088774
2021-06-25,CRM,-0.022299707,0.0049159527,0.011062026
2021-06-25,CSCO,0.00040102005,-0.0016852617,-0.0049650073
2021-06-25,IBM,0.0023033619,0.0039787292,-0.017038226
2021-06-25,INTC,-0.029987037,0.033425212,-0.013550282
2021-06-25,MSFT,0.0076185465,0.0083763599,-0.0043839216
2021-06-25,NKE,-0.012481153,0.010899425,0.0018018484
2021-06-25,VZ,-0.018202245,0.01417017,-0.016557038
2021-06-25,WMT,0.013373017,0.00725317,-0.019165695
2021-06-28,AAPL,0.0028803349,0.012830257,-0.0058944821
2021-06-28,AMGN,-0.02944392,0.0083289146,-0.0064491034
2021-06-28,CRM,0.0013694763,0.028900623,-0.021010399
2021-06-28,CSCO,-0.010384798,6.9141388e-06,0.0014005899
2021-06-28,IBM,0.0098940134,0.015672445,0.0028266907
2021-06-28,INTC,0.033004522,0.014871597,-0.0013947487
2021-06-28,MSFT,-0.026330054,0.0054633617,-0.021982133
2021-06-28,NKE,-0.014341414,0.01299727,-0.0049194694
2021-06-28,VZ,-0.02373457,0.0078423023,-0.021535754
2021-06-28,WMT,-0.0014745593,-0.00063574314,-0.0088452101
2021-06-29,AAPL,-0.034895599,0.0085926056,-0.0052197576
2021-06-29,AMGN,0.016750216,0.010188937,-0.011446178
2021-06-29,CRM,0.016431212,0.013951063,-0.0045413971
2021-06-29,CSCO,-0.0087330341,0.014909744,0.0007134676
2021-06-29,IBM,6.2942505e-05,-0.0050286651,-0.0046223402
2021-06-29,INTC,-0.020943046,0.0019038916,-0.02779144
2021-06-29,MSFT,0.030142903,0.0029267073,-0.0037386417
2021-06-29,NKE,-0.014877558,0.013244748,-0.018444896
2021-06-29,VZ,-0.0060910583,0.0049849749,-0.015302241
2021-06-29,WMT,-0.015291035,0.0075336695,-0.010137618
2021-06-30,AAPL,0.021582484,-0.0024958849,-0.018764079
2021-06-30,AMGN,-0.016473949,-0.0028396845,-0.0039020777
2021-06-30,CRM,0.0046278238,0.015059352,-0.013024926
2021-06-30,CSCO,0.0011267662,0.010244489,0.0054161549
2021-06-30,IBM,-0.019975126,0.013055682,-0.008369267
2021-06-30,INTC,-0.024130285,0.0059587955,-0.014983654
2021-06-30,MSFT,0.0063669682,-0.0085829496,-0.010775924
2021-06-30,NKE,0.0027999878,0.018593669,-0.012361825
2021-06-30,VZ,-0.012542248,0.024233341,-0.0065238476
2021-06-30,WMT,0.0012142658,0.011593938,-0.017651081
2021-07-01,AAPL,-0.0086578131,0.0068084002,-0.0030846596
2021-07-01,AMGN,0.019401431,0.02815783,-0.0062116385
2021-07-01,CRM,0.02157712,0.030884624,0.013945103
2021-07-01,CSCO,-0.010467649,0.025341988,0.00056636333
2021-07-01,IBM,-0.0010748506,0.0069916248,0.0023553371
2021-07-01,INTC,0.0091106892,0.01108098,-0.00052809715
2021-07-01,MSFT,-0.026708841,0.027338028,-0.0042577386
2021-07-01,NKE,0.0077165365,0.010411978,0.00010216236
2021-07-01,VZ,-0.013079762,0.01765275,-0.016030431
2021-07-01,WMT,-0.0039247274,0.010676622,-0.0076165795
2021-07-02,AAPL,-0.0060628057,0.0025705099,-0.010575712
2021-07-02,AMGN,0.010683298,0.016146421,-0.0079109073
2021-07-02,CRM,-0.004166007,0.00061762333,0.015422344
2021-07-02,CSCO,0.010088086,-0.0025689006,-0.0082900524
2021-07-02,IBM,-0.017446697,0.0070154667,-0.0071235895
2021-07-02,INTC,-0.018175006,0.017120004,-0.0029329658
2021-07-02,MSFT,0.014348984,0.0063534975,-0.0067337751
2021-07-02,NKE,0.0032099485,0.002579689,-0.013784051
2021-07-02,VZ,-0.020844758,0.0011286736,0.0014306307
2021-07-02,WMT,-0.0094574094,0.0014283657,-0.011165261
2021-07-06,AAPL,-0.00055021048,0.0043672323,-0.016596615
2021-07-06,AMGN,-0.010381997,0.024980307,-0.0016948581
2021-07-06,CRM,-0.028270423,-0.0046896935,-0.016846478
2021-07-06,CSCO,-0.012009978,0.0086863041,-0.019412577
2021-07-06,IBM,-0.0042752624,0.0071926117,0.0010006428
2021-07-06,INTC,-0.0048476458,0.028662801,-0.022981346
2021-07-06,MSFT,0.012809396,0.015373349,-0.014344811
2021-07-06,NKE,-0.029949963,0.0082927942,-0.011165082
2021-07-06,VZ,0.0083602667,-0.0020824671,-0.0013703108
2021-07-06,WMT,-0.006103754,0.0060975552,-0.0041726828
2021-07-07,AAPL,0.023637295,-0.0032548308,-0.00494802
2021-07-07,AMGN,-0.032620013,0.01378417,-0.0015687943
2021-07-07,CRM,-0.02650702,0.028943658,0.0048019886
2021-07-07,CSCO,0.010211706,-0.021212399,-0.0095915794
2021-07-07,IBM,-0.0096594095,-0.0090656877,-0.0023046732
2021-07-07,INTC,0.030196786,-0.012537122,-0.0038962364
2021-07-07,MSFT,0.010477424,0.010054231,-0.0023137927
2021-07-07,NKE,-0.026067019,0.01216197,0.0090839863
2021-07-07,VZ,-0.0057519674,0.0059212446,-0.019096136
2021-07-07,WMT,-0.0070451498,-0.0025094151,-0.0076943636
2021-07-08,AAPL,-0.018912911,0.0099052191,-0.018231273
2021-07-08,AMGN,0.00042712688,0.0050278902,-0.0078068376
2021-07-08,CRM,-0.025964558,0.00027608871,-0.029936373
2021-07-08,CSCO,0.00418365,-0.0043265224,-0.017467022
2021-07-08,IBM,-0.0027954578,0.010395765,-0.0056129098
2021-07-08,INTC,-0.022444487,0.027576208,-0.017012537
2021-07-08,MSFT,0.037408471,3.9815903e-05,-0.010102391
2021-07-08,NKE,0.036597967,0.013397455,0.0012197495
2021-07-08,VZ,-0.0035077929,0.0066945553,0.021555662
2021-07-08,WMT,-0.016157985,0.010368347,-0.013467073
2021-07-09,AAPL,0.0066562891,0.013989925,-0.0012216568
2021-07-09,AMGN,0.0126127,0.012338161,-0.011091411
2021-07-09,CRM,-0.0042936206,0.018954277,-0.015409708
2021-07-09,CSCO,0.024080038,0.0013312101,-0.020817995
2021-07-09,IBM,0.0081483126,0.0068528652,-0.011449099
2021-07-09,INTC,0.024370909,0.014981389,-0.0021041632
2021-07-09,MSFT,-0.00210917,-0.0039167404,-0.015350044
2021-07-09,NKE,0.006606698,-0.0033304095,-0.003006041
2021-07-09,VZ,-0.0052888393,0.012837529,0.0001077652
2021-07-09,WMT,-0.015096247,0.0087352991,-0.018445313
2021-07-12,AAPL,0.00020647049,0.031957865,-0.00025874376
2021-07-12,AMGN,-0.0070302486,0.036875486,-0.0071108341
2021-07-12,CRM,-0.023342192,0.039861917,-0.019442737
2021-07-12,CSCO,-0.0070138574,-0.0034564137,-0.012663603
2021-07-12,IBM,-0.0013976097,0.017579913,-0.0073822141
2021-07-12,INTC,0.008528471,-0.00051492453,-0.0052602291
2021-07-12,MSFT,0.0033632517,-0.0099688768,-0.028270364
2021-07-12,NKE,-0.0014076233,-0.00063675642,-0.021942675
2021-07-12,VZ,-0.004026413,-0.015324175,0.004344821
2021-07-12,WMT,-0.0065562129,0.0056818724,0.0096560717
2021-07-13,AAPL,0.02675724,-0.020830512,-0.0030366182
2021-07-13,AMGN,-0.031162739,0.030235052,0.0055799484
2021-07-13,CRM,0.007524848,0.00047826767,-0.029956043
2021-07-13,CSCO,0.011437178,0.0096926689,-0.0015310645
2021-07-13,IBM,-0.010171354,0.0043702126,-0.005693078
2021-07-13,INTC,-0.0065619349,0.009308815,-0.026405752
2021-07-13,MSFT,0.016288519,0.013066888,-0.033268988
2021-07-13,NKE,-0.021195769,0.02276659,-0.0090277791
2021-07-13,VZ,-0.0020813942,0.021778584,-0.00064522028
2021-07-13,WMT,0.0052119493,0.0057433844,-0.01724577
2021-07-14,AAPL,-0.019625783,0.016601682,-0.0234918
2021-07-14,AMGN,0.004573822,0.019683123,-0.019504368
2021-07-14,CRM,0.008530736,0.0015356541,-0.020321965
2021-07-14,CSCO,-0.025824904,0.0028113127,-0.014151931
2021-07-14,IBM,-0.011001527,0.0028681755,-0.0014854074
2021-07-14,INTC,-0.022724271,0.016210079,0.00074017048
2021-07-14,MSFT,0.023962736,0.0077197552,0.0029526949
2021-07-14,NKE,0.0097504854,0.0085740089,-0.0062788129
2021-07-14,VZ,-0.022839487,0.016039252,-0.0037387609
2021-07-14,WMT,-0.0041430593,0.0041134357,-0.01660943
2021-07-15,AAPL,0.025385261,0.0036650896,-0.0045812726
2021-07-15,AMGN,-0.0080086589,0.0058475733,-0.015071154
2021-07-15,CRM,0.018508911,0.0034600496,0.012327552
2021-07-15,CSCO,0.027202249,0.015282273,-0.0061482787
2021-07-15,IBM,-0.011161268,-0.0038838983,0.0092618465
2021-07-15,INTC,0.0095412731,-0.002918303,-0.0096539259
2021-07-15,MSFT,-0.017458081,0.042369843,-0.0012145042
2021-07-15,NKE,-0.038138628,0.0031119585,-0.017957985
2021-07-15,VZ,-0.01938355,0.0025434494,0.001688838
2021-07-15,WMT,0.003229022,0.0073705912,0.00051724911
2021-07-16,AAPL,-0.007393837,-0.0013001561,-0.0061383247
2021-07-16,AMGN,-0.010497749,0.0037248135,-0.0028440356
2021-07-16,CRM,0.021209121,0.0010989904,0.0015448332
2021-07-16,CSCO,0.012691736,0.011776209,0.00081634521
2021-07-16,IBM,-0.012143433,0.0064413548,-0.011684895
2021-07-16,INTC,-0.0024381876,0.0086036921,-0.031957924
2021-07-16,MSFT,0.0078603029,0.02703321,-0.014530659
2021-07-16,NKE,-0.030564725,0.0064431429,-0.01419729
2021-07-16,VZ,-0.038882017,-0.0029035807,-0.01321876
2021-07-16,WMT,0.0038360357,0.015246749,-0.006900847
2021-07-19,AAPL,0.0075230598,0.013181686,-0.021500587
2021-07-19,AMGN,-0.025722802,0.022007704,0.011330843
2021-07-19,CRM,0.028313637,-0.0096129775,-0.026611507
2021-07-19,CSCO,0.024574757,0.0056188107,-0.0039397478
2021-07-19,IBM,0.012844086,0.012282848,-0.020746231
2021-07-19,INTC,0.014245987,0.015498638,0.0015136003
2021-07-19,MSFT,0.00047111511,0.012187123,-0.016418219
2021-07-19,NKE,0.0021990538,0.012007713,-0.003305614
2021-07-19,VZ,0.008659482,0.0087906122,-0.013045907
2021-07-19,WMT,0.012466311,0.01282227,-0.010703743
2021-07-20,AAPL,0.016933322,0.0061368942,-0.0076287389
2021-07-20,AMGN,0.056333303,0.020226955,-0.0052599311
2021-07-20,CRM,0.010635734,-0.0077677369,0.0036900043
2021-07-20,CSCO,-0.0042157769,0.0062437057,-0.016931772
2021-07-20,IBM,-0.010934293,0.01369524,-0.0027486086
2021-07-20,INTC,0.031818628,0.0038157701,-0.031519949
2021-07-20,MSFT,-0.0082562566,0.0098702908,-0.012741506
2021-07-20,NKE,-0.00076031685,0.0039120913,-0.0032104254
2021-07-20,VZ,0.0053253174,0.013107181,-0.010676384
2021-07-20,WMT,-0.015221834,0.0056544542,-0.007081151
2021-07-21,AAPL,0.0092544556,0.0091900826,-0.024585843
2021-07-21,AMGN,0.0058760643,0.0025290251,-0.00075685978
2021-07-21,CRM,-0.013994515,0.038171291,-0.016570747
2021-07-21,CSCO,0.0017536879,0.012375712,-0.010044038
2021-07-21,IBM,0.023076892,0.0037000179,-0.010767162
2021-07-21,INTC,-0.012691736,-0.016104102,-0.009891212
2021-07-21,MSFT,-0.0032294393,0.0053197145,-0.015866637
2021-07-21,NKE,-0.02308166,0.0095667839,-0.022043169
2021-07-21,VZ,-0.027910769,0.022324085,-0.0031904578
2021-07-21,WMT,0.00094234943,0.022591352,-0.019140482
2021-07-22,AAPL,0.014286399,-0.018138051,0.02186048
2021-07-22,AMGN,-0.014836252,0.0039944649,0.005350709
2021-07-22,CRM,0.061094642,0.025894046,-0.034455776
2021-07-22,CSCO,-0.037986517,-0.0071514249,0.001240015
2021-07-22,IBM,0.016575694,0.006338954,-0.0084554553
2021-07-22,INTC,0.0024371147,0.011609912,-0.0044190288
2021-07-22,MSFT,0.024329662,-0.0069867969,0.0018723011
2021-07-22,NKE,0.026498795,0.013460159,-0.015896797
2021-07-22,VZ,0.005918026,0.020105958,-0.0060316324
2021-07-22,WMT,-0.018061817,0.01536262,0.015210748
2021-07-23,AAPL,0.0051919222,0.029474139,-0.0077725053
2021-07-23,AMGN,-0.011135638,0.0062497854,-0.0069696307
2021-07-23,CRM,0.029731035,0.022380948,-0.017386496
2021-07-23,CSCO,-0.014949977,0.027099729,-0.025238335
2021-07-23,IBM,0.0052821636,0.00046145916,-0.0094701648
2021-07-23,INTC,-0.016786873,0.011973262,-0.016346991
2021-07-23,MSFT,-0.0094801188,0.00015604496,0.0047774315
2021-07-23,NKE,0.0047512054,0.0070956945,-0.0081751943
2021-07-23,VZ,0.0084056854,0.0070229769,-0.020789146
2021-07-23,WMT,-0.012320757,0.009210825,-0.0045791864
2021-07-26,AAPL,0.046929121,0.021731257,0.0024256706
2021-07-26,AMGN,-0.0054470301,0.011975288,-0.017918229
2021-07-26,CRM,-0.037103534,-0.020993531,-0.011349559
2021-07-26,CSCO,-0.0037193298,0.023344159,-0.0060173869
2021-07-26,IBM,-0.033040822,0.01303339,-0.01628381
2021-07-26,INTC,0.036358595,0.0075780153,-0.0039073229
2021-07-26,MSFT,0.0030384064,0.01495707,-0.0068185329
2021-07-26,NKE,0.0093860626,0.0099643469,-0.0061783195
2021-07-26,VZ,-0.0040042996,0.021185756,-0.00096940994
2021-07-26,WMT,0.0032707453,0.01358366,-0.014483333
2021-07-27,AAPL,-0.03937763,-0.0042853355,-0.027275264
2021-07-27,AMGN,0.017002225,0.028457642,0.0085318089
2021-07-27,CRM,0.023829103,0.0011838675,-0.030410409
2021-07-27,CSCO,-0.035382986,0.016649961,-0.0055271387
2021-07-27,IBM,-0.016602635,0.013978481,0.0079071522
2021-07-27,INTC,-0.015475929,-0.021245003,-0.012541294
2021-07-27,MSFT,0.017917275,0.0045889616,-0.011192739
2021-07-27,NKE,-0.030592859,-0.0023870468,-0.011689246
2021-07-27,VZ,-0.016890764,0.014920473,-0.0078755617
2021-07-27,WMT,-0.0050942898,0.00056552887,-0.0027010441
2021-07-28,AAPL,-0.023959816,0.0038262606,-0.031475246
2021-07-28,AMGN,-0.015893877,2.3961067e-05,-0.005412817
2021-07-28,CRM,0.015420914,-0.026329398,-0.0032852888
2021-07-28,CSCO,-0.039710701,0.0094798803,-0.029452682
2021-07-28,IBM,-0.018420041,0.019464254,-0.0094560981
2021-07-28,INTC,0.0075279474,-0.002861917,0.0020314455
2021-07-28,MSFT,-0.0044466853,0.013606787,-0.011630237
2021-07-28,NKE,-0.0020031333,0.0038530827,0.014561772
2021-07-28,VZ,-0.017767966,0.020594954,-0.014338791
2021-07-28,WMT,0.011286497,0.0037924051,-0.0078419447
2021-07-29,AAPL,-0.00092101097,0.018941522,-0.036521912
2021-07-29,AMGN,0.0031491518,0.0034162998,-0.013152897
2021-07-29,CRM,-0.045793593,0.031781912,-0.023770869
2021-07-29,CSCO,0.0024052858,0.0082886219,-0.0041024685
2021-07-29,IBM,-0.0043822527,0.0040076971,-0.014892519
2021-07-29,INTC,0.026756763,-0.0058251023,0.00071537495
2021-07-29,MSFT,0.0059682131,0.0098958015,2.3245811e-05
2021-07-29,NKE,0.0092526674,0.016732812,0.012148023
2021-07-29,VZ,-0.011487365,0.012619972,-0.0014885664
2021-07-29,WMT,-0.0086616874,0.0054386854,-0.0094026923
2021-07-30,AAPL,0.0021058321,0.00069725513,-0.019333601
2021-07-30,AMGN,-0.0053352118,0.011527181,0.0030033588
2021-07-30,CRM,-0.014882803,0.017802238,-0.030432165
2021-07-30,CSCO,-0.012870789,0.0057479143,-0.015836239
2021-07-30,IBM,-0.022828937,0.0062357187,0.0029349327
2021-07-30,INTC,0.0056142807,0.015464664,-0.0052620769
2021-07-30,MSFT,-0.012839139,0.0080206394,-0.0090970397
2021-07-30,NKE,-0.010591626,0.018087268,-0.0025041699
2021-07-30,VZ,0.019912601,-0.00262326,-0.019291282
2021-07-30,WMT,-0.011525035,0.014209628,-0.014526069
2021-08-02,AAPL,0.011288404,0.0060837269,-0.010964274
2021-08-02,AMGN,0.0020973682,0.0079991817,-0.011670589
2021-08-02,CRM,0.0034464598,0.049252629,-0.00025910139
2021-08-02,CSCO,-0.028174698,0.016715884,-0.018000901
2021-08-02,IBM,-0.012924254,0.0082862377,-0.023305058
2021-08-02,INTC,0.0046601295,0.0085684061,-0.015077472
2021-08-02,MSFT,-0.014174283,0.014153242,-0.011371613
2021-08-02,NKE,0.022518754,0.010670185,0.0010299683
2021-08-02,VZ,0.0071384907,0.0050691366,-0.015271902
2021-08-02,WMT,0.012687087,0.0061355829,0.0073462725
2021-08-03,AAPL,0.0034048557,-0.0078800917,-0.015815616
2021-08-03,AMGN,0.017797589,0.031875491,-0.0013260245
2021-08-03,CRM,-0.022715926,0.013255596,0.0060641766
2021-08-03,CSCO,0.0082753897,-0.0083705187,-0.013366222
2021-08-03,IBM,0.0084902048,0.016270757,0.011063695
2021-08-03,INTC,0.008699894,0.0066133738,-0.037198663
2021-08-03,MSFT,0.008744359,0.016038299,0.0049136877
2021-08-03,NKE,0.002174139,0.0031272173,-0.012732387
2021-08-03,VZ,0.0042974949,0.0013021231,0.0049235821
2021-08-03,WMT,0.012491703,0.023583412,-0.0073535442
2021-08-04,AAPL,-0.0021225214,0.015025377,-0.021864593
2021-08-04,AMGN,0.014097929,0.017003775,-0.0046983361
2021-08-04,CRM,0.0057077408,-0.0080469251,-0.018857002
2021-08-04,CSCO,-0.0039572716,-0.0086345077,-0.0057328343
2021-08-04,IBM,-0.01825434,0.0083520412,-0.0097389817
2021-08-04,INTC,0.011314392,0.0050845146,0.00022530556
2021-08-04,MSFT,-0.016581535,0.012869358,-0.015619934
2021-08-04,NKE,-0.0093377829,0.012789369,-0.029001951
2021-08-04,VZ,-0.012504399,-0.0026385188,-0.0048220754
2021-08-04,WMT,-0.01762253,0.007869482,-0.012980938
2021-08-05,AAPL,-0.010316849,0.036523342,-0.019515753
2021-08-05,AMGN,-0.0087129474,0.0058796406,0.001935482
2021-08-05,CRM,0.015054464,0.030231476,0.0119766
2021-08-05,CSCO,0.011076927,-0.00071668625,-0.023162127
2021-08-05,IBM,-0.026016533,0.0037212372,0.011174083
2021-08-05,INTC,0.0020778179,-0.013731539,-0.011049747
2021-08-05,MSFT,-0.007204771,-0.0090325475,0.0057044029
2021-08-05,NKE,-0.015286803,0.014592648,0.0030171871
2021-08-05,VZ,-0.00094419718,0.0098506212,-0.0022524595
2021-08-05,WMT,-0.018204689,0.004568696,-0.0020499229
2021-08-06,AAPL,0.0012309551,0.017917037,-0.010023773
2021-08-06,AMGN,-0.0020091534,0.011766315,-0.012338281
2021-08-06,CRM,-0.014258802,0.026587844,-0.012558639
2021-08-06,CSCO,0.017828941,0.013980865,-0.017598391
2021-08-06,IBM,0.01017189,0.011240602,-0.0081847906
2021-08-06,INTC,-0.035958111,0.010829449,-0.019560695
2021-08-06,MSFT,-0.0099103451,0.011545777,-0.011662245
2021-08-06,NKE,-0.0015944242,-0.0080459118,-0.017832637
2021-08-06,VZ,0.015225291,0.006198287,0.0044113398
2021-08-06,WMT,-0.010008752,-0.00012636185,-0.0050329566
2021-08-09,AAPL,0.0031723976,0.014361978,-0.018293738
2021-08-09,AMGN,-0.019729912,0.020693898,-0.00074374676
2021-08-09,CRM,0.0054295063,0.024245262,-0.027481616
2021-08-09,CSCO,0.016391635,0.0083290339,-0.0038502812
2021-08-09,IBM,0.01530993,0.0092105865,-0.0018303394
2021-08-09,INTC,0.025148749,0.021820903,6.4134598e-05
2021-08-09,MSFT,-0.028458595,0.0046583414,-0.016931891
2021-08-09,NKE,-0.016297817,-0.0066664219,-0.017328978
2021-08-09,VZ,0.011864424,0.0043190718,-0.010593414
2021-08-09,WMT,-0.0067620873,0.0010662079,-0.0022782683
2021-08-10,AAPL,-0.019728482,0.0103091,0.017070055
2021-08-10,AMGN,-0.026284337,0.018061638,-0.029517889
2021-08-10,CRM,0.014783621,-0.0025641322,-0.034044564
2021-08-10,CSCO,-0.015052259,-0.0081421733,-0.0052990317
2021-08-10,IBM,-0.019877851,0.0011197329,0.002936244
2021-08-10,INTC,0.0019909143,0.0085866451,-0.021183431
2021-08-10,MSFT,0.036789656,0.021728277,-0.021163285
2021-08-10,NKE,0.0039297342,0.032559633,-0.0087844133
2021-08-10,VZ,0.0047911406,0.0014888048,-0.0013418198
2021-08-10,WMT,9.5129013e-05,0.00082802773,-0.0024576783
2021-08-11,AAPL,-0.01236093,0.022319078,0.010060191
2021-08-11,AMGN,-0.00019305944,0.031129479,-0.0071302652
2021-08-11,CRM,-0.010772824,0.013180733,-0.034971952
2021-08-11,CSCO,0.021419048,0.0086022615,0.016309381
2021-08-11,IBM,-0.006713748,0.0038461685,-0.012611747
2021-08-11,INTC,-0.0038943887,0.0068337917,0.012392879
2021-08-11,MSFT,-0.016402721,-0.016987264,-0.0002065897
2021-08-11,NKE,0.023043036,-0.00013464689,0.0011297464
2021-08-11,VZ,-0.011843801,0.021992087,-0.014312208
2021-08-11,WMT,-6.4253807e-05,0.0097081661,-0.012306631
2021-08-12,AAPL,-0.014295697,-0.00064611435,-0.010209024
2021-08-12,AMGN,-0.022507131,0.0066107512,-0.0029907227
2021-08-12,CRM,0.0075606108,0.017449737,-0.010668933
2021-08-12,CSCO,-0.012587965,0.010637164,-0.014258981
2021-08-12,IBM,-0.017241657,0.013041377,-0.0074114203
2021-08-12,INTC,0.0093612671,-0.01287514,-0.011992574
2021-08-12,MSFT,0.049016118,0.016751528,-0.0040276647
2021-08-12,NKE,-0.0055412054,0.0024530888,-0.023738503
2021-08-12,VZ,-0.016798556,0.017751694,-0.006765604
2021-08-12,WMT,0.014157534,0.0057146549,-0.006429553
2021-08-13,AAPL,-0.020345926,0.020581245,-0.024635792
2021-08-13,AMGN,-0.0043786168,0.037703872,-0.014371693
2021-08-13,CRM,0.01024425,-0.023227096,-0.024090111
2021-08-13,CSCO,-0.009485662,0.01579392,-0.0093777776
2021-08-13,IBM,-0.0080202222,0.0064907074,-0.0074570179
2021-08-13,INTC,0.023080111,0.0018702745,0.0019937754
2021-08-13,MSFT,-0.0070043206,-0.010275543,0.0065541267
2021-08-13,NKE,0.0082646608,0.038936019,-0.0076912642
2021-08-13,VZ,-0.0061778426,0.003308773,-0.01620537
2021-08-13,WMT,-0.0095415711,0.0028418303,0.010688663
2021-08-16,AAPL,0.020694733,-0.0076301694,-0.0010061264
2021-08-16,AMGN,0.0064183474,0.026082277,-0.013132811
2021-08-16,CRM,-0.010104895,0.012120724,-0.010632455
2021-08-16,CSCO,0.021761894,-0.00070095062,-0.014573097
2021-08-16,IBM,0.0022084713,0.016267776,-0.0068668723
2021-08-16,INTC,0.0016784668,0.016611814,-0.022867978
2021-08-16,MSFT,0.039882064,0.010645986,-0.012255192
2021-08-16,NKE,-0.024393559,0.0022058487,-0.02492255
2021-08-16,VZ,0.015397191,0.023133993,-0.002961874
2021-08-16,WMT,-0.038378656,0.0099409819,0.00031805038
2021-08-17,AAPL,0.041689157,-0.0065687299,-0.0083684921
2021-08-17,AMGN,0.012805343,0.0034275055,-0.021101117
2021-08-17,CRM,0.0036242008,0.0015828609,-0.013804734
2021-08-17,CSCO,-0.014502347,0.010653019,-0.011310756
2021-08-17,IBM,-0.0089184642,0.014086723,0.0067628622
2021-08-17,INTC,-0.011695325,0.010618806,0.00048899651
2021-08-17,MSFT,-0.0083791614,-0.0062346458,-0.019148529
2021-08-17,NKE,-0.026656806,0.014015913,-0.0037314892
2021-08-17,VZ,0.010713696,0.0094579458,0.0041685104
2021-08-17,WMT,-0.004173398,0.015416265,-0.0041899085
2021-08-18,AAPL,0.012665629,0.0031747818,-0.019677281
2021-08-18,AMGN,-0.011651933,0.016652226,-0.0032818317
2021-08-18,CRM,0.024967194,0.0013107061,-0.031033218
2021-08-18,CSCO,0.068348646,0.021064878,0.0020544529
2021-08-18,IBM,-0.0049464703,-0.001953125,-0.0060531497
2021-08-18,INTC,3.8027763e-05,0.0034973621,-0.0062888265
2021-08-18,MSFT,-0.018104374,0.010704398,-0.0024479032
2021-08-18,NKE,-0.030701399,0.0060732365,-0.0021728277
2021-08-18,VZ,0.0020040274,0.0081722736,-0.0077004433
2021-08-18,WMT,-0.0036377311,0.01194787,-0.014600277
2021-08-19,AAPL,-0.019147396,0.0030204058,0.0022779703
2021-08-19,AMGN,-0.020565152,0.0038474798,-0.02099514
2021-08-19,CRM,0.061204553,-0.00076419115,0.0019917488
2021-08-19,CSCO,-0.013924897,0.0081927776,0.003996253
2021-08-19,IBM,-0.007517755,0.0041908026,-0.0084029436
2021-08-19,INTC,-0.0093920231,0.016041994,0.00027477741
2021-08-19,MSFT,-0.0098463297,0.026052237,-0.024412274
2021-08-19,NKE,0.044738889,0.011912704,-0.0096945167
2021-08-19,VZ,-0.013983011,0.015813112,-0.030692339
2021-08-19,WMT,-0.0021981597,0.0052448511,-0.00032114983
2021-08-20,AAPL,0.0021526814,-0.0074148774,-0.012762487
2021-08-20,AMGN,0.0044953823,0.025216937,-0.014087915
2021-08-20,CRM,0.029286027,0.0068205595,-0.010418713
2021-08-20,CSCO,0.014076471,0.0055068731,0.016027927
2021-08-20,IBM,-0.0076824427,0.0062257051,-0.0091459155
2021-08-20,INTC,0.011864662,0.0087285042,-0.0092896223
2021-08-20,MSFT,0.0074279308,-0.0044769645,0.0033004284
2021-08-20,NKE,0.011462569,0.0092526674,-0.023013771
2021-08-20,VZ,-0.012572706,0.017077684,0.0035257339
2021-08-20,WMT,-0.0036610365,0.0079476833,0.0093009472
2021-08-23,AAPL,-0.016325057,0.026804924,-0.0047875643
2021-08-23,AMGN,-0.019207358,0.010267138,-0.0082900524
2021-08-23,CRM,0.036951184,0.012433529,-0.0038443208
2021-08-23,CSCO,0.0061519146,0.0066790581,-0.0098804832
2021-08-23,IBM,0.0087449551,0.0085077286,-0.021030784
2021-08-23,INTC,0.0075763464,0.014550209,-0.016055286
2021-08-23,MSFT,0.01795125,-0.008528769,-0.0046081543
2021-08-23,NKE,0.003390789,-0.00082695484,0.008258462
2021-08-23,VZ,-1.5616417e-05,0.0084940195,-0.0098116398
2021-08-23,WMT,-0.0077664256,0.0057892799,-0.011064291
2021-08-24,AAPL,0.0018488169,0.013055563,-0.017510355
2021-08-24,AMGN,-0.012419581,0.018988729,-0.0061351657
2021-08-24,CRM,-0.013490975,0.044502616,-0.022214711
2021-08-24,CSCO,0.021737576,0.0040320158,-0.013312638
2021-08-24,IBM,-0.0016416907,0.0030961037,-0.020685971
2021-08-24,INTC,0.018651366,0.0054196119,0.00099337101
2021-08-24,MSFT,-0.020483911,0.011971951,-0.013047934
2021-08-24,NKE,0.018446803,0.0076836348,-0.01063472
2021-08-24,VZ,-0.014772475,0.0085384846,-0.0019791722
2021-08-24,WMT,0.0055581331,0.015567303,0.0070753098
2021-08-25,AAPL,0.0066707134,0.026332855,-0.0057412386
2021-08-25,AMGN,0.016000628,0.012539506,-0.0177055
2021-08-25,CRM,-0.023622155,0.016561389,-0.030680954
2021-08-25,CSCO,-0.007265389,0.012153268,-0.00055849552
2021-08-25,IBM,0.011456132,-0.010058641,0.0040214062
2021-08-25,INTC,0.008226037,0.0085045099,-0.024641573
2021-08-25,MSFT,0.03239727,-0.0024598837,0.0011712313
2021-08-25,NKE,0.03237021,0.010861158,-0.014491796
2021-08-25,VZ,-0.0059224367,0.017742872,-0.005207181
2021-08-25,WMT,0.0036232471,0.020340681,-0.0033724904
2021-08-26,AAPL,-0.0043737292,0.0098246336,-0.016247511
2021-08-26,AMGN,-0.0024446845,0.0045492649,-0.011883676
2021-08-26,CRM,0.045836926,0.0054159164,-0.013631284
2021-08-26,CSCO,-0.0050684214,-0.0063043237,0.017288208
2021-08-26,IBM,-0.029983401,0.032642245,-0.0026484132
2021-08-26,INTC,-0.029988706,-0.0059524775,-0.0076221228
2021-08-26,MSFT,0.003749609,0.016285777,-0.008308351
2021-08-26,NKE,0.0085633993,-0.00042098761,-0.021928847
2021-08-26,VZ,-0.037103832,0.0090987682,-0.014012575
2021-08-26,WMT,-0.0065191388,0.0088285208,-0.011295259
2021-08-27,AAPL,0.018392324,-0.0034481883,0.0048350096
2021-08-27,AMGN,0.027024627,0.011631846,-5.8114529e-05
2021-08-27,CRM,0.036230922,-0.0058713555,-0.0003529191
2021-08-27,CSCO,0.0050997734,-0.0076833367,-0.010011375
2021-08-27,IBM,-0.0066638589,0.010733962,-0.0080461502
2021-08-27,INTC,0.0070370436,0.0036029816,-0.015703917
2021-08-27,MSFT,-0.0083164573,-0.013549149,0.0035858154
2021-08-27,NKE,-0.014044702,0.0058588982,-0.014492273
2021-08-27,VZ,-0.040953934,0.0046967268,0.0058605671
2021-08-27,WMT,-0.0092093945,-0.00077539682,-0.0060848594
2021-08-30,AAPL,0.01880765,0.050913811,-0.018933356
2021-08-30,AMGN,-0.037844539,0.0068171024,-0.0020789504
2021-08-30,CRM,-0.0061252117,0.027866125,-0.006164968
2021-08-30,CSCO,-0.029054701,-0.0033063889,-0.031935871
2021-08-30,IBM,0.0017393827,0.0068382025,-0.0084628463
2021-08-30,INTC,0.006264925,0.0096008778,-0.022131622
2021-08-30,MSFT,0.032751203,0.0028882027,-0.0091953874
2021-08-30,NKE,-3.8743019e-05,-0.0029680729,-0.025886774
2021-08-30,VZ,0.023098826,0.0053759813,-0.011498809
2021-08-30,WMT,-0.016170025,0.018343687,-0.011647224
2021-08-31,AAPL,0.013411164,0.019293666,-0.0086758733
2021-08-31,AMGN,-0.0075720549,-0.011176348,-0.017655075
2021-08-31,CRM,0.0099027157,0.0058003664,-0.0016751289
2021-08-31,CSCO,-0.027037561,-7.3492527e-05,0.0023334026
2021-08-31,IBM,0.00059270859,0.002648592,0.0083838701
2021-08-31,INTC,0.0012830496,0.020690441,-0.012716234
2021-08-31,MSFT,0.05013454,0.0020570755,-0.0011416078
2021-08-31,NKE,0.0046440363,0.006839633,0.0055018663
2021-08-31,VZ,0.024412274,0.026636958,-0.01661247
2021-08-31,WMT,0.011220336,0.0038083792,-0.0057048798
2021-09-01,AAPL,-0.03254658,0.011965871,0.008954525
2021-09-01,AMGN,-0.021787226,0.0044332743,-0.025828719
2021-09-01,CRM,-0.032856822,0.011416793,0.0031608343
2021-09-01,CSCO,0.012465239,-0.0069789886,0.0040916204
2021-09-01,IBM,-0.0046983957,0.015662193,-0.013124168
2021-09-01,INTC,-0.00041240454,0.0019266605,-0.0029677153
2021-09-01,MSFT,0.028437614,0.010995388,-0.0081720352
2021-09-01,NKE,0.0097917318,0.0038167238,-0.00627321
2021-09-01,VZ,-0.00068879128,0.00339818,-0.0066953301
2021-09-01,WMT,0.011384368,0.008947134,-3.0457973e-05
2021-09-02,AAPL,-0.015666485,-0.015627086,-0.0163939
2021-09-02,AMGN,-0.017410994,0.0080367327,-0.020749927
2021-09-02,CRM,-0.022140503,0.018678904,-3.1411648e-05
2021-09-02,CSCO,-0.0026323199,0.00033938885,0.0067923069
2021-09-02,IBM,-0.0082712173,-0.004998982,-0.0030814409
2021-09-02,INTC,0.014809608,0.0023796558,-0.00578475
2021-09-02,MSFT,0.031426072,0.0037065744,-0.007481575
2021-09-02,NKE,-0.014626026,0.0080959797,-0.015611827
2021-09-02,VZ,-0.013965309,0.0003964901,-0.01620096
2021-09-02,WMT,-0.0050532818,0.0024499893,-0.015438735
2021-09-03,AAPL,0.010452151,0.0060663223,-0.0080091953
2021-09-03,AMGN,-0.0057034492,0.022357464,-0.012523293
2021-09-03,CRM,-0.019249856,0.017637134,-0.0028630495
2021-09-03,CSCO,0.01442337,0.01330626,0.01010704
2021-09-03,IBM,-0.0086629391,0.014747262,0.0022492409
2021-09-03,INTC,-0.013479531,-0.0017986298,-0.011516511
2021-09-03,MSFT,0.0024240017,-0.017812312,-0.01294142
2021-09-03,NKE,-0.003598392,0.021735907,-0.039426208
2021-09-03,VZ,-0.00050890446,0.0090168715,0.0098080635
2021-09-03,WMT,0.0026353598,0.011192679,-0.0082898736
2021-09-07,AAPL,0.012871504,0.012393594,-0.0026099682
2021-09-07,AMGN,-0.016975701,0.018834233,-0.01282531
2021-09-07,CRM,-0.029473722,0.0013536215,-0.0047334433
2021-09-07,CSCO,0.001306653,0.00017988682,-0.016634583
2021-09-07,IBM,-0.0089003444,0.0043464899,-0.005965054
2021-09-07,INTC,-0.01050812,0.0025434494,-0.0057499409
2021-09-07,MSFT,0.00078690052,0.0078039169,-0.019910574
2021-09-07,NKE,-0.0014470816,0.0029799938,0.023521423
2021-09-07,VZ,-0.0057839751,0.0012351274,-0.0017921925
2021-09-07,WMT,-0.0094897151,0.0089149475,-0.013152361
2021-09-08,AAPL,-0.0027980804,0.016480565,-0.016006529
2021-09-08,AMGN,0.009229064,0.0039196014,-0.022276044
2021-09-08,CRM,-0.013171375,0.00090622902,-0.023623466
2021-09-08,CSCO,0.0010324717,0.0013256073,-0.0096848011
2021-09-08,IBM,-0.012976587,0.0028651953,-0.0034633875
2021-09-08,INTC,0.0040377378,0.0055818558,0.0011488199
2021-09-08,MSFT,0.022460222,0.0092846155,0.0010573864
2021-09-08,NKE,0.00098335743,0.015348792,-0.0029276013
2021-09-08,VZ,-0.0049307346,0.0066910982,-0.0006327033
2021-09-08,WMT,0.0047057867,0.021975398,-0.0041847825
2021-09-09,AAPL,0.010814905,0.021865129,-0.020538807
2021-09-09,AMGN,0.0096662045,0.0046087503,-0.012014389
2021-09-09,CRM,0.0072824955,0.018126249,-0.012850583
2021-09-09,CSCO,0.016233683,0.019287109,-0.011069119
2021-09-09,IBM,0.0043188334,0.011078477,0.0047694445
2021-09-09,INTC,-0.017274141,0.0061024427,-0.0070644021
2021-09-09,MSFT,0.0067660809,-0.0054880381,0.0060825348
2021-09-09,NKE,-0.0060870051,0.0041432381,-0.017988026
2021-09-09,VZ,-0.0038471222,-0.0012696981,-0.010275483
2021-09-09,WMT,-0.0018398762,0.011256814,-0.0071370006
2021-09-10,AAPL,-0.00045233965,0.017741323,-0.003657639
2021-09-10,AMGN,-0.012246013,0.0069099665,-0.0097612143
2021-09-10,CRM,0.0030509233,0.0049164295,-0.002137959
2021-09-10,CSCO,0.0053335428,0.013631105,-0.01582253
2021-09-10,IBM,-0.0047063828,0.026907802,-0.013354123
2021-09-10,INTC,-0.017399549,-0.013667941,-0.0039732456
2021-09-10,MSFT,0.034973621,0.0044481754,-0.0095922947
2021-09-10,NKE,-0.010840774,0.0052678585,-0.013586521
2021-09-10,VZ,-0.02655232,-0.00022423267,-0.014521718
2021-09-10,WMT,0.0038093328,0.00034570694,0.0053446293
2021-09-13,AAPL,0.010615349,0.0072585344,-0.012507915
2021-09-13,AMGN,-0.036053181,-0.0031632185,-0.010907352
2021-09-13,CRM,-0.023698807,-0.018924415,-0.012726426
2021-09-13,CSCO,0.019056082,-0.0041413307,-0.0039393306
2021-09-13,IBM,0.013417363,-0.0031022429,0.0044572353
2021-09-13,INTC,-0.0062325001,0.012582541,-0.011080563
2021-09-13,MSFT,-0.022113025,0.0017974377,0.0073337555
2021-09-13,NKE,0.00011193752,0.00040721893,0.0014009476
2021-09-13,VZ,-0.00033515692,0.0095582008,-0.0051584244
2021-09-13,WMT,0.0071573257,0.012282968,-0.0098512769
2021-09-14,AAPL,-0.0079008341,0.014161587,-0.0036690235
2021-09-14,AMGN,-0.012442529,0.0144068,0.010594487
2021-09-14,CRM,-0.00594455,0.0091453791,-0.015488684
2021-09-14,CSCO,-0.0042049885,-0.0077534914,-0.008672297
2021-09-14,IBM,-0.0049444437,0.011457562,-0.011918366
2021-09-14,INTC,0.00027859211,0.019288778,0.0015605688
2021-09-14,MSFT,0.036484957,0.0003194809,-0.010435045
2021-09-14,NKE,-0.018266439,0.020980477,-0.005938828
2021-09-14,VZ,0.014261723,0.0030961037,0.011145711
2021-09-14,WMT,0.00059556961,-0.0020302534,-0.0095021725
2021-09-15,AAPL,0.029049754,0.029818892,-0.022241712
2021-09-15,AMGN,0.045928955,0.0064144135,-0.0013364553
2021-09-15,CRM,-0.029082894,0.011271,-0.037638247
2021-09-15,CSCO,0.0026578903,-0.00057321787,-0.020368576
2021-09-15,IBM,0.010485888,0.014815569,0.0044208765
2021-09-15,INTC,-0.018502235,0.0059707165,0.0060373545
2021-09-15,MSFT,-0.003254056,0.018470407,-0.025612772
2021-09-15,NKE,-0.029896915,0.013224125,0.0068022013
2021-09-15,VZ,0.0056310892,-0.003662467,-0.0025445223
2021-09-15,WMT,-0.02545011,0.021537781,-0.001743257
2021-09-16,AAPL,-0.017244637,0.016221881,-0.0049455762
2021-09-16,AMGN,0.027787805,0.0048531294,-0.0070851445
2021-09-16,CRM,0.013486385,0.029127836,0.0066649914
2021-09-16,CSCO,-0.014745653,-0.00028824806,0.0096281767
2021-09-16,IBM,0.0080996752,0.00091469288,0.0038882494
2021-09-16,INTC,0.0048197508,-0.022477627,-0.0027619004
2021-09-16,MSFT,-0.0036423802,0.0061995983,-0.00612396
2021-09-16,NKE,-0.00086760521,0.015938878,-0.015387297
2021-09-16,VZ,-0.015671849,0.0061545372,-0.0087821484
2021-09-16,WMT,0.010925293,0.013470173,-0.0079528689
2021-09-17,AAPL,0.0044888258,0.0035903454,-0.018060327
2021-09-17,AMGN,0.010401368,0.013768315,-0.0043973327
2021-09-17,CRM,-0.024417579,0.012943029,0.0097819567
2021-09-17,CSCO,-0.0062557459,0.01562345,0.0033233166
2021-09-17,IBM,-0.0049168468,0.017002344,-0.019879401
2021-09-17,INTC,0.01036346,0.027730823,-0.022418261
2021-09-17,MSFT,0.035713434,0.013128281,-0.0041501522
2021-09-17,NKE,-0.0069457889,0.00048112869,0.00314641
2021-09-17,VZ,-0.028603375,0.0076195002,-0.014591634
2021-09-17,WMT,-0.013055861,0.014382362,-0.010072768
2021-09-20,AAPL,0.03284204,0.017546535,-0.010986507
2021-09-20,AMGN,0.0042632818,-0.00072610378,-0.022753179
2021-09-20,CRM,-0.02245903,0.030438066,-0.0041136146
2021-09-20,CSCO,0.0068701506,0.020406365,0.0031881332
2021-09-20,IBM,-0.014637589,0.014871836,0.0012099743
2021-09-20,INTC,0.013956904,0.0063652992,-0.0056222677
2021-09-20,MSFT,0.026549578,0.012149692,-0.01844734
2021-09-20,NKE,0.0068582296,0.0061514378,-0.00033283234
2021-09-20,VZ,-0.00069344044,0.0091677904,-0.0071958899
2021-09-20,WMT,0.0053642988,0.019034386,-0.0064613223
2021-09-21,AAPL,-0.021008372,0.012550592,0.0012370348
2021-09-21,AMGN,-0.0071588755,0.016859174,-0.0064170957
2021-09-21,CRM,-0.052320838,0.020772338,-0.0008212328
2021-09-21,CSCO,0.02212429,-0.0093017817,0.003341198
2021-09-21,IBM,-0.011972308,-0.0012908578,-0.022767663
2021-09-21,INTC,-0.00047761202,0.0075843334,-0.015457332
2021-09-21,MSFT,-0.017573893,0.0027893782,-0.0039532781
2021-09-21,NKE,-0.014650881,-0.0020815134,-0.0046357512
2021-09-21,VZ,-0.018841207,0.0095969439,-0.011229217
2021-09-21,WMT,0.021404028,0.016267776,-1.2934208e-05
2021-09-22,AAPL,-0.034304023,0.012711763,-0.01589644
2021-09-22,AMGN,-0.024686754,-0.0078350306,-0.012839913
2021-09-22,CRM,0.013022542,-0.0089250803,-0.025412202
2021-09-22,CSCO,-0.0072536469,-0.0013390183,-0.02475661
2021-09-22,IBM,-0.0071567297,-0.00053626299,-0.0014147758
2021-09-22,INTC,-0.0026644468,-0.0017855763,0.0022295713
2021-09-22,MSFT,-0.019291639,-0.0050294995,-0.017427802
2021-09-22,NKE,0.0011030436,0.014389396,-0.028351486
2021-09-22,VZ,-0.014341891,0.0059578419,-0.0024235249
2021-09-22,WMT,0.00051760674,0.0053758621,-0.0035000443
2021-09-23,AAPL,0.0070447922,0.036942601,-0.0090540648
2021-09-23,AMGN,-0.013072491,0.0090193748,-0.0020740032
2021-09-23,CRM,0.027414203,0.01860559,-0.022179961
2021-09-23,CSCO,-0.0062404871,0.025247931,-0.0074429512
2021-09-23,IBM,0.0079863071,0.0076293945,-0.0040714741
2021-09-23,INTC,-0.0010026097,0.005797267,-0.0091966987
2021-09-23,MSFT,-0.0030543208,0.0096782446,-0.0058273077
2021-09-23,NKE,0.0073250532,0.018339396,-0.011487842
2021-09-23,VZ,0.0020518303,0.019274831,-0.0045111775
2021-09-23,WMT,0.0025508404,0.0018372536,-0.023788333
2021-09-24,AAPL,0.021709561,0.010135531,-0.038203001
2021-09-24,AMGN,0.0086619854,-0.005854547,0.006116271
2021-09-24,CRM,-0.046824634,0.019608498,-0.017698348
2021-09-24,CSCO,0.0095801353,-0.0040155053,-0.015016973
2021-09-24,IBM,-0.0069151521,0.015295267,-0.016705871
2021-09-24,INTC,-0.021663487,-0.0011414886,-0.013475299
2021-09-24,MSFT,-0.040167212,0.013494134,-0.017064512
2021-09-24,NKE,-0.0033337474,-0.0057573915,-0.034161448
2021-09-24,VZ,-0.029435158,4.3869019e-05,-0.018688858
2021-09-24,WMT,-0.01029247,0.010169744,-0.0017579794
2021-09-27,AAPL,-0.034937799,0.0051604509,-0.017106235
2021-09-27,AMGN,-0.022643864,-0.013833702,-0.0046344995
2021-09-27,CRM,0.014210224,-0.0021368265,-0.035160601
2021-09-27,CSCO,0.039455414,-0.00033020973,-0.0057125092
2021-09-27,IBM,-0.020339191,0.010966182,-0.015561759
2021-09-27,INTC,-0.0054196119,0.0012978315,-0.0012227893
2021-09-27,MSFT,-0.036336601,0.006383419,-0.002202034
2021-09-27,NKE,-0.018030226,0.0080593824,0.00049626827
2021-09-27,VZ,-0.010126173,0.022390366,-0.0077952147
2021-09-27,WMT,-0.0032280684,0.003864646,-0.014313459
2021-09-28,AAPL,-0.0059279203,-0.0039390326,-0.013018072
2021-09-28,AMGN,-0.0036173463,0.023786902,-0.010685563
2021-09-28,CRM,-0.021272957,-0.015279055,-0.0015781522
2021-09-28,CSCO,0.0087121725,0.0030343533,-0.014400244
2021-09-28,IBM,0.013366103,0.011611819,-0.0038555264
2021-09-28,INTC,-0.004259944,0.00080370903,-0.01583451
2021-09-28,MSFT,0.017820358,0.011093497,0.0052742958
2021-09-28,NKE,-0.01096946,0.0025610924,-0.043901563
2021-09-28,VZ,0.00026285648,0.0027540922,-0.015009701
2021-09-28,WMT,-0.02127254,0.0062879324,0.0077009201
2021-09-29,AAPL,-0.003931284,0.0097132921,-0.0079776049
2021-09-29,AMGN,0.0042443275,0.013247848,-0.0060580373
2021-09-29,CRM,-0.01581502,0.042227149,-0.0087981224
2021-09-29,CSCO,-0.013076305,0.0061510801,0.0022699833
2021-09-29,IBM,-0.011301994,0.020363092,-0.0036352873
2021-09-29,INTC,0.0023077726,0.0014175177,-0.017338693
2021-09-29,MSFT,0.010620236,-0.0041313767,-0.0078551769
2021-09-29,NKE,0.00061702728,0.011003613,-0.011348784
2021-09-29,VZ,-0.0088958144,0.0077571869,-0.0073050857
2021-09-29,WMT,0.0020241737,0.003793478,0.006252408
2021-09-30,AAPL,-0.012103796,0.044400811,-0.020506024
2021-09-30,AMGN,-0.0011303425,0.014104962,-0.014218688
2021-09-30,CRM,0.029478073,0.033194184,-0.0074074268
2021-09-30,CSCO,-0.016154647,0.01207602,-0.022016883
2021-09-30,IBM,0.0034116507,0.0068594217,-0.012967825
2021-09-30,INTC,-0.0039235353,0.017879844,-0.0061158538
2021-09-30,MSFT,-0.019211829,-0.0049642324,-0.0096915364
2021-09-30,NKE,-0.019960046,0.0066329241,0.00062406063
2021-09-30,VZ,0.029303312,0.017287374,0.00081372261
2021-09-30,WMT,0.00025868416,0.020716786,-0.0062274933
2021-10-01,AAPL,-0.017045915,-0.0031167865,0.002266407
2021-10-01,AMGN,-0.013314784,-0.0097289085,-0.011120856
2021-10-01,CRM,-0.064219713,0.021376729,-0.011886835
2021-10-01,CSCO,0.012375712,0.020423293,-0.0084609389
2021-10-01,IBM,0.015667558,-0.0043182373,-0.0038498044
2021-10-01,INTC,-0.0062952042,0.0054118633,-0.018503428
2021-10-01,MSFT,0.017176986,0.0053697824,-0.017579436
2021-10-01,NKE,-0.010152698,0.0087281466,-0.0040631294
2021-10-01,VZ,0.0036216974,0.016771674,-0.010294616
2021-10-01,WMT,0.0016745329,0.016062021,-0.019734681
2021-10-04,AAPL,-0.00079387426,-0.0028815866,-0.010219216
2021-10-04,AMGN,-0.03385669,0.033673525,-0.00063610077
2021-10-04,CRM,-0.02420938,0.0069555044,-0.012429714
2021-10-04,CSCO,0.01767242,0.0097434521,0.026973128
2021-10-04,IBM,0.0026599169,0.0093872547,-0.015017033
2021-10-04,INTC,0.015049458,0.009878993,-0.019951224
2021-10-04,MSFT,-0.023908794,0.027459264,-0.019134045
2021-10-04,NKE,0.0030411482,0.0025423765,0.0043121576
2021-10-04,VZ,-0.011739671,0.0031629801,0.010691404
2021-10-04,WMT,-0.0099713206,0.014261961,-0.011307716
2021-10-05,AAPL,-0.0097261667,-0.0065062046,0.0039352179
2021-10-05,AMGN,0.0061053038,0.011378169,-0.0051254034
2021-10-05,CRM,0.013323307,0.00028800964,-0.017133594
2021-10-05,CSCO,-0.012962401,0.010719419,-0.0020974874
2021-10-05,IBM,-0.0064091086,0.0082238913,-0.0053898096
2021-10-05,INTC,-0.036110401,0.0099658966,-0.006560266
2021-10-05,MSFT,-0.010299087,-0.01043576,-0.007874012
2021-10-05,NKE,0.03691566,0.008615613,-0.015420496
2021-10-05,VZ,-0.021163225,0.00030386448,0.01042223
2021-10-05,WMT,0.012579083,0.0091085434,-0.0099721551
2021-10-06,AAPL,0.0062389374,0.0077149868,-0.002733171
2021-10-06,AMGN,0.016627192,0.014485717,0.007717967
2021-10-06,CRM,-0.0043931603,0.0048730373,-0.0044352412
2021-10-06,CSCO,-0.039473653,0.0023967028,-0.023311615
2021-10-06,IBM,0.00013518333,0.0080723763,-0.01415211
2021-10-06,INTC,0.0034993887,0.0079847574,-0.0099535584
2021-10-06,MSFT,0.041484952,-0.0088974833,0.0028532743
2021-10-06,NKE,0.0049540997,-0.0069380999,-0.0047616959
2021-10-06,VZ,-0.026274025,-0.0043853521,-0.00092595816
2021-10-06,WMT,-0.013451636,0.0052907467,-0.011134386
2021-10-07,AAPL,0.014607787,0.0088077784,0.023411989
2021-10-07,AMGN,0.003310442,0.014933348,-0.013240099
2021-10-07,CRM,-0.0047932267,0.014071226,-0.021158636
2021-10-07,CSCO,-0.0013796091,0.0090484619,-0.0087931156
2021-10-07,IBM,0.0064350367,0.0021011829,5.9604645e-06
2021-10-07,INTC,0.016300678,-0.0034017563,-0.01033783
2021-10-07,MSFT,0.030324697,0.0088299513,-0.02461493
2021-10-07,NKE,-0.009519279,0.01055634,-0.00020283461
2021-10-07,VZ,0.0095111132,0.010742903,-0.016370475
2021-10-07,WMT,0.00071310997,0.0089124441,-0.0021402836
2021-10-08,AAPL,0.033364654,0.019623041,-0.027000964
2021-10-08,AMGN,0.0073436499,0.00011432171,-0.007704556
2021-10-08,CRM,0.043422818,0.024893761,-0.0099357367
2021-10-08,CSCO,0.0082006454,0.00020742416,0.014926553
2021-10-08,IBM,0.011017442,0.006814003,-0.014934897
2021-10-08,INTC,-0.015937686,-0.0010765791,-0.012063324
2021-10-08,MSFT,-0.038673103,0.024717212,-0.020232797
2021-10-08,NKE,0.028021216,-0.0033147931,-0.009380281
2021-10-08,VZ,0.0091602802,0.010265589,-0.0020440221
2021-10-08,WMT,-0.014753342,0.0090836287,0.00071120262
2021-10-11,AAPL,0.012098908,-0.0069173574,-0.012805343
2021-10-11,AMGN,0.0096344948,0.040039062,-0.015515387
2021-10-11,CRM,0.014468551,0.012367964,-0.00039201975
2021-10-11,CSCO,0.014091134,0.00097990036,0.0096493959
2021-10-11,IBM,-0.00372684,0.0090278387,-0.0039043427
2021-10-11,INTC,0.0061556101,0.0049813986,-0.012624443
2021-10-11,MSFT,0.013411164,0.021630406,-0.016777098
2021-10-11,NKE,-0.0035332441,0.013363957,-0.022601724
2021-10-11,VZ,0.012241244,0.001732707,-0.0077780485
2021-10-11,WMT,0.017473817,0.024326444,-0.01057744
2021-10-12,AAPL,0.010723591,0.0091085434,-0.0069640279
2021-10-12,AMGN,0.0035985708,0.009449482,-0.0023307204
2021-10-12,CRM,-0.037495017,0.042764544,0.036748648
2021-10-12,CSCO,1.168251e-05,0.0068036318,-0.00079375505
2021-10-12,IBM,-0.012766659,0.0087049007,-0.014788747
2021-10-12,INTC,-0.00058758259,0.019954443,0.0019505024
2021-10-12,MSFT,-0.003654182,-0.00092744827,-0.0080115795
2021-10-12,NKE,-0.0033134222,-0.00063890219,-0.0027521849
2021-10-12,VZ,0.0094091892,-0.0056599379,0.0024778843
2021-10-12,WMT,-0.0066016912,0.011106968,-0.0092841983
2021-10-13,AAPL,-0.035371244,0.012222409,-0.022723973
2021-10-13,AMGN,-0.010897875,0.01127243,-0.014726937
2021-10-13,CRM,-0.022880733,-0.019898891,-0.042276084
2021-10-13,CSCO,-0.0086082816,-0.011402726,-0.010913312
2021-10-13,IBM,0.013148904,0.018526793,-0.0018276572
2021-10-13,INTC,-0.042351782,0.0071505308,-0.0077428818
2021-10-13,MSFT,-0.023038566,0.0065631866,-0.020925105
2021-10-13,NKE,-0.029542744,0.020243526,-0.0038356185
2021-10-13,VZ,-0.012367487,-0.0034918189,0.0068540573
2021-10-13,WMT,0.016072154,0.0086301565,-0.008713305
2021-10-14,AAPL,0.002964139,0.017463207,-0.01025331
2021-10-14,AMGN,-0.0052525997,0.018140793,0.0072875023
2021-10-14,CRM,0.032461882,0.017718196,-0.018006921
2021-10-14,CSCO,0.0056959391,-0.0058940649,-0.016741812
2021-10-14,IBM,-0.0061827302,0.0064176321,-0.017245531
2021-10-14,INTC,0.022361279,0.00033593178,-0.010427654
2021-10-14,MSFT,0.00053751469,0.017366529,-0.013082266
2021-10-14,NKE,0.0089060068,0.014871836,-0.01624763
2021-10-14,VZ,-0.012687564,0.011765718,-0.020950437
2021-10-14,WMT,-0.0082492828,0.011528015,-0.001406312
2021-10-15,AAPL,0.017391205,0.02315557,0.0060435534
2021-10-15,AMGN,-0.013909519,0.011284351,-0.011476576
2021-10-15,CRM,0.010998726,-0.016737342,3.8862228e-05
2021-10-15,CSCO,0.014350057,0.001603961,-0.02135098
2021-10-15,IBM,-0.0073040724,0.013771296,-0.012502909
2021-10-15,INTC,-0.0045877099,0.023517132,-0.010264099
2021-10-15,MSFT,0.0048764944,0.015278101,-0.0057795644
2021-10-15,NKE,-0.0046916008,0.018882394,-0.0010262728
2021-10-15,VZ,-0.01086086,-0.0027742982,-0.013293743
2021-10-15,WMT,-0.010175526,0.011272788,-0.016154587
2021-10-18,AAPL,0.047466755,-0.0053752065,0.0061625242
2021-10-18,AMGN,0.013922334,0.019699574,-0.018455863
2021-10-18,CRM,0.001216054,-0.00058370829,0.00045418739
2021-10-18,CSCO,-0.018883765,-0.012986779,0.0047601461
2021-10-18,IBM,-0.01206708,0.011264563,-0.0087286234
2021-10-18,INTC,-0.03744632,0.014966249,-0.014816046
2021-10-18,MSFT,-0.005048275,0.015259624,-0.0056878924
2021-10-18,NKE,-0.018307209,0.0076621771,-0.020887375
2021-10-18,VZ,-0.013287187,0.010703802,-0.0097389221
2021-10-18,WMT,0.0060602427,0.016580105,-0.00050055981
2021-10-19,AAPL,0.0045968294,0.023747087,-0.015871227
2021-10-19,AMGN,-0.009726584,0.0046794415,-0.017057538
2021-10-19,CRM,0.0089583397,-0.0083683133,-0.033291876
2021-10-19,CSCO,-0.022682965,-0.010473847,-0.0033996701
2021-10-19,IBM,-0.0090847015,0.0016895533,-0.0046778321
2021-10-19,INTC,-0.039313734,-0.0045233965,-0.0083830953
2021-10-19,MSFT,-0.011624575,0.0075095892,-0.013401449
2021-10-19,NKE,0.025262117,0.010879874,-0.012998462
2021-10-19,VZ,0.003926158,-0.010101974,-0.0037494898
2021-10-19,WMT,-0.02348572,0.027644515,-9.8228455e-05
2021-10-20,AAPL,0.020059228,0.019055724,0.0024847984
2021-10-20,AMGN,0.03719008,0.0091030598,-0.015966237
2021-10-20,CRM,0.023794055,0.010946035,-0.024881244
2021-10-20,CSCO,0.0099357367,0.013344765,-0.016013861
2021-10-20,IBM,-0.01099509,0.0093622208,-0.007560432
2021-10-20,INTC,-0.025203705,0.009054184,0.00036633015
2021-10-20,MSFT,-0.020234406,-0.0041028857,-0.010118306
2021-10-20,NKE,-0.015204906,-0.0013439655,-0.010184467
2021-10-20,VZ,-0.014479041,0.0041000843,7.5221062e-05
2021-10-20,WMT,0.0045338869,0.014285564,-0.011920035
2021-10-21,AAPL,-0.030859649,0.012977362,0.0012066364
2021-10-21,AMGN,-0.0049346089,0.0084989071,0.0018898249
2021-10-21,CRM,0.0040562153,0.0094171762,-0.0076360703
2021-10-21,CSCO,-0.0016793013,-0.0014176369,0.0037868023
2021-10-21,IBM,-0.0011890531,0.026515245,-5.5968761e-05
2021-10-21,INTC,0.046450019,0.020966768,-0.0022014976
2021-10-21,MSFT,0.005712986,0.010157108,-0.0035514832
2021-10-21,NKE,-0.011413932,0.0035414696,-0.016696215
2021-10-21,VZ,-0.0071417093,0.0047379732,-0.018056393
2021-10-21,WMT,0.016118288,0.011520505,-0.014966011
2021-10-22,AAPL,0.03816545,0.0027610064,0.0017203093
2021-10-22,AMGN,-0.010596037,0.018401384,-0.0041050911
2021-10-22,CRM,0.011701703,0.0093700886,-0.016408741
2021-10-22,CSCO,0.01526165,0.021117926,-0.0063060522
2021-10-22,IBM,0.010393023,0.019575596,-0.0093889832
2021-10-22,INTC,0.015941262,0.0086964369,-0.020274699
2021-10-22,MSFT,-0.023982465,-0.0076640248,0.0014140606
2021-10-22,NKE,-0.018650949,-0.0089012384,0.0042918921
2021-10-22,VZ,-0.0088117123,0.017254829,-0.0087538362
2021-10-22,WMT,-0.0068449378,0.021816254,-0.00068175793
2021-10-25,AAPL,0.01206708,0.013863921,-0.010890901
2021-10-25,AMGN,-0.020790875,-0.002830565,-0.010641515
2021-10-25,CRM,-0.033482373,0.011558414,-0.034377754
2021-10-25,CSCO,-0.0060938597,-0.014762223,-0.0090306997
2021-10-25,IBM,-0.0063551068,-2.1338463e-05,-0.0026493669
2021-10-25,INTC,-0.0071011782,-7.5757504e-05,-0.010366619
2021-10-25,MSFT,-0.0082387924,0.021592855,-0.0058969259
2021-10-25,NKE,0.014223695,-0.0063070059,-0.025048018
2021-10-25,VZ,-0.025452673,0.0085722208,0.01487875
2021-10-25,WMT,-0.011050701,0.010969996,0.0018459558
2021-10-26,AAPL,-0.032327592,0.011334896,0.0041211843
2021-10-26,AMGN,-0.019203424,0.025955915,-0.0057512522
2021-10-26,CRM,0.033640265,0.019207597,-0.012210727
2021-10-26,CSCO,-0.030139327,-0.0054987073,0.0056779385
2021-10-26,IBM,0.009427309,0.02288878,-0.0067047477
2021-10-26,INTC,0.01722014,0.014419675,0.0075291395
2021-10-26,MSFT,0.012624621,0.016258955,-0.012875199
2021-10-26,NKE,-0.0064139962,0.0063500404,-0.024369478
2021-10-26,VZ,0.026879668,0.018060207,-0.025305867
2021-10-26,WMT,0.011764169,0.010453582,-0.0075912476
2021-10-27,AAPL,0.0097848177,0.01715219,-0.015239418
2021-10-27,AMGN,-0.01238358,0.014756083,-0.023721874
2021-10-27,CRM,-0.034297168,0.031163573,-0.0048013926
2021-10-27,CSCO,0.0064799786,0.00026035309,0.0039526224
2021-10-27,IBM,-0.0098034143,-0.0053241849,-0.0038632751
2021-10-27,INTC,-0.0073950887,0.0032491684,-0.0071703196
2021-10-27,MSFT,-0.020412326,-0.0032947063,-0.0051951408
2021-10-27,NKE,-0.0092875957,-0.0077144504,-0.022671938
2021-10-27,VZ,-0.019543469,0.00024747849,-0.0080868006
2021-10-27,WMT,-0.027345479,0.00065970421,0.0054967403
2021-10-28,AAPL,-0.011589408,-0.0089430213,0.0011734962
2021-10-28,AMGN,-0.0035767555,0.03033042,-0.0040795207
2021-10-28,CRM,-0.032675683,0.017200232,-0.030573308
2021-10-28,CSCO,0.027263761,-0.00015288591,-0.007199645
2021-10-28,IBM,-0.020801365,-0.0081463456,-0.012675166
2021-10-28,INTC,0.022963166,0.0053261518,-0.0021809936
2021-10-28,MSFT,-0.01300323,-0.00021308661,-0.019739628
2021-10-28,NKE,-0.0084065199,-0.011099398,0.0055606365
2021-10-28,VZ,-0.013855219,0.041842818,-6.7710876e-05
2021-10-28,WMT,0.0095762014,0.01602304,-0.011325896
2021-10-29,AAPL,-0.0069518089,0.0013267994,-0.011362195
2021-10-29,AMGN,0.0031872988,0.012665153,-0.010396719
2021-10-29,CRM,-0.041202366,0.011141896,0.0044286251
2021-10-29,CSCO,0.021422863,0.021355867,0.0053399801
2021-10-29,IBM,-0.034065783,0.0061422586,-0.0073078275
2021-10-29,INTC,-0.022233129,0.024236441,-0.0039605498
2021-10-29,MSFT,-0.015121043,0.015508175,-0.016392469
2021-10-29,NKE,0.00054121017,0.03241694,-0.01563108
2021-10-29,VZ,-0.012392402,-0.0073517561,-0.0088291764
2021-10-29,WMT,-0.015851855,0.0087474585,-0.010350883
2021-11-01,AAPL,-0.014469922,0.009457469,-0.013733923
2021-11-01,AMGN,0.0028735399,0.0062798262,-0.01626116
2021-11-01,CRM,0.038111091,0.0070674419,-0.0022129416
2021-11-01,CSCO,0.041071057,0.02620995,-0.01718235
2021-11-01,IBM,-0.016073465,-0.00030308962,-0.011306405
2021-11-01,INTC,0.0021852255,0.008846879,-0.010423839
2021-11-01,MSFT,-0.0056209564,0.0040619373,-0.0033570528
2021-11-01,NKE,-3.4689903e-05,-0.00067973137,-0.025505483
2021-11-01,VZ,-0.023762167,-0.0080064535,-0.0095108747
2021-11-01,WMT,0.0028117895,0.0076165199,-0.011450529
2021-11-02,AAPL,0.026701093,0.0073437691,-0.0022236705
2021-11-02,AMGN,0.011774421,0.01855135,-0.012132168
2021-11-02,CRM,-0.054262221,0.012100697,0.023675799
2021-11-02,CSCO,0.03141284,0.0034297705,-0.0095893741
2021-11-02,IBM,-0.012147248,0.00062417984,0.0094534159
2021-11-02,INTC,-0.00026202202,0.0065624714,-0.024745405
2021-11-02,MSFT,-0.0054705739,0.0035640001,0.0029729605
2021-11-02,NKE,0.0086580515,0.0035094023,-0.017566323
2021-11-02,VZ,-0.0009328723,0.015356183,0.0023738146
2021-11-02,WMT,0.015705585,0.0019415617,-0.012704194
2021-11-03,AAPL,-0.017241359,0.015977025,-0.012696803
2021-11-03,AMGN,-0.021109641,0.0060244799,0.00048196316
2021-11-03,CRM,0.012029171,0.037000299,-0.022610843
2021-11-03,CSCO,-0.0073127151,-0.0040549636,-0.013529658
2021-11-03,IBM,0.017459989,0.010158539,-0.0026171207
2021-11-03,INTC,0.019347072,0.018747807,0.0028506517
2021-11-03,MSFT,-0.01111418,0.015671253,0.00020742416
2021-11-03,NKE,-0.018461645,0.0083405972,-0.015509725
2021-11-03,VZ,0.0089155436,-0.0031288266,-0.0047887564
2021-11-03,WMT,-0.0066080093,0.031795025,-0.0009611249
2021-11-04,AAPL,0.011407495,0.018205285,-0.0092612505
2021-11-04,AMGN,-0.014169574,0.023695469,-0.0070816278
2021-11-04,CRM,0.012173414,0.0094782114,-0.013546586
2021-11-04,CSCO,0.0052310228,0.025743008,-0.007255435
2021-11-04,IBM,-0.0062417388,0.0048538446,-0.0076104403
2021-11-04,INTC,-0.0057332516,0.0044342279,0.0013395548
2021-11-04,MSFT,0.0080560446,0.02067101,-0.002933681
2021-11-04,NKE,-0.0043011308,0.018177032,-0.0096199512
2021-11-04,VZ,-0.0037039518,0.0077353716,0.0067834854
2021-11-04,WMT,-0.017398059,0.013942719,-0.0033817291
2021-11-05,AAPL,-0.0048935413,0.022380829,-0.016387463
2021-11-05,AMGN,0.0053236485,0.022553205,-0.0031567812
2021-11-05,CRM,-0.0086284876,-0.011607349,-0.0043019056
2021-11-05,CSCO,0.0042296648,0.0022526979,0.0084953308
2021-11-05,IBM,-0.016058564,0.01535666,0.0072823763
2021-11-05,INTC,0.0013489723,0.017311692,0.001119256
2021-11-05,MSFT,-0.021109879,0.017866015,-0.017745078
2021-11-05,NKE,0.015903473,0.01302135,-0.011078
2021-11-05,VZ,0.0057374239,0.01038456,-0.002876997
2021-11-05,WMT,0.010204673,0.011532903,-0.016376734
2021-11-08,AAPL,-0.012773216,0.0052938461,-0.025770068
2021-11-08,AMGN,0.0052829981,0.025162816,0.0046463013
2021-11-08,CRM,0.0025061369,0.021898866,0.021191478
2021-11-08,CSCO,-0.021516383,0.0072988272,-0.017941654
2021-11-08,IBM,-0.0060561299,0.011565685,-0.0083932877
2021-11-08,INTC,0.015586376,0.00099241734,-0.014116943
2021-11-08,MSFT,0.016029716,0.00084888935,-0.019545019
2021-11-08,NKE,-0.003400147,0.021400332,-0.023162782
2021-11-08,VZ,0.02967453,0.0127877,-0.0066565275
2021-11-08,WMT,0.0075418949,0.01742959,-0.012493074
2021-11-09,AAPL,-0.013843119,-0.00092762709,-0.0053908229
2021-11-09,AMGN,0.0020893812,0.0090110302,-0.0053341985
2021-11-09,CRM,0.016383529,0.017612696,-0.011949539
2021-11-09,CSCO,-0.00022774935,0.015596867,-0.012191415
2021-11-09,IBM,-0.022914469,0.010125756,-0.014919639
2021-11-09,INTC,0.0046927929,-0.013959467,-0.022264481
2021-11-09,MSFT,-0.015178978,0.017707229,0.0090361834
2021-11-09,NKE,0.010422587,-0.016643643,0.0086708069
2021-11-09,VZ,-0.0060964823,0.022089362,-0.0172562
2021-11-09,WMT,0.013277173,0.008023262,-0.014901578
2021-11-10,AAPL,-0.0038501024,0.018607616,-0.021739602
2021-11-10,AMGN,0.0092195272,-0.0030043125,-0.027994692
2021-11-10,CRM,-0.048297822,0.033362985,-0.023777246
2021-11-10,CSCO,0.024864912,0.020096779,0.026649714
2021-11-10,IBM,0.014110923,-0.00083017349,-0.020373285
2021-11-10,INTC,0.017462969,0.01067245,-0.016970992
2021-11-10,MSFT,0.022259593,-0.0048069954,-0.0076243281
2021-11-10,NKE,-0.014110506,0.0094747543,-0.010855317
2021-11-10,VZ,-0.007348299,0.013870478,0.0029894114
2021-11-10,WMT,0.0042281151,0.0097477436,0.0010091066
2021-11-11,AAPL,-0.026831746,-0.0043615699,-0.020792484
2021-11-11,AMGN,0.0017246008,0.0063941479,-0.018131435
2021-11-11,CRM,0.024958491,0.021695495,-0.0037800074
2021-11-11,CSCO,-0.01172632,0.0050859451,-0.011371374
2021-11-11,IBM,0.002097249,0.016947389,-0.003236413
2021-11-11,INTC,-0.0037073493,0.018250227,-0.0084658861
2021-11-11,MSFT,-0.0053912401,-0.010098457,-0.02235508
2021-11-11,NKE,0.011935949,0.030331135,-0.012727439
2021-11-11,VZ,-0.010859668,-0.0014668703,0.0059366226
2021-11-11,WMT,-0.0074449778,0.0090712309,-0.0030978322
2021-11-12,AAPL,-0.0051519871,-0.01619935,-0.019145966
2021-11-12,AMGN,0.0030810833,0.019724965,-0.020521283
2021-11-12,CRM,-0.023957908,0.0061417818,-0.018538415
2021-11-12,CSCO,-0.039262295,-0.0056939125,-0.018790543
2021-11-12,IBM,0.011678457,0.008046031,-0.02252084
2021-11-12,INTC,0.016316295,0.00074052811,-0.012033045
2021-11-12,MSFT,0.00098109245,0.016482353,0.0025089979
2021-11-12,NKE,-0.0035519004,0.004797101,-0.0082095265
2021-11-12,VZ,-0.026955187,0.0097075701,-0.0065100789
2021-11-12,WMT,-0.022224367,0.011004567,-0.0064359307
2021-11-15,AAPL,-0.018772185,0.0015263557,-0.015302598
2021-11-15,AMGN,0.010809183,0.01528585,-0.0013895631
2021-11-15,CRM,-0.042369783,0.016464114,0.013202667
2021-11-15,CSCO,0.014685512,0.0076156855,0.011060596
2021-11-15,IBM,-0.0036368966,0.0024276972,0.0030523539
2021-11-15,INTC,0.0032051802,0.020727754,0.0017096996
2021-11-15,MSFT,0.015136838,0.0075627565,-0.016429305
2021-11-15,NKE,0.0010653734,0.017507076,-0.027014196
2021-11-15,VZ,-0.011741161,0.022283554,0.005584836
2021-11-15,WMT,-0.000687778,0.0079159737,0.00041913986
2021-11-16,AAPL,0.0094343424,0.0035066605,-0.032180369
2021-11-16,AMGN,-0.017068684,0.0078129768,-0.020213187
2021-11-16,CRM,-0.015237749,0.019779801,0.001054287
2021-11-16,CSCO,-0.0007687211,0.022108674,0.0076807737
2021-11-16,IBM,0.020777225,0.018881798,-0.00042498112
2021-11-16,INTC,-0.0015334487,-0.010157168,0.0003978014
2021-11-16,MSFT,0.0010998249,0.010424852,-0.014826477
2021-11-16,NKE,0.015878439,0.0039176941,-0.017709792
2021-11-16,VZ,-0.015915275,-0.0043320656,-0.012295067
2021-11-16,WMT,-0.0025522709,-0.0039710402,-0.005410254
2021-11-17,AAPL,-0.009988308,0.0073466301,-0.0037667155
2021-11-17,AMGN,0.00933218,0.013575435,-0.006603837
2021-11-17,CRM,-0.003129065,0.0091553926,0.022181511
2021-11-17,CSCO,0.0051765442,0.0019448996,-0.0078181624
2021-11-17,IBM,0.0045365095,0.0078619719,-0.016162634
2021-11-17,INTC,-0.0098602176,0.020615816,0.007722497
2021-11-17,MSFT,-0.0016050339,-0.0027689338,-0.0091640353
2021-11-17,NKE,-0.016895652,0.016754031,-0.00075215101
2021-11-17,VZ,-0.01820147,0.0059536695,-0.0020511746
2021-11-17,WMT,0.011042118,-0.0059339404,0.0011245012
2021-11-18,AAPL,0.026018739,0.010566235,-0.029265344
2021-11-18,AMGN,-0.026257992,0.023544192,-0.0028278828
2021-11-18,CRM,0.029738307,0.01067245,-0.024079621
2021-11-18,CSCO,0.0073881149,0.040812731,-0.0046682954
2021-11-18,IBM,0.0021220446,0.0047795773,-0.0088856816
2021-11-18,INTC,-0.00060689449,0.002387166,-0.025208116
2021-11-18,MSFT,-0.019469142,0.0025420189,-0.020927727
2021-11-18,NKE,-0.0030335784,0.0045208931,-0.022438943
2021-11-18,VZ,-0.021157622,0.0061619282,-0.011138201
2021-11-18,WMT,-0.024073958,0.013308883,-0.0091938972
2021-11-19,AAPL,0.0056467056,0.017575026,0.00016176701
2021-11-19,AMGN,0.020772815,0.0048860312,-0.01407969
2021-11-19,CRM,0.0067270994,-0.012024283,0.015647054
2021-11-19,CSCO,-0.0075614452,-0.00024777651,0.00035727024
2021-11-19,IBM,0.0026582479,0.0097563267,-0.0088269114
2021-11-19,INTC,0.0022395849,0.014130712,-0.011855721
2021-11-19,MSFT,-0.017627537,0.028833747,-0.023580313
2021-11-19,NKE,0.0033484697,0.015192747,-0.017990649
2021-11-19,VZ,-0.0070708394,0.016808033,-0.0011944771
2021-11-19,WMT,0.002158165,0.015801668,-0.01601541
2021-11-22,AAPL,-0.03755188,0.023850203,-0.028259337
2021-11-22,AMGN,-0.016082883,-0.0060610175,0.0027502775
2021-11-22,CRM,-0.027636707,0.0019780397,-0.0074682832
2021-11-22,CSCO,0.019878268,-0.003818512,0.0068581104
2021-11-22,IBM,-0.019147158,0.0087422132,-0.0072575808
2021-11-22,INTC,0.036021352,0.01100111,-0.017869055
2021-11-22,MSFT,0.0023831129,0.0036340952,0.0033273697
2021-11-22,NKE,-0.012085378,0.0094579458,0.012550235
2021-11-22,VZ,0.008315444,0.004378438,-0.018141925
2021-11-22,WMT,-0.0057686567,0.013650537,-0.00086861849
2021-11-23,AAPL,-0.0055608749,-0.00089073181,-0.010766089
2021-11-23,AMGN,0.00024247169,0.02458024,-0.019060612
2021-11-23,CRM,-0.0060464144,0.022275805,-0.030972719
2021-11-23,CSCO,-0.010520339,-0.013968766,-0.00018155575
2021-11-23,IBM,-0.0010174513,0.0030763149,-0.012042701
2021-11-23,INTC,-0.031985641,0.013908863,0.0070253611
2021-11-23,MSFT,0.012682915,-0.0082017779,-0.015554667
2021-11-23,NKE,-0.013226986,0.0098268986,-0.0039461851
2021-11-23,VZ,0.0032926798,0.0044431686,0.019001484
2021-11-23,WMT,0.022536635,0.012293339,-0.016167462
2021-11-24,AAPL,0.019531012,0.019434333,-0.010923922
2021-11-24,AMGN,-0.028741956,0.013394117,-0.0023263097
2021-11-24,CRM,-0.080779672,-0.017818809,-0.024864435
2021-11-24,CSCO,0.0036988258,0.0021159649,-0.00090879202
2021-11-24,IBM,-0.033781469,0.0081191063,-0.007561326
2021-11-24,INTC,-0.028949201,-0.012140691,-0.021851122
2021-11-24,MSFT,-0.021732926,0.016020775,-0.018676162
2021-11-24,NKE,0.0022109747,0.002943635,-0.015958786
2021-11-24,VZ,-0.00099974871,0.0034672022,-0.016613007
2021-11-24,WMT,-0.012060046,0.0057785511,0.0043650866
2021-11-26,AAPL,0.0021226406,0.030265331,-0.020373523
2021-11-26,AMGN,0.0056632757,0.024036884,0.0072380304
2021-11-26,CRM,0.018621445,0.00036323071,0.006870985
2021-11-26,CSCO,-0.0035225153,-0.011359096,-0.0065715313
2021-11-26,IBM,0.033079743,0.011803746,-0.012388349
2021-11-26,INTC,0.0058627129,0.01809442,-0.026075184
2021-11-26,MSFT,0.034460306,-0.00060713291,-0.0061670542
2021-11-26,NKE,-0.01700896,0.016883016,-0.011658013
2021-11-26,VZ,-0.00075256824,0.022578478,-0.005923152
2021-11-26,WMT,-0.0038178563,0.011239529,-0.0097334981
2021-11-29,AAPL,-0.012564659,0.01344049,-0.0067396164
2021-11-29,AMGN,-0.026256859,0.0051617622,-0.02077204
2021-11-29,CRM,0.081886053,0.020586848,-0.027695298
2021-11-29,CSCO,-0.010242045,0.012716174,0.0047763586
2021-11-29,IBM,-0.013707042,-0.0047711134,0.0067962408
2021-11-29,INTC,-0.030755699,0.010858655,-0.011981726
2021-11-29,MSFT,-0.013000965,-0.00033253431,-0.03027904
2021-11-29,NKE,0.033113718,0.001060009,-0.0018104911
2021-11-29,VZ,-0.018725872,0.029425025,0.0022747517
2021-11-29,WMT,-0.014309585,0.012437105,-0.011689723
2021-11-30,AAPL,0.01504302,0.022784591,-0.019574523
2021-11-30,AMGN,-0.0081669092,0.0037307739,-0.007453084
2021-11-30,CRM,0.0016646385,0.0064733028,0.0081958771
2021-11-30,CSCO,5.5670738e-05,-0.01397568,-0.01158911
2021-11-30,IBM,-0.0055021644,0.00026428699,0.008024931
2021-11-30,INTC,-0.0024710894,0.019790292,-0.016363978
2021-11-30,MSFT,-0.017926335,0.0038951635,-0.010236442
2021-11-30,NKE,0.0011556149,0.018493295,0.00080442429
2021-11-30,VZ,0.009239316,0.0094361305,-0.0070278049
2021-11-30,WMT,0.0060961246,0.007868886,-0.011158109
2021-12-01,AAPL,-0.012592077,0.00031518936,-0.021962047
2021-12-01,AMGN,-0.010234475,0.019538999,-0.00013768673
2021-12-01,CRM,-0.010495067,0.020588398,0.0030953884
2021-12-01,CSCO,0.01791954,-0.0011106133,-0.024226248
2021-12-01,IBM,-0.0035687685,0.0043867826,-0.009788096
2021-12-01,INTC,-0.021221757,0.0045198202,0.01269877
2021-12-01,MSFT,0.011777043,0.021378279,-0.0091257095
2021-12-01,NKE,-0.0073233843,0.0076706409,-0.011160433
2021-12-01,VZ,0.0014835596,0.014388323,-0.021369159
2021-12-01,WMT,-0.0036538243,-0.0037587881,0.0032244921
2021-12-02,AAPL,0.010259748,-0.00050425529,-0.02422756
2021-12-02,AMGN,0.002810359,0.021682858,0.0061311722
2021-12-02,CRM,-0.032542825,-0.017530024,0.019470811
2021-12-02,CSCO,0.010849833,0.01318717,-0.019039035
2021-12-02,IBM,-0.0047918558,0.011893272,-0.0099800229
2021-12-02,INTC,-0.0018315315,0.0012216568,-0.015047789
2021-12-02,MSFT,0.023519039,0.00057566166,-0.014054894
2021-12-02,NKE,0.01400733,0.0033551455,-0.0069198012
2021-12-02,VZ,0.0013055801,0.0019689798,-0.023855031
2021-12-02,WMT,0.0029007196,0.0062913895,-0.0028086901
2021-12-03,AAPL,-0.024932861,0.0034922361,-0.0062409639
2021-12-03,AMGN,0.02976203,0.0086926222,-0.0091304183
2021-12-03,CRM,0.010220528,0.042271852,0.0053693056
2021-12-03,CSCO,0.01142323,-0.0066607594,-0.0033589602
2021-12-03,IBM,0.015385628,0.021428227,-0.025357783
2021-12-03,INTC,-0.015270889,0.019321918,0.0046036243
2021-12-03,MSFT,-0.0037665963,-0.0015538335,-0.0008019805
2021-12-03,NKE,0.032180667,0.010496974,-0.019368351
2021-12-03,VZ,-0.0061193705,0.0099986792,-0.01263392
2021-12-03,WMT,-0.027624011,0.0091195107,-0.0050305128
2021-12-06,AAPL,0.042184353,0.021955609,-0.011955202
2021-12-06,AMGN,0.01169765,0.031811953,-0.0031303167
2021-12-06,CRM,0.031983376,-0.012444556,-0.0058270693
2021-12-06,CSCO,-0.0016894937,0.0070554018,-0.01628077
2021-12-06,IBM,-0.023068607,0.0021338463,0.0034435987
2021-12-06,INTC,-0.0021719337,0.0049262047,-0.01251024
2021-12-06,MSFT,0.0038365126,0.013938546,-0.00057893991
2021-12-06,NKE,-0.0034680367,-0.00028347969,0.018818855
2021-12-06,VZ,0.0095524788,0.0079942942,-0.0049697757
2021-12-06,WMT,0.0032553673,0.012140274,-0.020082951
2021-12-07,AAPL,0.0014899969,0.02333045,-0.010247231
2021-12-07,AMGN,-0.048063755,0.0095992088,-0.019346476
2021-12-07,CRM,0.0046900511,0.018862009,-0.038510442
2021-12-07,CSCO,-0.026456714,-0.0033171773,-0.01539284
2021-12-07,IBM,0.025141835,0.018679142,-0.0064565539
2021-12-07,INTC,-2.6464462e-05,-0.015612185,0.0059185028
2021-12-07,MSFT,0.0074694157,0.034775019,-0.013560414
2021-12-07,NKE,0.018248796,0.015244126,-0.0016077757
2021-12-07,VZ,-0.018367469,0.0057086945,-0.0051908493
2021-12-07,WMT,-0.017640829,0.01561141,-0.0044203997
2021-12-08,AAPL,-0.027422607,0.020152926,-0.0036052465
2021-12-08,AMGN,-0.016462922,-0.00069189072,-0.013592005
2021-12-08,CRM,-0.058869779,0.010350823,0.0036622286
2021-12-08,CSCO,0.013013124,-0.0067352057,-0.0054815412
2021-12-08,IBM,0.015616179,0.022475958,0.0090745687
2021-12-08,INTC,0.0066773891,0.0087975264,0.0069899559
2021-12-08,MSFT,0.016844153,0.014101505,-0.0035476089
2021-12-08,NKE,-0.0032847524,0.0077991486,-0.014683366
2021-12-08,VZ,-0.0078524947,0.020951867,-0.00019216537
2021-12-08,WMT,-0.013830006,0.0083340406,-0.018141985
2021-12-09,AAPL,0.0089584589,0.031353951,-0.013102889
2021-12-09,AMGN,-0.0059903264,0.010625839,-0.014348567
2021-12-09,CRM,0.0061365366,0.023934603,-0.0021279454
2021-12-09,CSCO,-0.0040770173,0.0071749687,-0.0054265857
2021-12-09,IBM,0.014900446,-0.0011301637,-0.0031758547
2021-12-09,INTC,-0.0031136274,0.0036921501,-0.027135849
2021-12-09,MSFT,0.032884955,0.02052629,-0.0087110996
2021-12-09,NKE,-0.037353098,-0.0027486682,-0.008035779
2021-12-09,VZ,-0.01033622,-0.0095854402,-0.00195086
2021-12-09,WMT,-0.010425091,0.008028388,-0.0086035728
2021-12-10,AAPL,0.010686398,0.001116991,-0.0066811442
2021-12-10,AMGN,0.000472188,0.0090421438,-0.0064986348
2021-12-10,CRM,-0.01356709,0.019598722,0.0021089315
2021-12-10,CSCO,-0.026725531,-0.0058329105,0.0036585331
2021-12-10,IBM,-0.014978826,0.0036827326,-0.00038599968
2021-12-10,INTC,-0.020191908,0.015363097,-0.0077153444
2021-12-10,MSFT,-0.0075109005,0.0044964552,-0.01835376
2021-12-10,NKE,-0.0002964139,0.014706969,-0.0069586039
2021-12-10,VZ,0.028627872,0.0050417185,-0.010810256
2021-12-10,WMT,-0.016145051,0.022213578,-0.0083113909
2021-12-13,AAPL,-0.0016707182,0.018498302,0.002428174
2021-12-13,AMGN,-0.0090237856,-0.0087596178,-0.0012984872
2021-12-13,CRM,-0.03097403,0.0033034086,-0.026700735
2021-12-13,CSCO,0.0087538958,0.0015147924,-0.0059415102
2021-12-13,IBM,-0.00332129,0.0014141798,-0.0053026676
2021-12-13,INTC,0.0087760687,0.035196185,-0.00029081106
2021-12-13,MSFT,0.02399385,0.013974905,-0.0030023456
2021-12-13,NKE,-0.031232238,-0.0030634403,-0.003090024
2021-12-13,VZ,-0.013062596,7.2717667e-06,0.0032937527
2021-12-13,WMT,-0.00084602833,0.014198542,-0.013756633
2021-12-14,AAPL,-0.0013967752,0.012557864,0.015251517
2021-12-14,AMGN,0.012075543,0.026206613,-0.036402106
2021-12-14,CRM,0.0036149025,-0.0031052828,0.010784268
2021-12-14,CSCO,0.024065852,0.0049951077,-0.0023611188
2021-12-14,IBM,0.0047849417,0.017668605,-0.012694299
2021-12-14,INTC,-0.0077185035,0.013642788,-0.030603766
2021-12-14,MSFT,-0.0011463165,-0.0059280396,-0.00058925152
2021-12-14,NKE,-0.031295836,0.0080024004,0.0035328865
2021-12-14,VZ,0.0046559572,0.0099093914,-0.021831751
2021-12-14,WMT,0.0047656298,0.016840219,-0.010443807
2021-12-15,AAPL,0.017708898,0.022894979,-0.014114261
2021-12-15,AMGN,-0.0015916228,0.03082037,-0.025259554
2021-12-15,CRM,-0.0099294782,0.019817352,-0.028538704
2021-12-15,CSCO,-0.028289497,-0.0005992651,-0.0072572231
2021-12-15,IBM,0.011073709,0.024707079,-0.010854423
2021-12-15,INTC,0.0081027746,0.0014491081,0.0033055544
2021-12-15,MSFT,-0.012927592,0.0027285814,-0.017410636
2021-12-15,NKE,-0.029102802,-0.0086240768,-0.013496697
2021-12-15,VZ,-0.016643703,0.0099927187,0.010776281
2021-12-15,WMT,-0.0022678375,0.011486292,0.0024689436
2021-12-16,AAPL,-0.021615148,0.038363934,-0.019794703
2021-12-16,AMGN,-0.042098284,-0.0016922951,-0.01109308
2021-12-16,CRM,-0.0039966106,-3.6358833e-06,-0.010682404
2021-12-16,CSCO,-0.00099873543,0.011399508,-0.018711746
2021-12-16,IBM,0.0075469017,0.0044000149,-0.013972342
2021-12-16,INTC,-0.013283491,0.0015006065,-0.017679989
2021-12-16,MSFT,-0.011289954,0.010933399,0.0096795559
2021-12-16,NKE,-0.020566165,-0.00085651875,0.00084674358
2021-12-16,VZ,0.022706151,0.017042518,-0.016356647
2021-12-16,WMT,-0.016156673,0.013432384,-0.0091981292
2021-12-17,AAPL,0.018906474,-0.0071588159,-0.0098274946
2021-12-17,AMGN,-0.0064671636,0.0065903664,-0.0038850904
2021-12-17,CRM,-0.039457798,0.016957641,-0.014004707
2021-12-17,CSCO,0.020396471,0.0019136667,-0.0092005134
2021-12-17,IBM,-0.0050762892,0.006911993,0.0036376715
2021-12-17,INTC,-0.031134129,0.010906339,-0.024292886
2021-12-17,MSFT,-0.0018681288,0.021631718,-0.012118459
2021-12-17,NKE,-0.00084716082,0.0069768429,-0.00043684244
2021-12-17,VZ,0.0014463663,-0.00086277723,-0.017318666
2021-12-17,WMT,-0.017908633,0.0057731867,-0.015420556
2021-12-20,AAPL,-0.011603475,0.015718818,-0.00029498339
2021-12-20,AMGN,0.021362662,-0.0069845319,-0.00048315525
2021-12-20,CRM,-0.0061606169,-0.0050177574,-0.011720657
2021-12-20,CSCO,0.004671216,0.017595291,-0.00235641
2021-12-20,IBM,-0.013041675,0.012389183,-0.0050161481
2021-12-20,INTC,-0.018821776,0.0088429451,-0.015503466
2021-12-20,MSFT,-0.035535693,0.012533426,-0.016438067
2021-12-20,NKE,-0.035408139,-0.0072288513,-0.0070445538
2021-12-20,VZ,-0.030112267,0.016948462,-0.022365689
2021-12-20,WMT,0.0091691017,0.013594866,0.0077917576
2021-12-21,AAPL,-0.028817773,0.010179996,0.0009829998
2021-12-21,AMGN,-0.0022203326,0.015681744,-0.027147353
2021-12-21,CRM,-0.023100257,0.023157239,0.014562607
2021-12-21,CSCO,-0.038940907,0.011833429,-3.2246113e-05
2021-12-21,IBM,0.0057131052,0.0072124004,-0.0025340915
2021-12-21,INTC,0.029585361,-0.012800992,-0.010534286
2021-12-21,MSFT,0.043523788,0.0023834705,-0.0017241836
2021-12-21,NKE,-0.044989645,0.0071989298,0.0049748421
2021-12-21,VZ,0.01279521,-0.0078443885,0.013800144
2021-12-21,WMT,-0.0086640716,0.0074696541,-0.014185429
2021-12-22,AAPL,0.0018035173,-0.0059522986,-0.0098966956
2021-12-22,AMGN,-0.0066906214,-0.0016673207,0.017451406
2021-12-22,CRM,0.0015062094,0.017088771,0.0022788048
2021-12-22,CSCO,-0.010743201,-0.0066874623,-0.0054107904
2021-12-22,IBM,0.0093976259,0.0055259466,-0.010744452
2021-12-22,INTC,0.016024232,0.019408941,-0.026398957
2021-12-22,MSFT,-0.030623913,0.0012075901,-0.023603857
2021-12-22,NKE,-0.04437393,0.035147071,-0.0032866597
2021-12-22,VZ,0.0026985407,0.0073407888,-0.0055156946
2021-12-22,WMT,-0.022126913,0.012865067,-0.015370488
2021-12-23,AAPL,0.0086791515,0.002584219,0.0031671524
2021-12-23,AMGN,-0.024977446,-0.0015496612,-0.016496599
2021-12-23,CRM,-0.0011655688,0.015142441,-0.023127258
2021-12-23,CSCO,0.02928555,-0.0084317923,-0.0019430518
2021-12-23,IBM,0.0063844919,0.010797977,0.00067877769
2021-12-23,INTC,0.0076992512,0.020943642,0.0032913685
2021-12-23,MSFT,-0.00039887428,0.010653853,-0.037317872
2021-12-23,NKE,-0.0019826293,0.021566272,-0.013409615
2021-12-23,VZ,-0.011738241,0.0084371567,-0.015718818
2021-12-23,WMT,0.0046163797,0.011386871,-0.0096009374
2021-12-27,AAPL,0.03568995,-0.0025987029,-0.013810694
2021-12-27,AMGN,-0.0089206696,0.019444585,0.0043429136
2021-12-27,CRM,0.0098851919,0.043486238,0.012556076
2021-12-27,CSCO,0.003901124,0.016797781,-0.03244853
2021-12-27,IBM,0.0041772127,0.016275287,-0.010605514
2021-12-27,INTC,-0.005739212,0.028752685,-0.013732016
2021-12-27,MSFT,0.012250543,0.011895657,-0.015852451
2021-12-27,NKE,-0.018974125,0.0022078753,0.013840437
2021-12-27,VZ,-0.012381077,-0.010820448,-0.0063983798
2021-12-27,WMT,-0.0052158833,0.00088071823,-0.0065888166
2021-12-28,AAPL,0.004094243,0.0056400299,0.0067142248
2021-12-28,AMGN,0.036422849,0.0053825378,-0.019781768
2021-12-28,CRM,0.020645499,-0.018587172,-0.015275002
2021-12-28,CSCO,0.011053324,0.014579058,0.014891982
2021-12-28,IBM,-0.025595903,0.020018816,0.0011270046
2021-12-28,INTC,0.0070598125,0.01112473,0.00056183338
2021-12-28,MSFT,-0.0010005832,0.024633408,-0.0018520355
2021-12-28,NKE,0.051605582,-0.00056034327,0.021320581
2021-12-28,VZ,-0.014910579,0.01244998,-0.01107204
2021-12-28,WMT,-0.012185693,-0.00076079369,-0.0081162453
2021-12-29,AAPL,0.0084614754,0.034664869,-0.0041561723
2021-12-29,AMGN,-0.0043337941,0.0051825047,-0.0017789602
2021-12-29,CRM,-0.013975203,-0.019631386,-0.00055837631
2021-12-29,CSCO,-0.045393765,0.012482405,-0.01072526
2021-12-29,IBM,-0.010703921,-0.0045316815,-0.0094603896
2021-12-29,INTC,-0.0035585165,-0.002043128,0.0018646717
2021-12-29,MSFT,-0.0069377422,0.004050374,-0.0082342029
2021-12-29,NKE,-0.031315148,0.0029370785,-0.012018323
2021-12-29,VZ,-0.022347331,0.019371986,-0.019006491
2021-12-29,WMT,-0.010437131,0.0055046082,-0.014307201
2021-12-30,AAPL,0.00077688694,0.029520392,-0.019000888
2021-12-30,AMGN,-0.014778972,0.030654669,-0.015158594
2021-12-30,CRM,-0.02265203,0.01904726,0.031538248
2021-12-30,CSCO,0.0048253536,0.0052928925,-0.023221791
2021-12-30,IBM,-0.00068747997,0.0035450459,0.005628705
2021-12-30,INTC,-0.011979163,0.02282083,-0.032627583
2021-12-30,MSFT,0.0089709759,0.019446015,-0.01316011
2021-12-30,NKE,-0.0048222542,0.02510047,-0.0014346838
2021-12-30,VZ,-0.013127148,0.011529803,-0.00071012974
2021-12-30,WMT,-0.0052335858,0.0058879852,-0.006411016
2021-12-31,AAPL,-0.0010445118,-0.0055621266,0.0099391937
2021-12-31,AMGN,0.003583312,0.012138963,-0.0028606653
2021-12-31,CRM,0.031700611,0.025119543,-0.039367318
2021-12-31,CSCO,-0.015721858,-0.00041270256,0.0019197464
2021-12-31,IBM,-0.011842787,0.0048888922,-0.013158917
2021-12-31,INTC,-0.0022075772,0.0202384,0.016687751
2021-12-31,MSFT,-0.015807271,0.0016325712,0.0045303106
2021-12-31,NKE,-0.0066767335,0.020520926,-0.0056119561
2021-12-31,VZ,0.023216009,-0.00013202429,-0.0039479136
2021-12-31,WMT,0.0065442324,-0.0035462379,-0.017232597
2022-01-03,AAPL,0.010374069,-0.0029536486,0.00015854836
2022-01-03,AMGN,-0.0034849048,0.012001991,-0.011671841
2022-01-03,CRM,-0.023171842,-0.004376471,-0.051080167
2022-01-03,CSCO,0.024150252,0.012215972,-0.0074234009
2022-01-03,IBM,-0.033182919,0.0026956797,-0.010593891
2022-01-03,INTC,-0.018624604,0.0088291168,-0.0092901587
2022-01-03,MSFT,-0.031300604,0.012766957,-0.016874313
2022-01-03,NKE,-0.023878515,-0.0034757853,-0.012796402
2022-01-03,VZ,-0.00057965517,-0.011695206,-0.0036755204
2022-01-03,WMT,-0.007179141,0.022775888,-0.0040172935
2022-01-04,AAPL,0.012534022,0.0062428713,0.020154595
2022-01-04,AMGN,-0.022013068,0.0041949749,-0.012548685
2022-01-04,CRM,-0.017153859,0.0054832697,-0.032862961
2022-01-04,CSCO,-0.019747138,0.0035609007,-0.0060643554
2022-01-04,IBM,-0.015313387,0.0034537315,-0.023902595
2022-01-04,INTC,0.0022763014,-0.0029523373,-0.014038324
2022-01-04,MSFT,-0.017337918,0.012920499,-0.028661013
2022-01-04,NKE,-0.0037490129,0.00023460388,0.019219756
2022-01-04,VZ,-0.012848973,0.0028972626,-0.00406003
2022-01-04,WMT,-0.00144732,0.022298455,-0.015883625
2022-01-05,AAPL,-0.017431676,0.015864134,-0.00098311901
2022-01-05,AMGN,-0.0010079145,0.019236326,0.0027012825
2022-01-05,CRM,0.024084687,0.007438302,-0.0024161339
2022-01-05,CSCO,0.0052486658,0.010715723,-0.012671947
2022-01-05,IBM,0.027855635,0.012477398,-0.016737223
2022-01-05,INTC,0.0032862425,-0.0035867095,-0.007705152
2022-01-05,MSFT,-0.016085327,0.010709882,-0.007189095
2022-01-05,NKE,-0.021952569,0.0121907,-0.011207879
2022-01-05,VZ,0.0158813,0.0078946352,0.0080610514
2022-01-05,WMT,0.0023685694,0.0087724924,-0.0030201077
2022-01-06,AAPL,-0.03603816,0.027330756,-0.0068600774
2022-01-06,AMGN,0.0026420355,0.0040099621,-0.01521039
2022-01-06,CRM,-0.019041061,-0.0137977,0.013357401
2022-01-06,CSCO,0.00077736378,0.0013532639,-0.0040586591
2022-01-06,IBM,0.010949373,0.018470287,-0.0069230795
2022-01-06,INTC,-0.018244863,0.013111234,-0.0051345229
2022-01-06,MSFT,0.0085074902,-0.0013950467,-0.010193884
2022-01-06,NKE,0.011795998,0.015076756,-0.0062344074
2022-01-06,VZ,0.021624684,0.0076699257,-0.0025038123
2022-01-06,WMT,0.0037273169,0.0059708357,-0.0069849491
2022-01-07,AAPL,0.011856318,0.020603538,-0.0086610913
2022-01-07,AMGN,-0.025986254,0.015359282,-0.0057609081
2022-01-07,CRM,-0.011160016,0.017660737,-0.015920401
2022-01-07,CSCO,0.020649672,-0.017447293,-0.016322911
2022-01-07,IBM,-0.0038534403,0.0014500618,-0.012221754
2022-01-07,INTC,0.031985641,0.0055611134,-0.004335165
2022-01-07,MSFT,0.0068349838,0.011865377,-0.0062162876
2022-01-07,NKE,0.027998209,0.01649642,-0.00042587519
2022-01-07,VZ,-0.019501746,-0.010747492,-0.0044218302
2022-01-07,WMT,-0.0145877,0.0087687969,0.0067332983
2022-01-10,AAPL,0.0066734552,0.015705109,-0.019890487
2022-01-10,AMGN,0.011013389,0.015513539,-0.01213032
2022-01-10,CRM,0.014261246,0.016166687,-0.029485047
2022-01-10,CSCO,0.02519238,0.0154351,-0.013918519
2022-01-10,IBM,-0.013691843,0.018783212,-0.0023802519
2022-01-10,INTC,-0.013017535,0.023291349,-0.021026671
2022-01-10,MSFT,-0.020386219,0.007976532,-0.0016971827
2022-01-10,NKE,-0.010171533,0.0085824728,-0.013929129
2022-01-10,VZ,-0.0037848949,0.001437664,0.011775851
2022-01-10,WMT,-0.0059864521,0.006908536,0.0011993647
2022-01-11,AAPL,-0.031542242,0.031678915,-0.02853322
2022-01-11,AMGN,0.0070772171,0.025597095,0.0058685541
2022-01-11,CRM,-0.057648003,0.009424448,-0.0024794936
2022-01-11,CSCO,0.019495606,0.0028617382,-0.02002424
2022-01-11,IBM,0.021882892,0.0095976591,-0.0068388581
2022-01-11,INTC,-0.0066056252,-0.0029496551,-0.0043783784
2022-01-11,MSFT,0.011095285,0.015342236,-0.0052567124
2022-01-11,NKE,-0.013952374,0.0049372911,-0.013013244
2022-01-11,VZ,-0.0030655861,0.012066603,-0.0054680109
2022-01-11,WMT,-0.023064375,0.016134381,-0.01336813
2022-01-12,AAPL,-0.027022898,0.0012793541,-0.017649829
2022-01-12,AMGN,0.0098664761,0.0068752766,-0.02087003
2022-01-12,CRM,0.021165609,0.020095825,-0.014576435
2022-01-12,CSCO,0.012284517,-0.0043684244,-0.016834199
2022-01-12,IBM,-0.00038731098,0.016918182,-0.0013825297
2022-01-12,INTC,-0.022191226,0.015464187,0.0045622587
2022-01-12,MSFT,-0.016419113,0.008486867,-0.013354003
2022-01-12,NKE,-0.0058800578,0.0068196058,-0.010650158
2022-01-12,VZ,-0.03968972,0.0028084517,0.019239306
2022-01-12,WMT,0.0086727142,-0.0052764416,-0.015141666
2022-01-13,AAPL,0.015114188,0.000390172,-0.009275794
2022-01-13,AMGN,-0.034771442,-0.0019312501,-0.013769567
2022-01-13,CRM,-0.013223886,-0.0028065443,-0.035072267
2022-01-13,CSCO,0.011612892,0.0063774586,0.0073299408
2022-01-13,IBM,-0.014356196,0.009175539,0.0042616129
2022-01-13,INTC,-0.0088573098,-0.0022409558,-0.017087936
2022-01-13,MSFT,-0.00025159121,0.00029969215,0.0097323656
2022-01-13,NKE,-0.029930949,0.010103106,-0.0036731958
2022-01-13,VZ,-0.018307149,0.019621015,-0.0013890862
2022-01-13,WMT,0.01078105,-0.0022004247,-0.009765327
2022-01-14,AAPL,-0.027229249,0.024363279,-0.0086809397
2022-01-14,AMGN,-0.016118586,0.012883186,-0.023770511
2022-01-14,CRM,0.0021423101,-0.019836605,-0.024211943
2022-01-14,CSCO,0.016642094,-0.0012311935,-0.018933833
2022-01-14,IBM,0.017219543,0.019476771,-0.014387071
2022-01-14,INTC,-0.013283551,0.010543942,-0.0081592798
2022-01-14,MSFT,0.012129307,0.01066196,0.0061240196
2022-01-14,NKE,-0.0073411465,0.01537168,-0.0026119947
2022-01-14,VZ,-0.00349617,0.0078334808,-0.0056571364
2022-01-14,WMT,0.0016651154,0.0061249733,-0.0060967803
2022-01-18,AAPL,0.03127408,0.0020560026,-0.027919471
2022-01-18,AMGN,-0.015910268,0.007589817,-0.0018473864
2022-01-18,CRM,0.013382554,0.010943413,-0.012103319
2022-01-18,CSCO,-0.025764108,0.024173379,0.0020308495
2022-01-18,IBM,-0.012175798,0.020753026,-0.012088537
2022-01-18,INTC,0.011631727,0.0078159571,-0.016673803
2022-01-18,MSFT,-0.027359962,0.0036462545,-0.001105845
2022-01-18,NKE,0.0058612823,0.0021395683,-0.013322771
2022-01-18,VZ,-0.020629644,-0.0088876486,-0.021444798
2022-01-18,WMT,0.0045787096,0.0057133436,-0.012584209
2022-01-19,AAPL,0.025048256,0.0076003075,-0.00046896935
2022-01-19,AMGN,-0.0092232227,0.0053323507,-0.0076771975
2022-01-19,CRM,-0.0039383769,0.027089,-0.029087007
2022-01-19,CSCO,0.0056675673,-0.0085756779,-0.013462842
2022-01-19,IBM,-0.017535985,0.0078725815,-0.010743558
2022-01-19,INTC,-0.00011140108,-0.0053884983,-0.0083628893
2022-01-19,MSFT,0.031338811,-0.005469799,-0.01478827
2022-01-19,NKE,-0.026066959,0.0095719099,0.0058834553
2022-01-19,VZ,0.0045640469,0.01007092,-0.017538846
2022-01-19,WMT,-0.030890465,0.017335415,-0.013626158
2022-01-20,AAPL,-0.016312897,0.015820026,-0.0051699281
2022-01-20,AMGN,-0.016925395,0.013980985,-0.015209258
2022-01-20,CRM,0.012363911,-0.0053148866,-0.030146658
2022-01-20,CSCO,0.011632204,0.0054113865,-0.0040934086
2022-01-20,IBM,0.0057373047,0.003061533,-0.0070127249
2022-01-20,INTC,0.0049523115,0.012419343,-0.021067441
2022-01-20,MSFT,-0.024975896,-0.00049012899,-0.003485024
2022-01-20,NKE,-0.00064313412,0.024038196,-0.031946063
2022-01-20,VZ,-0.0012305975,0.0096738338,-0.023028314
2022-01-20,WMT,-0.003710866,0.0090817213,-0.0032672286
2022-01-21,AAPL,0.013294339,0.015737176,-0.0064608455
2022-01-21,AMGN,0.0078084469,0.028116941,-0.021359563
2022-01-21,CRM,-0.022500992,0.007827878,-0.0063550472
2022-01-21,CSCO,0.0044106245,0.028700829,-0.010749757
2022-01-21,IBM,-0.0074628592,0.0055775642,0.0042122602
2022-01-21,INTC,-0.037860751,0.0084455013,-0.0078806281
2022-01-21,MSFT,0.0017062426,0.013995409,-0.012411594
2022-01-21,NKE,-0.0025818348,0.012911081,-0.01464951
2022-01-21,VZ,-0.0090377927,0.0021320581,-0.0034515262
2022-01-21,WMT,-0.016467869,0.0089533329,-0.008277297
2022-01-24,AAPL,0.020649791,0.012333989,0.0086935759
2022-01-24,AMGN,-0.03531599,0.00075364113,-0.02243185
2022-01-24,CRM,0.022949576,0.011989117,-0.023840904
2022-01-24,CSCO,0.021361709,0.026057005,-0.012712419
2022-01-24,IBM,0.0082037449,-0.00073027611,-0.015904069
2022-01-24,INTC,0.0025043488,-0.0033040047,-0.010927081
2022-01-24,MSFT,0.010565042,0.003536582,-0.0074035525
2022-01-24,NKE,-0.0087146163,0.00012218952,-0.0075397491
2022-01-24,VZ,-0.0065352321,0.013717294,0.0090651512
2022-01-24,WMT,-0.0030730963,0.012004614,0.0016701221
2022-01-25,AAPL,0.023882985,0.022861719,-0.020777166
2022-01-25,AMGN,-0.006311357,0.0021387339,-0.020476282
2022-01-25,CRM,0.0053837299,-0.005243361,-0.0067357421
2022-01-25,CSCO,-0.0087875724,-0.0027159452,-0.003071785
2022-01-25,IBM,-0.025157034,-0.0026711226,-0.0015449524
2022-01-25,INTC,0.022972465,0.010328531,-0.0065939426
2022-01-25,MSFT,-0.0063077807,0.023161054,-0.019149125
2022-01-25,NKE,-0.0023694038,-0.016296685,-0.030098736
2022-01-25,VZ,-0.022024155,0.00048685074,-0.01863569
2022-01-25,WMT,-0.0071737766,0.011291623,0.0001103878
2022-01-26,AAPL,0.040091276,0.02295208,-0.0084670186
2022-01-26,AMGN,-0.023413777,0.026529193,-0.008774817
2022-01-26,CRM,0.0028551817,0.0056108236,-0.019639313
2022-01-26,CSCO,-0.011901498,0.0010118484,-0.018454492
2022-01-26,IBM,-0.03080827,0.020520687,-0.011243641
2022-01-26,INTC,0.026397347,0.0074568987,-0.016509771
2022-01-26,MSFT,0.0074703693,0.015928507,0.0025464296
2022-01-26,NKE,-0.014507294,-0.0014187098,-0.0069160461
2022-01-26,VZ,0.0052623749,0.008449316,-0.00015425682
2022-01-26,WMT,-0.00166291,0.011286855,-0.0034049749
2022-01-27,AAPL,0.0093911886,0.032406807,-0.0088401437
2022-01-27,AMGN,-0.016473949,0.0070375204,0.0080333948
2022-01-27,CRM,-0.032967746,-0.007743299,-0.025335789
2022-01-27,CSCO,-0.0011562705,-0.0022753477,-0.030526817
2022-01-27,IBM,0.014484644,0.0051133633,-0.011350155
2022-01-27,INTC,-0.0002078414,-7.3313713e-05,-0.018764138
2022-01-27,MSFT,0.033685565,0.0012153387,-0.0037463903
2022-01-27,NKE,0.015555978,0.014540553,-0.0156672
2022-01-27,VZ,-0.010061681,0.016189694,-0.013691783
2022-01-27,WMT,0.022534966,-0.00097966194,0.007779479
2022-01-28,AAPL,0.0085811615,-0.0024226308,-0.025735557
2022-01-28,AMGN,-0.0021559596,0.011215091,-0.01742512
2022-01-28,CRM,0.031250715,0.013157606,-0.010486484
2022-01-28,CSCO,-0.010851741,0.010042787,-0.010353744
2022-01-28,IBM,-0.022880137,0.011345983,0.0081664324
2022-01-28,INTC,-0.0086439848,0.011896253,-0.0085294247
2022-01-28,MSFT,-0.011236429,8.225441e-06,-0.0052300096
2022-01-28,NKE,-0.010715663,-0.0099718571,0.0025087595
2022-01-28,VZ,-0.015647531,-0.0020887256,-0.0093847513
2022-01-28,WMT,-0.0019642711,0.014402986,-0.018087447
2022-01-31,AAPL,0.0045850277,0.012331247,-0.012613475
2022-01-31,AMGN,0.0038089752,0.015120983,0.0021826029
2022-01-31,CRM,0.063207269,0.020420551,-0.0092971325
2022-01-31,CSCO,0.0042928457,0.0098304749,-0.006196022
2022-01-31,IBM,0.021083713,0.011570096,-0.013490915
2022-01-31,INTC,0.024598956,0.011587977,-0.00035339594
2022-01-31,MSFT,0.0012230873,-0.011487365,-0.023055017
2022-01-31,NKE,-0.025817573,0.01303494,-0.009200573
2022-01-31,VZ,-0.013861895,0.020004511,0.0010163784
2022-01-31,WMT,-0.0056157708,-0.0054478049,-0.0041471124
2022-02-01,AAPL,0.012418151,0.017683983,-0.033253968
2022-02-01,AMGN,-0.014599979,-0.0092517734,-0.020918131
2022-02-01,CRM,-0.03446126,0.0340451,-0.0099979639
2022-02-01,CSCO,-0.018101633,0.013412952,-0.018734753
2022-02-01,IBM,-0.0029841661,0.024009228,-0.0047485232
2022-02-01,INTC,0.026715636,0.045396924,0.00073170662
2022-02-01,MSFT,0.0099413395,0.012622118,0.00097823143
2022-02-01,NKE,-0.022957087,0.0053282976,-0.0093791485
2022-02-01,VZ,-0.0021724701,0.025986791,-0.0019070506
2022-02-01,WMT,0.0018330812,0.0041774511,-0.0084180832
2022-02-02,AAPL,-0.0034805536,0.015967131,-0.024617076
2022-02-02,AMGN,-0.011832535,0.021422029,-0.025386035
2022-02-02,CRM,0.033617258,0.053863645,-0.025538445
2022-02-02,CSCO,0.00057709217,0.0093239546,-0.010652125
2022-02-02,IBM,0.034338951,0.0073658228,0.00069737434
2022-02-02,INTC,-0.01926446,0.014637709,-0.012783945
2022-02-02,MSFT,-0.0072126389,0.0060527325,-0.0018515587
2022-02-02,NKE,-0.017351687,0.0038950443,-0.029741824
2022-02-02,VZ,-0.0059403777,-0.0017622113,-0.013678372
2022-02-02,WMT,0.010950923,0.0041193962,-0.0094403028
2022-02-03,AAPL,-0.016272962,0.010941744,-0.010723174
2022-02-03,AMGN,-0.045086443,0.011315465,-0.005450964
2022-02-03,CRM,-0.024665833,0.02270174,-0.039518952
2022-02-03,CSCO,-0.012270212,-0.0099482536,-0.0088265538
2022-02-03,IBM,-0.0015808344,-0.0045881867,-0.02879107
2022-02-03,INTC,0.0062812567,0.0056891441,-0.021434188
2022-02-03,MSFT,-0.0217098,0.0058974028,-0.022917449
2022-02-03,NKE,-0.028364956,0.010991216,-0.0040349364
2022-02-03,VZ,0.02439487,0.014958143,0.011984348
2022-02-03,WMT,0.0081993341,-0.00019413233,0.0045564175
2022-02-04,AAPL,0.010446906,0.00022017956,-0.015500426
2022-02-04,AMGN,-0.037705719,0.021788239,0.0025783777
2022-02-04,CRM,-0.028668344,0.016818166,0.023076773
2022-02-04,CSCO,0.0061166286,0.02017951,-0.0018706918
2022-02-04,IBM,0.0042345524,0.0072500706,-0.015836954
2022-02-04,INTC,-0.0089439154,0.0056624413,-0.01455915
2022-02-04,MSFT,-0.0095897317,0.012627959,-0.025484383
2022-02-04,NKE,-0.015693247,0.0013741255,0.0039861202
2022-02-04,VZ,-0.0014907718,-0.0071116686,0.0049408674
2022-02-04,WMT,-0.0045099258,0.001078248,-0.0056283474
2022-02-07,AAPL,0.0093232393,0.020947695,-0.01850903
2022-02-07,AMGN,0.010480046,0.021535993,-0.003742516
2022-02-07,CRM,0.056607246,0.028442025,0.011079431
2022-02-07,CSCO,-0.043483973,0.0042738914,-0.010818839
2022-02-07,IBM,-0.014955461,-0.001901865,-0.011018872
2022-02-07,INTC,-0.0085734129,0.0061783791,-0.015777707
2022-02-07,MSFT,-0.024380445,0.014580011,-0.0083473921
2022-02-07,NKE,-0.0042521954,0.0092946291,-0.031407714
2022-02-07,VZ,-0.0098047853,0.011324525,-0.011980474
2022-02-07,WMT,0.001645565,-0.0064719319,-0.0028424859
2022-02-08,AAPL,0.0015149117,0.011362791,-0.024887919
2022-02-08,AMGN,-0.03763181,0.0096668005,-0.003493309
2022-02-08,CRM,-0.015644789,0.021039009,-0.029293358
2022-02-08,CSCO,-0.023134053,0.0094232559,-0.0060268044
2022-02-08,IBM,0.0027567148,-0.0022153258,-0.0035502911
2022-02-08,INTC,0.0063991547,-0.00138551,0.0028750896
2022-02-08,MSFT,-0.021746039,0.014941216,-0.00015515089
2022-02-08,NKE,-0.047261477,0.026034832,-0.012104571
2022-02-08,VZ,-0.0064264536,-0.0058532357,-0.021053851
2022-02-08,WMT,-0.009047389,0.018300295,-0.0075265765
2022-02-09,AAPL,-0.00068968534,-0.00056535006,-0.0073898435
2022-02-09,AMGN,0.011490822,0.011481524,-0.023712158
2022-02-09,CRM,0.05727005,0.033225536,-0.0064843893
2022-02-09,CSCO,0.004336834,0.00038909912,0.0029556751
2022-02-09,IBM,-0.0053286552,0.0095332861,-0.014685452
2022-02-09,INTC,-0.019199967,0.0015075207,-0.0083064437
2022-02-09,MSFT,-0.032260597,0.010830045,-0.013568997
2022-02-09,NKE,0.012896061,0.024962068,-0.013564289
2022-02-09,VZ,0.017514467,0.019062638,-0.0081726313
2022-02-09,WMT,0.011156559,0.0046817064,-0.011406362
2022-02-10,AAPL,0.00763762,0.0031021833,-0.0057479143
2022-02-10,AMGN,0.032473803,0.015497446,-0.0092878938
2022-02-10,CRM,0.014673352,0.03039515,-0.020692408
2022-02-10,CSCO,-0.011902988,0.00068128109,-0.016624987
2022-02-10,IBM,0.0077877045,0.0029717684,0.0025064945
2022-02-10,INTC,-0.0067857504,0.0015883446,0.0076181889
2022-02-10,MSFT,0.016125798,0.0058149099,-0.0058011413
2022-02-10,NKE,-0.0194695,0.023001194,-0.030027151
2022-02-10,VZ,0.0011256933,0.018175364,-0.0047321916
2022-02-10,WMT,-0.0012711287,0.017739177,-0.0054040551
2022-02-11,AAPL,0.0088748932,0.0087077618,-0.0042479634
2022-02-11,AMGN,-0.017009974,0.013157606,-0.024066806
2022-02-11,CRM,0.012627721,-0.013391733,-0.014209628
2022-02-11,CSCO,0.013471961,-0.016020834,-0.0083261728
2022-02-11,IBM,-0.018869936,0.0095075369,-0.0016559362
2022-02-11,INTC,-0.034627438,0.022260904,-0.018535435
2022-02-11,MSFT,0.0064749718,0.00024473667,-0.036643088
2022-02-11,NKE,-0.0059189796,0.017528057,-0.021026254
2022-02-11,VZ,0.0032231808,0.00094687939,-0.00072312355
2022-02-11,WMT,0.022104025,0.017311573,-0.013553977
2022-02-14,AAPL,-0.029623985,-0.017828166,-0.027550161
2022-02-14,AMGN,-0.0070656538,0.0041315556,-0.013696074
2022-02-14,CRM,0.0027683973,0.01361692,-0.012347817
2022-02-14,CSCO,-0.013792992,0.027492642,-0.018663466
2022-02-14,IBM,0.0090157986,-0.0038258433,0.00089871883
2022-02-14,INTC,-0.044189394,0.024070859,-0.017475843
2022-02-14,MSFT,-0.0018984079,0.0011088848,0.0084122419
2022-02-14,NKE,0.037361145,0.01064837,-0.0058024526
2022-02-14,VZ,0.016185522,0.0074687004,-0.011449575
2022-02-14,WMT,-0.0027175546,0.0081717968,-0.0067026615
2022-02-15,AAPL,0.010685205,-0.0053825974,-0.024859428
2022-02-15,AMGN,-0.033476353,0.02900219,0.01031518
2022-02-15,CRM,-0.062001586,0.028695345,0.0055407286
2022-02-15,CSCO,0.0091532469,0.0030878782,-0.020689309
2022-02-15,IBM,-0.010136545,-0.0038318634,-0.0037176013
2022-02-15,INTC,-0.027329564,0.0047036409,-0.027635098
2022-02-15,MSFT,0.011806607,0.017142773,-0.014438689
2022-02-15,NKE,0.012679458,-0.0095670223,-0.0029395819
2022-02-15,VZ,0.0043588877,-0.00049936771,0.0021618605
2022-02-15,WMT,0.0024111271,0.0092457533,-0.013727188
2022-02-16,AAPL,0.012070894,0.011782527,0.002892971
2022-02-16,AMGN,-0.0034778714,0.0076391697,0.0053565502
2022-02-16,CRM,0.0062195063,0.0072344542,-0.019923925
2022-02-16,CSCO,-0.00049686432,-0.00072830915,-0.024714947
2022-02-16,IBM,-0.0083237886,-0.0016034245,0.0034762621
2022-02-16,INTC,-0.030690193,0.0038195848,-0.032880723
2022-02-16,MSFT,-0.0030573606,0.015566111,-0.014065802
2022-02-16,NKE,-0.017915428,-0.0075098872,-0.021977305
2022-02-16,VZ,0.015570998,0.01387918,-0.0029343963
2022-02-16,WMT,-0.012926817,-0.00045287609,-0.015717208
2022-02-17,AAPL,-0.046447456,0.0089238882,-0.015844285
2022-02-17,AMGN,-0.013364732,0.017373204,-0.034961641
2022-02-17,CRM,0.015041828,0.0037345886,-0.0019075871
2022-02-17,CSCO,-0.00091552734,0.015275002,-0.01152426
2022-02-17,IBM,-0.0047513247,-0.0038173795,-0.019330502
2022-02-17,INTC,-0.0036312938,0.023538947,-0.0054842234
2022-02-17,MSFT,0.031381965,0.024648428,-0.0092437863
2022-02-17,NKE,-0.0016177893,0.00052177906,-0.012761593
2022-02-17,VZ,0.0024014711,-0.00078046322,-0.016678691
2022-02-17,WMT,0.0049967766,0.017561078,-0.0092446804
2022-02-18,AAPL,-0.01549083,0.011587739,-0.034226656
2022-02-18,AMGN,-0.026950538,0.0084183216,-0.012528896
2022-02-18,CRM,-0.01923728,0.018734097,-0.017893612
2022-02-18,CSCO,0.027908802,0.01422298,-0.0052675605
2022-02-18,IBM,-0.0092346072,0.014772177,-0.022372961
2022-02-18,INTC,-0.025545657,0.009899497,-0.017371953
2022-02-18,MSFT,0.035070777,0.020721912,-0.013301432
2022-02-18,NKE,-0.0063729286,0.00041973591,-0.022972941
2022-02-18,VZ,-0.0018196106,0.0069736242,-0.0069501996
2022-02-18,WMT,-0.0053091645,0.024653435,0.0022386312
2022-02-22,AAPL,0.001311183,0.030466914,-0.0038604736
2022-02-22,AMGN,-0.018357933,0.0024770498,0.01695025
2022-02-22,CRM,0.023957729,0.041000605,-0.043188214
2022-02-22,CSCO,0.0070581436,0.0040402412,-0.014239848
2022-02-22,IBM,-0.012881041,0.010641813,-0.01148057
2022-02-22,INTC,0.026681662,0.016606569,-0.013731539
2022-02-22,MSFT,0.01900816,0.0043339729,-0.0127033
2022-02-22,NKE,-0.03020066,0.012655735,-0.013050616
2022-02-22,VZ,0.00016260147,0.015329242,-0.024233699
2022-02-22,WMT,0.0025759935,0.018897533,-0.0052695274
2022-02-23,AAPL,0.021775961,0.034018993,-0.030726135
2022-02-23,AMGN,-0.03481555,0.0069807768,-0.008400321
2022-02-23,CRM,0.0090699196,-0.0095348358,-0.013444483
2022-02-23,CSCO,-0.012419701,0.007630825,0.0010216236
2022-02-23,IBM,0.0024062395,0.0082688332,-0.015449941
2022-02-23,INTC,-0.0039446354,0.0065447092,-0.018734813
2022-02-23,MSFT,0.009796977,0.011539102,0.00077533722
2022-02-23,NKE,0.0076880455,0.015649199,-0.012879372
2022-02-23,VZ,-0.013837695,0.0074415207,-0.0043261647
2022-02-23,WMT,-0.019367814,0.014256477,-0.0076600909
2022-02-24,AAPL,0.012948036,0.0095493793,0.010202527
2022-02-24,AMGN,-0.013385653,0.011355042,-0.012616873
2022-02-24,CRM,0.034747005,0.0047775507,-0.020264566
2022-02-24,CSCO,0.0045894384,-0.0060548782,-0.012535572
2022-02-24,IBM,0.013301611,0.019415975,-0.0057991147
2022-02-24,INTC,-0.016333163,0.0041328669,-0.013425946
2022-02-24,MSFT,-0.039701402,-0.0087961555,-0.019619823
2022-02-24,NKE,0.010100842,0.0054988861,0.012010694
2022-02-24,VZ,-0.022508144,0.0061157942,-0.010657251
2022-02-24,WMT,0.00852561,0.017187238,-0.0023198724
2022-02-25,AAPL,-0.02215904,0.018219829,-0.015249252
2022-02-25,AMGN,-0.001290977,0.014291644,-0.01897341
2022-02-25,CRM,-0.023634315,0.05194211,-0.011368096
2022-02-25,CSCO,0.024679899,0.01866281,-0.0060363412
2022-02-25,IBM,-0.0042466521,0.0075083971,-0.0038524866
2022-02-25,INTC,-0.003225863,0.0025583506,-0.031402588
2022-02-25,MSFT,0.022950649,0.010991454,-0.019619942
2022-02-25,NKE,-0.01849997,0.026772976,-0.011098623
2022-02-25,VZ,-0.028552532,0.013984442,-0.0011944771
2022-02-25,WMT,-0.0088822246,0.019144177,-0.0045938492
2022-02-28,AAPL,0.0027911663,0.009937644,-0.0095828772
2022-02-28,AMGN,-0.024072766,0.00013780594,-0.027660608
2022-02-28,CRM,-0.031208336,0.012304544,-0.01173991
2022-02-28,CSCO,-0.041687012,0.00598526,-0.01276648
2022-02-28,IBM,-0.01481396,0.0037989616,-0.018464744
2022-02-28,INTC,0.0010219812,0.0036389828,-0.016281784
2022-02-28,MSFT,-0.0049635172,0.0019345284,-0.0158391
2022-02-28,NKE,0.0088634491,0.0056334734,-0.0031120777
2022-02-28,VZ,-0.037367105,0.014344692,-0.0018017292
2022-02-28,WMT,-0.00092726946,0.004455924,-0.015968025
2022-03-01,AAPL,-0.0082273483,-0.0001630187,-0.046898127
2022-03-01,AMGN,-0.020615637,0.013270617,-0.018764198
2022-03-01,CRM,-0.034217179,0.014728069,-0.023400962
2022-03-01,CSCO,-0.00025373697,0.0059437752,0.00088965893
2022-03-01,IBM,0.0044831038,-0.0031731725,-0.0049565434
2022-03-01,INTC,0.0028609037,0.0013051033,0.0018275976
2022-03-01,MSFT,-0.00047719479,-0.0070648193,0.0026378632
2022-03-01,NKE,0.00091397762,0.016920924,-0.014439642
2022-03-01,VZ,-0.011383593,0.00059354305,0.013435125
2022-03-01,WMT,-0.00030130148,0.0055482388,-0.00027304888
2022-03-02,AAPL,0.0096493959,0.014069915,-0.02984041
2022-03-02,AMGN,-0.011544943,0.028869867,-0.012125373
2022-03-02,CRM,0.037656665,0.0040634871,-0.0061394572
2022-03-02,CSCO,0.0085346699,0.026521683,-0.011726737
2022-03-02,IBM,-0.0077590346,0.011243701,0.0051885843
2022-03-02,INTC,-0.0031576753,0.013336182,-0.0054128766
2022-03-02,MSFT,-0.010177791,0.016850471,-0.0087832212
2022-03-02,NKE,-0.0090937018,0.0032944679,-0.02416414
2022-03-02,VZ,-0.02424264,0.018671036,-0.019307256
2022-03-02,WMT,-0.017953932,0.013999581,-0.017061949
2022-03-03,AAPL,-0.0011740923,0.0053819418,-0.02970314
2022-03-03,AMGN,-0.027033091,0.01932025,-0.0078703165
2022-03-03,CRM,-0.020414293,0.042102098,0.00069665909
2022-03-03,CSCO,0.0023232698,0.016210556,-0.011858344
2022-03-03,IBM,-0.014466226,0.015018463,-0.0050861239
2022-03-03,INTC,-0.030385315,-0.0099151731,-0.010058761
2022-03-03,MSFT,0.015022278,-0.0024507642,-0.024159133
2022-03-03,NKE,-0.025295794,0.033372164,-0.0036281347
2022-03-03,VZ,0.0041459799,0.024033904,-0.016898692
2022-03-03,WMT,-0.0091376305,0.0091509819,-0.0068394542
2022-03-04,AAPL,0.012940168,0.011472225,-0.0021990538
2022-03-04,AMGN,-0.0056815743,0.0083960295,0.0021584034
2022-03-04,CRM,-0.037195086,0.014504433,-0.0032154322
2022-03-04,CSCO,-0.0064978004,0.01505208,0.0089694262
2022-03-04,IBM,0.0057410002,-0.010003805,0.0023210049
2022-03-04,INTC,-0.011394382,0.015937328,-0.01608634
2022-03-04,MSFT,0.0042672157,-1.8954277e-05,0.0078974962
2022-03-04,NKE,-0.016935706,0.013563871,-0.014234602
2022-03-04,VZ,0.011952639,0.0049145222,-0.0091125965
2022-03-04,WMT,0.0026228428,0.015029073,-0.0036055446
2022-03-07,AAPL,0.010461807,0.029049039,-0.0084033608
2022-03-07,AMGN,0.02695322,-5.7756901e-05,0.0085412264
2022-03-07,CRM,-0.049361229,0.0080741644,-0.031226814
2022-03-07,CSCO,0.013802767,0.0090857744,0.0015873909
2022-03-07,IBM,0.00037550926,0.0080393553,-0.0096137524
2022-03-07,INTC,0.020920038,0.0083810091,-0.020700574
2022-03-07,MSFT,-0.021254897,0.0096313953,0.0065865517
2022-03-07,NKE,-0.025866985,0.014770389,-0.024675608
2022-03-07,VZ,-0.0027594566,0.012622952,-0.010960579
2022-03-07,WMT,-0.0023226142,0.014353037,-0.0047367811
2022-03-08,AAPL,0.019322872,0.014459014,-0.00046545267
2022-03-08,AMGN,0.004617095,0.00063598156,-0.0089069605
2022-03-08,CRM,0.0019979477,0.033965826,-0.016153336
2022-03-08,CSCO,-0.010024309,0.052130699,-0.012670398
2022-03-08,IBM,0.012794733,0.0013554096,-0.029321373
2022-03-08,INTC,-0.010924697,-0.0041380525,-0.02350986
2022-03-08,MSFT,0.027299404,0.010131359,0.00025558472
2022-03-08,NKE,-0.045982182,0.011664152,-0.030980825
2022-03-08,VZ,-0.0019842386,0.013293624,-0.0089398623
2022-03-08,WMT,0.0065433979,0.021457791,0.0076800585
2022-03-09,AAPL,-0.023770213,-0.010321438,0.00054848194
2022-03-09,AMGN,0.019557595,0.010194659,-0.0023471713
2022-03-09,CRM,-0.035392821,0.028581619,-0.0070297718
2022-03-09,CSCO,-0.0072497725,0.013726711,0.0091965199
2022-03-09,IBM,0.0081025362,0.0018442869,-0.005913496
2022-03-09,INTC,-0.0095857978,0.0044772625,-0.017983913
2022-03-09,MSFT,0.03204453,0.0098077059,-0.0092158318
2022-03-09,NKE,0.01199913,0.009241581,-0.019823849
2022-03-09,VZ,-0.0029046535,0.011922956,-0.019496083
2022-03-09,WMT,0.0015820265,0.001812458,-0.0051359534
2022-03-10,AAPL,-0.0017489195,0.011497974,-0.020904422
2022-03-10,AMGN,-0.005834341,0.00079321861,-0.0052297115
2022-03-10,CRM,-0.012506843,0.0050007105,-0.028379679
2022-03-10,CSCO,-0.031770587,-0.0084894896,-0.023282528
2022-03-10,IBM,-0.013010919,0.009226799,-0.0089296103
2022-03-10,INTC,-0.010251284,0.012502551,-0.014308572
2022-03-10,MSFT,-0.026340842,0.0025407076,-0.0060518384
2022-03-10,NKE,-0.0031050444,0.017359376,-0.0046581626
2022-03-10,VZ,-0.033728361,0.017107725,-0.010939479
2022-03-10,WMT,-0.012516022,0.0018260479,-0.0070390701
2022-03-11,AAPL,-0.02174145,0.015983582,-0.0097191334
2022-03-11,AMGN,-0.0061945319,0.012954593,-0.011210501
2022-03-11,CRM,-0.025149465,0.012748599,0.013481617
2022-03-11,CSCO,0.0081269741,0.028230429,-0.019600213
2022-03-11,IBM,0.029693484,0.002877593,-0.0068680644
2022-03-11,INTC,0.025025368,0.0095899105,-0.019803762
2022-03-11,MSFT,-0.013089061,0.010203362,-0.013370395
2022-03-11,NKE,0.0085300207,0.02132237,-0.044974744
2022-03-11,VZ,0.00089085102,0.0075260401,0.010939956
2022-03-11,WMT,0.00069260597,0.010970116,-0.0012711883
2022-03-14,AAPL,-0.021888733,0.012266994,-0.019499242
2022-03-14,AMGN,-0.022242844,-0.0072476864,-0.013463795
2022-03-14,CRM,-0.04274863,0.016877532,-0.026541412
2022-03-14,CSCO,0.04816258,0.00058114529,0.007132411
2022-03-14,IBM,-0.0062997937,0.0098824501,-0.010130107
2022-03-14,INTC,0.0076440573,0.030453086,-0.022058487
2022-03-14,MSFT,-0.012614548,0.014086366,-0.019434452
2022-03-14,NKE,-0.022733212,0.03015852,-0.014988363
2022-03-14,VZ,0.0073714256,-0.00058764219,0.0062299967
2022-03-14,WMT,0.028203011,-0.0027577877,-0.0022731423
2022-03-15,AAPL,-0.0056340694,0.03344667,-0.022646487
2022-03-15,AMGN,-0.0014900565,0.0091121197,-0.016275644
2022-03-15,CRM,-0.055523813,0.0057302713,-0.035004258
2022-03-15,CSCO,-0.012349606,0.013454676,-0.010208666
2022-03-15,IBM,0.014226794,0.025683165,-0.0073876381
2022-03-15,INTC,-0.019270658,0.0080275536,-0.0010925531
2022-03-15,MSFT,-0.00059950352,0.029453158,0.01692307
2022-03-15,NKE,-0.0010178685,0.017363191,0.0024977922
2022-03-15,VZ,-0.0097723603,0.0092595816,-0.018594563
2022-03-15,WMT,-0.0044602752,0.0032606125,-0.0067319274
2022-03-16,AAPL,0.0049663782,0.00048708916,-0.01978457
2022-03-16,AMGN,-0.010018528,0.010010481,-0.010073185
2022-03-16,CRM,-0.010505855,0.011002302,-0.042657614
2022-03-16,CSCO,-0.0059289932,0.011669517,-0.0052837133
2022-03-16,IBM,0.0097696781,0.009142518,-0.01061672
2022-03-16,INTC,-0.035730183,0.00057053566,-0.0029768348
2022-03-16,MSFT,-0.011904538,-0.014369965,-0.0056733489
2022-03-16,NKE,0.02761507,0.019927979,-0.032199144
2022-03-16,VZ,-0.0054122806,0.0071479082,-0.00093352795
2022-03-16,WMT,0.0052756071,0.0098814964,-0.0082064867
2022-03-17,AAPL,0.001586318,0.013193727,-0.030527174
2022-03-17,AMGN,-0.014089525,-0.0020455718,-0.017124474
2022-03-17,CRM,-0.013909459,-0.0064838529,-0.01397568
2022-03-17,CSCO,-0.022603035,0.013373375,-0.034863889
2022-03-17,IBM,-0.030919671,0.01328814,0.0024586916
2022-03-17,INTC,-0.0039047003,-0.0088977814,-0.03172648
2022-03-17,MSFT,-0.006542623,0.023527622,-0.010003269
2022-03-17,NKE,0.0005505085,0.0057178736,-0.029995203
2022-03-17,VZ,-0.0092682242,-0.0047339201,-0.0041319132
2022-03-17,WMT,-0.0072885752,0.0062566996,0.0084494352
2022-03-18,AAPL,0.0064051151,0.011491776,-0.0070031881
2022-03-18,AMGN,-0.00011742115,0.009291172,-0.007119894
2022-03-18,CRM,-0.030047238,0.027211189,-0.012124598
2022-03-18,CSCO,-0.0050524473,0.0087884665,0.005671978
2022-03-18,IBM,-0.0063135624,0.0073485374,-0.0014793277
2022-03-18,INTC,0.002581358,0.01264441,-0.00065231323
2022-03-18,MSFT,0.012055397,0.0030117035,-0.021879911
2022-03-18,NKE,0.039045453,-0.0055705905,-0.014314234
2022-03-18,VZ,-0.0054923296,-0.0090633631,-0.0050897002
2022-03-18,WMT,-0.013179004,0.011641026,-0.0080013275
2022-03-21,AAPL,-0.019582868,0.01641798,-0.018473148
2022-03-21,AMGN,-0.038122416,0.017342091,-0.022642016
2022-03-21,CRM,-0.03368777,-0.015975237,-0.028730273
2022-03-21,CSCO,0.019811392,0.0080252886,-0.0098103285
2022-03-21,IBM,0.013147593,0.031041622,0.00024223328
2022-03-21,INTC,-0.014815748,0.010815501,-0.021279097
2022-03-21,MSFT,0.0083904266,0.015985608,-0.0049365163
2022-03-21,NKE,0.032351851,0.013665557,-0.036297917
2022-03-21,VZ,-0.0086391568,-0.0077892542,-0.010516047
2022-03-21,WMT,-0.0064575076,0.012374163,-0.017603993
2022-03-22,AAPL,-0.035820603,0.01948452,-0.020689487
2022-03-22,AMGN,-0.016551197,0.0053153038,-0.016151905
2022-03-22,CRM,0.01217711,0.032328486,-0.0012363791
2022-03-22,CSCO,-0.0013870001,0.0078209639,-0.011145115
2022-03-22,IBM,-0.0039561391,0.0054041147,-0.013553083
2022-03-22,INTC,0.0046499968,0.0105232,-0.023276627
2022-03-22,MSFT,0.0011883974,0.009947896,0.0076407194
2022-03-22,NKE,-0.033332348,0.0091408491,-0.0072088838
2022-03-22,VZ,-0.0097394586,-0.00067311525,0.00088500977
2022-03-22,WMT,-0.022988558,0.0044856071,-0.012399197
2022-03-23,AAPL,-0.024925768,0.0064357519,-0.0048789978
2022-03-23,AMGN,-0.014095426,0.0044512749,-0.024596572
2022-03-23,CRM,-0.042644858,0.03339529,-0.0068492889
2022-03-23,CSCO,0.0020543337,0.0045702457,-0.0034039617
2022-03-23,IBM,-0.010545254,0.001221776,-0.0029553771
2022-03-23,INTC,0.014849544,0.0013192892,-0.012534142
2022-03-23,MSFT,-0.0025140643,0.02421248,-0.021565139
2022-03-23,NKE,-0.0052317381,0.0060600042,-0.017278194
2022-03-23,VZ,0.0034313202,0.013623595,-0.0038822293
2022-03-23,WMT,-0.0078935623,0.016286969,-0.0030725598
2022-03-24,AAPL,-0.013149798,0.0058654547,-0.02620095
2022-03-24,AMGN,-0.0035926104,0.023878932,-0.022622466
2022-03-24,CRM,-0.028730214,0.026832938,0.0014748573
2022-03-24,CSCO,-0.00078999996,0.00092351437,-0.0035698414
2022-03-24,IBM,-0.016164482,-0.0012348294,0.0027133226
2022-03-24,INTC,-0.014477968,0.0056205988,-0.019866109
2022-03-24,MSFT,-0.022313178,0.0042738914,-0.031290352
2022-03-24,NKE,-0.021646142,0.0035095215,-0.012446761
2022-03-24,VZ,-0.015473723,0.0020862818,-0.00017613173
2022-03-24,WMT,0.010356069,0.0029437542,-0.0021130443
2022-03-25,AAPL,0.015447855,0.02333951,0.0065745115
2022-03-25,AMGN,0.008528471,0.012070894,-0.023037255
2022-03-25,CRM,0.074674368,0.017173767,-0.03309536
2022-03-25,CSCO,-0.014781535,0.017833829,-0.011813223
2022-03-25,IBM,-0.017732561,0.0015803576,0.0035595894
2022-03-25,INTC,0.0066050291,0.011711597,-0.028860331
2022-03-25,MSFT,-0.0088232756,0.0063079596,-0.023368478
2022-03-25,NKE,-0.024046123,0.015215874,-0.01346314
2022-03-25,VZ,-0.021580875,0.0054172277,-0.025132596
2022-03-25,WMT,0.0012439489,0.02263093,0.0063934326
2022-03-28,AAPL,0.010840178,0.014401078,0.022875309
2022-03-28,AMGN,-0.032319129,0.0059821606,-0.024825156
2022-03-28,CRM,-0.0002052784,0.0493927,-0.013205826
2022-03-28,CSCO,0.01292181,0.0087559223,-0.030041397
2022-03-28,IBM,0.00086867809,0.0087952614,-0.012487531
2022-03-28,INTC,0.014350533,0.0056265593,-0.0060177445
2022-03-28,MSFT,0.0090082884,0.019363403,-0.0036359429
2022-03-28,NKE,-0.035208881,0.017676353,-0.008697629
2022-03-28,VZ,0.014353395,0.01500845,0.0014570951
2022-03-28,WMT,0.0077040195,0.017294288,-0.025829852
2022-03-29,AAPL,-0.0085110664,-0.0029902458,0.010610342
2022-03-29,AMGN,0.0070421696,0.022145867,-0.013429999
2022-03-29,CRM,-0.00435853,0.052665591,-0.0085887909
2022-03-29,CSCO,-0.021240354,0.028988957,-0.022086203
2022-03-29,IBM,0.00099301338,-0.0049787164,-0.0087769032
2022-03-29,INTC,-0.016312897,-0.0066887736,-0.0042500496
2022-03-29,MSFT,0.022218704,0.0091651678,-0.010514021
2022-03-29,NKE,-0.003454566,0.017759919,0.0083146095
2022-03-29,VZ,-0.0021073818,0.011699796,-0.023028255
2022-03-29,WMT,0.014716029,0.0075585842,-0.017084599
2022-03-30,AAPL,-0.018143356,0.013803124,-0.016002595
2022-03-30,AMGN,-0.0038074851,0.020333886,-0.017139494
2022-03-30,CRM,0.0064724684,0.013081431,-0.016798317
2022-03-30,CSCO,-0.0092092752,0.0011276007,-0.0089908242
2022-03-30,IBM,0.00139606,0.00585711,-0.0084129572
2022-03-30,INTC,-0.021952927,0.021533251,-0.016066253
2022-03-30,MSFT,0.002399683,0.024207592,-0.01309979
2022-03-30,NKE,-0.018674493,0.00020849705,0.020112395
2022-03-30,VZ,-0.025878012,0.014732599,-0.021666467
2022-03-30,WMT,0.011787176,-0.012986243,-0.015450358
2022-03-31,AAPL,-0.022522032,-0.0094780326,-0.0028842688
2022-03-31,AMGN,-0.030680537,0.025783539,-0.020653486
2022-03-31,CRM,-0.010513067,0.017305613,-0.010943532
2022-03-31,CSCO,-0.017349541,0.012007356,-0.015337944
2022-03-31,IBM,0.012643099,0.02692616,-0.0029227734
2022-03-31,INTC,-0.0058817863,0.0047959089,-0.0091056824
2022-03-31,MSFT,-0.013219833,0.017217875,-0.010978401
2022-03-31,NKE,-0.0075591803,-0.0047749877,-0.0086755157
2022-03-31,VZ,-0.0020225644,0.0039346218,-0.0026521087
2022-03-31,WMT,0.012681007,0.023100734,-0.015411913
2022-04-01,AAPL,-0.0052711368,0.010491848,0.00065016747
2022-04-01,AMGN,0.012959361,-0.0043945909,-0.016468823
2022-04-01,CRM,-0.028821051,0.043275952,-0.0064632893
2022-04-01,CSCO,0.013882041,-0.00061607361,-0.030294836
2022-04-01,IBM,0.02076149,0.0090605021,-0.022217214
2022-04-01,INTC,0.0066612959,0.0089735985,-0.0067412853
2022-04-01,MSFT,-0.0082806945,0.017363906,-0.017801225
2022-04-01,NKE,-0.011265576,0.023423076,0.0090837479
2022-04-01,VZ,-0.0019276142,-0.0082677007,0.009079814
2022-04-01,WMT,0.0066238642,-0.0047914386,-0.011686683
2022-04-04,AAPL,0.040711164,0.033169985,0.010714531
2022-04-04,AMGN,0.018274784,0.01793468,-0.0040229559
2022-04-04,CRM,-0.024142563,0.024941921,-0.02432549
2022-04-04,CSCO,0.017346501,0.0081959963,-0.0086042881
2022-04-04,IBM,-0.0089295506,0.004606843,-0.0082686543
2022-04-04,INTC,0.0028114319,0.036348701,-0.014380634
2022-04-04,MSFT,0.0029467344,0.012642026,-0.021885574
2022-04-04,NKE,-0.015210748,-0.0053082705,-0.004024446
2022-04-04,VZ,-0.0080238581,0.0046743155,-0.0057368279
2022-04-04,WMT,-0.0036779046,0.021132112,0.0072124004
2022-04-05,AAPL,-0.0038785338,-0.0091266632,-8.4400177e-05
2022-04-05,AMGN,-0.011096895,0.020345688,0.0045226812
2022-04-05,CRM,-0.042254448,0.0012853146,-0.0093031526
2022-04-05,CSCO,-0.017005563,0.011971474,-0.0066353083
2022-04-05,IBM,0.00037193298,0.011180282,-0.0021585226
2022-04-05,INTC,0.0053057671,0.0065808296,-0.016139567
2022-04-05,MSFT,0.026668072,0.0075272322,-0.013599694
2022-04-05,NKE,0.0099344254,0.0040639639,-0.013436139
2022-04-05,VZ,-0.017900407,-0.00399822,-0.0048974156
2022-04-05,WMT,0.0075362921,0.013081074,-0.015481889
2022-04-06,AAPL,0.014747024,0.0091682673,-0.016839206
2022-04-06,AMGN,0.00079393387,0.016167998,-0.0015627146
2022-04-06,CRM,-0.020649314,-0.0044555068,-0.035151839
2022-04-06,CSCO,-0.026736438,0.02001965,-0.01749897
2022-04-06,IBM,-0.017171741,0.0029094219,-0.019853771
2022-04-06,INTC,-0.0047237873,-0.0053070188,-0.001203537
2022-04-06,MSFT,-0.034861624,0.012085557,-0.0037856102
2022-04-06,NKE,-0.041212618,0.0085533857,-0.0071920753
2022-04-06,VZ,0.0081328154,0.013970375,-0.012978613
2022-04-06,WMT,-0.0040704608,0.0069881678,-0.0041753054
2022-04-07,AAPL,-0.0066835284,0.0035244226,-0.014974058
2022-04-07,AMGN,0.0029193163,0.0034723282,-0.030790806
2022-04-07,CRM,0.029987574,0.028504252,-0.001837194
2022-04-07,CSCO,-0.033562839,0.03384757,-0.015490651
2022-04-07,IBM,-0.0020691752,0.01327455,0.0053356886
2022-04-07,INTC,0.042770028,0.0055938959,-0.0038355589
2022-04-07,MSFT,0.0093070269,0.009198904,-0.016098201
2022-04-07,NKE,0.017163873,0.014915347,0.00073230267
2022-04-07,VZ,-0.014611959,0.0069286823,-0.0035549402
2022-04-07,WMT,-0.015110791,0.011268497,-0.012346983
2022-04-08,AAPL,0.016735315,0.019104838,-0.011829078
2022-04-08,AMGN,-0.025803804,0.012000442,-0.01048249
2022-04-08,CRM,-0.011561394,0.02121067,-0.03004849
2022-04-08,CSCO,0.015761256,0.0027340651,-0.0060138702
2022-04-08,IBM,-0.018179357,0.012075305,-0.012411296
2022-04-08,INTC,0.0002399683,0.01550889,-0.00560534
2022-04-08,MSFT,0.00028598309,-0.003616631,-0.021666408
2022-04-08,NKE,-0.0038430095,0.024126768,0.0099037886
2022-04-08,VZ,-0.013497829,0.0080751181,-0.031115413
2022-04-08,WMT,0.0064300299,0.0099434853,-0.0072617531
2022-04-11,AAPL,0.0011343956,0.019019008,-0.01333636
2022-04-11,AMGN,0.011315823,0.011014938,-0.013542712
2022-04-11,CRM,-0.0014320612,0.034441233,0.008831501
2022-04-11,CSCO,-0.021452844,-0.0040035248,-0.02068001
2022-04-11,IBM,-0.00099486113,0.010819077,-0.016917706
2022-04-11,INTC,0.0044806004,0.0053603649,-0.016051769
2022-04-11,MSFT,0.010853052,0.010961294,-0.020112157
2022-04-11,NKE,-0.0098127127,0.027524948,-0.0086219907
2022-04-11,VZ,0.020558953,0.001858592,-0.0081737638
2022-04-11,WMT,0.010599494,0.014719963,-0.015258312
2022-04-12,AAPL,0.0065661669,0.01152277,0.0020176172
2022-04-12,AMGN,-0.007373333,0.038359761,-0.0070634484
2022-04-12,CRM,-0.020508885,-0.0037618876,-0.030473053
2022-04-12,CSCO,-0.0062500238,-0.0070755482,-0.023715138
2022-04-12,IBM,-0.013474345,0.010834336,-0.022257924
2022-04-12,INTC,0.026737213,0.0041971207,-0.0036021471
2022-04-12,MSFT,-0.0072678924,0.011740923,-0.012180924
2022-04-12,NKE,-0.013045013,0.033575177,-0.0032373071
2022-04-12,VZ,-0.0077691674,0.0081357956,-0.009927094
2022-04-12,WMT,-0.019165695,0.0007917881,-0.0021017194
2022-04-13,AAPL,0.03736949,0.0025638342,-0.013204455
2022-04-13,AMGN,-0.0079624057,0.014451623,-0.004971683
2022-04-13,CRM,0.0053514242,0.017632723,-0.016117871
2022-04-13,CSCO,0.014658809,0.01031971,0.0048422813
2022-04-13,IBM,-0.031316817,0.016259789,0.0044852495
2022-04-13,INTC,-0.0013800263,0.0046988726,-0.01624161
2022-04-13,MSFT,-0.0096077919,-0.0071730018,-0.0028914809
2022-04-13,NKE,-0.011087418,0.0091600418,-0.014934957
2022-04-13,VZ,0.030212164,0.027835727,-0.0098159313
2022-04-13,WMT,-0.010403574,0.0079295635,-0.014982283
2022-04-14,AAPL,-0.0045544505,0.024807096,-0.014852762
2022-04-14,AMGN,-0.022976398,0.011943698,-0.011119068
2022-04-14,CRM,-0.004543364,0.0094689131,-0.039915562
2022-04-14,CSCO,0.012457013,0.012248635,-0.0048010349
2022-04-14,IBM,-0.023643851,0.012533426,-0.0063510537
2022-04-14,INTC,-0.027570367,0.017424345,-0.015240312
2022-04-14,MSFT,-0.0037113428,0.0071585178,-0.0058628321
2022-04-14,NKE,-0.032408118,-0.0018749833,-0.025896966
2022-04-14,VZ,0.0080763102,0.013864994,-0.00044733286
2022-04-14,WMT,0.0012034178,0.0028506517,-0.0039723516
2022-04-18,AAPL,0.018570542,-0.00080776215,-0.007104516
2022-04-18,AMGN,0.0057702065,0.018734336,-0.014157891
2022-04-18,CRM,-4.9114227e-05,0.012908697,-0.013448775
2022-04-18,CSCO,0.01612854,0.01744616,-0.0069088936
2022-04-18,IBM,-0.0078749061,0.0024132729,-0.0049296021
2022-04-18,INTC,-0.041287601,0.0059241056,-0.0072062016
2022-04-18,MSFT,-0.0063595176,0.013400078,-0.0075415969
2022-04-18,NKE,-0.00031864643,0.019371271,-0.008012414
2022-04-18,VZ,-0.013581514,0.0067794323,0.0023108721
2022-04-18,WMT,-0.020637512,-0.00074720383,-0.011946142
2022-04-19,AAPL,0.0021159649,0.0033363104,-0.0088543296
2022-04-19,AMGN,-0.0050964355,-0.0019235611,-0.020859957
2022-04-19,CRM,-0.010920405,0.026381969,-0.0093619227
2022-04-19,CSCO,0.013507962,0.0036088228,-0.00232476
2022-04-19,IBM,0.00032639503,0.01209712,-0.0079722404
2022-04-19,INTC,-0.013691843,0.004244566,-0.0063069463
2022-04-19,MSFT,-0.00096660852,0.026909113,-0.010207355
2022-04-19,NKE,-0.019565523,0.015111089,-0.01867348
2022-04-19,VZ,-0.0093628764,-0.00046628714,-0.01268208
2022-04-19,WMT,0.0096387863,0.0047187805,-0.0040829778
2022-04-20,AAPL,-0.027457118,0.02481544,0.00028514862
2022-04-20,AMGN,0.014105558,0.014196038,-0.018091857
2022-04-20,CRM,-0.012652278,0.00036239624,-0.015729606
2022-04-20,CSCO,-0.02168715,-0.0054593682,-0.0066664219
2022-04-20,IBM,-0.0051583052,0.010258317,-0.0077142119
2022-04-20,INTC,0.002150774,0.01565659,0.0062741041
2022-04-20,MSFT,-0.0016367435,0.0091431141,-0.016133189
2022-04-20,NKE,-0.015592694,0.0048322678,-0.0067507625
2022-04-20,VZ,0.0018422604,0.0011559725,-0.012893498
2022-04-20,WMT,-0.033918858,0.015106082,-0.017559469
2022-04-21,AAPL,-0.013835371,0.029893994,-0.017426133
2022-04-21,AMGN,-0.0061478019,0.043375373,-0.023751497
2022-04-21,CRM,0.013647079,0.028630376,-0.00037360191
2022-04-21,CSCO,-0.038084745,-0.0019595623,0.013096094
2022-04-21,IBM,-0.014539361,-0.0075628161,-0.0070263743
2022-04-21,INTC,0.0049353838,-0.00070291758,-0.011251867
2022-04-21,MSFT,0.026674628,0.0087174177,-0.02628231
2022-04-21,NKE,0.007588625,0.010630965,-0.011069596
2022-04-21,VZ,-0.014624774,0.020758033,-0.0038508177
2022-04-21,WMT,0.002846837,0.0079654455,-0.0046004653
2022-04-22,AAPL,-0.0061685443,0.016407847,0.00080215931
2022-04-22,AMGN,-0.00348562,0.025045633,-0.0072451234
2022-04-22,CRM,0.011499405,0.011643529,-0.024820149
2022-04-22,CSCO,0.011649847,0.012760758,0.0080432892
2022-04-22,IBM,0.0072129965,0.01509881,-0.0079627633
2022-04-22,INTC,-0.0224244,0.013610363,-0.034948707
2022-04-22,MSFT,0.0094615221,0.0051141977,-0.026661515
2022-04-22,NKE,0.024484038,0.013738394,-0.013119102
2022-04-22,VZ,-0.0042849779,-0.00049030781,0.015628099
2022-04-22,WMT,-0.01057893,0.0060569048,0.003619194
2022-04-25,AAPL,-0.0057635903,0.0079905987,-0.032976806
2022-04-25,AMGN,-0.025483191,0.018523455,-0.018546581
2022-04-25,CRM,-0.05334276,-0.0093992352,-0.016905725
2022-04-25,CSCO,0.01777184,0.015311956,-0.025438488
2022-04-25,IBM,-0.0094716549,-0.010795951,-0.0020927191
2022-04-25,INTC,-0.015764952,0.02370441,0.0012463331
2022-04-25,MSFT,0.021681428,0.018725395,0.0030633211
2022-04-25,NKE,0.012225389,-0.0038892627,-0.0090571046
2022-04-25,VZ,-0.011147559,0.011823177,-0.0051406026
2022-04-25,WMT,-0.0091840029,0.017031789,-0.0059790611
2022-04-26,AAPL,-0.018039584,-0.0025566816,-0.0028821826
2022-04-26,AMGN,0.0029810667,0.0053447485,-0.0078335404
2022-04-26,CRM,-0.041091263,-0.0011178255,-0.015542269
2022-04-26,CSCO,0.023695469,-0.0049561858,-0.015467048
2022-04-26,IBM,-0.020071685,0.0080667734,-0.001957655
2022-04-26,INTC,-0.017882466,0.0095413923,-0.0030198693
2022-04-26,MSFT,0.023755074,0.0026113987,-0.016481578
2022-04-26,NKE,-0.031696916,0.014131308,0.017727375
2022-04-26,VZ,-0.024001479,0.008821249,-0.01008606
2022-04-26,WMT,0.017919898,0.0064715147,0.0065416098
2022-04-27,AAPL,0.011656523,0.015289664,-0.0090591908
2022-04-27,AMGN,0.0049499273,0.016846776,0.0076336861
2022-04-27,CRM,0.0019901991,0.02467525,-0.024130225
2022-04-27,CSCO,-0.050144911,0.0021024942,-0.00014686584
2022-04-27,IBM,-0.0020081997,0.010298848,-0.012052417
2022-04-27,INTC,0.0034883022,0.010117292,-0.0079181194
2022-04-27,MSFT,-0.0074005127,0.02865684,-0.011104226
2022-04-27,NKE,0.0037269592,0.021309733,-0.00058060884
2022-04-27,VZ,0.0036927462,0.015160441,-0.019925177
2022-04-27,WMT,0.027838349,0.0040558577,0.00017821789
2022-04-28,AAPL,0.0054574013,0.0025005341,0.025641918
2022-04-28,AMGN,-0.014813542,0.023283601,0.0002887249
2022-04-28,CRM,-0.042829096,0.046746969,-0.032153547
2022-04-28,CSCO,0.002543211,0.013685465,-0.015259802
2022-04-28,IBM,0.0078787804,0.011930227,-0.016077518
2022-04-28,INTC,-0.011199474,-0.010977268,-0.0028516054
2022-04-28,MSFT,-0.011921763,0.01954329,0.0056300163
2022-04-28,NKE,-0.015046418,0.013357878,-0.0013820529
2022-04-28,VZ,-0.010635078,0.013761163,0.0054924488
2022-04-28,WMT,-0.00012212992,0.0040662289,-0.012046814
2022-04-29,AAPL,0.0096235275,-0.0028036237,-0.019985139
2022-04-29,AMGN,-0.023229539,0.010776877,-0.017025292
2022-04-29,CRM,-0.026071191,0.0051318407,-0.028747439
2022-04-29,CSCO,-0.027921796,-0.0030068159,-0.0065709352
2022-04-29,IBM,0.0012955666,0.023907423,0.0065789223
2022-04-29,INTC,0.0068378448,0.02828908,-0.017097592
2022-04-29,MSFT,-0.022125125,0.0047639608,-0.018628657
2022-04-29,NKE,0.016750574,0.0090574026,-0.0086336732
2022-04-29,VZ,0.0025755167,0.0082558393,-0.020789504
2022-04-29,WMT,-0.0017648339,0.0012615919,-0.0020927787
2022-05-02,AAPL,-0.024723113,0.0050439835,-0.033766806
2022-05-02,AMGN,-0.015423119,0.00061881542,0.0010254383
2022-05-02,CRM,0.0084074736,0.027576804,-0.015012264
2022-05-02,CSCO,-0.025274336,0.0018793344,0.00029850006
2022-05-02,IBM,-0.0033399463,0.029979229,0.0047513247
2022-05-02,INTC,0.026121736,0.021655917,-0.024255872
2022-05-02,MSFT,0.012607217,0.020401359,-0.015958369
2022-05-02,NKE,-0.010035336,0.02936852,-0.033780217
2022-05-02,VZ,-0.0094376802,0.0088928938,-0.01353997
2022-05-02,WMT,-0.016364276,0.0047240257,-0.011608005
2022-05-03,AAPL,-0.011294186,0.005238533,0.0072170496
2022-05-03,AMGN,-0.011291742,0.022427797,-0.0092388391
2022-05-03,CRM,0.0098561049,0.014810562,-0.017050862
2022-05-03,CSCO,0.033619165,0.0074629784,0.0026503801
2022-05-03,IBM,-0.0013247132,0.0022019148,-0.017783284
2022-05-03,INTC,-0.01832813,0.01903367,-0.015239
2022-05-03,MSFT,-0.020675778,0.0052560568,-0.013509572
2022-05-03,NKE,-0.035951078,0.0166291,0.010742545
2022-05-03,VZ,0.0019956827,0.010505557,0.025380015
2022-05-03,WMT,0.01543057,0.0014107227,-0.0041620731
2022-05-04,AAPL,-0.0047068596,0.0049498081,-0.040632069
2022-05-04,AMGN,-0.0040428042,0.016705275,-0.0045154095
2022-05-04,CRM,-0.0010653734,0.060887694,-0.032518744
2022-05-04,CSCO,-0.050184369,0.019402146,-0.0066200495
2022-05-04,IBM,-0.014310896,0.0044744015,-0.0034535527
2022-05-04,INTC,-0.027668357,0.024791598,-0.015805483
2022-05-04,MSFT,-0.015245974,0.016595483,0.001082778
2022-05-04,NKE,-0.02550894,2.1457672e-06,-0.010916114
2022-05-04,VZ,-0.0046248436,0.0023485422,-0.0059022307
2022-05-04,WMT,0.0028162003,0.018047333,0.0024255514
2022-05-05,AAPL,0.036637664,0.014989614,-0.010827363
2022-05-05,AMGN,0.0031292439,0.018176675,-0.015247047
2022-05-05,CRM,-0.049875438,0.04037416,-0.012534857
2022-05-05,CSCO,-0.019985259,0.00093865395,-0.0063229799
2022-05-05,IBM,-0.0059769154,0.01218152,-0.013308704
2022-05-05,INTC,0.028484941,0.021384954,0.011527181
2022-05-05,MSFT,0.00087034702,0.014442444,-0.015226245
2022-05-05,NKE,-0.011937559,-0.01933527,0.015619874
2022-05-05,VZ,-0.0025058389,-0.0063353777,-0.00046730042
2022-05-05,WMT,-0.00065368414,0.0026327372,0.00091516972
2022-05-06,AAPL,-0.0044588447,0.015494347,-0.018341899
2022-05-06,AMGN,-0.010293543,-0.0053294301,-0.004537642
2022-05-06,CRM,0.0022605658,0.037164807,-0.0081493258
2022-05-06,CSCO,-0.0093593597,0.0067573786,-0.014296293
2022-05-06,IBM,-0.0067149997,0.012163639,-0.0025133491
2022-05-06,INTC,-0.022877812,0.0068256855,-0.028258026
2022-05-06,MSFT,0.024273515,0.020735264,-0.016158342
2022-05-06,NKE,-0.0012146235,0.024403811,0.0010532141
2022-05-06,VZ,-0.015011966,0.023522854,0.003852129
2022-05-06,WMT,0.010149479,0.0071917772,-0.012839437
2022-05-09,AAPL,-0.028040707,0.011561036,-0.01640743
2022-05-09,AMGN,-0.029502511,-0.011825323,-0.00080519915
2022-05-09,CRM,-0.031892359,-0.01029247,-0.014181018
2022-05-09,CSCO,-0.014955103,0.016852498,-0.015686333
2022-05-09,IBM,-0.0036426187,-0.0050251484,-0.008702457
2022-05-09,INTC,-0.002040267,0.030861139,0.0024052858
2022-05-09,MSFT,0.0055285692,0.0073312521,0.002325058
2022-05-09,NKE,-0.018254459,0.0085685253,3.2424927e-05
2022-05-09,VZ,-0.019706964,0.010215402,-0.010663509
2022-05-09,WMT,0.0015825033,0.0096819401,-0.0081605315
2022-05-10,AAPL,0.0047086477,0.029283762,-0.0041255951
2022-05-10,AMGN,0.024224401,0.0022116899,-0.017979085
2022-05-10,CRM,-0.029820859,0.025103331,-0.012255907
2022-05-10,CSCO,-0.011361778,0.017465472,-0.011310041
2022-05-10,IBM,-0.020395935,0.011579275,-0.013763964
2022-05-10,INTC,-0.010654747,0.005379796,0.011269808
2022-05-10,MSFT,-0.00068449974,0.021212816,-0.0041769743
2022-05-10,NKE,0.0080806017,0.0065774918,-0.018390596
2022-05-10,VZ,0.01988256,0.015905619,-0.0060858727
2022-05-10,WMT,-0.016732812,0.0099724531,-0.0087423921
2022-05-11,AAPL,0.014863253,0.0019592047,-0.0016394258
2022-05-11,AMGN,-0.0065799952,0.023105502,-0.017410874
2022-05-11,CRM,-0.057230949,0.0051283836,-0.031582713
2022-05-11,CSCO,-0.0042282939,0.0038474798,-0.0097333193
2022-05-11,IBM,-0.018987,0.017517447,-0.0038449764
2022-05-11,INTC,-0.00629884,0.012810826,0.0033963919
2022-05-11,MSFT,0.018529415,0.0088877678,-0.01685679
2022-05-11,NKE,0.014251709,0.0021520853,0.0098561049
2022-05-11,VZ,-0.0025272965,0.016671538,-0.0028001666
2022-05-11,WMT,-0.010972917,0.025217652,-0.0097153783
2022-05-12,AAPL,-0.015660942,0.005061388,-0.031262696
2022-05-12,AMGN,-0.034691274,0.013653159,-0.0059236884
2022-05-12,CRM,-0.046990573,0.023813605,-0.0427472
2022-05-12,CSCO,-0.0088521838,0.025127053,-0.0021712184
2022-05-12,IBM,0.011881471,0.0043315887,-0.006206274
2022-05-12,INTC,-0.0017398,0.015457749,0.0010128021
2022-05-12,MSFT,-0.022797823,0.0023313761,0.0057458878
2022-05-12,NKE,0.0046797991,-0.0028063655,-0.0098115206
2022-05-12,VZ,0.0078415871,0.014527917,-0.006935358
2022-05-12,WMT,0.0013219118,0.013206601,0.01199615
2022-05-13,AAPL,0.00018393993,0.0003824234,0.0032063723
2022-05-13,AMGN,0.0052902699,0.02255547,-0.0078943968
2022-05-13,CRM,-0.04111129,0.029116631,-0.013598979
2022-05-13,CSCO,0.002494216,-0.0027910471,-0.0093179345
2022-05-13,IBM,-0.013340414,0.0023208857,-0.026619792
2022-05-13,INTC,-0.020937145,0.01772356,-0.016673088
2022-05-13,MSFT,-0.0015822649,0.019185901,8.5473061e-05
2022-05-13,NKE,0.010212779,0.017097473,0.0045529604
2022-05-13,VZ,0.0025128126,0.0045989752,0.002589941
2022-05-13,WMT,-0.0029527545,0.0047118664,-0.0047624707
2022-05-16,AAPL,0.017597437,0.024095654,-0.040654898
2022-05-16,AMGN,0.0038963556,0.017544746,-0.0081032515
2022-05-16,CRM,-0.042824209,-0.020298183,-0.010068655
2022-05-16,CSCO,-0.023250461,0.022005677,-0.021914423
2022-05-16,IBM,0.0091165304,0.018322229,-0.011293828
2022-05-16,INTC,-0.0019831657,0.0061511993,0.00025427341
2022-05-16,MSFT,-0.0015462041,0.0089753866,-0.0013138652
2022-05-16,NKE,0.021844745,-0.0059922338,-0.01370275
2022-05-16,VZ,-0.011285543,0.0096293688,-0.0021057725
2022-05-16,WMT,0.0044512749,0.018789053,-0.02256757
2022-05-17,AAPL,-0.018954337,0.0035485029,-0.024473488
2022-05-17,AMGN,-0.020868361,-0.0042856336,0.0047830343
2022-05-17,CRM,-0.034882784,-0.00075787306,0.0023884773
2022-05-17,CSCO,0.0029506683,0.010932446,-0.0188272
2022-05-17,IBM,-0.0081419349,0.016074061,-0.0060882568
2022-05-17,INTC,-0.027268529,0.0066081285,-0.021172464
2022-05-17,MSFT,-0.014219165,0.012377739,-0.011508822
2022-05-17,NKE,0.012967467,0.013685584,-0.0072627068
2022-05-17,VZ,0.0047677755,-0.0049130321,-0.017386973
2022-05-17,WMT,0.010658979,0.016277671,-0.0095335245
2022-05-18,AAPL,0.0090607405,0.0032954216,0.0013600588
2022-05-18,AMGN,0.0089796782,0.032764673,-0.0087011456
2022-05-18,CRM,-0.038811326,0.024763346,-0.039038122
2022-05-18,CSCO,-0.0080576539,-0.0090181828,-0.0049248338
2022-05-18,IBM,0.0076737404,0.01296401,6.9499016e-05
2022-05-18,INTC,-0.00013464689,5.9604645e-05,-0.0014662147
2022-05-18,MSFT,0.0078932047,0.0088945627,-0.022389531
2022-05-18,NKE,-0.0081187487,0.025776148,-0.009819746
2022-05-18,VZ,-0.01953882,0.0082614422,0.0044167042
2022-05-18,WMT,0.0031340122,0.013731718,-0.014099658
2022-05-19,AAPL,-0.011083663,0.0088419914,-0.032071471
2022-05-19,AMGN,0.019460797,0.037681937,-0.00044888258
2022-05-19,CRM,-0.0099074244,0.01168561,-0.0056887269
2022-05-19,CSCO,0.0090909004,0.0053427219,-0.020325661
2022-05-19,IBM,-0.018272698,-0.0084189177,-0.0048502088
2022-05-19,INTC,-0.0025565028,0.027729869,0.00022387505
2022-05-19,MSFT,0.0021871328,-0.005977571,-0.013816714
2022-05-19,NKE,-0.0084474087,0.00154984,-0.0064890385
2022-05-19,VZ,0.00047004223,-0.00041258335,-0.0097663999
2022-05-19,WMT,-0.030254602,-0.0057626963,-0.0167557
2022-05-20,AAPL,0.00054621696,0.0083053112,-0.0054200888
2022-05-20,AMGN,0.018806458,0.011765361,-0.0055291057
2022-05-20,CRM,-0.0079505444,0.024876356,-0.047480941
2022-05-20,CSCO,-0.022255182,0.0040444136,-0.018036604
2022-05-20,IBM,-0.018672824,-0.0032007694,0.0022399426
2022-05-20,INTC,-0.013169765,0.013093591,-0.0092192888
2022-05-20,MSFT,-0.0014128685,0.0058237314,-0.010027289
2022-05-20,NKE,-0.0096173882,0.012685895,-0.012784719
2022-05-20,VZ,0.0035383701,0.018447518,-0.0085737109
2022-05-20,WMT,-0.011731625,0.00461936,-0.010347426
2022-05-23,AAPL,-0.017897964,0.014991641,-0.013651371
2022-05-23,AMGN,0.017696023,0.022331238,-0.023839176
2022-05-23,CRM,-0.04397887,0.011471391,-0.021766365
2022-05-23,CSCO,0.016034484,0.0052001476,-0.019721389
2022-05-23,IBM,0.0066614151,0.025820851,0.0056308508
2022-05-23,INTC,0.023218632,0.019675612,0.0097936392
2022-05-23,MSFT,-0.018304825,0.012383461,-0.0050184727
2022-05-23,NKE,-0.020531893,0.018114448,-0.0012706518
2022-05-23,VZ,-0.0062358379,0.016209483,0.009726882
2022-05-23,WMT,0.009737134,0.01934433,-0.0082551241
2022-05-24,AAPL,0.001524806,0.013942003,-0.014190555
2022-05-24,AMGN,-0.00085365772,0.012566686,-0.01196152
2022-05-24,CRM,-0.0051422715,0.041654587,-0.016279936
2022-05-24,CSCO,-0.017141819,-0.010868132,-0.0060712695
2022-05-24,IBM,-0.0099499226,0.010260701,-0.010325134
2022-05-24,INTC,-0.0062029362,0.0099599361,-0.01079911
2022-05-24,MSFT,0.0088200569,0.013290405,-0.0067210197
2022-05-24,NKE,-0.029146075,0.013751626,0.0026265383
2022-05-24,VZ,-0.0069316626,0.0089765787,-0.014947414
2022-05-24,WMT,-0.018050373,0.0087696314,0.0043442249
2022-05-25,AAPL,-0.025336146,0.0049222708,-0.01165086
2022-05-25,AMGN,-0.006526649,0.015091062,-0.0098953843
2022-05-25,CRM,-0.018518746,0.032750964,-0.0035761595
2022-05-25,CSCO,-0.002086699,0.017349482,0.0012648106
2022-05-25,IBM,0.011460066,-0.0041300654,0.0017886162
2022-05-25,INTC,0.051233649,0.0084445477,-0.004095912
2022-05-25,MSFT,0.0051970482,0.021271706,-0.017735779
2022-05-25,NKE,0.008268714,0.028017402,-0.022337735
2022-05-25,VZ,0.012985945,0.014134169,0.0016258955
2022-05-25,WMT,0.0086970329,0.016377687,-0.0038250089
2022-05-26,AAPL,-0.01277107,0.013782382,-0.01420331
2022-05-26,AMGN,0.015399098,0.0099275112,0.00059747696
2022-05-26,CRM,-0.030992508,0.0065603256,-0.018756092
2022-05-26,CSCO,0.0051760674,0.024194956,-0.0050878525
2022-05-26,IBM,-0.022379696,0.0050140619,-0.022022784
2022-05-26,INTC,-0.00035983324,-0.0036278367,-0.011706948
2022-05-26,MSFT,-0.016928911,0.0072706938,-0.01392132
2022-05-26,NKE,-0.0032295585,0.0092631578,-0.043199182
2022-05-26,VZ,-0.017416775,0.00091290474,-0.016046584
2022-05-26,WMT,-0.018668056,0.010452628,0.0015958548
2022-05-27,AAPL,-0.016469598,0.0037966967,-0.011886597
2022-05-27,AMGN,-0.028700471,0.0078635216,-0.0079089999
2022-05-27,CRM,-0.012036622,0.028258443,-0.01670748
2022-05-27,CSCO,-0.016529739,0.015454888,-0.018118441
2022-05-27,IBM,0.0019922256,-0.0045828819,-0.0043097138
2022-05-27,INTC,-0.011159599,-0.0031250119,-0.0050702095
2022-05-27,MSFT,0.0065541267,0.0041898489,0.0020587444
2022-05-27,NKE,0.0015150309,0.017303586,0.0029995441
2022-05-27,VZ,-0.015950859,-0.0037531257,-0.0083126426
2022-05-27,WMT,0.0091720819,0.0098997355,-0.021873951
2022-05-31,AAPL,0.010519624,-0.0059124827,-0.014978409
2022-05-31,AMGN,-0.015355647,0.013696551,0.003251791
2022-05-31,CRM,-0.010424793,0.028335333,-0.023551106
2022-05-31,CSCO,-0.010219455,0.0086997747,-0.033625126
2022-05-31,IBM,0.010040283,0.0070958138,-0.019323587
2022-05-31,INTC,0.0034694672,0.0077468157,-0.0077952743
2022-05-31,MSFT,-0.01308316,0.015204072,-0.0042142272
2022-05-31,NKE,-0.020610392,0.011601448,-0.011796594
2022-05-31,VZ,-0.02885288,0.018201351,-0.018041492
2022-05-31,WMT,-0.0026800036,0.0099521875,-0.0012049079
2022-06-01,AAPL,-0.01017803,0.0062804222,-0.00053077936
2022-06-01,AMGN,-0.024491966,0.017284513,0.016806006
2022-06-01,CRM,-0.0070229173,0.032434583,0.0040745735
2022-06-01,CSCO,-0.027609587,-0.0055193305,-0.014072299
2022-06-01,IBM,-0.020646513,0.01944375,-0.010395527
2022-06-01,INTC,-0.011285305,0.00097453594,-0.0043620467
2022-06-01,MSFT,0.013387322,0.0040163994,-0.01332742
2022-06-01,NKE,0.0028003454,0.019030452,-0.0063082576
2022-06-01,VZ,-0.0084774494,0.0048261881,-0.0083911419
2022-06-01,WMT,-0.0036992431,0.01129806,-0.016444683
2022-06-02,AAPL,-0.0095703602,0.016043901,-0.0079132318
2022-06-02,AMGN,-0.030654073,0.026745439,0.0079804659
2022-06-02,CRM,-0.05529207,0.029784083,0.0022320747
2022-06-02,CSCO,-0.011243224,0.026424646,-0.012426853
2022-06-02,IBM,-0.0063200593,0.0069118738,-0.018789172
2022-06-02,INTC,-0.021191299,-0.0069127679,-0.030145884
2022-06-02,MSFT,0.025203228,0.0011690855,0.0009418726
2022-06-02,NKE,-0.024841189,0.0077136755,-0.0055662394
2022-06-02,VZ,-0.017882288,-0.00094199181,-0.026429057
2022-06-02,WMT,-0.0145877,-0.0018312335,-0.020096958
2022-06-03,AAPL,-0.024475992,0.0055016279,-0.016705096
2022-06-03,AMGN,-0.019650996,0.028245687,-0.01588732
2022-06-03,CRM,-0.046885252,0.018773675,-0.0080262423
2022-06-03,CSCO,-0.020001709,0.0090267658,-0.03128463
2022-06-03,IBM,-0.0077522993,0.011245131,-0.0061451197
2022-06-03,INTC,-0.018718123,0.0093480349,-0.019332945
2022-06-03,MSFT,-0.011658311,0.0095248222,-0.011437237
2022-06-03,NKE,0.031773806,0.01129055,-0.014405727
2022-06-03,VZ,-0.0011922717,-0.007856071,-0.0032894611
2022-06-03,WMT,0.00088775158,0.0098406076,-0.00015765429
2022-06-06,AAPL,0.0067865849,0.0054422617,-0.02869153
2022-06-06,AMGN,0.0059951544,0.013077736,-0.016335428
2022-06-06,CRM,-0.03366375,0.037460327,-0.02296102
2022-06-06,CSCO,-0.035476506,0.012396932,-0.0088116527
2022-06-06,IBM,0.0063899755,-0.0051409602,-0.021831751
2022-06-06,INTC,-0.010335386,0.00022149086,0.0068646669
2022-06-06,MSFT,-0.010854304,0.017658353,-0.0057203174
2022-06-06,NKE,-0.0095037818,0.024553537,-0.018541813
2022-06-06,VZ,0.001722455,0.0037281513,-0.00063300133
2022-06-06,WMT,0.010674477,-0.0028502941,-0.0056269169
2022-06-07,AAPL,-0.013253033,0.015555382,-0.014987946
2022-06-07,AMGN,0.0068743229,0.016263485,-0.015125871
2022-06-07,CRM,-0.012771726,0.050578356,-0.020699203
2022-06-07,CSCO,-0.012081683,-0.0019388199,-0.0042198896
2022-06-07,IBM,-0.0093987584,0.0004901886,-0.0015961528
2022-06-07,INTC,0.0091423988,0.036730886,-0.018997967
2022-06-07,MSFT,0.0067651272,0.016255498,-0.0030267239
2022-06-07,NKE,0.005310297,-0.0017586946,-0.019831479
2022-06-07,VZ,-0.0038194656,-0.0054296851,-0.014918268
2022-06-07,WMT,-0.031885982,0.0045167208,-0.0069299936
2022-06-08,AAPL,-0.0086112022,0.029515147,-0.03741914
2022-06-08,AMGN,-0.019763589,0.015236855,0.0024477243
2022-06-08,CRM,0.017812729,0.024286985,-0.033703685
2022-06-08,CSCO,-0.020436049,0.01270175,-0.0090535879
2022-06-08,IBM,-0.0012313724,0.021680474,0.0042334795
2022-06-08,INTC,0.017751098,0.013800621,-0.012736201
2022-06-08,MSFT,-0.0089838505,0.0048673153,-0.023801804
2022-06-08,NKE,-0.0025345683,0.026281714,0.010242343
2022-06-08,VZ,0.011470556,0.0074712038,-0.013117075
2022-06-08,WMT,-0.021750927,-0.0014535785,-0.0055915117
2022-06-09,AAPL,0.043295145,0.024747133,-0.027570784
2022-06-09,AMGN,-0.040543258,0.020758152,-0.0070801973
2022-06-09,CRM,0.010810256,0.011198759,-0.02388674
2022-06-09,CSCO,-0.021394849,-0.01041466,-0.019051731
2022-06-09,IBM,-0.0075727105,0.015334964,0.0068949461
2022-06-09,INTC,-0.028562129,0.016988039,-0.010296583
2022-06-09,MSFT,0.0073311329,0.039039493,-0.022426724
2022-06-09,NKE,-0.012408495,0.014479518,-0.0099547505
2022-06-09,VZ,-0.0088934302,0.0051869154,-0.005271554
2022-06-09,WMT,-0.0021759272,0.0071656704,-0.0071058273
2022-06-10,AAPL,0.011058331,0.019539952,-0.016275227
2022-06-10,AMGN,-0.0086399913,0.013182998,-0.0088768601
2022-06-10,CRM,-0.011272848,0.033695459,-0.010442555
2022-06-10,CSCO,-0.0099129677,0.0032118559,-0.017901599
2022-06-10,IBM,0.017342091,0.032977581,-0.032017887
2022-06-10,INTC,-0.010638773,0.006231904,-0.017156899
2022-06-10,MSFT,-0.021814406,0.0011143684,-0.016168296
2022-06-10,NKE,-0.0016607046,0.020222664,0.0047392845
2022-06-10,VZ,-0.0058308244,0.011950016,-0.0092674494
2022-06-10,WMT,-0.0063333511,-0.0025639534,-0.013559401
2022-06-13,AAPL,-0.013959885,-0.004114747,-0.023283303
2022-06-13,AMGN,-0.01349318,0.0098993778,-0.0029141307
2022-06-13,CRM,-0.015140653,0.014902711,-0.01853019
2022-06-13,CSCO,-0.0053710341,0.0043836832,-0.0062861443
2022-06-13,IBM,-0.0049968362,0.01834321,-0.014103055
2022-06-13,INTC,-0.063503265,0.030196667,-0.010647357
2022-06-13,MSFT,0.039575696,0.011597872,-0.018791676
2022-06-13,NKE,-0.010699987,0.00245893,-0.01851666
2022-06-13,VZ,-0.0053042173,0.0070971251,0.014306307
2022-06-13,WMT,0.024517894,0.015001655,-0.0075214505
2022-06-14,AAPL,0.0053452253,0.013664842,-0.00096482038
2022-06-14,AMGN,0.00016307831,0.02920258,0.0095455647
2022-06-14,CRM,0.021936417,0.019291282,-0.024035454
2022-06-14,CSCO,0.025230527,0.00043535233,-0.011326849
2022-06-14,IBM,0.0077087879,0.002415061,-0.011399925
2022-06-14,INTC,-0.014111161,0.016064525,-0.013461173
2022-06-14,MSFT,-0.016561985,0.0044814348,-0.019122303
2022-06-14,NKE,-0.013929248,0.019736409,-0.0054377317
2022-06-14,VZ,-0.0006069541,0.0036929846,-0.0093953609
2022-06-14,WMT,0.010102987,0.0087478161,0.0014126301
2022-06-15,AAPL,0.013786077,0.021119714,-0.047301412
2022-06-15,AMGN,0.0048971176,0.00074136257,-0.0016744733
2022-06-15,CRM,0.0026152134,0.02981627,-0.013395727
2022-06-15,CSCO,0.00943923,0.012800455,0.012351274
2022-06-15,IBM,0.03158319,0.014950156,-0.018008053
2022-06-15,INTC,0.036664248,0.016477466,-0.017027378
2022-06-15,MSFT,0.0017758608,0.026738286,-0.020990968
2022-06-15,NKE,-0.014324963,0.013077378,-0.012555897
2022-06-15,VZ,-0.019201458,0.0064504147,-0.012829781
2022-06-15,WMT,-0.0052110553,0.007950902,-0.0058040023
2022-06-16,AAPL,0.015096426,0.020716786,-0.001726985
2022-06-16,AMGN,-0.023156583,0.0003964901,0.011088729
2022-06-16,CRM,-0.019879043,0.01552999,-0.039146602
2022-06-16,CSCO,-0.026396871,0.014150023,-0.0056948066
2022-06-16,IBM,-0.0023999214,0.014400482,-0.015396595
2022-06-16,INTC,0.020322204,0.030395269,-0.020893455
2022-06-16,MSFT,0.010042429,0.028294921,-0.035640538
2022-06-16,NKE,0.0021984577,0.012727976,-0.0068398118
2022-06-16,VZ,-0.016617298,0.014437199,-0.01303184
2022-06-16,WMT,-0.01737231,0.011483669,-0.012581527
2022-06-17,AAPL,-0.012157083,0.0083750486,-0.023770869
2022-06-17,AMGN,-0.052317142,0.01505661,-0.0014256239
2022-06-17,CRM,-0.013808966,0.024387121,-0.035129309
2022-06-17,CSCO,0.0097620487,-0.0015874505,-0.0018746257
2022-06-17,IBM,-0.0034886599,0.0077804327,0.0021090508
2022-06-17,INTC,0.036970258,-0.0066409111,-0.012117684
2022-06-17,MSFT,-0.0038881898,0.023776531,-0.013010502
2022-06-17,NKE,-0.064748943,0.0085887909,-0.013736606
2022-06-17,VZ,-0.027047873,-0.0061520934,-0.016284585
2022-06-17,WMT,-0.010821939,-0.0032817721,-0.021124542
2022-06-21,AAPL,-0.010443449,0.020159602,-0.0085785985
2022-06-21,AMGN,0.016314268,0.014653921,-0.0081131458
2022-06-21,CRM,-0.011684656,0.021261811,-0.030165911
2022-06-21,CSCO,-0.0025345683,0.025740623,-0.025233865
2022-06-21,IBM,-0.029607713,0.019251704,-0.021880329
2022-06-21,INTC,0.026949883,0.00047802925,-0.0015873313
2022-06-21,MSFT,-0.016095996,0.017315626,-0.021901488
2022-06-21,NKE,-0.024992347,0.017924666,-0.011229992
2022-06-21,VZ,0.0092329979,0.012764812,-0.016474366
2022-06-21,WMT,-0.0039790273,0.0090036392,-0.012706757
2022-06-22,AAPL,0.013095021,0.026955485,-0.0062859654
2022-06-22,AMGN,0.01983428,0.0012110472,-0.015291631
2022-06-22,CRM,-0.025856853,0.022709846,-0.012417495
2022-06-22,CSCO,0.0096991062,-0.0010601878,-0.0020676255
2022-06-22,IBM,-0.010570586,-0.012155592,0.00035476685
2022-06-22,INTC,-0.026922643,0.0085548162,0.0071550608
2022-06-22,MSFT,-0.027409971,0.015099525,0.0019309521
2022-06-22,NKE,-0.011070371,0.011393785,-0.037566006
2022-06-22,VZ,-0.013560414,0.01089561,-0.018566787
2022-06-22,WMT,0.01079464,0.0079195499,-0.00024425983
2022-06-23,AAPL,-0.0085119605,0.013792396,-0.017431259
2022-06-23,AMGN,-0.032054007,-0.017926514,-0.014864385
2022-06-23,CRM,0.026993632,0.037283063,-0.026206076
2022-06-23,CSCO,-0.036449432,0.020637393,-0.0046810508
2022-06-23,IBM,-0.017881751,0.019253016,-0.011986315
2022-06-23,INTC,0.0058284998,0.0062195063,-0.00031679869
2022-06-23,MSFT,0.017966747,0.005892396,-0.0060926676
2022-06-23,NKE,-0.022229016,-0.0056698918,-0.0011325479
2022-06-23,VZ,-0.013111353,-0.0035978556,-0.011314571
2022-06-23,WMT,-0.0068249702,0.012383819,-0.0076696277
2022-06-24,AAPL,-0.038397908,0.027326941,0.0021568537
2022-06-24,AMGN,0.010204911,0.036574006,-0.017251074
2022-06-24,CRM,0.011302114,-0.0025578141,-0.041426957
2022-06-24,CSCO,-0.029138625,0.023431778,-0.014038742
2022-06-24,IBM,-0.016247451,0.0082739592,-0.019661605
2022-06-24,INTC,-0.0024223328,0.020029426,0.0048331022
2022-06-24,MSFT,0.0056515932,0.011112094,-0.030035734
2022-06-24,NKE,-0.021490932,0.030594468,-0.008626461
2022-06-24,VZ,0.00079405308,0.0071657896,-0.031970739
2022-06-24,WMT,-0.016600966,0.019242525,0.0029394627
2022-06-27,AAPL,-0.020972311,0.021772146,-0.024886787
2022-06-27,AMGN,-0.018232882,0.032060146,-0.012277663
2022-06-27,CRM,-0.023916841,0.012772918,-0.038803458
2022-06-27,CSCO,-0.0011647344,0.013836384,-0.015515625
2022-06-27,IBM,0.0080424547,0.012606621,0.0041307211
2022-06-27,INTC,-0.030880213,0.014724612,-0.033878326
2022-06-27,MSFT,0.0020253658,-0.0048993826,0.0019216537
2022-06-27,NKE,-0.0012283921,0.011045933,-0.023475468
2022-06-27,VZ,-0.020435631,0.016791821,-0.021647453
2022-06-27,WMT,0.01228714,0.0020375252,-0.0058255792
2022-06-28,AAPL,0.0011184216,0.012878299,-0.009304285
2022-06-28,AMGN,-0.034322143,0.021502614,-0.0098950863
2022-06-28,CRM,0.007566452,-0.010073185,0.0050290823
2022-06-28,CSCO,-0.011044621,0.004712224,-0.015081823
2022-06-28,IBM,-0.030497551,-0.0042840242,-0.018424273
2022-06-28,INTC,-0.0093817711,-0.0037711263,0.0015991926
2022-06-28,MSFT,-0.022073507,0.0098546743,-0.0079891682
2022-06-28,NKE,-0.0021963716,0.023922563,-0.015385032
2022-06-28,VZ,0.010931849,0.0068558455,-0.0090367198
2022-06-28,WMT,0.011177182,0.0020925999,-0.0050629973
2022-06-29,AAPL,0.0082240105,0.010114074,-0.021817088
2022-06-29,AMGN,-0.018171489,0.00016903877,-0.01031518
2022-06-29,CRM,0.0015281439,0.012837768,-0.035434663
2022-06-29,CSCO,-0.0094850063,0.0078581572,-0.0088776946
2022-06-29,IBM,0.0039989948,0.0093773603,-0.0092972517
2022-06-29,INTC,0.0063259602,0.024502158,-0.026313365
2022-06-29,MSFT,-0.0042798519,0.011824131,-0.024834335
2022-06-29,NKE,-0.011449516,0.0095288754,-0.026726604
2022-06-29,VZ,0.011411071,0.0013428926,-0.0094701052
2022-06-29,WMT,-0.0083215833,0.0049357414,0.0024294853
2022-06-30,AAPL,-0.023837388,0.0085754395,-0.014012873
2022-06-30,AMGN,0.00062322617,0.020191193,-0.018027484
2022-06-30,CRM,-0.033374012,0.027168989,-0.03450191
2022-06-30,CSCO,0.013551235,0.010450125,-0.0055319071
2022-06-30,IBM,-0.012992263,0.010881305,-0.0025610328
2022-06-30,INTC,0.0026131868,0.012575507,-0.016112626
2022-06-30,MSFT,0.0083338022,0.005710125,-0.019298911
2022-06-30,NKE,0.013247371,0.012598753,-0.0072429776
2022-06-30,VZ,-0.033110261,-0.001778543,-0.029251039
2022-06-30,WMT,0.0082541704,0.0041048527,-0.0077587366
2022-07-01,AAPL,-0.0010317564,0.0034408569,-0.014455497
2022-07-01,AMGN,0.027263641,0.019899368,-0.0031149983
2022-07-01,CRM,0.012096405,0.035713315,-0.0074406266
2022-07-01,CSCO,-0.024266005,0.024065971,-0.015360296
2022-07-01,IBM,0.0038963556,0.0078061819,-0.015371442
2022-07-01,INTC,0.010302305,0.0074167252,0.0018838644
2022-07-01,MSFT,-0.016406059,0.019293427,-0.001226604
2022-07-01,NKE,-0.03327328,0.026025414,-0.0070340633
2022-07-01,VZ,0.0058842897,0.0079562664,0.0040117502
2022-07-01,WMT,-0.0089782476,0.01107049,-0.017911971
2022-07-05,AAPL,0.018088102,-0.0066679716,-0.020729959
2022-07-05,AMGN,-0.030217826,0.028873682,-0.010769844
2022-07-05,CRM,-0.032504201,0.013849974,0.0087243319
2022-07-05,CSCO,-0.018486321,0.0051504374,-0.00834167
2022-07-05,IBM,-0.011019647,0.0066816807,-0.013917685
2022-07-05,INTC,-0.0022699237,0.028119445,-0.01213342
2022-07-05,MSFT,0.0031262636,0.019980192,-0.01606977
2022-07-05,NKE,-0.033988178,0.016558528,-0.0048269033
2022-07-05,VZ,-0.028716505,0.018994331,0.0038392544
2022-07-05,WMT,0.0028591156,0.0048232079,0.0064451694
2022-07-06,AAPL,-0.0044879913,0.021120787,-0.018437564
2022-07-06,AMGN,-0.047832251,0.030095816,-0.0040803552
2022-07-06,CRM,0.0053716898,0.034424663,0.0036822557
2022-07-06,CSCO,-0.01744312,0.0090085268,-0.031031072
2022-07-06,IBM,-0.0053368211,-0.0019809604,-0.0081255436
2022-07-06,INTC,0.017635465,0.0057091713,-0.012913048
2022-07-06,MSFT,-0.00025701523,-0.0036688447,-0.02564317
2022-07-06,NKE,-0.03947556,0.0029865503,-0.0024056435
2022-07-06,VZ,0.005145669,0.0016467571,-0.013740122
2022-07-06,WMT,0.011589885,0.0082114935,-0.024678588
2022-07-07,AAPL,0.026259184,0.017002106,-0.015480697
2022-07-07,AMGN,-0.0024212599,0.017711639,-0.0073329806
2022-07-07,CRM,0.013326526,0.027920246,-0.021937966
2022-07-07,CSCO,-0.012929142,0.024264097,-0.024221838
2022-07-07,IBM,0.00082468987,0.01161921,-0.0084489584
2022-07-07,INTC,-0.0044004917,0.011376739,-0.023109972
2022-07-07,MSFT,-0.012301147,0.023515463,-0.0014461875
2022-07-07,NKE,0.053531647,0.030119777,0.0083910227
2022-07-07,VZ,-0.00022089481,0.019388437,-4.9293041e-05
2022-07-07,WMT,0.0056365728,0.00047242641,-0.016854346
2022-07-08,AAPL,-0.023031533,0.0096142292,-0.008934021
2022-07-08,AMGN,0.018098235,0.016570926,-0.0050905347
2022-07-08,CRM,-0.009370029,0.018341899,0.026070714
2022-07-08,CSCO,0.013717413,0.016100049,-0.0041353106
2022-07-08,IBM,-0.0089457035,0.010829329,-0.030212402
2022-07-08,INTC,0.00029158592,0.015485644,-0.010647774
2022-07-08,MSFT,0.021479726,0.0063707829,-0.022591412
2022-07-08,NKE,-0.022216678,0.016968608,-0.00064063072
2022-07-08,VZ,-0.021320581,0.0078777075,0.0010631084
2022-07-08,WMT,0.022397518,0.00090944767,-0.006313324
2022-07-11,AAPL,0.0076549053,0.0058704615,-0.031076849
2022-07-11,AMGN,-0.0052758455,0.0015306473,-0.013092101
2022-07-11,CRM,0.011116266,0.011011839,0.00070345402
2022-07-11,CSCO,0.018111587,0.012810469,-0.012713969
2022-07-11,IBM,-0.0019469261,0.021400571,-0.0039746761
2022-07-11,INTC,0.008268714,0.013937712,-0.0034393072
2022-07-11,MSFT,-0.01329118,0.01289916,-0.022311687
2022-07-11,NKE,0.011598706,0.038311362,-0.011783361
2022-07-11,VZ,0.023101687,0.013415813,-0.0026418567
2022-07-11,WMT,-0.0034320951,0.006550312,0.00010728836
2022-07-12,AAPL,-0.017630935,0.018108726,-0.010997415
2022-07-12,AMGN,-0.027755737,0.025333881,-0.025087714
2022-07-12,CRM,-0.010461271,0.031113505,-0.037608206
2022-07-12,CSCO,0.0045425892,0.021796703,-0.006426096
2022-07-12,IBM,0.0044476986,0.0130229,-0.0083594918
2022-07-12,INTC,-0.011607766,-0.0032271147,-0.0084744096
2022-07-12,MSFT,-0.011044502,0.034941912,-0.013309062
2022-07-12,NKE,-0.041768014,0.026573658,-0.013644814
2022-07-12,VZ,0.0020142794,0.0075541735,-0.014888227
2022-07-12,WMT,-0.014979362,0.015863419,-0.0043830872
2022-07-13,AAPL,-0.0026943088,-0.0019797087,-0.0088074803
2022-07-13,AMGN,-0.006945014,0.016559601,-0.0051975846
2022-07-13,CRM,-0.018413723,0.018566608,-0.049656451
2022-07-13,CSCO,0.0065959692,0.013667703,0.010467291
2022-07-13,IBM,-0.020621419,-2.682209e-05,-0.0097360015
2022-07-13,INTC,-0.018716455,0.030538082,-0.016332507
2022-07-13,MSFT,0.012348652,0.0082161427,-0.023987591
2022-07-13,NKE,0.0048832893,0.0051101446,-0.011790574
2022-07-13,VZ,-0.027139187,0.0034444332,-0.0068722367
2022-07-13,WMT,0.0061277151,0.0041137934,-0.018027306
2022-07-14,AAPL,0.019888163,0.0084915161,0.034639001
2022-07-14,AMGN,-0.021664679,0.020999551,-0.014806747
2022-07-14,CRM,0.01884234,0.0091668367,-0.027684689
2022-07-14,CSCO,-0.017655253,0.018134236,-0.0048376322
2022-07-14,IBM,0.0070469379,0.0050883293,-0.010997295
2022-07-14,INTC,-0.021789193,-0.0083212852,-0.010740995
2022-07-14,MSFT,0.02822566,0.016463518,0.0016442537
2022-07-14,NKE,-0.040457666,0.012905002,-0.017895877
2022-07-14,VZ,-0.010794342,0.034979224,-0.0099025369
2022-07-14,WMT,-0.02330333,0.0084890127,-0.019245863
2022-07-15,AAPL,-0.011949658,0.0069458485,-0.014103293
2022-07-15,AMGN,-0.0038061142,0.012577295,0.0051649809
2022-07-15,CRM,0.022832751,0.031241179,-0.014655888
2022-07-15,CSCO,-0.026477337,0.018992782,-0.009256959
2022-07-15,IBM,0.0060236454,0.0070049763,-0.0020774603
2022-07-15,INTC,-0.0020596981,0.012001157,0.0065848827
2022-07-15,MSFT,0.014472604,0.0032738447,-0.0083552003
2022-07-15,NKE,-0.01357311,0.012303591,-0.03061986
2022-07-15,VZ,-0.021383643,0.018707156,-0.018930376
2022-07-15,WMT,-0.018851817,0.0080304146,-0.019124329
2022-07-18,AAPL,-0.0015648007,-0.019941449,-0.0086314082
2022-07-18,AMGN,-0.014039516,0.011410594,-0.012894392
2022-07-18,CRM,-0.015275002,0.019186735,-0.011732757
2022-07-18,CSCO,-0.016378462,0.010830045,0.0029571056
2022-07-18,IBM,0.0011367798,0.0073266029,-0.0010088682
2022-07-18,INTC,0.009904623,0.03075695,-0.010952592
2022-07-18,MSFT,-0.015639842,0.025691509,0.0078231096
2022-07-18,NKE,-0.015451133,0.02199626,-0.011864185
2022-07-18,VZ,-0.0094066262,0.0043231249,0.0088524818
2022-07-18,WMT,-0.017967701,0.014919519,-0.022639036
2022-07-19,AAPL,0.023034811,0.030754566,-0.0037792325
2022-07-19,AMGN,-0.021381199,0.020145178,-0.024638474
2022-07-19,CRM,-0.020592153,0.05468905,-0.0060422421
2022-07-19,CSCO,-0.020320833,0.026748061,-0.0066500306
2022-07-19,IBM,0.0085119009,0.019383073,-0.0026834607
2022-07-19,INTC,0.012258053,0.012036681,-0.019116759
2022-07-19,MSFT,0.0064243078,0.01013875,-0.01404047
2022-07-19,NKE,-0.015649796,0.015790462,-0.01025492
2022-07-19,VZ,0.0028632879,0.0014818907,0.0071069002
2022-07-19,WMT,-0.0089622736,0.0057108402,-0.0053964853
2022-07-20,AAPL,-0.03385663,-0.0058809519,-0.01046145
2022-07-20,AMGN,-0.010114014,0.002368927,-0.013112247
2022-07-20,CRM,-0.030116439,0.043289661,-0.010037899
2022-07-20,CSCO,0.026420712,0.023472667,-0.016310334
2022-07-20,IBM,-0.012719274,0.0092923641,0.012330532
2022-07-20,INTC,-0.02439642,-0.0055518746,-0.0057806969
2022-07-20,MSFT,-0.0072793365,0.011165619,-0.0012353063
2022-07-20,NKE,-0.022946358,0.017073393,-0.0029636025
2022-07-20,VZ,-0.011731029,0.0062940121,-0.0068154931
2022-07-20,WMT,0.0031274557,-0.00039929152,0.0047123432
2022-07-21,AAPL,0.0079449415,0.010872126,3.2544136e-05
2022-07-21,AMGN,-0.018778503,0.029125452,-0.015726507
2022-07-21,CRM,-0.056757271,0.016196728,-0.0022094846
2022-07-21,CSCO,-0.021256506,0.021414399,-0.019266188
2022-07-21,IBM,0.023228765,0.013552189,0.00015497208
2022-07-21,INTC,-0.0072216392,0.013605118,-0.015711963
2022-07-21,MSFT,0.022036552,0.016502261,-0.0062171221
2022-07-21,NKE,-0.00037336349,0.021523356,-0.021796882
2022-07-21,VZ,0.010183215,0.012715101,-0.008274734
2022-07-21,WMT,0.0052782297,0.00087857246,-0.0045180917
2022-07-22,AAPL,-0.013951659,0.0003811121,-0.012846947
2022-07-22,AMGN,-0.0043671727,0.027148128,-0.0057232976
2022-07-22,CRM,-0.079746664,0.016983867,-0.0040824413
2022-07-22,CSCO,-0.0052714348,0.0090192556,-0.0078814626
2022-07-22,IBM,-0.01619494,0.0064799786,-0.006510675
2022-07-22,INTC,-0.0129987,-0.0048026443,-0.010525644
2022-07-22,MSFT,0.026518345,0.01748991,-0.00066757202
2022-07-22,NKE,0.0059384108,0.027048945,-0.018043458
2022-07-22,VZ,-0.0073146224,0.012362242,-0.0054918528
2022-07-22,WMT,0.014819622,-0.0038522482,-0.0026727319
2022-07-25,AAPL,-0.010778964,0.012180209,-0.0049851537
2022-07-25,AMGN,0.012231827,0.0079883337,-0.00736624
2022-07-25,CRM,-0.059256017,0.0074832439,-0.030719519
2022-07-25,CSCO,-0.017231464,-0.0026593208,-0.0019990206
2022-07-25,IBM,0.015106916,0.014908791,7.6889992e-05
2022-07-25,INTC,-0.0067975521,0.00022304058,-0.0043563247
2022-07-25,MSFT,0.010821939,0.013284445,-0.017180383
2022-07-25,NKE,-0.01316613,0.00094544888,-0.0053592324
2022-07-25,VZ,0.0029162169,0.012557507,-0.0070028305
2022-07-25,WMT,0.011991262,0.00260818,-0.021494746
2022-07-26,AAPL,0.011045814,0.013426542,-0.027217627
2022-07-26,AMGN,-0.0094085336,0.013236284,-0.029823363
2022-07-26,CRM,-0.036982298,0.020637989,-0.015438318
2022-07-26,CSCO,0.014785409,0.023540616,-0.023807049
2022-07-26,IBM,-0.013334811,0.014370799,-0.0099335909
2022-07-26,INTC,-0.023033381,0.016993403,-0.016000509
2022-07-26,MSFT,-0.020549893,-0.0027118921,0.0038002729
2022-07-26,NKE,0.0047867298,0.0093845129,0.013111949
2022-07-26,VZ,-0.0077539086,0.0065990686,-0.0041327477
2022-07-26,WMT,0.01374495,0.0018137693,-0.011224091
2022-07-27,AAPL,0.0464679,0.02097559,-0.0046194196
2022-07-27,AMGN,0.037814379,0.015532136,-0.0026575327
2022-07-27,CRM,-0.023698747,0.0034244061,-0.02038312
2022-07-27,CSCO,0.0083729029,-0.0018243194,-0.025767386
2022-07-27,IBM,-0.0077289939,0.0055577755,-0.016822278
2022-07-27,INTC,-0.028982878,0.001265049,-0.0081293583
2022-07-27,MSFT,-0.019004405,0.016788363,-0.0045589209
2022-07-27,NKE,-0.032969654,0.007846117,-0.03143239
2022-07-27,VZ,-0.013231218,0.028312087,-0.0037443042
2022-07-27,WMT,-0.027657926,0.0016822815,0.0127213
2022-07-28,AAPL,0.010723352,0.0097829103,-0.040942907
2022-07-28,AMGN,-0.020264447,0.0095505714,-0.011611283
2022-07-28,CRM,0.005376935,0.01354897,0.0026820898
2022-07-28,CSCO,-0.017531693,0.017474294,-0.021637082
2022-07-28,IBM,-0.012439489,-0.010285079,-0.019062221
2022-07-28,INTC,-0.015869915,0.02577436,-0.014386952
2022-07-28,MSFT,-0.028369069,-0.0019716024,0.02174294
2022-07-28,NKE,-0.00153023,0.032297134,-0.020227134
2022-07-28,VZ,-0.014180422,0.028538346,-0.0201056
2022-07-28,WMT,-0.00011825562,0.0037368536,-0.0047441721
2022-07-29,AAPL,-0.031099677,0.016287446,-0.0048369765
2022-07-29,AMGN,-0.011802435,0.0018177032,-0.0058503151
2022-07-29,CRM,0.00042784214,0.010914922,-0.021071494
2022-07-29,CSCO,-0.013060391,0.011769891,0.022866964
2022-07-29,IBM,-0.024083376,0.014251709,-0.00246346
2022-07-29,INTC,0.0040886402,0.021304607,-0.012553036
2022-07-29,MSFT,-0.022067249,0.019143105,-0.0081235766
2022-07-29,NKE,0.012328386,0.002676487,-0.022991776
2022-07-29,VZ,-0.011732936,0.018759727,-0.024534523
2022-07-29,WMT,-0.004283011,0.0021015406,-0.0067255497
2022-08-01,AAPL,0.031146526,0.029327512,-0.010706782
2022-08-01,AMGN,-0.0096644759,0.020675778,0.0049505234
2022-08-01,CRM,-0.049845219,0.030861616,-0.032764435
2022-08-01,CSCO,0.0096338987,0.012191296,-0.0076291561
2022-08-01,IBM,0.001119256,0.014914989,-0.021894455
2022-08-01,INTC,-0.024358928,0.013007879,-0.03907758
2022-08-01,MSFT,0.0034505129,0.0052155256,-0.0084347129
2022-08-01,NKE,-0.011745453,0.016748428,-0.0095711946
2022-08-01,VZ,-0.0054751039,0.014489293,-0.016917765
2022-08-01,WMT,0.0088797808,0.015406728,-0.028796315
2022-08-02,AAPL,-0.0063676834,0.028824806,-0.017678082
2022-08-02,AMGN,-0.0020111799,0.027276993,-0.0151335
2022-08-02,CRM,-0.019170642,0.02095437,-0.019517004
2022-08-02,CSCO,-0.026440024,0.0021668673,-0.016047359
2022-08-02,IBM,-0.031417727,0.012118459,-0.0082828403
2022-08-02,INTC,-0.023196459,0.0034250021,-0.012368023
2022-08-02,MSFT,-0.014588296,0.0073822737,-0.0019586682
2022-08-02,NKE,0.013346195,0.0097944736,-0.0057893991
2022-08-02,VZ,0.0046445131,0.015895486,0.00332129
2022-08-02,WMT,-0.01986891,-0.007171452,-0.01894182
2022-08-03,AAPL,-0.022138298,0.0032731295,0.0050699711
2022-08-03,AMGN,0.0062576532,0.012086153,-0.0098471045
2022-08-03,CRM,0.037496209,0.044596672,0.00086259842
2022-08-03,CSCO,-0.024017692,0.030919671,-0.0096052885
2022-08-03,IBM,-0.016892791,0.011028647,-0.014620781
2022-08-03,INTC,0.017261624,-0.00053226948,-0.0046576858
2022-08-03,MSFT,-0.022765934,0.012110949,-0.020563364
2022-08-03,NKE,-1.3768673e-05,0.020910263,-0.019409537
2022-08-03,VZ,0.0012546778,0.013360023,0.0093406439
2022-08-03,WMT,0.0039176941,0.0027893782,0.0033026934
2022-08-04,AAPL,-0.0065965056,0.023814797,0.0031119585
2022-08-04,AMGN,-0.024462342,0.010846376,0.0010387897
2022-08-04,CRM,-0.028521597,0.005163908,-0.024550676
2022-08-04,CSCO,0.010012388,0.025914431,0.00020027161
2022-08-04,IBM,0.015749216,-0.00019389391,-0.029115438
2022-08-04,INTC,0.001396656,0.012611032,-0.010309458
2022-08-04,MSFT,-0.0033877492,0.017790198,-0.0035113096
2022-08-04,NKE,0.014977217,0.0043810606,-0.021898985
2022-08-04,VZ,-0.013409734,0.017171144,-0.01188153
2022-08-04,WMT,-0.016261578,0.0016337633,-0.019868672
2022-08-05,AAPL,-0.0022224188,0.019886732,-0.0075582862
2022-08-05,AMGN,-0.014499068,0.018757224,-0.0073329806
2022-08-05,CRM,-0.012659132,0.030011535,-0.019041419
2022-08-05,CSCO,0.00037717819,0.017677188,-0.0041699409
2022-08-05,IBM,0.015083909,0.0086007118,-0.0060808063
2022-08-05,INTC,0.0054358244,0.012878418,-0.031193912
2022-08-05,MSFT,0.020459056,-0.0095639229,-0.016517043
2022-08-05,NKE,-0.011057377,0.0096844435,-0.010758579
2022-08-05,VZ,-0.010672748,0.015116334,0.005947113
2022-08-05,WMT,0.00029397011,0.010859251,0.00024414062
2022-08-08,AAPL,0.024626851,0.0063045025,-0.012986064
2022-08-08,AMGN,-4.8577785e-05,-0.0076719522,-0.013361812
2022-08-08,CRM,0.0032408237,0.035484076,-0.028427005
2022-08-08,CSCO,-0.0013079643,-0.0083267093,-0.0066896081
2022-08-08,IBM,0.002900362,-0.00017166138,-0.0085747242
2022-08-08,INTC,-0.014555573,0.0076111555,-0.020655751
2022-08-08,MSFT,-0.0067028403,0.017059088,-0.0027576685
2022-08-08,NKE,0.019159317,-0.010516167,-0.0044796467
2022-08-08,VZ,-0.021304727,0.01711762,-0.0064268708
2022-08-08,WMT,0.018795609,0.00056409836,-0.011730611
2022-08-09,AAPL,0.036316276,-0.0019488931,-0.012574911
2022-08-09,AMGN,-0.024774492,0.0084199905,-0.0048267841
2022-08-09,CRM,-0.035164297,0.027498722,-0.01507026
2022-08-09,CSCO,0.026114583,0.0034582615,-0.0014515519
2022-08-09,IBM,0.0079404116,0.0092109442,-0.014557719
2022-08-09,INTC,0.0041049719,0.013799667,-0.015997827
2022-08-09,MSFT,0.019271612,0.010565758,-0.0062292814
2022-08-09,NKE,-0.017261326,0.0090452433,-0.0189538
2022-08-09,VZ,0.008595705,0.0060846806,-0.01420033
2022-08-09,WMT,0.0022559166,0.019648433,-0.0098419785
2022-08-10,AAPL,-0.020555794,0.0096333027,0.003857851
2022-08-10,AMGN,0.0049669743,0.021642685,0.0014183521
2022-08-10,CRM,-0.016433418,0.0067763329,-0.03702563
2022-08-10,CSCO,0.0070213079,0.026883245,-0.028277397
2022-08-10,IBM,-0.050487399,0.011050224,0.0025168657
2022-08-10,INTC,0.0298599,0.0060967207,0.00051248074
2022-08-10,MSFT,0.024244785,0.033759117,-0.0081627965
2022-08-10,NKE,0.0076698065,0.009398818,-0.023133099
2022-08-10,VZ,0.0020284653,-0.0023143291,-0.0027619004
2022-08-10,WMT,-0.0071126819,0.014802933,-0.012102604
2022-08-11,AAPL,0.035006046,0.0020838976,-0.022309124
2022-08-11,AMGN,-0.026829362,0.034736991,-0.017007232
2022-08-11,CRM,-0.014030039,0.033892512,-0.017883301
2022-08-11,CSCO,0.0039721727,-0.0022363663,-0.012351871
2022-08-11,IBM,0.0095016956,0.0075412989,-0.0037901402
2022-08-11,INTC,-0.03984797,0.0021930933,-0.025011361
2022-08-11,MSFT,-0.0042039752,-0.0063134432,-0.0082269907
2022-08-11,NKE,0.022438169,-0.011162102,-0.0036542416
2022-08-11,VZ,-0.02082473,0.0049452782,-0.0076932311
2022-08-11,WMT,0.017710209,0.0058470964,-0.017184556
2022-08-12,AAPL,-0.012212038,-0.00082236528,-0.0075851679
2022-08-12,AMGN,-0.0058447719,0.018071532,-0.036981523
2022-08-12,CRM,-0.039372921,0.020283461,-0.0029035807
2022-08-12,CSCO,-0.001693666,0.013956904,-0.014964998
2022-08-12,IBM,0.0044825077,0.017603159,0.0074392557
2022-08-12,INTC,-0.0055298805,0.01225853,-0.037073612
2022-08-12,MSFT,0.018885374,0.0044906139,0.0073114634
2022-08-12,NKE,0.021734715,0.017792821,0.0021404028
2022-08-12,VZ,-0.013098717,-0.0025237203,-0.015913963
2022-08-12,WMT,-0.0052126646,-0.0047340989,0.0059363842
2022-08-15,AAPL,-0.0029274821,0.0061484575,-0.012909412
2022-08-15,AMGN,-0.011410832,0.028805017,-0.023830235
2022-08-15,CRM,0.042218089,-0.0046629906,-0.020178676
2022-08-15,CSCO,0.0092202425,0.021822333,0.011052251
2022-08-15,IBM,-0.013299167,0.0098664761,-0.0073190331
2022-08-15,INTC,0.022326112,0.0023741722,-0.019402683
2022-08-15,MSFT,-0.021228909,0.0083041191,-0.017395914
2022-08-15,NKE,-0.018190682,0.0010626316,-0.015949011
2022-08-15,VZ,-0.014014244,0.0046105385,0.011059284
2022-08-15,WMT,0.015722036,0.0027457476,-0.011991262
2022-08-16,AAPL,0.00041639805,0.0061780214,-0.0036169887
2022-08-16,AMGN,0.00035464764,0.0098724365,-0.01383853
2022-08-16,CRM,0.010486603,0.043889523,-0.0051100254
2022-08-16,CSCO,0.0078965425,0.0012798309,-0.013453543
2022-08-16,IBM,0.021858335,0.0097317696,0.00040602684
2022-08-16,INTC,-0.0018636584,0.0023585558,-0.013105571
2022-08-16,MSFT,-0.00069695711,0.00059843063,-0.015028417
2022-08-16,NKE,-0.013101399,0.019407511,-0.0086772442
2022-08-16,VZ,0.00024664402,0.00071644783,-0.0075579882
2022-08-16,WMT,0.0056657791,0.0073720217,-0.011207223
2022-08-17,AAPL,0.014308572,0.04897964,-0.011332154
2022-08-17,AMGN,-0.00048112869,0.021152616,-0.037050247
2022-08-17,CRM,0.0075368881,0.031327128,-0.011356473
2022-08-17,CSCO,-0.0085953474,0.02236259,-0.014107883
2022-08-17,IBM,-0.010291159,-0.0081192255,-0.001263082
2022-08-17,INTC,-0.0063151121,0.011144161,-0.0034819841
2022-08-17,MSFT,0.015596986,0.015850425,-0.0017760396
2022-08-17,NKE,0.0010149479,0.016061902,-0.017012358
2022-08-17,VZ,-0.018557966,0.012792468,0.0069874525
2022-08-17,WMT,-0.0067619681,0.01277101,-0.0090740919
2022-08-18,AAPL,0.0051344633,0.0061700344,-0.011852324
2022-08-18,AMGN,0.0082939863,0.015696406,-0.00098013878
2022-08-18,CRM,-0.0063371062,0.015946269,-0.015158832
2022-08-18,CSCO,0.0054802895,0.0054091215,-0.021068871
2022-08-18,IBM,-0.021306992,0.0087493658,-0.015673757
2022-08-18,INTC,0.005114913,0.021782517,-0.01042825
2022-08-18,MSFT,-0.031626403,0.036773086,-0.020842016
2022-08-18,NKE,-0.02589637,-0.0011906028,-0.019851446
2022-08-18,VZ,-0.0017612576,0.017854691,-0.011624455
2022-08-18,WMT,0.00087857246,0.014228225,-0.010900259
2022-08-19,AAPL,0.015433669,0.00111413,-0.013262808
2022-08-19,AMGN,-0.0079620481,0.010761976,-0.020335019
2022-08-19,CRM,0.013100266,0.024551153,-0.020174205
2022-08-19,CSCO,-0.015455186,0.014243126,-0.0093979836
2022-08-19,IBM,-0.0036103129,0.021598816,-0.0078994632
2022-08-19,INTC,-0.0072225928,0.015379429,-0.025004625
2022-08-19,MSFT,-0.0071092248,0.013005614,-0.017426908
2022-08-19,NKE,0.0041511059,0.0027382374,-0.0052387118
2022-08-19,VZ,-0.0020641685,0.0086779594,-0.0075173974
2022-08-19,WMT,0.014523745,0.01818192,0.00023937225
2022-08-22,AAPL,-0.036329865,0.018146515,-0.029091179
2022-08-22,AMGN,0.0097522736,0.014543414,0.0023804903
2022-08-22,CRM,0.031366825,-0.0044986606,-0.024999142
2022-08-22,CSCO,0.0078582764,-0.0015625954,-0.0051293373
2022-08-22,IBM,-0.018021882,0.013387322,-0.01960963
2022-08-22,INTC,0.0086433887,0.008477807,-0.016788304
2022-08-22,MSFT,-0.015876889,0.011075616,-0.015824616
2022-08-22,NKE,-0.020357728,0.030779839,-0.0078887343
2022-08-22,VZ,0.011491537,0.023922563,-0.03060627
2022-08-22,WMT,-0.0103181,0.0066924095,-0.0082487464
2022-08-23,AAPL,-0.017338037,0.01406014,-0.029804945
2022-08-23,AMGN,-0.017010331,0.010997176,0.0015290976
2022-08-23,CRM,-0.029699385,0.029919744,-0.0044592023
2022-08-23,CSCO,-0.0061089396,-0.005820632,-0.0013027787
2022-08-23,IBM,-0.0148682,0.01515913,-0.0080808401
2022-08-23,INTC,-0.0025847554,0.0087018013,5.4836273e-06
2022-08-23,MSFT,0.025058508,0.00067520142,-0.012060881
2022-08-23,NKE,-0.0031687021,0.015130281,-0.00047761202
2022-08-23,VZ,-6.7532063e-05,0.0063735247,-0.0023914576
2022-08-23,WMT,-0.011233985,0.012063384,-0.0071325898
2022-08-24,AAPL,0.014051795,-0.0024288893,0.0030916929
2022-08-24,AMGN,-0.018925369,0.040239453,-0.0027768016
2022-08-24,CRM,-0.0040099025,0.028814673,-0.0033229589
2022-08-24,CSCO,-0.00011909008,0.014276266,-0.0045100451
2022-08-24,IBM,0.0039037466,0.007502079,-0.022053778
2022-08-24,INTC,0.020952225,0.013495326,-0.014962554
2022-08-24,MSFT,-0.013310075,0.015183926,-0.028502941
2022-08-24,NKE,-0.012472689,0.014481187,0.0023727417
2022-08-24,VZ,-0.0082874894,0.012503743,-0.018161356
2022-08-24,WMT,-0.027579963,0.012354016,-0.0051095486
2022-08-25,AAPL,-0.029177606,0.0080957413,-0.011630118
2022-08-25,AMGN,0.0048995018,0.015982032,-0.007843256
2022-08-25,CRM,0.0053093433,0.022460103,-0.039159358
2022-08-25,CSCO,0.020145655,0.0047062635,-0.0086952448
2022-08-25,IBM,-0.027303874,0.010688543,-0.020204246
2022-08-25,INTC,-0.03612262,0.028942227,-0.027873337
2022-08-25,MSFT,0.011497855,0.0064280033,0.0018025637
2022-08-25,NKE,-0.04701066,0.0029804707,0.0020365715
2022-08-25,VZ,-0.009093523,0.0057581663,-0.016541362
2022-08-25,WMT,-0.0098295808,0.0027495623,-0.0086042881
2022-08-26,AAPL,-0.0048855543,0.04178369,0.0090659857
2022-08-26,AMGN,-0.01853621,0.022503018,-0.017245531
2022-08-26,CRM,-0.044290841,0.031471729,-0.024734676
2022-08-26,CSCO,-0.018539071,-0.0055269003,-0.005813539
2022-08-26,IBM,-0.015616119,0.0079752207,-0.0023592114
2022-08-26,INTC,-5.9485435e-05,0.0078508854,-0.03382498
2022-08-26,MSFT,-0.0045852065,0.006067872,-0.014061809
2022-08-26,NKE,0.012649655,0.024108052,-0.018468261
2022-08-26,VZ,-0.0052835345,0.018795013,-0.016585171
2022-08-26,WMT,0.0026825666,-0.0020518899,-0.013701916
2022-08-29,AAPL,0.010691643,0.030800462,-0.038999677
2022-08-29,AMGN,-0.00027149916,0.018657804,-0.02589494
2022-08-29,CRM,0.015626192,0.0063812733,-0.035004616
2022-08-29,CSCO,-0.018571436,0.0019088984,-0.020117223
2022-08-29,IBM,-0.027177632,0.00013267994,-0.018682659
2022-08-29,INTC,0.025323391,0.0049808025,-0.022891521
2022-08-29,MSFT,0.0083520412,-0.00016266108,0.0037616491
2022-08-29,NKE,-0.027275324,0.013638854,-0.00096160173
2022-08-29,VZ,-0.012903392,0.016469836,-0.0089933872
2022-08-29,WMT,0.027887702,0.0071835518,-0.0090480447
2022-08-30,AAPL,-0.013121963,0.0033224821,-0.028491974
2022-08-30,AMGN,-0.00065749884,0.020812273,-0.0071009398
2022-08-30,CRM,0.021239042,0.018214226,-0.0084129572
2022-08-30,CSCO,-0.014403701,-0.00015085936,-0.023243368
2022-08-30,IBM,0.01244092,0.0008866787,-0.019634664
2022-08-30,INTC,-0.0076518059,0.020403624,-0.0072983503
2022-08-30,MSFT,-0.0020640492,0.010989308,-0.0070838332
2022-08-30,NKE,-0.043475151,0.027234912,-0.0082591772
2022-08-30,VZ,-0.0026120543,-0.0079100728,-0.024309516
2022-08-30,WMT,-0.012893975,0.0057917833,-0.0040184259
2022-08-31,AAPL,-0.061861694,0.020787597,-0.021080315
2022-08-31,AMGN,-0.021011055,0.019453406,-0.017386436
2022-08-31,CRM,0.012025118,0.01020956,-0.029588878
2022-08-31,CSCO,-0.0093463659,0.001278162,-0.023805797
2022-08-31,IBM,0.011318088,0.0028495789,-0.01860255
2022-08-31,INTC,-0.015345454,0.014962316,-0.026090622
2022-08-31,MSFT,-0.020584047,0.010213614,-0.015435755
2022-08-31,NKE,-0.0023285747,0.0086427927,-0.017737031
2022-08-31,VZ,-0.017631829,0.0035513639,-0.00030589104
2022-08-31,WMT,0.012142777,0.0018912554,-0.019581199
2022-09-01,AAPL,-0.001773417,0.016559362,-8.2850456e-06
2022-09-01,AMGN,0.0060838461,0.0019236803,-0.011629939
2022-09-01,CRM,-0.058493733,-0.0063168406,0.0072300434
2022-09-01,CSCO,-0.022592664,0.0098832846,-0.017287552
2022-09-01,IBM,-0.013096809,0.020189643,-0.0028530955
2022-09-01,INTC,-0.0074514747,0.0092920065,0.010764599
2022-09-01,MSFT,0.0039646626,-0.0020357966,-0.0061016083
2022-09-01,NKE,-0.026723444,-0.00062412024,-0.0016931891
2022-09-01,VZ,-0.0012179613,0.0046340227,-0.0065583587
2022-09-01,WMT,-0.0050348639,0.0048730373,-0.0088006854
2022-09-02,AAPL,0.036595821,0.0096979141,-0.029295564
2022-09-02,AMGN,0.008482933,0.022750735,-0.0088157654
2022-09-02,CRM,-0.003092885,0.016386747,-0.010376036
2022-09-02,CSCO,-0.014434159,0.0037506819,-0.021143198
2022-09-02,IBM,-0.0037770271,0.00083220005,-0.0055993795
2022-09-02,INTC,0.013055444,0.018865108,-0.0082471371
2022-09-02,MSFT,-0.016854167,0.011644244,-0.0043473244
2022-09-02,NKE,0.0032492876,0.017189503,-0.018498361
2022-09-02,VZ,-0.019878507,0.017772317,-0.0040476918
2022-09-02,WMT,-0.012135923,-0.0012353659,0.0081865788
2022-09-06,AAPL,0.010051131,0.012252688,-0.018711209
2022-09-06,AMGN,0.0037344694,0.023427725,-0.023932159
2022-09-06,CRM,-0.013453782,0.025261521,0.0017341375
2022-09-06,CSCO,0.016075253,0.00082874298,-0.00058799982
2022-09-06,IBM,0.0045843124,0.0037642717,-0.0053757429
2022-09-06,INTC,-0.014232159,0.0063439608,0.0050896406
2022-09-06,MSFT,0.0063197613,-0.0034444928,-0.021483421
2022-09-06,NKE,0.01897788,0.032116055,-0.00069791079
2022-09-06,VZ,-0.0013643503,0.012890816,-0.0070304275
2022-09-06,WMT,0.0027782917,0.001568079,-0.0055280924
2022-09-07,AAPL,-0.011022806,0.01415503,0.00017344952
2022-09-07,AMGN,-0.020729959,0.028305531,-0.020649433
2022-09-07,CRM,-0.024858356,0.022113681,-0.042405903
2022-09-07,CSCO,-0.019210696,0.0058617592,0.0007609129
2022-09-07,IBM,-0.010148942,0.014363408,-0.0044411421
2022-09-07,INTC,-0.033320546,0.0049089193,-0.0092737675
2022-09-07,MSFT,-0.0038943291,0.011516571,-0.014594436
2022-09-07,NKE,-0.00014990568,0.023410678,-0.027157187
2022-09-07,VZ,-0.011994183,0.015708327,-0.0079984665
2022-09-07,WMT,0.01402247,-0.0054679513,-0.016278088
2022-09-08,AAPL,0.004342556,0.017776132,-0.021122932
2022-09-08,AMGN,-0.0025072694,0.015479326,-0.012546837
2022-09-08,CRM,0.001127243,0.036937833,-0.0085833073
2022-09-08,CSCO,0.012670636,-0.0063768625,0.0067762136
2022-09-08,IBM,-0.025384486,-0.0031440258,-0.0034447908
2022-09-08,INTC,0.019010901,-0.0063837171,-0.021588683
2022-09-08,MSFT,0.0038158894,0.0095304251,-0.0091717839
2022-09-08,NKE,-0.016540825,0.0060141087,0.007481575
2022-09-08,VZ,-0.00281775,0.024359822,0.0030281544
2022-09-08,WMT,-0.0077514648,0.0067635775,-0.012772381
2022-09-09,AAPL,0.014540315,0.025092006,-0.0020567775
2022-09-09,AMGN,-0.026830554,0.029749155,-0.0056874752
2022-09-09,CRM,-0.042343557,0.035262465,-0.02966392
2022-09-09,CSCO,-0.0060824156,0.017893553,0.0090138912
2022-09-09,IBM,-0.0090022087,0.0097053051,-0.018391252
2022-09-09,INTC,0.017608285,0.016895533,-0.011244595
2022-09-09,MSFT,-0.027853906,-0.0040021539,-0.0064348578
2022-09-09,NKE,-0.0065408945,0.019361854,-0.022750378
2022-09-09,VZ,-0.0042318106,0.010986924,-0.0051056147
2022-09-09,WMT,-0.004529357,0.017704368,-0.017814577
2022-09-12,AAPL,-0.011115849,0.037181497,-0.012870371
2022-09-12,AMGN,-0.025198221,0.03263092,-0.018389106
2022-09-12,CRM,-0.00062304735,-0.0013903379,-0.030647993
2022-09-12,CSCO,0.00074827671,0.0072052479,-0.0081084967
2022-09-12,IBM,-0.008059442,0.016318083,-0.010331869
2022-09-12,INTC,-0.021353841,0.012022734,-0.0060538054
2022-09-12,MSFT,-0.0085132718,-0.0045350194,-0.012452602
2022-09-12,NKE,-0.032513082,0.000644207,-0.015055716
2022-09-12,VZ,-0.020098984,0.0099030733,-0.0079052448
2022-09-12,WMT,0.00029599667,0.0091034174,-0.0083963871
2022-09-13,AAPL,0.0044537783,-0.0033211708,-0.016144693
2022-09-13,AMGN,-0.018954456,0.004157424,-0.016631901
2022-09-13,CRM,-0.021963835,0.025674939,0.0060884953
2022-09-13,CSCO,0.010217786,0.0019196272,-0.0083017349
2022-09-13,IBM,-0.017180681,0.0099357367,-0.0097122192
2022-09-13,INTC,0.003888607,0.016386867,-0.020297766
2022-09-13,MSFT,0.016524315,0.011291385,-0.027956486
2022-09-13,NKE,-0.029733717,0.0070649385,-0.018736243
2022-09-13,VZ,-0.016271412,0.0078926086,-0.0057224631
2022-09-13,WMT,0.0014072657,-0.0033230186,-0.0054936409
2022-09-14,AAPL,-0.017583787,0.022965074,-0.0047979951
2022-09-14,AMGN,-0.0054467916,0.018710494,-0.0042304993
2022-09-14,CRM,-0.0029062033,0.02760601,-0.019343376
2022-09-14,CSCO,0.0071314573,0.01998806,-0.0062496662
2022-09-14,IBM,-0.0069600344,0.0079152584,-0.006665647
2022-09-14,INTC,-0.069220185,-0.0087085366,-0.0020354986
2022-09-14,MSFT,-0.0017834306,0.0098676682,-0.0022397637
2022-09-14,NKE,-0.008752346,0.00034034252,-0.0080063939
2022-09-14,VZ,-0.0059594512,0.0036433935,-0.016935587
2022-09-14,WMT,0.023054481,0.0051627159,-0.0089917183
2022-09-15,AAPL,0.010313034,0.0093778372,-0.0090964437
2022-09-15,AMGN,-0.0034857988,0.020158648,-0.010169446
2022-09-15,CRM,-0.041456938,-0.0098219514,-0.030092895
2022-09-15,CSCO,-0.022331595,-0.0012484193,-0.015165985
2022-09-15,IBM,-0.0092010498,-0.0068596005,-0.0094285011
2022-09-15,INTC,-0.015712619,0.006765604,0.0022397041
2022-09-15,MSFT,-0.020690322,0.0090404749,-0.0064777732
2022-09-15,NKE,-0.007255435,0.019176126,-0.01321584
2022-09-15,VZ,-0.029328942,0.011489868,0.0015265942
2022-09-15,WMT,0.014375567,0.0031986237,-0.0063508749
2022-09-16,AAPL,-0.012254715,0.012211323,-0.031760514
2022-09-16,AMGN,-0.0078487396,0.0071947575,-0.0021393895
2022-09-16,CRM,0.0055474043,0.036821127,-0.0085634589
2022-09-16,CSCO,-0.016928434,0.017876267,-0.0066736341
2022-09-16,IBM,-0.0062485933,0.01124084,-0.009308517
2022-09-16,INTC,0.024211287,0.029436469,0.0057114363
2022-09-16,MSFT,-0.0080378652,0.0078097582,-0.019474685
2022-09-16,NKE,-0.015269697,0.030089378,-0.010272086
2022-09-16,VZ,0.0062907934,0.023790956,-0.0072764158
2022-09-16,WMT,0.01949656,0.0047391653,-0.015419722
2022-09-19,AAPL,0.01307404,0.024748802,0.0066436529
2022-09-19,AMGN,-0.0021404624,0.025471449,-0.010921299
2022-09-19,CRM,-0.045502305,-0.0018670559,-0.026154876
2022-09-19,CSCO,-0.004684031,0.018373728,-0.0099281073
2022-09-19,IBM,-0.0080620646,0.011221647,-0.026979685
2022-09-19,INTC,0.016649365,0.0071792603,-0.0044281483
2022-09-19,MSFT,5.0067902e-06,0.010453343,0.010007739
2022-09-19,NKE,0.0041707754,0.016434193,-0.025823534
2022-09-19,VZ,-0.0087375045,-0.0069298148,-0.0049379468
2022-09-19,WMT,-0.012587786,0.0020256042,-0.006357491
2022-09-20,AAPL,-0.018440485,0.010335207,-0.023665726
2022-09-20,AMGN,0.02992022,0.027501702,-0.0072977543
2022-09-20,CRM,-0.033861101,0.032501698,-0.0014438033
2022-09-20,CSCO,0.0030014515,0.0034219027,-0.019806802
2022-09-20,IBM,0.0041456223,0.0092644691,-0.021713495
2022-09-20,INTC,-0.004255116,-0.0067275763,-0.012393653
2022-09-20,MSFT,-0.014976263,0.015348315,-0.012796819
2022-09-20,NKE,-0.0064989924,0.019247293,-0.011801124
2022-09-20,VZ,-0.014242709,0.010480285,-0.017366886
2022-09-20,WMT,-0.020245314,-0.0042382479,-0.00093662739
2022-09-21,AAPL,-0.002279222,0.021273851,0.01761353
2022-09-21,AMGN,-0.01775527,0.011159658,-0.01473707
2022-09-21,CRM,-0.0026926994,0.0061899424,-0.031691432
2022-09-21,CSCO,-0.022033632,0.010339618,-0.0056532621
2022-09-21,IBM,-0.017240465,0.0066453218,-0.0042168498
2022-09-21,INTC,-0.033441007,0.0087894201,-0.028176904
2022-09-21,MSFT,0.0083869696,0.023657322,-0.0083693862
2022-09-21,NKE,-0.023540974,-0.0089506507,-0.012971699
2022-09-21,VZ,-0.0018342733,0.010593772,0.0056291819
2022-09-21,WMT,0.014113069,-0.0014603734,-0.011724353
2022-09-22,AAPL,-0.0093150735,0.0088911057,-0.017516851
2022-09-22,AMGN,-0.0028710365,0.0043914318,-0.011437595
2022-09-22,CRM,-0.040551901,0.03577745,-0.015482843
2022-09-22,CSCO,0.031644225,0.0081604719,-0.01288718
2022-09-22,IBM,-7.5757504e-05,0.0081768036,-0.010430992
2022-09-22,INTC,-0.0013017654,-0.0044209361,-0.023113847
2022-09-22,MSFT,-0.0026156306,0.010042191,-0.00015330315
2022-09-22,NKE,0.0032727718,0.014848948,0.00289464
2022-09-22,VZ,-0.0055932999,0.00052011013,0.0076614618
2022-09-22,WMT,0.0030903816,0.011090517,-0.013392568
2022-09-23,AAPL,0.016085148,0.0046236515,-0.0021877885
2022-09-23,AMGN,-0.012793601,0.012147546,0.0017504692
2022-09-23,CRM,-0.0091202259,0.012025714,-0.0026145577
2022-09-23,CSCO,0.0072625875,0.0015454292,-0.0050603747
2022-09-23,IBM,-0.01378727,0.017088294,-0.012985647
2022-09-23,INTC,-0.002251029,0.016114712,-0.026688397
2022-09-23,MSFT,0.0065912008,0.0002245903,-0.0088673234
2022-09-23,NKE,-0.015792668,0.026377797,-0.01944232
2022-09-23,VZ,-0.013191104,0.025776982,-0.0062455535
2022-09-23,WMT,0.0096138716,0.0091961622,-0.012919247
2022-09-26,AAPL,-0.035989523,-0.011803746,0.00033116341
2022-09-26,AMGN,0.027995467,0.0015617609,0.0077123642
2022-09-26,CRM,0.0038648844,-0.004868865,-0.010376215
2022-09-26,CSCO,0.0065045357,0.021236897,-0.012480259
2022-09-26,IBM,-0.00094157457,0.016230941,-0.0031894445
2022-09-26,INTC,0.00013780594,0.006278038,-9.6559525e-05
2022-09-26,MSFT,-0.012147665,0.012378216,-0.027396142
2022-09-26,NKE,-0.031166852,0.01132071,0.0041797161
2022-09-26,VZ,-0.029676855,0.0091481209,-0.020860255
2022-09-26,WMT,-0.0024123192,-0.0070843101,-0.0025913715
2022-09-27,AAPL,-0.0021417141,0.011999249,-0.021436095
2022-09-27,AMGN,-0.0017226338,0.012756228,2.682209e-05
2022-09-27,CRM,-0.016842186,0.014284372,0.0023955107
2022-09-27,CSCO,-0.047268867,0.0092202425,-0.016163409
2022-09-27,IBM,0.0096994638,0.022449613,-0.0050649047
2022-09-27,INTC,0.0041484833,0.008046627,-0.016136229
2022-09-27,MSFT,0.023903847,0.014975548,-0.0070503354
2022-09-27,NKE,0.02112186,0.003397584,-0.00093495846
2022-09-27,VZ,-0.025357127,0.01188755,-0.0097828507
2022-09-27,WMT,-0.0098932385,0.012741685,-0.0084288716
2022-09-28,AAPL,-0.015991688,0.0081777573,-0.019336879
2022-09-28,AMGN,-0.020595253,0.017322779,-0.011452556
2022-09-28,CRM,0.026783705,0.024863005,-0.027337193
2022-09-28,CSCO,-0.012187064,-0.020251453,-0.0073100924
2022-09-28,IBM,-0.0096103549,0.0082111359,-0.0010635257
2022-09-28,INTC,-0.017451763,0.017621756,-0.010604501
2022-09-28,MSFT,-0.027383864,0.018049359,-0.02155441
2022-09-28,NKE,-0.0021938086,0.0045148134,0.011484623
2022-09-28,VZ,0.023497581,0.0091663599,0.00099492073
2022-09-28,WMT,0.020512223,0.013872743,-0.0096352696
2022-09-29,AAPL,-0.0098164082,0.0050936937,-0.010993063
2022-09-29,AMGN,0.014825583,0.012436867,-0.010628462
2022-09-29,CRM,0.036449432,0.0038750172,-0.015554488
2022-09-29,CSCO,0.038327694,0.012055278,-0.017774403
2022-09-29,IBM,-0.021015108,0.0048296452,-0.016258895
2022-09-29,INTC,-0.039988279,-0.00095313787,-0.0098942518
2022-09-29,MSFT,-0.0088371634,0.0086966753,0.0095219612
2022-09-29,NKE,0.0070215464,0.0075104237,-0.0061146021
2022-09-29,VZ,0.0022027493,0.013898253,-0.027302682
2022-09-29,WMT,-0.013405979,0.011201024,-0.0049111247
2022-09-30,AAPL,-0.0080599189,0.035007954,-0.013722539
2022-09-30,AMGN,-0.0043343306,0.013754129,0.00061810017
2022-09-30,CRM,0.026340842,0.029316425,-0.017369986
2022-09-30,CSCO,-0.0088251233,0.0071976185,-0.017318428
2022-09-30,IBM,0.0024152994,0.022637725,-0.00029504299
2022-09-30,INTC,0.0099569559,0.022773862,-0.01153028
2022-09-30,MSFT,-0.0081738234,0.023769855,-0.015695453
2022-09-30,NKE,0.022628784,-0.0047743917,-0.0035274625
2022-09-30,VZ,-0.016824067,0.0054810047,-0.0085257292
2022-09-30,WMT,-0.0027113557,0.013578892,-0.017491162
2022-10-03,AAPL,0.0039836168,0.0046969652,0.0098205805
2022-10-03,AMGN,-0.0037475824,0.015396118,0.008287549
2022-10-03,CRM,0.011389971,-0.011270583,-0.010503769
2022-10-03,CSCO,-0.008046031,0.0071759224,-0.0074837208
2022-10-03,IBM,-0.013283134,0.012120724,-0.013737559
2022-10-03,INTC,-0.028710186,0.0054693222,0.0035963058
2022-10-03,MSFT,-0.024043977,0.016832948,-0.020662606
2022-10-03,NKE,-0.0029886365,0.0096771717,-0.0063498616
2022-10-03,VZ,0.0058562756,0.010883927,-0.014683545
2022-10-03,WMT,0.0060011148,0.0097438097,-0.004293561
2022-10-04,AAPL,0.00056970119,0.0063391924,-0.0068458319
2022-10-04,AMGN,0.0065534115,0.019257307,-0.019834518
2022-10-04,CRM,-0.0461604,0.0062153339,0.0079399347
2022-10-04,CSCO,-0.010717988,-0.017741561,0.0087227821
2022-10-04,IBM,0.001069665,0.014175057,0.0079035759
2022-10-04,INTC,0.018784761,0.02084434,-0.006968677
2022-10-04,MSFT,0.014426708,0.024226069,-0.0038731694
2022-10-04,NKE,-0.0015239716,0.02197063,0.010219336
2022-10-04,VZ,-0.0066615939,0.013421893,-0.011867404
2022-10-04,WMT,-0.0063170195,0.014609933,-0.0011432767
2022-10-05,AAPL,-0.018307447,0.026967883,-0.022025645
2022-10-05,AMGN,-0.014592826,0.021353722,-0.015053332
2022-10-05,CRM,0.018930435,0.029016137,-0.038763762
2022-10-05,CSCO,0.00020539761,0.014466286,-0.02641362
2022-10-05,IBM,-0.00025731325,0.00085568428,-0.017043114
2022-10-05,INTC,-0.02894628,-0.0036711693,-0.010216773
2022-10-05,MSFT,0.017811656,-0.0036095977,-0.0072369576
2022-10-05,NKE,-0.027145505,-0.0011389852,-0.0087661743
2022-10-05,VZ,-0.011525989,0.018750548,-0.0038787723
2022-10-05,WMT,-0.020462334,-0.00088506937,-0.0087634921
2022-10-06,AAPL,0.022234917,-0.003251195,-0.020679533
2022-10-06,AMGN,-0.0061158538,0.026620626,-0.020352423
2022-10-06,CRM,0.0032900572,0.0048282146,-0.024971664
2022-10-06,CSCO,-0.024196565,0.014278054,-0.0070575476
2022-10-06,IBM,-0.023608506,-0.0016685128,-0.010888219
2022-10-06,INTC,0.032467604,0.0058242083,-0.0038126111
2022-10-06,MSFT,0.021235704,0.017320275,-0.011999488
2022-10-06,NKE,-0.022556484,0.023353577,-0.017762184
2022-10-06,VZ,0.025708437,0.025513053,0.0092735291
2022-10-06,WMT,0.0044206381,0.015648842,-0.021259129
2022-10-07,AAPL,0.010090709,-0.019404173,-0.0077827573
2022-10-07,AMGN,-0.031057477,0.0095789433,-0.015884876
2022-10-07,CRM,0.013968587,0.014264941,-0.011996388
2022-10-07,CSCO,-0.00060153008,0.00041282177,-0.008744061
2022-10-07,IBM,-0.036938667,0.013572097,-0.0099301338
2022-10-07,INTC,-0.02620095,0.0028681755,-0.0084257126
2022-10-07,MSFT,0.01011169,0.015677929,-0.0099038482
2022-10-07,NKE,-0.029682338,0.015382171,0.0048823357
2022-10-07,VZ,-0.026187122,1.6093254e-05,0.0016070604
2022-10-07,WMT,-0.018375874,0.0019956827,-0.01583159
2022-10-10,AAPL,0.013161421,0.033102751,-0.0076671839
2022-10-10,AMGN,-0.0070953369,-0.0054066777,-0.04039979
2022-10-10,CRM,0.0068110228,0.016258359,-0.0030119419
2022-10-10,CSCO,-0.033241153,0.015075445,0.0035279989
2022-10-10,IBM,-0.00349617,-0.0050073862,-0.0059984922
2022-10-10,INTC,-0.014914513,0.013807535,-0.011839449
2022-10-10,MSFT,-0.0056206584,0.00048863888,-0.0074493885
2022-10-10,NKE,-0.0013895035,0.019434094,-0.015363991
2022-10-10,VZ,-0.019414604,0.010519862,-0.0043575764
2022-10-10,WMT,0.0059005022,0.020551562,0.00074255466
2022-10-11,AAPL,0.017334819,-0.0087861419,-0.010888338
2022-10-11,AMGN,-0.0074321628,0.03240931,-0.018180251
2022-10-11,CRM,-0.016848564,-0.004144609,-0.002402842
2022-10-11,CSCO,0.0065175295,0.01093781,-0.019969046
2022-10-11,IBM,-0.0017949939,0.012107253,0.010799885
2022-10-11,INTC,-0.010724783,0.0057307482,-0.017689705
2022-10-11,MSFT,-0.012282252,0.012900233,-0.014014661
2022-10-11,NKE,-0.0055171847,0.0035406351,-0.010531604
2022-10-11,VZ,-0.028450668,0.016930342,-0.018803656
2022-10-11,WMT,-0.0070074797,0.009229064,-0.015148044
2022-10-12,AAPL,0.015817165,0.013029337,-0.030289233
2022-10-12,AMGN,-0.03575027,0.018658519,-0.012133777
2022-10-12,CRM,-0.031401336,0.015050292,-0.0038084984
2022-10-12,CSCO,-0.014977217,0.019309163,-0.022686362
2022-10-12,IBM,0.0042221546,0.015678525,-0.01465553
2022-10-12,INTC,-0.0098617673,0.0092527866,0.033848643
2022-10-12,MSFT,0.0086066723,0.0060838461,-0.012161791
2022-10-12,NKE,0.03508687,0.01634419,-0.014138222
2022-10-12,VZ,-0.010402739,0.014280558,0.016718626
2022-10-12,WMT,-0.00083714724,0.010879636,-0.0072095394
2022-10-13,AAPL,0.0086334944,0.021261454,0.0051691532
2022-10-13,AMGN,-0.0047984719,0.025688291,-0.0036642551
2022-10-13,CRM,0.022502661,0.017469168,-0.01984036
2022-10-13,CSCO,-0.015620768,0.01018703,0.0023624897
2022-10-13,IBM,-0.016870439,0.022914767,-0.0042122006
2022-10-13,INTC,0.014799714,-0.0024307966,-0.020494521
2022-10-13,MSFT,0.0047444105,0.0048537254,-0.030944705
2022-10-13,NKE,-0.0022337437,0.010091782,-0.0015451312
2022-10-13,VZ,0.0010563135,0.01175952,0.00014722347
2022-10-13,WMT,-0.019140065,0.003827095,0.0033503771
2022-10-14,AAPL,-0.00016349554,0.023695946,-0.030378163
2022-10-14,AMGN,-0.03588289,0.022452593,-0.01470077
2022-10-14,CRM,0.0098524094,0.031679988,-0.0059569478
2022-10-14,CSCO,0.0035159588,0.01792264,-0.014182627
2022-10-14,IBM,-0.012026727,0.0030046701,-0.0048985481
2022-10-14,INTC,-0.0048466325,0.012240052,0.0060733557
2022-10-14,MSFT,0.028759837,0.013388753,-0.013170838
2022-10-14,NKE,-0.0042269826,-0.0082954168,-0.019037902
2022-10-14,VZ,0.021357536,0.0080239773,-0.016601086
2022-10-14,WMT,-0.0047113895,-0.00045114756,0.0010436773
2022-10-17,AAPL,-0.017624855,-0.0013059974,-0.012468219
2022-10-17,AMGN,-0.011389911,0.0089973211,0.0025579929
2022-10-17,CRM,-0.011381388,0.028187871,-0.028680205
2022-10-17,CSCO,0.01329267,-0.0050097108,-0.021404922
2022-10-17,IBM,0.014383197,0.0074995756,-0.0098398328
2022-10-17,INTC,-0.0078503489,0.022980571,-0.0084580183
2022-10-17,MSFT,-0.0088828206,0.013471484,-0.0087339878
2022-10-17,NKE,0.0028709173,0.018139005,-0.016129375
2022-10-17,VZ,-0.010464907,0.0099117756,-0.0082272291
2022-10-17,WMT,-5.1259995e-06,0.002368927,-0.0049422979
2022-10-18,AAPL,-0.04055649,0.024942279,-0.011535764
2022-10-18,AMGN,-0.0041583776,-0.013135731,-0.007646203
2022-10-18,CRM,-0.030095756,-0.019190311,-0.015262544
2022-10-18,CSCO,0.040910959,0.0032106638,-0.0043721199
2022-10-18,IBM,-0.014479399,0.017799616,-0.0077729821
2022-10-18,INTC,-0.037176311,0.0034985542,-0.0021868348
2022-10-18,MSFT,-0.016744196,0.014294624,-0.0046141744
2022-10-18,NKE,-0.0044270754,0.019839406,-0.0011200309
2022-10-18,VZ,0.0094537735,0.021219492,-0.0022890568
2022-10-18,WMT,-0.021673918,0.01566565,-0.0040388703
2022-10-19,AAPL,-0.00056886673,-0.014706016,-0.023108661
2022-10-19,AMGN,-0.017788649,0.034355283,-0.01273632
2022-10-19,CRM,-0.037409246,0.0070031881,-0.021843553
2022-10-19,CSCO,-0.048035383,0.0007032156,-0.017303348
2022-10-19,IBM,0.0082856417,0.018117905,0.0099323988
2022-10-19,INTC,-0.0037233233,0.012969971,-0.022182107
2022-10-19,MSFT,-0.0052915812,-0.0071829557,-0.013234794
2022-10-19,NKE,-0.020124972,0.01642251,-0.01441884
2022-10-19,VZ,0.01419735,0.019291162,0.0057649612
2022-10-19,WMT,-0.015890718,0.003438592,-0.008764863
2022-10-20,AAPL,0.0091094971,0.014183283,-0.0070864558
2022-10-20,AMGN,-0.012465179,0.021919608,-0.0039925575
2022-10-20,CRM,-0.03350842,0.016223431,0.01567173
2022-10-20,CSCO,0.00016546249,0.024853945,0.0027302504
2022-10-20,IBM,0.012044668,0.014041424,0.0024862289
2022-10-20,INTC,-0.00072640181,0.018707156,0.0097181797
2022-10-20,MSFT,-0.019663334,0.013522625,-0.01301688
2022-10-20,NKE,-0.010784328,-0.018300116,-0.01913023
2022-10-20,VZ,-0.014445603,0.0043619871,-0.012150168
2022-10-20,WMT,-0.01374191,0.00073969364,-0.018408537
2022-10-21,AAPL,0.018847823,0.03696382,-0.0023189187
2022-10-21,AMGN,-0.042183697,0.0230937,-0.0091592669
2022-10-21,CRM,0.0058268309,0.01698637,0.0021250248
2022-10-21,CSCO,0.00059628487,0.020546317,-0.0093524456
2022-10-21,IBM,0.013885736,0.01652503,-0.0044951439
2022-10-21,INTC,-0.0092737079,0.021683097,-0.0069022775
2022-10-21,MSFT,-0.026180744,0.019264221,-0.00084060431
2022-10-21,NKE,0.0088487864,0.01459229,-0.016113698
2022-10-21,VZ,0.01843226,0.0081341267,-0.020286262
2022-10-21,WMT,-0.0059555173,0.0026507378,-0.0024120808
2022-10-24,AAPL,-0.012189567,0.009573102,0.0068413019
2022-10-24,AMGN,-0.0048562884,0.005186677,-0.007717371
2022-10-24,CRM,-0.011339903,0.0040755272,0.0095510483
2022-10-24,CSCO,-0.022939026,0.01249218,-0.0044880509
2022-10-24,IBM,-0.00017517805,0.014201641,-0.016519964
2022-10-24,INTC,-0.0068249702,0.018914104,-0.0079593658
2022-10-24,MSFT,0.0069487095,0.021421075,0.002532959
2022-10-24,NKE,-0.00089234114,-0.010595679,-0.0092170238
2022-10-24,VZ,-0.0080447197,0.0056437254,-0.010277331
2022-10-24,WMT,-0.0073085427,0.0022660494,0.014907598
2022-10-25,AAPL,-0.0065199733,0.01023066,-0.037104189
2022-10-25,AMGN,0.037201405,0.0079009533,-0.0047158599
2022-10-25,CRM,0.014436245,0.036028624,0.0091298819
2022-10-25,CSCO,0.0072846413,0.017542362,-0.0066763759
2022-10-25,IBM,-0.021007955,0.0094804764,0.0018125772
2022-10-25,INTC,-0.015431643,0.0096176863,0.0007430315
2022-10-25,MSFT,-0.015752673,0.015230298,-0.0086350441
2022-10-25,NKE,-0.0093994141,0.011645675,-0.032275677
2022-10-25,VZ,-0.015172303,0.020307183,-0.0083119869
2022-10-25,WMT,0.011079073,0.0070846081,-0.0050118566
2022-10-26,AAPL,-0.015292704,0.011417031,-0.022880971
2022-10-26,AMGN,-0.0088733435,0.010842919,-0.00030720234
2022-10-26,CRM,0.047884941,-0.013272703,-0.02264756
2022-10-26,CSCO,0.024832606,0.013874412,-0.013443112
2022-10-26,IBM,-0.015999258,0.013078928,-0.010767281
2022-10-26,INTC,-0.028754592,0.015522838,-0.013805211
2022-10-26,MSFT,-0.020794451,0.0065062046,0.0042005777
2022-10-26,NKE,0.040340424,0.015479684,0.0057355165
2022-10-26,VZ,-0.015802145,-0.0010469556,0.011930823
2022-10-26,WMT,-0.020933867,0.0039927959,-0.010335803
2022-10-27,AAPL,0.0070428848,0.019724369,0.0030269623
2022-10-27,AMGN,0.015744567,0.012183666,-0.016359806
2022-10-27,CRM,-0.016697526,0.029301047,-0.013976514
2022-10-27,CSCO,-0.024142504,0.023755074,-0.025449932
2022-10-27,IBM,0.001802206,0.014156818,-0.020219266
2022-10-27,INTC,-0.016932666,0.020465732,-0.0024980307
2022-10-27,MSFT,0.023822069,5.030632e-05,-0.0038115978
2022-10-27,NKE,-0.014434218,0.022807598,-0.0090207458
2022-10-27,VZ,0.0172925,0.012449861,0.010684013
2022-10-27,WMT,-0.0063741207,0.0032172203,-0.010359883
2022-10-28,AAPL,-0.0012848973,0.017889023,-0.02324152
2022-10-28,AMGN,-0.017440498,0.008402586,-0.019744813
2022-10-28,CRM,-0.016128123,0.041411877,-0.015673995
2022-10-28,CSCO,-0.027267635,0.024650693,0.0028386116
2022-10-28,IBM,-0.026229203,0.011520863,0.0050728321
2022-10-28,INTC,-0.014326692,0.0056324005,-0.020458519
2022-10-28,MSFT,-0.0043441653,0.016195297,-0.0073071122
2022-10-28,NKE,-0.0094721317,0.0082888603,-0.014486492
2022-10-28,VZ,0.002248764,0.0048863888,-0.0027113557
2022-10-28,WMT,0.0069441795,0.0054888725,-0.00056684017
2022-10-31,AAPL,-0.026299238,0.012708664,-0.012753546
2022-10-31,AMGN,-0.021171749,0.020416141,-0.025673747
2022-10-31,CRM,0.028189301,0.025631428,0.0034394264
2022-10-31,CSCO,-0.0072675943,0.0052938461,-0.012749732
2022-10-31,IBM,-0.017722428,0.0099762678,0.0089834929
2022-10-31,INTC,0.021902561,0.018331766,-0.0061736703
2022-10-31,MSFT,0.0055719614,0.017221808,-0.033039749
2022-10-31,NKE,0.034277916,0.0057426691,0.0068230629
2022-10-31,VZ,-0.034866214,0.021926403,-0.016275764
2022-10-31,WMT,0.00031495094,0.012781739,-0.015051544
2022-11-01,AAPL,-0.017095864,0.022448659,-0.027503014
2022-11-01,AMGN,-0.012783527,0.017762899,-0.0051364303
2022-11-01,CRM,0.022521019,0.042754531,0.015186191
2022-11-01,CSCO,0.040431976,0.0057085752,-0.006254375
2022-11-01,IBM,-0.0015828609,-0.00028502941,-0.0093774796
2022-11-01,INTC,0.0084787607,-0.0076855421,-0.016517878
2022-11-01,MSFT,-9.0777874e-05,0.013562083,-0.010607421
2022-11-01,NKE,-0.0124107,0.019923687,0.016114712
2022-11-01,VZ,0.010482311,0.019125581,-0.016151667
2022-11-01,WMT,-0.012419283,0.010317922,0.0022947788
2022-11-02,AAPL,0.0071479082,0.004629612,-0.0056968927
2022-11-02,AMGN,-0.012313545,0.013946056,-0.0084002018
2022-11-02,CRM,0.038902044,0.039341092,0.0086146593
2022-11-02,CSCO,-0.010126829,0.0055983067,0.004761219
2022-11-02,IBM,-0.0074769258,0.0087814331,0.0083711147
2022-11-02,INTC,-0.051538587,0.012856603,-0.0023822188
2022-11-02,MSFT,-0.028530121,0.017178297,-0.011147141
2022-11-02,NKE,-0.017388225,0.02828002,-0.028434396
2022-11-02,VZ,-0.0089681149,0.012741804,-0.008869946
2022-11-02,WMT,0.019420147,0.011614323,-0.021953344
2022-11-03,AAPL,-0.0078738332,0.011893153,-0.013207555
2022-11-03,AMGN,0.0046755075,0.021540284,-0.010458231
2022-11-03,CRM,-0.018901885,0.021287203,-0.021816492
2022-11-03,CSCO,0.0099335909,0.0010411739,-0.0054032207
2022-11-03,IBM,0.023838162,0.012381911,0.0017290115
2022-11-03,INTC,-0.016448677,0.00072824955,-0.0089915395
2022-11-03,MSFT,0.0039534569,0.021498442,-0.0029101372
2022-11-03,NKE,-0.046206236,0.0059928894,-0.0017561913
2022-11-03,VZ,-0.011693299,-0.005621314,-0.016293466
2022-11-03,WMT,0.0057531595,0.013612151,-0.014963686
2022-11-04,AAPL,0.010231972,0.00049364567,-0.012931228
2022-11-04,AMGN,-0.020432234,0.008287549,-0.0035153031
2022-11-04,CRM,0.016327024,0.028110981,-0.013621867
2022-11-04,CSCO,-0.0059910417,0.013428211,-0.0023980141
2022-11-04,IBM,-0.016518414,0.0088391304,-0.011687934
2022-11-04,INTC,-0.0011698604,0.0079346895,-0.025759041
2022-11-04,MSFT,0.040631652,0.020180583,-0.033980727
2022-11-04,NKE,-0.026938617,-0.0032155514,-0.023176312
2022-11-04,VZ,-0.024585426,0.025226355,-0.0083547831
2022-11-04,WMT,-0.018860579,0.00041842461,-0.0016579628
2022-11-07,AAPL,-0.01677078,0.020941019,-0.019028306
2022-11-07,AMGN,-0.049596429,0.01797688,-0.0055207014
2022-11-07,CRM,0.0044896603,0.011496305,-0.0016407371
2022-11-07,CSCO,-0.012135506,0.0070658922,-0.0093851089
2022-11-07,IBM,0.0070252419,0.0043879747,-0.018783867
2022-11-07,INTC,-0.0019348264,0.02600944,-0.0028340816
2022-11-07,MSFT,0.061228156,0.0077416897,-0.0036399961
2022-11-07,NKE,-0.014308512,0.021018624,-0.011755526
2022-11-07,VZ,0.021709323,-0.0036170483,-0.0038120747
2022-11-07,WMT,-0.014021516,0.0093146563,-0.0084080696
2022-11-08,AAPL,0.042514086,0.023885012,0.00046432018
2022-11-08,AMGN,-0.013397217,0.021707177,-0.0096719861
2022-11-08,CRM,-0.0053001642,0.0061104298,0.0001231432
2022-11-08,CSCO,0.014505625,-0.0037187934,-0.017846406
2022-11-08,IBM,-0.01718694,0.014650226,0.0096668005
2022-11-08,INTC,0.021601915,-0.00054222345,-0.022648394
2022-11-08,MSFT,0.02224648,0.010581613,-0.010626793
2022-11-08,NKE,-0.016936958,0.022843242,-0.00093048811
2022-11-08,VZ,-0.018768072,0.0052224398,-0.0022352338
2022-11-08,WMT,0.0068371296,0.024092674,-0.011375844
2022-11-09,AAPL,-0.012367129,0.0012339354,-0.018588126
2022-11-09,AMGN,0.0047377348,0.003841877,-0.0087222457
2022-11-09,CRM,-0.020878017,-0.0013016462,-0.0053139925
2022-11-09,CSCO,0.008936882,0.0049849749,0.0035933256
2022-11-09,IBM,0.0030622482,0.009630084,-0.0036787987
2022-11-09,INTC,-0.0091615915,0.023037195,-0.0072395205
2022-11-09,MSFT,-0.0039481521,0.010241151,-0.0046823621
2022-11-09,NKE,-0.022264659,-0.0031471848,-0.016826034
2022-11-09,VZ,0.021610379,0.0055875778,-0.012334824
2022-11-09,WMT,0.0029232502,0.018627286,-0.0058013797
2022-11-10,AAPL,0.022887707,0.0025326014,-0.00085729361
2022-11-10,AMGN,0.030372262,0.016973019,-0.015933871
2022-11-10,CRM,0.025907397,0.0044834614,-0.0074359775
2022-11-10,CSCO,-0.014682829,0.017869592,-0.028477907
2022-11-10,IBM,0.0039900541,0.012439847,-0.00051873922
2022-11-10,INTC,-0.022535264,0.017290235,-0.016554892
2022-11-10,MSFT,-0.0033355355,-5.6624413e-06,-0.016893148
2022-11-10,NKE,-0.0022034645,0.029754877,-0.0028126836
2022-11-10,VZ,-0.01048404,0.022086382,0.0021436214
2022-11-10,WMT,-0.021916747,-0.0034757853,-0.014220774
2022-11-11,AAPL,-0.02894938,0.0057272911,0.0025986433
2022-11-11,AMGN,0.029179335,0.0040388107,-0.0034541488
2022-11-11,CRM,0.034803867,0.038034439,-0.018570185
2022-11-11,CSCO,0.0034815073,0.017005563,-0.0079842806
2022-11-11,IBM,-0.02698344,0.018460631,-0.01891762
2022-11-11,INTC,0.011443257,0.031146049,0.0037356615
2022-11-11,MSFT,-0.013704002,0.0042985678,-0.0085057616
2022-11-11,NKE,0.00021970272,0.019295812,-0.024193704
2022-11-11,VZ,0.018165588,0.022469878,-0.0061855912
2022-11-11,WMT,0.010888934,0.01188314,-0.02196902
2022-11-14,AAPL,-0.01548326,0.0023403168,-0.008274138
2022-11-14,AMGN,-0.013330281,0.0038517714,-0.010704577
2022-11-14,CRM,-0.011126161,0.0088018179,-0.012542307
2022-11-14,CSCO,-0.01113373,0.0087758303,-0.011817455
2022-11-14,IBM,0.0018314123,-0.0068612695,-0.0024014115
2022-11-14,INTC,-0.0061126947,-0.0043967962,-0.010429025
2022-11-14,MSFT,0.022239566,0.030336142,-0.032894909
2022-11-14,NKE,0.013234019,0.020628572,-0.0049102902
2022-11-14,VZ,-0.0071002245,0.0022548437,-0.019024968
2022-11-14,WMT,0.0033425093,0.013862729,-0.0016562343
2022-11-15,AAPL,0.0040260553,0.014828444,-0.0073967576
2022-11-15,AMGN,0.011325002,0.020039082,-0.023283601
2022-11-15,CRM,0.0074281693,0.021776557,-0.015165091
2022-11-15,CSCO,0.011053681,0.011269808,-0.022621155
2022-11-15,IBM,0.013410091,0.0071057081,-0.012922049
2022-11-15,INTC,-0.015053928,0.0029222965,-0.022890031
2022-11-15,MSFT,0.0056215525,0.020965338,-0.005173564
2022-11-15,NKE,-0.020475149,0.014073133,-0.014419973
2022-11-15,VZ,-0.0081421733,0.017244339,-0.018310606
2022-11-15,WMT,-0.0029284954,-0.0037633181,-0.00072574615
2022-11-16,AAPL,0.037709355,0.0072462559,-0.0095270872
2022-11-16,AMGN,6.043911e-05,0.023645282,-0.021209538
2022-11-16,CRM,0.00062632561,0.016505957,-0.0058032274
2022-11-16,CSCO,-0.037418008,-0.0041358471,0.0092046261
2022-11-16,IBM,0.0036445856,0.0044659376,-0.016807079
2022-11-16,INTC,-0.00082367659,-0.0012354851,0.0072139502
2022-11-16,MSFT,-0.03014493,-0.013715565,-0.0038021803
2022-11-16,NKE,-0.006654799,0.018303871,-0.014476895
2022-11-16,VZ,-0.030958176,0.0036866665,-0.012442887
2022-11-16,WMT,-0.0044934154,0.02339077,-0.022267938
2022-11-17,AAPL,-0.033201098,0.016473174,-0.026838005
2022-11-17,AMGN,-0.019131243,0.0085319281,-0.0033915043
2022-11-17,CRM,-0.034710884,0.014591813,-0.016929567
2022-11-17,CSCO,-0.04606992,0.00905931,-0.0077587366
2022-11-17,IBM,0.017239809,0.0082843304,-0.01302582
2022-11-17,INTC,0.019896984,0.011296868,-0.015460968
2022-11-17,MSFT,-0.0568645,0.025599122,-0.025899172
2022-11-17,NKE,0.048466206,0.015316606,-0.0079224706
2022-11-17,VZ,-0.029143631,0.0010236502,0.0067955256
2022-11-17,WMT,0.018185735,0.0043135881,-0.0047658682
2022-11-18,AAPL,-0.015116394,0.0022377968,0.00081658363
2022-11-18,AMGN,-0.022174478,0.007968545,-0.012162626
2022-11-18,CRM,-0.045858324,0.015560627,-0.020176947
2022-11-18,CSCO,-0.01496774,0.016051292,0.00083434582
2022-11-18,IBM,-0.015113056,0.0028197765,-0.00081831217
2022-11-18,INTC,-0.025333643,0.01332128,-0.002456367
2022-11-18,MSFT,0.029331326,0.002122283,-0.025244296
2022-11-18,NKE,-0.019803703,0.019070148,-0.034959018
2022-11-18,VZ,-0.027579844,0.024503112,-0.01184833
2022-11-18,WMT,-0.0012604594,0.0097241402,-0.0043770671
2022-11-21,AAPL,0.00081348419,0.010297537,-0.039622486
2022-11-21,AMGN,0.0044898987,-0.0013782382,0.015384555
2022-11-21,CRM,0.013851762,0.0084147453,-0.021076679
2022-11-21,CSCO,0.0099289417,0.012429118,-0.023503482
2022-11-21,IBM,-0.0049448013,-5.030632e-05,0.0073840618
2022-11-21,INTC,-0.00012987852,0.03477931,-0.030840814
2022-11-21,MSFT,0.0074151754,0.0059703588,-0.0033336878
2022-11-21,NKE,0.0055257082,0.022214174,-0.0071573853
2022-11-21,VZ,-0.023139477,0.0021593571,-0.026912093
2022-11-21,WMT,-0.0047633052,0.014217019,-0.016447484
2022-11-22,AAPL,-0.010958672,-0.009339869,-0.021838903
2022-11-22,AMGN,-0.022883236,0.023983955,-0.0092401505
2022-11-22,CRM,-0.0051445365,0.028211713,-0.010655284
2022-11-22,CSCO,-0.00029522181,-0.0060885549,-0.010822535
2022-11-22,IBM,0.0077372789,0.0016528368,-0.01251322
2022-11-22,INTC,-0.0065908432,0.035531282,-0.026159048
2022-11-22,MSFT,-0.0061135888,-0.0094188452,0.0014253855
2022-11-22,NKE,0.024067163,0.011478305,-0.023076534
2022-11-22,VZ,0.0031044483,0.003952384,0.0079187155
2022-11-22,WMT,-0.017227232,0.017569423,0.0019955635
2022-11-23,AAPL,-0.023198843,0.011012435,-0.0062004924
2022-11-23,AMGN,-0.028659225,0.0079581738,-0.010349452
2022-11-23,CRM,0.032984614,0.02210319,-0.00071966648
2022-11-23,CSCO,0.0031205416,0.01501441,-0.0061900616
2022-11-23,IBM,-0.033222616,0.01069057,0.0017874241
2022-11-23,INTC,0.043248773,0.0079001188,-0.018358946
2022-11-23,MSFT,-0.028705835,0.0022236109,-0.013626754
2022-11-23,NKE,0.028159142,0.023816705,-0.023327887
2022-11-23,VZ,-0.0034632683,0.015293002,-0.0040075779
2022-11-23,WMT,-0.02703613,-0.0037363768,-0.010896146
2022-11-25,AAPL,0.011883259,0.037115335,-0.0044631958
2022-11-25,AMGN,-0.024047017,0.011260867,0.0021678209
2022-11-25,CRM,-0.028886497,0.0095680952,-0.016165972
2022-11-25,CSCO,0.0074917078,0.018102407,0.0010609627
2022-11-25,IBM,-0.013594925,0.015163541,-0.012600541
2022-11-25,INTC,0.019279003,0.0042819977,0.0094997883
2022-11-25,MSFT,-0.035311162,0.013760567,-0.016479254
2022-11-25,NKE,0.006539464,0.011910439,-0.013869643
2022-11-25,VZ,-0.0055579543,-0.0014941096,-0.0023121834
2022-11-25,WMT,0.0027654171,0.02312994,-0.010654867
2022-11-28,AAPL,0.011204839,0.016753435,-0.013102472
2022-11-28,AMGN,0.0018621683,-0.0020359159,-0.0012476444
2022-11-28,CRM,0.014162421,0.012639403,-0.0103091
2022-11-28,CSCO,-0.0026258826,-0.0095536113,-0.019184351
2022-11-28,IBM,0.019167185,0.0042676926,-0.011628449
2022-11-28,INTC,0.00019145012,0.014751792,-0.0036613345
2022-11-28,MSFT,-0.026681304,0.021811485,0.002779603
2022-11-28,NKE,-0.0051612258,0.016807675,0.0013514757
2022-11-28,VZ,0.034829617,0.0041226149,-0.013602436
2022-11-28,WMT,-0.012682617,0.019257665,-0.0050383806
2022-11-29,AAPL,0.013388872,-0.0020272732,-0.035778821
2022-11-29,AMGN,0.0082945824,0.029092908,0.004037261
2022-11-29,CRM,-0.039288461,0.018751144,-0.0056496263
2022-11-29,CSCO,0.0021136999,0.022479773,0.011902809
2022-11-29,IBM,-0.013180852,0.0025055408,-0.018318772
2022-11-29,INTC,-0.015359998,0.00072038174,-0.026298404
2022-11-29,MSFT,-0.032914519,0.0096901655,-0.025184095
2022-11-29,NKE,-0.0091055036,0.011043549,-0.0044454932
2022-11-29,VZ,-0.0023611188,-0.0027246475,-0.0045353174
2022-11-29,WMT,-0.0086548924,0.016652822,-0.0088022947
2022-11-30,AAPL,-0.0364241,0.017255068,0.0080862045
2022-11-30,AMGN,0.0076617002,0.0079935789,-0.0099963546
2022-11-30,CRM,0.043373704,0.05077517,-0.022127688
2022-11-30,CSCO,-0.0097510219,0.01604867,0.0059089661
2022-11-30,IBM,-0.0039454103,0.019998789,-0.013949335
2022-11-30,INTC,-0.00069350004,0.028181076,-0.015435755
2022-11-30,MSFT,-0.0011281371,-0.0057079196,-0.010166109
2022-11-30,NKE,0.0072462559,0.00066387653,4.7683716e-05
2022-11-30,VZ,0.0011434555,0.013384104,-0.0070285201
2022-11-30,WMT,-0.01429677,-0.0012485981,0.0034347773
2022-12-01,AAPL,-0.0099327564,0.0058783293,-0.021881163
2022-12-01,AMGN,0.0073347092,0.0079487562,-0.028627396
2022-12-01,CRM,-0.0052965283,0.0094925165,-0.023564696
2022-12-01,CSCO,0.015356898,0.0091874599,-0.023708522
2022-12-01,IBM,-0.014489174,0.0058064461,-0.00079107285
2022-12-01,INTC,0.0082700253,-0.00037366152,-0.0078453422
2022-12-01,MSFT,0.022397041,0.027659774,0.00014960766
2022-12-01,NKE,0.0055521727,-0.0034217238,-0.0046780705
2022-12-01,VZ,-0.011088252,0.025143981,-0.0096460581
2022-12-01,WMT,-0.0019262433,0.0022524595,0.0045220852
2022-12-02,AAPL,0.01081717,0.020579934,-0.029665649
2022-12-02,AMGN,0.015631318,0.0095719099,-0.011520743
2022-12-02,CRM,-0.039831042,0.042940974,0.0052667856
2022-12-02,CSCO,0.0072739124,-0.0044797659,-0.015975237
2022-12-02,IBM,0.020612955,0.025830746,-0.016321242
2022-12-02,INTC,0.0019727945,0.013685465,-0.0040045977
2022-12-02,MSFT,0.040467381,0.017499566,-0.0098641515
2022-12-02,NKE,-0.00033980608,0.0051807165,-0.019779086
2022-12-02,VZ,0.0057641268,0.018627882,-0.0027450919
2022-12-02,WMT,0.0068161488,-0.0081012845,-0.0084407926
2022-12-05,AAPL,-0.00084811449,0.0032787323,-0.001416564
2022-12-05,AMGN,0.025360823,0.012212634,-0.0041399598
2022-12-05,CRM,-0.0073592663,-0.014452755,-0.0012484193
2022-12-05,CSCO,0.0062698126,-0.0066953897,-0.020973146
2022-12-05,IBM,-0.0048359632,0.013730049,0.0013867617
2022-12-05,INTC,-0.01263535,0.027953863,-0.025457501
2022-12-05,MSFT,0.014412999,0.0043877363,-0.00912714
2022-12-05,NKE,0.019020915,0.020823121,-0.021475732
2022-12-05,VZ,-0.019365609,0.009570837,-0.0068980455
2022-12-05,WMT,0.0039848089,0.019245982,0.0085031986
2022-12-06,AAPL,0.00651443,0.0015277863,-0.016276062
2022-12-06,AMGN,-0.017374694,-0.0083733797,-0.017319739
2022-12-06,CRM,-0.0098808408,0.022494316,-0.038277805
2022-12-06,CSCO,0.011404872,0.0054603815,-0.012698352
2022-12-06,IBM,-0.023747742,0.00024580956,0.0028847456
2022-12-06,INTC,-0.032817841,0.001322031,-0.015638471
2022-12-06,MSFT,-0.023550332,0.0050439835,-0.018789828
2022-12-06,NKE,-0.011074185,-0.016236067,0.002040863
2022-12-06,VZ,0.0046392679,0.01405251,-0.00065082312
2022-12-06,WMT,-0.0034430027,0.0091997385,-0.012088835
2022-12-07,AAPL,0.0015205145,0.012562275,-0.014553785
2022-12-07,AMGN,-0.022572994,0.024390459,-0.0046794415
2022-12-07,CRM,-9.9480152e-05,0.001880765,-0.029654622
2022-12-07,CSCO,0.028083444,-0.0019022226,-0.014958084
2022-12-07,IBM,0.0068161488,-0.0040453672,-0.018511534
2022-12-07,INTC,-0.0050202012,0.038870811,-0.01510793
2022-12-07,MSFT,-0.0058365464,-0.005346179,-0.0020498037
2022-12-07,NKE,-0.004342556,0.032914042,-0.0054491162
2022-12-07,VZ,0.00059556961,0.0066415071,-0.0074691772
2022-12-07,WMT,0.0087553263,0.0078059435,-0.008743763
2022-12-08,AAPL,-0.009709239,0.02268815,-0.0034741163
2022-12-08,AMGN,-0.0070925355,0.005599618,-0.0093069077
2022-12-08,CRM,-0.013585925,-0.0026060939,-0.032467306
2022-12-08,CSCO,0.014634013,0.02545464,-0.020377517
2022-12-08,IBM,-0.023195744,0.019892216,-0.010043621
2022-12-08,INTC,0.0025426149,-0.00091272593,-0.011626422
2022-12-08,MSFT,-0.0042200685,0.016414523,-0.025345147
2022-12-08,NKE,0.015744567,-0.006750524,-0.0061825514
2022-12-08,VZ,0.0084254742,0.014057279,-0.014949918
2022-12-08,WMT,0.021965504,0.022749066,-0.020438433
2022-12-09,AAPL,0.019252777,0.011157274,-0.017809749
2022-12-09,AMGN,-0.0018343329,0.020385981,-0.0082346797
2022-12-09,CRM,-0.0014771223,-0.0073776245,0.00083649158
2022-12-09,CSCO,-0.031882644,-0.00075513124,-0.017518401
2022-12-09,IBM,0.0033537149,0.010823131,-0.00054049492
2022-12-09,INTC,0.0055657625,0.016428113,-0.015820444
2022-12-09,MSFT,-0.0080146194,0.011724591,-0.013654947
2022-12-09,NKE,-5.543232e-06,0.017938137,-0.024428904
2022-12-09,VZ,-0.014484584,0.01300621,-0.015613914
2022-12-09,WMT,0.0077329874,-0.0029578209,-0.026481569
2022-12-12,AAPL,-0.02506876,0.026764989,0.012693286
2022-12-12,AMGN,0.027692199,0.0031465292,0.0057065487
2022-12-12,CRM,0.0073862076,0.019141912,-0.022432625
2022-12-12,CSCO,0.014302731,0.011899233,0.0052112341
2022-12-12,IBM,0.019562721,0.025659561,-0.011167645
2022-12-12,INTC,0.0035470724,0.014811516,-0.0032323599
2022-12-12,MSFT,0.0054599047,0.01546979,-0.0081507564
2022-12-12,NKE,0.038342476,0.020561695,-0.020717502
2022-12-12,VZ,0.023228168,-0.0054733157,-0.014216423
2022-12-12,WMT,0.0016852617,0.0019878149,-0.012215912
2022-12-13,AAPL,-0.0082988739,0.024757862,-0.032400489
2022-12-13,AMGN,0.023709059,0.014079452,-0.0014299154
2022-12-13,CRM,0.029988885,0.0028864145,-0.039204597
2022-12-13,CSCO,0.021647811,0.014103651,0.0036190748
2022-12-13,IBM,0.0062074661,0.0061516762,-0.0062323809
2022-12-13,INTC,-0.018195927,0.016279578,-0.0048907399
2022-12-13,MSFT,0.018427134,0.006149292,-0.020528674
2022-12-13,NKE,-0.020336926,0.021467209,-0.0084365606
2022-12-13,VZ,0.0066400766,0.0070291758,-0.012183309
2022-12-13,WMT,0.0019203424,0.026014209,-0.017864168
2022-12-14,AAPL,0.0065363646,0.027535439,0.0057120323
2022-12-14,AMGN,0.0041674376,0.0012481213,-0.0098342299
2022-12-14,CRM,-0.020943522,0.017255902,-0.032027602
2022-12-14,CSCO,0.028590679,0.012732387,-0.012143314
2022-12-14,IBM,-0.0024613142,0.0064629316,-0.017839611
2022-12-14,INTC,0.029121518,0.024044514,-0.01909256
2022-12-14,MSFT,0.019082308,0.0086746216,-0.019546747
2022-12-14,NKE,-0.013257384,-0.0043548346,-0.01633364
2022-12-14,VZ,-0.02038002,0.0022522211,0.0048502684
2022-12-14,WMT,-0.015608251,0.010233879,-0.0066453218
2022-12-15,AAPL,0.0052791834,0.010174751,-0.010175943
2022-12-15,AMGN,-0.0099687576,0.0046534538,-0.0049672127
2022-12-15,CRM,-0.020919859,0.011835933,-0.020851731
2022-12-15,CSCO,-0.0032619238,0.0049455166,0.0025532246
2022-12-15,IBM,0.0060665607,0.0075576305,-0.011405528
2022-12-15,INTC,0.0066713095,0.0071332455,-0.012314677
2022-12-15,MSFT,-0.012983382,-0.0058266521,-0.002479434
2022-12-15,NKE,-0.0024929047,0.015612841,-0.020201683
2022-12-15,VZ,-0.012285113,0.012589574,-0.022868395
2022-12-15,WMT,-0.0054304004,-0.0077699423,0.0013101101
2022-12-16,AAPL,-0.0105564,0.039101481,-0.009016633
2022-12-16,AMGN,0.012117743,0.017594576,0.00014853477
2022-12-16,CRM,-0.025014639,0.034613729,-0.015149057
2022-12-16,CSCO,0.019377708,0.022572398,-0.01616019
2022-12-16,IBM,0.008140564,0.015741348,-0.025833786
2022-12-16,INTC,0.041179419,0.021598339,-0.003970027
2022-12-16,MSFT,0.027293801,0.00063025951,-0.01125139
2022-12-16,NKE,-0.0064787269,0.026994586,0.0023328066
2022-12-16,VZ,-0.0084636211,0.0014102459,-0.0056833625
2022-12-16,WMT,0.0044690371,0.013118505,-0.0060337782
2022-12-19,AAPL,-0.036580741,0.018230796,-0.014251053
2022-12-19,AMGN,-0.015182257,0.0087652206,-0.015082359
2022-12-19,CRM,0.056678534,0.033693194,0.0073071718
2022-12-19,CSCO,0.0025820732,0.021265388,-0.023421705
2022-12-19,IBM,0.0070933104,0.0074326992,-0.0020750165
2022-12-19,INTC,-0.0128901,0.023212194,-0.0059592128
2022-12-19,MSFT,-0.0037437081,0.029998899,0.0027058125
2022-12-19,NKE,0.043082118,0.0053946972,-0.011694133
2022-12-19,VZ,-0.0024287105,0.031464338,-0.010190964
2022-12-19,WMT,-0.0062069893,0.019693375,-0.0085216761
2022-12-20,AAPL,0.015373468,0.0065633059,-0.0093731284
2022-12-20,AMGN,0.0078142881,0.010256886,-0.021438956
2022-12-20,CRM,-0.034976304,0.031363726,-0.0066565275
2022-12-20,CSCO,0.0058943033,0.010461569,-0.035319984
2022-12-20,IBM,-0.011340201,0.024410009,-0.0027164817
2022-12-20,INTC,-0.0047343969,0.0075885057,0.001473546
2022-12-20,MSFT,0.0098866224,0.00842309,-0.005425036
2022-12-20,NKE,0.020807981,0.015330434,-0.001062274
2022-12-20,VZ,-0.019648671,0.010712981,-0.012867033
2022-12-20,WMT,0.0055047274,-0.0082824826,-0.01117146
2022-12-21,AAPL,0.0060948133,0.00733006,0.0078349113
2022-12-21,AMGN,-0.0099822283,0.011034727,-0.019768655
2022-12-21,CRM,-0.0097813606,0.018078089,-0.032182038
2022-12-21,CSCO,0.012865901,-0.009247005,-0.003195107
2022-12-21,IBM,0.0063455105,0.010202527,-0.01333344
2022-12-21,INTC,-0.017724156,0.026246905,-0.0031303763
2022-12-21,MSFT,-0.0021778345,0.021143556,-0.018418014
2022-12-21,NKE,0.014456391,-0.0028932095,-0.021083057
2022-12-21,VZ,0.0058219433,0.024796009,-0.017400265
2022-12-21,WMT,-0.0026145577,0.0043439865,-0.015917242
2022-12-22,AAPL,0.01688838,0.014147758,-0.013445377
2022-12-22,AMGN,0.0029752254,-0.0018228889,-0.0090436935
2022-12-22,CRM,-0.018977165,0.013562799,-0.018986702
2022-12-22,CSCO,-0.00453192,0.0098121166,-0.012800515
2022-12-22,IBM,0.0054703951,0.00065636635,-0.0022141933
2022-12-22,INTC,-0.011136949,0.0033665895,-0.027348042
2022-12-22,MSFT,0.023830891,0.033030868,-0.00027543306
2022-12-22,NKE,0.015370607,0.0067323446,-0.021284342
2022-12-22,VZ,0.0054157972,0.0068660975,-0.001545608
2022-12-22,WMT,0.021439791,0.012671232,-0.012499332
2022-12-23,AAPL,-0.018383443,0.0076292753,-0.02106899
2022-12-23,AMGN,0.0067526102,-0.0019478798,-0.01060468
2022-12-23,CRM,0.020037889,0.003172636,-0.022966802
2022-12-23,CSCO,-0.0063767433,0.0057063103,-0.017324269
2022-12-23,IBM,-0.0015486479,0.0082219839,0.0063570738
2022-12-23,INTC,-0.021964252,0.021292686,-0.0034242272
2022-12-23,MSFT,0.011126399,0.014271617,-0.00089079142
2022-12-23,NKE,-0.0041679144,0.006960392,-0.013776898
2022-12-23,VZ,-0.0097839832,-0.010398328,-0.026629567
2022-12-23,WMT,-0.019289553,0.0050449371,0.0088881254
2022-12-27,AAPL,-0.016983807,0.0094691515,-0.023081601
2022-12-27,AMGN,-0.0093519092,0.028706908,-0.0060713291
2022-12-27,CRM,-0.0097814798,0.035495758,-0.0024536848
2022-12-27,CSCO,-0.0035840273,0.021578074,-0.0053180456
2022-12-27,IBM,0.014496326,0.023734689,-0.0081256032
2022-12-27,INTC,0.040466547,0.015395761,0.002448082
2022-12-27,MSFT,0.0012283325,0.0030879974,-0.017105401
2022-12-27,NKE,0.0031501055,0.024168849,-0.02315861
2022-12-27,VZ,-0.0078414083,-0.00033158064,-0.0090531111
2022-12-27,WMT,0.018710613,-0.0027830601,-0.0074295998
2022-12-28,AAPL,-0.0014822483,0.013760209,-0.024909556
2022-12-28,AMGN,-0.0011521578,0.014302373,-0.016852021
2022-12-28,CRM,-0.022426426,0.02197504,0.0090452433
2022-12-28,CSCO,-0.03323406,-0.0039497614,-0.012220442
2022-12-28,IBM,0.010810494,0.015504599,0.0028336048
2022-12-28,INTC,-0.02597326,0.006072402,-0.0020936131
2022-12-28,MSFT,0.033790946,0.017481685,-0.018224418
2022-12-28,NKE,-0.0062648058,0.0073926449,0.019259691
2022-12-28,VZ,-0.015357792,0.010648727,-0.010243714
2022-12-28,WMT,0.01626575,0.0007686615,-0.012343347
2022-12-29,AAPL,-0.010225892,0.017531633,-0.027909338
2022-12-29,AMGN,-0.01235199,0.011683464,-0.01425463
2022-12-29,CRM,0.02651906,0.043606997,-0.015377462
2022-12-29,CSCO,-0.0035097003,0.016998887,-0.012313187
2022-12-29,IBM,-0.020963073,0.018169761,0.0018233061
2022-12-29,INTC,0.022324324,0.0073878765,-0.016063631
2022-12-29,MSFT,-0.0096268058,0.0080353022,-0.012627125
2022-12-29,NKE,0.026040792,0.031009078,-0.040188551
2022-12-29,VZ,-0.028063118,0.016992927,-0.009365797
2022-12-29,WMT,-0.0083662271,0.016734838,0.0033714771
2022-12-30,AAPL,-0.012654603,0.021107912,-0.02184093
2022-12-30,AMGN,0.005479455,0.017829299,0.0078738928
2022-12-30,CRM,-0.015687644,0.027908325,-0.00054198503
2022-12-30,CSCO,0.028284788,0.0038648844,0.0016827583
2022-12-30,IBM,-0.008328855,0.01001215,-0.0021706223
2022-12-30,INTC,-0.0090926886,0.005384326,-0.0037623644
2022-12-30,MSFT,-0.017946482,0.006736517,-0.0091884732
2022-12-30,NKE,0.0021904707,0.004090786,-0.0020988584
2022-12-30,VZ,-0.006128788,0.010319471,-0.0085602999
2022-12-30,WMT,-0.024271965,0.02854085,-0.013142824
2023-01-03,AAPL,-0.026166022,0.0094485283,-0.012988865
2023-01-03,AMGN,-0.0090888143,0.0036290884,-0.0060660243
2023-01-03,CRM,0.016819,0.0028816462,-0.020772815
2023-01-03,CSCO,0.008800149,0.0060170889,-0.012058079
2023-01-03,IBM,0.0045872927,-0.0076875687,-0.01533097
2023-01-03,INTC,-0.01178205,0.0016224384,-0.015772939
2023-01-03,MSFT,0.004817009,0.010845184,-0.0044525862
2023-01-03,NKE,-0.016052425,-0.00011318922,-0.020776331
2023-01-03,VZ,0.0089374781,0.018490434,-0.021304786
2023-01-03,WMT,0.025046825,0.011822224,-0.014278114
2023-01-04,AAPL,-0.0067849755,-0.00021648407,-0.014368653
2023-01-04,AMGN,-0.01168406,0.010591745,-0.02389276
2023-01-04,CRM,-0.03897965,-0.0040699244,0.022503376
2023-01-04,CSCO,-0.017902553,0.0075099468,-0.0062248111
2023-01-04,IBM,0.000608325,0.00055956841,-0.0060696006
2023-01-04,INTC,-0.004090786,0.017195582,-0.020816207
2023-01-04,MSFT,-0.00024175644,0.0096259117,-0.03075397
2023-01-04,NKE,-0.0016313195,0.011258125,0.0045266151
2023-01-04,VZ,-0.00305444,0.013275027,0.00033247471
2023-01-04,WMT,0.00094854832,0.0021994114,-0.016479254
2023-01-05,AAPL,-0.02492851,0.011274099,-0.0145697
2023-01-05,AMGN,0.0068897009,0.010189295,0.0015925169
2023-01-05,CRM,-0.018814743,0.017283559,-0.0082110167
2023-01-05,CSCO,-0.027896106,0.02741158,-0.0064751506
2023-01-05,IBM,0.022945285,0.01954031,-0.00027734041
2023-01-05,INTC,-0.0070853829,0.0082148314,-0.012548268
2023-01-05,MSFT,-0.014795125,0.0049747229,-0.027976334
2023-01-05,NKE,0.0068292618,0.016100645,-0.0096266866
2023-01-05,VZ,0.019671082,0.011165142,-0.010694206
2023-01-05,WMT,-0.0084788203,0.0077545643,0.002188921
2023-01-06,AAPL,-0.023025513,0.021861911,-0.023647487
2023-01-06,AMGN,-0.010214269,0.0044624805,-0.026851892
2023-01-06,CRM,0.012607932,0.031913519,-0.019068897
2023-01-06,CSCO,-0.0060887337,0.0055837631,0.0056227446
2023-01-06,IBM,0.018048406,0.019238114,-0.00068962574
2023-01-06,INTC,0.0053544044,0.01232481,-0.03021431
2023-01-06,MSFT,-0.01027292,0.0026040077,-0.027100921
2023-01-06,NKE,-0.0038955212,0.022405148,-0.024878979
2023-01-06,VZ,-0.017897785,-0.0049997568,0.00024759769
2023-01-06,WMT,-0.0055060387,0.0067341328,-0.0036295652
2023-01-09,AAPL,0.0076605082,-0.012434244,-0.012848198
2023-01-09,AMGN,0.0095236301,0.0097358227,-0.025084853
2023-01-09,CRM,0.010491252,0.026441813,-0.024942279
2023-01-09,CSCO,-0.012671769,0.0088558197,0.0086629391
2023-01-09,IBM,-0.0034272075,0.0034219027,-0.010716081
2023-01-09,INTC,-0.019483387,0.013070226,0.0078530312
2023-01-09,MSFT,0.024231195,0.00085306168,-0.028377056
2023-01-09,NKE,0.0186584,0.015582323,-0.011380792
2023-01-09,VZ,-0.01685673,0.014412403,-0.015616
2023-01-09,WMT,-0.003146112,0.0024322271,0.00028562546
2023-01-10,AAPL,0.020119667,0.004912734,-0.022589445
2023-01-10,AMGN,0.0013395548,0.018944383,-0.0076785088
2023-01-10,CRM,-0.016735852,0.011117101,-0.028518438
2023-01-10,CSCO,0.023792744,-0.010274231,-0.015232921
2023-01-10,IBM,-0.021265864,0.01228261,-0.0091626644
2023-01-10,INTC,-0.039501846,0.024825931,-0.011174262
2023-01-10,MSFT,-0.0024231076,0.0010404587,-0.0070080757
2023-01-10,NKE,0.0096900463,-0.0020269156,0.0027928352
2023-01-10,VZ,-0.019056201,0.013875961,-0.0010390878
2023-01-10,WMT,0.0020829439,0.0084148645,-0.00778234
2023-01-11,AAPL,0.01213026,0.0081864595,-0.0082380176
2023-01-11,AMGN,-0.011479318,0.023436904,-0.0049430728
2023-01-11,CRM,-0.011785448,0.0094417334,-0.012639165
2023-01-11,CSCO,-0.020290017,0.00012910366,-0.0016164184
2023-01-11,IBM,-0.027253389,0.0023108721,-0.014808834
2023-01-11,INTC,0.022019386,0.015413165,-0.017462313
2023-01-11,MSFT,0.015998721,0.029334307,-0.0079744458
2023-01-11,NKE,-0.011350095,-0.0095645785,-0.013044
2023-01-11,VZ,0.015180588,0.006575346,-0.0064441562
2023-01-11,WMT,0.011209607,0.0083892345,-0.0047226548
2023-01-12,AAPL,0.035704374,-0.011247575,-0.0085139871
2023-01-12,AMGN,0.0082585812,0.012302518,-0.015283465
2023-01-12,CRM,0.0026504993,0.0018785,-0.018766642
2023-01-12,CSCO,-0.0053509474,0.020202994,-0.016593933
2023-01-12,IBM,0.0094686747,0.0016245842,-0.016712844
2023-01-12,INTC,-0.027345657,0.018007755,-0.012003899
2023-01-12,MSFT,-0.0075560808,-0.0024504662,-0.032882333
2023-01-12,NKE,-0.0098359585,0.016363502,-0.012886465
2023-01-12,VZ,-0.044659853,0.0082134008,-0.0099641681
2023-01-12,WMT,-0.0085191131,0.0065737963,0.0049856901
2023-01-13,AAPL,0.015018463,0.034798861,-0.0018849373
2023-01-13,AMGN,0.013471007,0.0050851107,-0.0081923604
2023-01-13,CRM,-0.01319176,-0.021671653,-0.03514421
2023-01-13,CSCO,-0.025720239,-0.013185978,-0.0024188161
2023-01-13,IBM,-0.013218522,0.014682293,-0.012668192
2023-01-13,INTC,-0.012398362,0.015390158,-0.032880723
2023-01-13,MSFT,-0.028932869,0.00075781345,-0.0075513124
2023-01-13,NKE,-0.011400282,-0.0017345548,0.0087789297
2023-01-13,VZ,0.0030810833,-0.0033360124,-0.014438689
2023-01-13,WMT,-0.0058571696,0.020950794,-0.00057482719
2023-01-17,AAPL,-0.043345809,0.014020085,-0.033271194
2023-01-17,AMGN,-0.013860524,0.026375771,-0.004683733
2023-01-17,CRM,-0.021150112,0.0091890097,-0.0052977204
2023-01-17,CSCO,0.018081903,0.012227535,-0.026234984
2023-01-17,IBM,-0.0099688768,-0.00057500601,0.0052608252
2023-01-17,INTC,-0.0027350783,0.0028756857,-0.0073532462
2023-01-17,MSFT,0.009968996,-0.010534525,-0.016160667
2023-01-17,NKE,-0.0013642311,-0.00086331367,0.014712691
2023-01-17,VZ,0.0046949387,-0.0058791637,0.0059655905
2023-01-17,WMT,-0.0054418445,0.017381907,-0.01248312
2023-01-18,AAPL,-0.021484494,0.0067542791,-0.0063384771
2023-01-18,AMGN,0.0087747574,0.023406267,-0.0094775558
2023-01-18,CRM,-0.011842012,0.041589856,-0.033262491
2023-01-18,CSCO,-0.03056109,0.0079356432,-0.0078606606
2023-01-18,IBM,0.0041657686,0.018679619,-0.01557678
2023-01-18,INTC,0.0058143139,-0.0027989745,-0.010758817
2023-01-18,MSFT,-0.018240988,-0.011367738,-0.026601851
2023-01-18,NKE,0.011462808,0.0083495378,0.0023485422
2023-01-18,VZ,-0.015333295,-0.00063186884,-0.014111459
2023-01-18,WMT,0.001093626,0.0012962818,-0.0052655339
2023-01-19,AAPL,-0.022504747,0.020977259,-0.01141566
2023-01-19,AMGN,0.016031623,0.027419925,0.0098012686
2023-01-19,CRM,0.018566489,0.0075029135,-0.016201615
2023-01-19,CSCO,0.023468494,0.015730739,-0.001296103
2023-01-19,IBM,0.0025691986,0.0014885664,-0.014717996
2023-01-19,INTC,0.025639653,0.030489326,-0.017201245
2023-01-19,MSFT,0.0086476803,-0.00086343288,-0.0007288456
2023-01-19,NKE,0.0066723824,0.0013912916,-0.011665881
2023-01-19,VZ,-0.023331106,-0.014328539,-0.017760396
2023-01-19,WMT,-5.5611134e-05,0.017502785,0.0049846172
2023-01-20,AAPL,0.010407329,0.020601273,-0.02928257
2023-01-20,AMGN,-0.0094405413,0.012026191,-0.017584503
2023-01-20,CRM,-0.016911805,0.0098645687,-0.0043438077
2023-01-20,CSCO,0.050278544,0.019859195,-0.010747194
2023-01-20,IBM,-0.0056277514,0.0018296242,-0.0037549138
2023-01-20,INTC,0.028211474,0.0045131445,0.0069195032
2023-01-20,MSFT,0.00086736679,0.0090953112,-0.0064088106
2023-01-20,NKE,-0.017706335,0.022501349,-0.021535873
2023-01-20,VZ,0.027539849,0.020063281,-0.0021027923
2023-01-20,WMT,-0.0084144473,0.0069335699,-0.013732314
2023-01-23,AAPL,-0.013303101,0.0028898716,-0.010080218
2023-01-23,AMGN,-0.022203326,0.0060368776,-0.0052158237
2023-01-23,CRM,-0.0091133714,0.022035599,-0.0018671751
2023-01-23,CSCO,0.011244059,0.028334856,-0.013540268
2023-01-23,IBM,-0.009452343,0.013364911,-0.0047731996
2023-01-23,INTC,-0.0082771182,-0.0065610409,-0.021861196
2023-01-23,MSFT,0.018519163,0.010936141,-0.0018549562
2023-01-23,NKE,-0.0147807,0.016610503,-0.0068975091
2023-01-23,VZ,-0.016492724,0.00042557716,0.0032324791
2023-01-23,WMT,0.017039657,0.0032860041,0.00018632412
2023-01-24,AAPL,-0.037054718,0.012967587,0.0049533844
2023-01-24,AMGN,-0.014536142,0.019428015,-0.010362387
2023-01-24,CRM,0.024458647,0.012024522,-0.01551646
2023-01-24,CSCO,0.014799237,0.011017084,-0.0088309646
2023-01-24,IBM,-0.030022383,0.011647701,-0.019539475
2023-01-24,INTC,0.0084556341,0.0073151588,-0.012545228
2023-01-24,MSFT,0.0010123253,0.011456728,-0.021512508
2023-01-24,NKE,0.016352296,0.010900617,-0.0098062754
2023-01-24,VZ,-0.0041946769,0.0037046671,-0.011414289
2023-01-24,WMT,-0.0155617,0.016151309,-0.020714819
2023-01-25,AAPL,0.012038112,0.025976181,0.0032345057
2023-01-25,AMGN,-0.0013583899,0.0075330734,-0.00031501055
2023-01-25,CRM,-0.0064234138,0.032104731,-0.036556005
2023-01-25,CSCO,-0.0038428307,-0.0015816092,0.0025587082
2023-01-25,IBM,-0.018092036,0.0080522299,-0.0044494271
2023-01-25,INTC,0.039365768,-0.0083211064,0.00054085255
2023-01-25,MSFT,0.0011223555,0.027865291,-0.021614134
2023-01-25,NKE,0.025236726,-0.013159275,-0.0069537163
2023-01-25,VZ,0.007170558,0.0030806065,-0.0099313855
2023-01-25,WMT,-0.0067380667,0.002862215,-0.005754292
2023-01-26,AAPL,0.0033085346,0.021591544,-0.01241672
2023-01-26,AMGN,0.025638223,0.015121698,0.0013524294
2023-01-26,CRM,0.025275826,0.024574161,0.0043118
2023-01-26,CSCO,0.0062309504,0.012792349,-0.010682702
2023-01-26,IBM,0.0039709806,0.00092375278,0.0043992996
2023-01-26,INTC,-0.0065938234,0.014983416,-0.010836422
2023-01-26,MSFT,0.0056650639,0.011620998,-0.0044990182
2023-01-26,NKE,-0.053990841,0.00072717667,-0.0050415993
2023-01-26,VZ,-0.00048458576,0.019232988,-0.016899467
2023-01-26,WMT,-0.007822752,0.0031553507,-0.010891914
2023-01-27,AAPL,0.012167215,0.010889411,-0.021323502
2023-01-27,AMGN,-0.04472959,-0.0039498806,0.0034921169
2023-01-27,CRM,-0.028779387,0.01477313,-0.01798594
2023-01-27,CSCO,-0.022904217,0.0069186687,0.001707077
2023-01-27,IBM,-0.01731348,-0.00095587969,-0.0094749928
2023-01-27,INTC,0.0026475191,0.014180899,-0.005215764
2023-01-27,MSFT,0.0017356873,0.003087163,-0.014616489
2023-01-27,NKE,0.011922359,0.031404138,-0.0075674057
2023-01-27,VZ,-0.0070520043,0.010139823,-0.0051100254
2023-01-27,WMT,0.014114618,0.0075670481,-0.016265273
2023-01-30,AAPL,0.00050902367,-0.0021820664,-0.029369593
2023-01-30,AMGN,-0.0091105103,0.018674374,-0.013432026
2023-01-30,CRM,-0.04834789,0.029775143,-0.042981088
2023-01-30,CSCO,-0.021294177,-0.00098377466,-0.015886545
2023-01-30,IBM,-0.0268628,0.0062226057,-0.011336863
2023-01-30,INTC,-0.0090564489,0.018764615,-0.026685894
2023-01-30,MSFT,0.011676788,0.0017770529,0.010596037
2023-01-30,NKE,-0.0392524,0.013893485,-0.0123384
2023-01-30,VZ,-0.017173052,0.010151029,0.0015724897
2023-01-30,WMT,-0.0032089949,0.011210203,-0.0083851218
2023-01-31,AAPL,0.031079173,0.030218959,-0.031915188
2023-01-31,AMGN,-0.039336085,0.0099565983,-0.018911183
2023-01-31,CRM,-0.041941285,0.033601522,-0.010392487
2023-01-31,CSCO,0.025850534,-0.0072475076,-0.025222063
2023-01-31,IBM,-0.02228272,0.015450716,-0.026004016
2023-01-31,INTC,0.020075917,-0.004817903,-0.014472485
2023-01-31,MSFT,-0.01290983,0.00022292137,-0.003704071
2023-01-31,NKE,-0.054226756,0.0095049143,0.012718439
2023-01-31,VZ,-0.0018159151,-0.0067646503,-0.012348652
2023-01-31,WMT,0.003100872,0.012366533,0.0041680336
2023-02-01,AAPL,-0.0074967146,0.0045169592,-0.01353246
2023-02-01,AMGN,0.038746953,0.0015922785,-0.0065649152
2023-02-01,CRM,-0.045049489,0.024447322,0.0090366602
2023-02-01,CSCO,-0.0012119412,0.020924807,-0.022748649
2023-02-01,IBM,0.0058774948,0.01219666,-0.015365541
2023-02-01,INTC,-0.033077955,0.01001811,-0.0048883557
2023-02-01,MSFT,-0.013872147,0.0095059872,-0.015209079
2023-02-01,NKE,0.00051808357,0.0076146126,-0.01127106
2023-02-01,VZ,-0.0073811412,0.0096246004,-0.0078548193
2023-02-01,WMT,-0.023142576,0.0076467991,-0.013585567
2023-02-02,AAPL,0.00018692017,0.0039473772,-0.028194785
2023-02-02,AMGN,0.0039874315,0.0041458607,-0.0034593344
2023-02-02,CRM,0.011727333,0.0011730194,0.013781309
2023-02-02,CSCO,-0.016197443,0.0081526041,-0.0047210455
2023-02-02,IBM,0.010388255,0.015265942,-0.01448971
2023-02-02,INTC,0.011518598,-0.0036402941,-0.0090736747
2023-02-02,MSFT,-0.013647497,0.01253891,-0.011343956
2023-02-02,NKE,-0.019719243,0.018800139,-0.0027347207
2023-02-02,VZ,-0.0019629002,-3.3080578e-05,0.0014677048
2023-02-02,WMT,0.007930994,0.0174191,0.0097341537
2023-02-03,AAPL,0.011900425,0.026498079,-0.0019311309
2023-02-03,AMGN,-0.029028058,0.015149832,-0.021584094
2023-02-03,CRM,-0.030916512,0.035434008,-0.024170756
2023-02-03,CSCO,0.014587641,-0.016364455,-0.018225551
2023-02-03,IBM,0.016206741,-0.0031678677,0.0014901161
2023-02-03,INTC,-0.024450541,0.027675509,-0.0057398081
2023-02-03,MSFT,-0.0089658499,-0.010077477,-0.028096676
2023-02-03,NKE,-0.0050022602,0.023176432,0.012258649
2023-02-03,VZ,0.028072238,0.0082870722,-0.023097336
2023-02-03,WMT,-0.014200211,-0.0064964294,0.0049337149
2023-02-06,AAPL,0.019899845,0.023038507,-0.032549322
2023-02-06,AMGN,-0.025671721,0.019010901,-0.0071217418
2023-02-06,CRM,-0.0080158114,0.021667004,0.0015581846
2023-02-06,CSCO,0.036745787,0.01306963,-0.027078807
2023-02-06,IBM,0.020936728,0.014749169,0.0045608282
2023-02-06,INTC,0.027484298,0.014609933,-0.013946176
2023-02-06,MSFT,-0.0056824088,-0.013672829,-0.0027762651
2023-02-06,NKE,-0.0077453256,0.019430995,-0.0016306043
2023-02-06,VZ,-0.0044701099,0.0047404766,0.0075266361
2023-02-06,WMT,-0.013178051,0.0076819658,0.00068235397
2023-02-07,AAPL,-0.020926178,0.0098354816,-0.0050135851
2023-02-07,AMGN,0.0061712265,0.010956287,-0.0065476894
2023-02-07,CRM,-0.0035988092,0.024901032,-0.030794322
2023-02-07,CSCO,-0.018531859,-0.00035077333,-0.018530607
2023-02-07,IBM,-0.00012528896,-8.8334084e-05,0.0021198988
2023-02-07,INTC,-0.012210131,0.029625177,-0.015193343
2023-02-07,MSFT,-0.026814044,0.0080490112,0.0050241947
2023-02-07,NKE,-0.00069314241,-0.0017079711,-0.0076582432
2023-02-07,VZ,-0.020685673,-0.0067235827,-0.015643358
2023-02-07,WMT,-0.0054231286,0.0030061007,-0.015517533
2023-02-08,AAPL,0.026849627,0.020907998,0.0050371885
2023-02-08,AMGN,0.0031067133,0.0096945763,-0.0028983355
2023-02-08,CRM,-0.0079779029,0.0065995455,-0.022277057
2023-02-08,CSCO,-0.015205741,0.0023260117,-0.0097393394
2023-02-08,IBM,-0.027004957,-0.00046360493,-0.0069550276
2023-02-08,INTC,0.0071924925,0.0042078495,-0.013973176
2023-02-08,MSFT,-0.01438725,0.013950467,-0.010421455
2023-02-08,NKE,0.0018856525,-1.2516975e-05,-0.010238171
2023-02-08,VZ,0.0033605099,0.005800724,-0.015438974
2023-02-08,WMT,-0.0027676225,0.015890718,-0.002725482
2023-02-09,AAPL,0.0022649765,0.00098514557,-0.026383936
2023-02-09,AMGN,0.010522723,0.010844111,-0.0083722472
2023-02-09,CRM,-0.00737077,0.030949712,-0.03242141
2023-02-09,CSCO,0.03470397,0.017893434,-0.015368581
2023-02-09,IBM,0.0035946369,-0.0017983317,-0.011951745
2023-02-09,INTC,-0.037464499,0.0031296015,-0.014919221
2023-02-09,MSFT,-0.0018833876,0.0068235397,-0.01678443
2023-02-09,NKE,-0.013963223,0.028364539,0.015208483
2023-02-09,VZ,0.0008559227,0.0012434721,0.006572485
2023-02-09,WMT,0.0083037615,0.0046397448,-0.0017033219
2023-02-10,AAPL,0.0043170452,0.0042386055,-0.004751265
2023-02-10,AMGN,0.0027760267,0.021519899,-0.014676094
2023-02-10,CRM,-0.032340229,0.039315581,-0.014915407
2023-02-10,CSCO,-0.0035133958,0.0065623522,0.0045388937
2023-02-10,IBM,0.0090218782,0.0065457821,-0.012290776
2023-02-10,INTC,0.017226458,0.01158762,-0.011973202
2023-02-10,MSFT,0.0091357231,0.0031297207,-0.012108207
2023-02-10,NKE,-0.022612274,-0.0038618445,-0.015374064
2023-02-10,VZ,-0.011322916,-0.00075662136,-0.014864922
2023-02-10,WMT,-0.013066351,0.01723218,-0.0090175271
2023-02-13,AAPL,-0.035482049,0.026507139,-0.014838696
2023-02-13,AMGN,-0.0030226707,0.0046800375,-0.02483964
2023-02-13,CRM,0.025924802,0.02884531,-0.022922516
2023-02-13,CSCO,-0.0025020242,0.0090488195,-0.0048978329
2023-02-13,IBM,-0.019946337,0.0063341856,-0.010553837
2023-02-13,INTC,-0.019185066,0.028180122,-0.0099120736
2023-02-13,MSFT,0.0079131126,0.0067384243,0.0030134916
2023-02-13,NKE,-0.0077101588,0.0061202049,-0.011753321
2023-02-13,VZ,-0.0018540621,0.00066637993,-0.013434649
2023-02-13,WMT,-0.0080633163,0.01225996,-0.012934208
2023-02-14,AAPL,0.026530743,0.01813817,-0.024195313
2023-02-14,AMGN,-0.0043975115,-0.0018368363,-0.006203413
2023-02-14,CRM,-0.00032436848,0.022407889,-0.0048695803
2023-02-14,CSCO,0.01474905,0.0097516775,-0.03509146
2023-02-14,IBM,0.014045238,0.0062916279,-0.005255878
2023-02-14,INTC,-0.0078700185,0.015924096,-0.0080956221
2023-02-14,MSFT,-0.026882589,0.017986894,-0.015755951
2023-02-14,NKE,-0.037675381,0.02918601,-0.0038486123
2023-02-14,VZ,-0.004470706,0.013127685,-0.02209115
2023-02-14,WMT,-0.0011277795,0.0019019842,-0.0030604005
2023-02-15,AAPL,-0.0097848773,0.010881305,-0.018497467
2023-02-15,AMGN,-0.015718997,0.018776894,-0.016191602
2023-02-15,CRM,-0.0050679445,0.0001963377,-0.026301146
2023-02-15,CSCO,-0.011296451,0.011244178,-0.020120442
2023-02-15,IBM,-0.01874119,-0.00068050623,-0.01670295
2023-02-15,INTC,0.011600018,0.030254483,-0.010737598
2023-02-15,MSFT,-0.038882554,0.0063729286,-0.012670279
2023-02-15,NKE,-0.018259168,0.018817425,0.0054751635
2023-02-15,VZ,0.0040020943,0.0026652813,-0.0065497756
2023-02-15,WMT,0.009527564,-0.0064329505,-0.0076161027
2023-02-16,AAPL,0.045558691,0.024605036,0.0063742399
2023-02-16,AMGN,0.0079329014,0.015812755,-0.0063719749
2023-02-16,CRM,0.00062549114,0.012534022,-0.0042708516
2023-02-16,CSCO,0.0087398291,-0.0015527606,-0.004930079
2023-02-16,IBM,-0.0017938018,0.015504718,-0.012984991
2023-02-16,INTC,-0.032576621,0.014549136,-0.016931772
2023-02-16,MSFT,0.004293561,0.015461802,-0.012770295
2023-02-16,NKE,-0.0022284985,-0.012435555,-0.029518604
2023-02-16,VZ,-0.0056940913,0.021999478,-0.009046495
2023-02-16,WMT,-0.013675213,0.0018863678,-0.0080895424
2023-02-17,AAPL,0.023742318,0.010672092,-0.023062468
2023-02-17,AMGN,-0.020286977,0.0020227432,-0.019649982
2023-02-17,CRM,0.012579679,0.024722695,-0.031621695
2023-02-17,CSCO,-0.013122499,0.0074051619,-0.013690352
2023-02-17,IBM,-0.017825127,0.019292831,-0.0022650957
2023-02-17,INTC,-0.0088230371,0.0079233646,-0.022796512
2023-02-17,MSFT,-0.0038124323,0.0093495846,-0.021779656
2023-02-17,NKE,-0.00073820353,0.023008466,-0.01399827
2023-02-17,VZ,-0.0050826669,0.010774016,0.0078958273
2023-02-17,WMT,-0.012812376,0.00063407421,-0.0071017742
2023-02-21,AAPL,-0.0036443472,0.014472723,-0.010203481
2023-02-21,AMGN,-0.022023916,0.011246562,-0.015812814
2023-02-21,CRM,0.032985449,0.021846771,-0.040308595
2023-02-21,CSCO,-0.00017827749,-0.0015755296,-0.0021508932
2023-02-21,IBM,0.0078965425,0.012586474,-0.010960758
2023-02-21,INTC,0.020879269,0.0044593811,0.0075953007
2023-02-21,MSFT,-0.0079212189,0.0091362,-0.013144016
2023-02-21,NKE,-0.0056265593,0.012527585,-0.025841415
2023-02-21,VZ,0.024771452,0.015173793,-0.011927783
2023-02-21,WMT,-0.001732409,0.016729712,-0.0015695691
2023-02-22,AAPL,-0.0018777251,0.0066428185,-0.016839325
2023-02-22,AMGN,0.00021672249,0.022376418,-0.0070822239
2023-02-22,CRM,-0.00089710951,0.010401011,-0.0091840029
2023-02-22,CSCO,0.038316727,0.033729911,-0.022358358
2023-02-22,IBM,-0.020128131,0.013114214,0.0023120642
2023-02-22,INTC,-0.010536313,0.00074267387,-0.025776029
2023-02-22,MSFT,0.0019856691,0.00015759468,-0.016125143
2023-02-22,NKE,-0.024471223,0.0094559193,-0.008672297
2023-02-22,VZ,-0.025317252,-0.0024269819,-0.0025222898
2023-02-22,WMT,0.0031303167,0.005065918,0.0053681135
2023-02-23,AAPL,0.017288089,0.018175721,-0.019319832
2023-02-23,AMGN,-0.020618141,0.019487977,-0.016546428
2023-02-23,CRM,0.022696018,0.020668268,-0.021084726
2023-02-23,CSCO,0.0052754879,0.013816953,-0.015434623
2023-02-23,IBM,0.0060037374,0.0068745613,-0.007630229
2023-02-23,INTC,0.0010714531,0.0052862167,-0.0075541139
2023-02-23,MSFT,-0.01382643,-0.014112532,-0.019315243
2023-02-23,NKE,0.018184423,0.0032696724,-0.0031535625
2023-02-23,VZ,-0.033723712,0.0127033,-0.021493137
2023-02-23,WMT,0.017194629,-0.0013552308,-0.0061847568
2023-02-24,AAPL,-0.023399413,0.0089274645,-0.013011098
2023-02-24,AMGN,0.011670709,-0.0051108003,-0.019880354
2023-02-24,CRM,-0.026999116,-0.0086286068,0.0042333603
2023-02-24,CSCO,0.0017949343,0.0027662516,0.0043799877
2023-02-24,IBM,0.0035954714,0.0053493977,0.0016436577
2023-02-24,INTC,0.0063554049,0.0057514906,-0.015721321
2023-02-24,MSFT,-0.013369024,0.012415409,-0.021816373
2023-02-24,NKE,-0.006126523,0.012045622,-0.0014746189
2023-02-24,VZ,0.014446139,0.0095077753,0.00044417381
2023-02-24,WMT,-0.0069492459,0.0088498592,-0.012011707
2023-02-27,AAPL,0.036529303,0.0094367266,-0.0046047568
2023-02-27,AMGN,0.00039935112,-4.3928623e-05,-0.015080631
2023-02-27,CRM,-0.0087295771,-0.0043520331,-0.020518243
2023-02-27,CSCO,0.0036170483,0.016496897,-0.011795759
2023-02-27,IBM,-0.0078681111,0.016075253,-0.018863797
2023-02-27,INTC,-0.020792007,-0.0018668175,0.0046480894
2023-02-27,MSFT,-0.0098957419,0.011803627,-0.013852417
2023-02-27,NKE,0.011149049,0.009953022,-0.0030028224
2023-02-27,VZ,0.0039227009,0.01859951,-0.026928186
2023-02-27,WMT,-0.0090302229,0.0099240541,-0.01840508
2023-02-28,AAPL,0.027789116,0.0042341948,-0.019329369
2023-02-28,AMGN,-0.0070979595,0.0063117743,-0.017289221
2023-02-28,CRM,0.021318197,0.011653543,-0.034031689
2023-02-28,CSCO,0.0012341738,-0.0019210577,-0.017562449
2023-02-28,IBM,-0.013986528,-0.0026399493,-0.0095962882
2023-02-28,INTC,-0.01574564,0.025300503,-0.00026291609
2023-02-28,MSFT,0.025058508,0.0065281391,-0.00020819902
2023-02-28,NKE,-0.015620828,-0.0075082183,-0.00084728003
2023-02-28,VZ,0.010735154,0.0097378492,-0.0050836802
2023-02-28,WMT,-0.021279752,0.024719,0.0091760159
2023-03-01,AAPL,0.002512455,0.0057990551,-0.014589131
2023-03-01,AMGN,-0.018091261,0.0073968172,-0.021573067
2023-03-01,CRM,0.01457262,0.038106322,-0.015843093
2023-03-01,CSCO,-0.0062964559,0.019443393,-0.0036033988
2023-03-01,IBM,0.003344059,0.0072127581,-0.016336799
2023-03-01,INTC,-0.022001147,-0.0064116716,-0.016971648
2023-03-01,MSFT,0.007368803,0.012051582,-0.027357817
2023-03-01,NKE,0.016540289,-0.0047002435,-0.018487155
2023-03-01,VZ,-0.00914222,0.0030930042,-0.019672871
2023-03-01,WMT,0.0062692165,0.010605097,-0.016378462
2023-03-02,AAPL,0.040703893,0.0058350563,-0.025430024
2023-03-02,AMGN,0.025308967,0.0022478104,-0.016122997
2023-03-02,CRM,0.022035956,0.042428851,-0.017377019
2023-03-02,CSCO,0.022305012,0.012134552,-0.017957389
2023-03-02,IBM,0.007948041,0.0015724897,0.0020236969
2023-03-02,INTC,-0.020377338,0.0087246895,-0.017358899
2023-03-02,MSFT,0.0088604689,0.023311377,-0.020149112
2023-03-02,NKE,0.00037848949,0.0034543276,-0.019547641
2023-03-02,VZ,-0.0074029565,0.0016957521,-0.0089704394
2023-03-02,WMT,-0.012803972,-0.0066382289,-0.0016707182
2023-03-03,AAPL,-0.035934687,0.012648463,-0.017572343
2023-03-03,AMGN,0.0037314892,0.015436888,-0.016555727
2023-03-03,CRM,-0.0048961043,0.026979089,-0.021222115
2023-03-03,CSCO,-0.040849864,0.022058725,-0.020501733
2023-03-03,IBM,0.023232102,0.0048873425,-0.0025756955
2023-03-03,INTC,-0.034621477,0.002317667,-0.0081827641
2023-03-03,MSFT,-0.0062639117,0.0082361698,-0.014480829
2023-03-03,NKE,0.0051188469,0.0099608898,-0.009092629
2023-03-03,VZ,0.015035748,0.015936852,-0.013138413
2023-03-03,WMT,-0.013931394,0.010979652,-0.016921103
2023-03-06,AAPL,-0.018862307,0.023848891,-0.0090014338
2023-03-06,AMGN,0.016185284,0.014193177,-0.010698497
2023-03-06,CRM,0.038948774,0.0096738338,0.0061489344
2023-03-06,CSCO,0.0031293631,-0.0017760992,0.0028524399
2023-03-06,IBM,-0.0032306314,-0.0032194853,0.0021073818
2023-03-06,INTC,-0.015150607,0.020470142,-0.0034823418
2023-03-06,MSFT,-0.00048446655,0.0047137737,-0.0032370687
2023-03-06,NKE,0.00010108948,0.011287928,-0.018694878
2023-03-06,VZ,-0.026500463,0.012297511,-0.0099803805
2023-03-06,WMT,-0.013526201,0.0017821789,-0.02746582
2023-03-07,AAPL,0.015912294,0.01089704,-0.0076169372
2023-03-07,AMGN,-0.0048687458,0.011328697,-0.018110275
2023-03-07,CRM,-0.038511992,0.024873257,0.005674243
2023-03-07,CSCO,0.011377335,0.014200687,-0.018351316
2023-03-07,IBM,0.014073372,0.015408039,0.0051879883
2023-03-07,INTC,0.0081009865,0.0092606544,-0.0098833442
2023-03-07,MSFT,0.01399219,0.0012078285,-0.0018367767
2023-03-07,NKE,0.010753393,0.0088026524,-0.0063332915
2023-03-07,VZ,-0.00099098682,0.013727069,-0.0086534619
2023-03-07,WMT,0.0011882782,0.014716029,-0.0067425966
2023-03-08,AAPL,-0.0046529174,-0.0094975233,-0.026887238
2023-03-08,AMGN,-0.0011520982,0.025272012,-0.0071194768
2023-03-08,CRM,-0.02432704,-0.016113877,-0.012776673
2023-03-08,CSCO,-0.045208097,0.0046935081,-0.01633656
2023-03-08,IBM,-0.0020883083,-0.0059379935,0.0045415163
2023-03-08,INTC,0.014373422,-0.0018002391,-0.024072707
2023-03-08,MSFT,-0.0081635118,0.0031507015,-0.0020954609
2023-03-08,NKE,-0.013392568,-0.011804163,-0.024740219
2023-03-08,VZ,-0.028728068,0.0065478086,-0.007984817
2023-03-08,WMT,-0.016211808,0.021609426,0.0048995018
2023-03-09,AAPL,-0.010674238,-0.015884519,-0.0060372949
2023-03-09,AMGN,0.015022874,0.031910777,0.003867507
2023-03-09,CRM,0.046803117,-0.0043156743,-0.035509467
2023-03-09,CSCO,0.00354743,0.0022623539,-0.010190248
2023-03-09,IBM,0.0090785027,0.0093332529,-0.0094927549
2023-03-09,INTC,-0.011609018,0.02410388,-0.019242465
2023-03-09,MSFT,-0.028485477,0.010290146,-0.016847849
2023-03-09,NKE,-0.00078594685,0.013211727,-0.0025965571
2023-03-09,VZ,-0.003041029,0.010466099,-0.012286901
2023-03-09,WMT,-0.011358678,0.016900301,-0.018480599
2023-03-10,AAPL,-0.013815463,0.014921188,-0.0013464093
2023-03-10,AMGN,-0.0042154789,0.018660903,-0.01777786
2023-03-10,CRM,-0.014092863,0.020191431,-0.0098699927
2023-03-10,CSCO,0.020550489,-0.0035724044,0.006203413
2023-03-10,IBM,-0.00096780062,0.0017869473,-0.017743349
2023-03-10,INTC,-0.0029301643,0.0079241991,-0.019845784
2023-03-10,MSFT,0.0012794733,0.010618448,-0.011926413
2023-03-10,NKE,-0.030768931,0.00054109097,-0.011225522
2023-03-10,VZ,-0.00034421682,-3.862381e-05,-0.0091292262
2023-03-10,WMT,0.020849705,0.012420058,0.013485074
2023-03-13,AAPL,0.0058125257,0.016472101,0.0032536983
2023-03-13,AMGN,-0.0028706789,0.0014947653,-0.020763755
2023-03-13,CRM,0.035447001,-0.0100317,-0.0063510537
2023-03-13,CSCO,-0.02015543,0.015628815,-0.0059859157
2023-03-13,IBM,-0.015646219,0.0050913095,0.00654459
2023-03-13,INTC,-0.018547416,0.020488381,-0.0073261857
2023-03-13,MSFT,0.010023355,0.0070329905,0.0012559891
2023-03-13,NKE,-0.017122447,0.011567235,-0.0074902773
2023-03-13,VZ,-0.011967957,0.0096577406,-0.015025377
2023-03-13,WMT,-0.006999433,0.0064438581,-0.0040677786
2023-03-14,AAPL,-0.0043407679,0.016255736,0.003988862
2023-03-14,AMGN,-0.028443933,0.012356758,-0.013233483
2023-03-14,CRM,0.034354091,0.0073062181,-0.0049983263
2023-03-14,CSCO,-0.023683786,0.02003932,-0.007789731
2023-03-14,IBM,-0.0025418401,0.0060039759,-0.010684431
2023-03-14,INTC,-0.025356174,0.015341997,-0.0060371161
2023-03-14,MSFT,0.0082936287,-0.010046303,-0.0056262612
2023-03-14,NKE,0.0043078661,-0.002630353,0.016803503
2023-03-14,VZ,-0.019484997,0.0073428154,-0.020772219
2023-03-14,WMT,0.020087004,0.017984748,-0.01261586
2023-03-15,AAPL,0.018137217,0.0043011904,-0.014137864
2023-03-15,AMGN,0.014279962,0.015818954,-0.020844579
2023-03-15,CRM,0.033484817,0.0074498653,-0.014431894
2023-03-15,CSCO,-0.0030981898,0.0068287849,-0.0095747113
2023-03-15,IBM,-0.0051771998,0.0021276474,-0.0044484138
2023-03-15,INTC,-0.0095800161,0.0078191757,-0.0066744089
2023-03-15,MSFT,-0.011609614,0.0030169487,-0.010378242
2023-03-15,NKE,-0.019096971,-0.0055593252,-0.017891526
2023-03-15,VZ,-0.020477295,0.02226007,-0.0094910264
2023-03-15,WMT,-0.040598929,0.0041823387,-0.0016082525
2023-03-16,AAPL,-0.010814548,0.00776577,-0.021457314
2023-03-16,AMGN,0.045475364,0.0012155771,-0.01041019
2023-03-16,CRM,0.029194713,0.0081069469,-0.031707346
2023-03-16,CSCO,0.0022451878,0.0070887804,-0.012504935
2023-03-16,IBM,0.0200876,0.016005278,0.014208317
2023-03-16,INTC,-0.028905392,0.0075231791,0.0020354986
2023-03-16,MSFT,0.030721307,0.016051412,-0.01380235
2023-03-16,NKE,-0.010772467,0.0025824308,-0.0031610727
2023-03-16,VZ,-0.018803716,0.016933799,-0.018087804
2023-03-16,WMT,-0.0012197495,0.020834684,-0.019678593
2023-03-17,AAPL,0.017091393,0.013119221,0.00063621998
2023-03-17,AMGN,0.010324955,-0.00029200315,-0.0079284906
2023-03-17,CRM,-0.030713856,0.016984105,-0.004629612
2023-03-17,CSCO,0.0081009865,0.0059628487,-0.014178813
2023-03-17,IBM,0.0015778542,-0.0090878606,-0.0090027452
2023-03-17,INTC,-0.0097205043,-0.0018604994,-0.021306634
2023-03-17,MSFT,-0.0050087571,-0.0034065247,0.0036153793
2023-03-17,NKE,-0.019903898,0.040611506,0.006095767
2023-03-17,VZ,0.0035382509,0.0079458952,-0.013695896
2023-03-17,WMT,-0.031756699,0.004411459,-0.0017531514
2023-03-20,AAPL,-0.0087791085,0.00044345856,-0.014714837
2023-03-20,AMGN,-0.014932811,0.0061655045,-0.01653266
2023-03-20,CRM,-0.045533121,0.0067514181,-0.0082083344
2023-03-20,CSCO,0.0014334917,-0.0015946031,0.0014898777
2023-03-20,IBM,-0.0071660876,0.00809443,0.0011835098
2023-03-20,INTC,-0.020003021,0.016386986,-0.01908046
2023-03-20,MSFT,-0.014291465,0.018525004,-0.011611521
2023-03-20,NKE,-0.050339997,0.024081111,-0.023017228
2023-03-20,VZ,0.0064737797,0.0098555088,-0.0024567842
2023-03-20,WMT,0.0085021257,0.012460232,-0.011301637
2023-03-21,AAPL,-0.017748356,0.012970448,-0.013041615
2023-03-21,AMGN,0.011100888,0.032256126,-0.0023548603
2023-03-21,CRM,0.030963778,0.021949291,-0.020635307
2023-03-21,CSCO,-0.011355698,-0.0049168468,-0.022512615
2023-03-21,IBM,-0.0016012788,0.016245365,-0.011208475
2023-03-21,INTC,0.0026512146,-0.0012446642,-0.015455842
2023-03-21,MSFT,-0.030572712,-0.0049179196,-0.0044100285
2023-03-21,NKE,0.0034023523,0.014263868,-0.026748419
2023-03-21,VZ,-0.01914376,0.014617443,9.8228455e-05
2023-03-21,WMT,0.028813124,0.0034748316,0.00037324429
2023-03-22,AAPL,-0.027196467,0.0086641312,0.015565276
2023-03-22,AMGN,0.0013676882,0.019022584,-0.022860408
2023-03-22,CRM,0.0262959,0.01577878,-0.016345084
2023-03-22,CSCO,0.016708732,0.026795626,-0.015027523
2023-03-22,IBM,-0.0027064681,0.013255239,-0.0041694641
2023-03-22,INTC,0.013124943,0.010911345,-0.0013712645
2023-03-22,MSFT,-0.00043296814,-0.00015509129,-0.0083171129
2023-03-22,NKE,0.0054643154,0.011706829,-0.0080057979
2023-03-22,VZ,-0.016463399,0.014258981,-0.00054830313
2023-03-22,WMT,-0.011818886,0.008005619,-0.00038766861
2023-03-23,AAPL,0.010834217,0.025677919,-0.026212811
2023-03-23,AMGN,0.0011219978,0.017850995,-0.0093315244
2023-03-23,CRM,0.012633681,-0.006614089,-0.0011573434
2023-03-23,CSCO,0.0081801414,0.013227582,-0.011768281
2023-03-23,IBM,-0.0041798353,0.018840194,0.0049010515
2023-03-23,INTC,-0.013398647,0.012859583,-0.0055372715
2023-03-23,MSFT,0.016583562,-0.0028235912,-0.0093937516
2023-03-23,NKE,-0.029243946,0.004991293,0.00049591064
2023-03-23,VZ,-0.021656394,-0.00061190128,-0.0036728978
2023-03-23,WMT,-0.022525549,0.012663841,-0.010846674
2023-03-24,AAPL,-0.013959944,0.02552712,-0.013148248
2023-03-24,AMGN,-0.016516328,0.0045552254,-0.019075394
2023-03-24,CRM,0.0028816462,0.030602813,-0.01930958
2023-03-24,CSCO,-0.012099266,-0.0060673952,-0.0095793605
2023-03-24,IBM,-0.00976336,0.0087804794,0.0014952421
2023-03-24,INTC,0.02962327,0.012569189,-0.010894716
2023-03-24,MSFT,-0.01953882,0.0089708567,-0.014828026
2023-03-24,NKE,-0.031425655,0.0049858093,-0.0078141689
2023-03-24,VZ,0.005548954,-0.0096172094,0.0091543198
2023-03-24,WMT,0.0085887909,-0.0039899349,-0.018002868
2023-03-27,AAPL,0.012437224,0.016798377,-0.009477675
2023-03-27,AMGN,-0.015021622,0.0037455559,-0.014514863
2023-03-27,CRM,-0.0070168376,0.023153901,-0.023703337
2023-03-27,CSCO,0.0027529001,0.007969141,9.6559525e-05
2023-03-27,IBM,-0.013383925,0.011959314,-0.0092036128
2023-03-27,INTC,-0.018909991,0.0013223886,-0.011651158
2023-03-27,MSFT,-0.016911328,0.0072523355,-0.00036460161
2023-03-27,NKE,0.010084152,0.0058350563,-0.027562737
2023-03-27,VZ,0.015558481,-0.0057843924,-0.01584655
2023-03-27,WMT,0.0062481165,0.03052628,0.010314226
2023-03-28,AAPL,-0.0042378306,-0.0033596158,0.0084245205
2023-03-28,AMGN,-0.0078940988,0.016713619,-0.0068867207
2023-03-28,CRM,0.020785809,0.0045924187,-0.0070436597
2023-03-28,CSCO,-0.04194051,0.0062900782,0.0010949373
2023-03-28,IBM,-0.030029595,0.0079268217,-0.029182136
2023-03-28,INTC,-0.031635165,0.0039852858,-0.012667775
2023-03-28,MSFT,-0.0079965591,0.010397077,-0.024640083
2023-03-28,NKE,-0.0009329319,0.01172626,0.001994133
2023-03-28,VZ,-0.005785048,0.032639265,-0.010772049
2023-03-28,WMT,0.0026963949,0.0099219084,0.0021648407
2023-03-29,AAPL,-0.0046875477,0.012494564,-0.0045358539
2023-03-29,AMGN,0.0099844933,0.00047552586,-0.027025044
2023-03-29,CRM,-0.031155586,0.021838784,-0.022755742
2023-03-29,CSCO,0.011544347,0.014843822,-0.016996086
2023-03-29,IBM,-0.0023828149,0.0077191591,-0.003113687
2023-03-29,INTC,0.025370121,0.0071537495,0.0019752979
2023-03-29,MSFT,0.024356842,-0.020711899,0.00020956993
2023-03-29,NKE,-0.0137375,0.0047768354,-0.0084709525
2023-03-29,VZ,-0.011349678,0.02502346,-0.0031903982
2023-03-29,WMT,0.009788394,0.013172865,-0.0013737679
2023-03-30,AAPL,0.025363684,0.016947865,-0.015349686
2023-03-30,AMGN,-0.025291562,0.0052752495,0.0031801462
2023-03-30,CRM,-0.03250432,-0.0061291456,-0.0030440092
2023-03-30,CSCO,0.03150022,0.0080207586,-0.0082207918
2023-03-30,IBM,0.0043884516,0.0070300102,-0.0021098852
2023-03-30,INTC,-0.017128646,-0.00036031008,-0.0042456985
2023-03-30,MSFT,0.041311502,0.028432012,-0.0027784705
2023-03-30,NKE,-0.020145953,0.0048590899,-0.026339352
2023-03-30,VZ,-0.018305123,0.0071167946,0.0041358471
2023-03-30,WMT,0.011950374,0.012259483,-0.025467217
2023-03-31,AAPL,0.022825122,0.029566526,-0.0085303187
2023-03-31,AMGN,-0.018196166,-0.0036410689,-0.0073437691
2023-03-31,CRM,0.0088790655,-0.0020371675,-0.021384656
2023-03-31,CSCO,0.0048061609,0.0078414679,-0.004062593
2023-03-31,IBM,-0.0026137233,0.014307976,-0.014059961
2023-03-31,INTC,0.020771265,0.01465714,-0.0082170367
2023-03-31,MSFT,-0.028069198,0.0058883429,-0.031123757
2023-03-31,NKE,-0.022056341,0.0033807755,-0.0054001808
2023-03-31,VZ,0.0029627085,0.010304332,0.0057281256
2023-03-31,WMT,-0.0062504411,0.0060948133,-0.0067022443
2023-04-03,AAPL,-0.017182708,0.014536381,-0.002116859
2023-04-03,AMGN,0.0077478886,0.015583038,-0.017890632
2023-04-03,CRM,-0.023636699,-0.0025675893,-0.010647357
2023-04-03,CSCO,-0.027665854,0.028220534,-0.0015826821
2023-04-03,IBM,-0.0020006895,0.0020391941,-0.016577065
2023-04-03,INTC,0.036695361,0.0089534521,-0.0063554049
2023-04-03,MSFT,-0.018689454,0.0047416687,-0.042091191
2023-04-03,NKE,-0.016945422,0.019159436,0.0010168552
2023-04-03,VZ,-0.0025379658,0.0200032,0.0011302233
2023-04-03,WMT,-0.011430264,-0.00050204992,-0.012955666
2023-04-04,AAPL,-0.015943527,0.005995512,-0.0017053485
2023-04-04,AMGN,0.0067766905,0.0041707754,-0.0049170256
2023-04-04,CRM,0.026868701,0.0057969093,-0.021581709
2023-04-04,CSCO,-0.012102306,0.022292614,-0.023028374
2023-04-04,IBM,0.0010017157,0.0039621592,-0.0019717813
2023-04-04,INTC,0.0070084333,0.010985017,-0.015420377
2023-04-04,MSFT,0.025965095,0.010469675,-0.010927498
2023-04-04,NKE,-0.015465915,0.033713698,-0.002687335
2023-04-04,VZ,-0.025097013,0.0052552223,-0.012679338
2023-04-04,WMT,0.016277313,0.0009380579,0.0012779236
2023-04-05,AAPL,0.01578331,0.0051050186,-0.0042875409
2023-04-05,AMGN,-0.0032295585,0.022633433,-0.013941407
2023-04-05,CRM,0.022669911,0.01168859,-0.012925982
2023-04-05,CSCO,-0.01326865,0.00069618225,-0.012387514
2023-04-05,IBM,-0.017101824,0.025374889,-0.0019640326
2023-04-05,INTC,0.0038832426,-0.0082687736,-0.029481411
2023-04-05,MSFT,-0.0084627867,-0.0014975071,-0.012142003
2023-04-05,NKE,-0.018715024,0.0030345917,-0.024220169
2023-04-05,VZ,-0.0355075,-0.006631434,-0.0056431293
2023-04-05,WMT,-0.013912559,0.016691446,-0.016693115
2023-04-06,AAPL,0.0085558891,-0.00034457445,-0.022253156
2023-04-06,AMGN,0.0083127022,0.017920613,-0.0083619952
2023-04-06,CRM,0.012590051,0.01155746,-0.011952639
2023-04-06,CSCO,-0.010857522,0.0026795864,-0.020577312
2023-04-06,IBM,-0.021049142,0.0051314831,0.0039141178
2023-04-06,INTC,-0.020674467,0.013217688,-0.0031470656
2023-04-06,MSFT,0.0052409172,0.012699485,-0.013217688
2023-04-06,NKE,0.00347507,0.0041851997,-0.0091209412
2023-04-06,VZ,0.011780024,0.0045006275,-0.0096165538
2023-04-06,WMT,0.0065412521,0.016888857,-0.021977246
2023-04-10,AAPL,0.023373961,0.012029767,-0.018769145
2023-04-10,AMGN,0.002761364,0.027352452,-0.022198558
2023-04-10,CRM,0.039867878,-0.010578692,-0.032407582
2023-04-10,CSCO,0.00016331673,-0.0026888251,-0.032084823
2023-04-10,IBM,-0.022021472,0.017600656,-0.0002759099
2023-04-10,INTC,-0.038289368,0.0084512234,0.0042521954
2023-04-10,MSFT,-0.0061933994,0.0078521967,-0.014710248
2023-04-10,NKE,0.010212898,0.0098975897,-0.022739172
2023-04-10,VZ,-0.0097794533,0.006190896,0.012563348
2023-04-10,WMT,0.0056052208,0.0093964338,-0.01184684
2023-04-11,AAPL,-0.012563169,0.030581474,-0.018188477
2023-04-11,AMGN,0.00014030933,0.019180655,-0.02916348
2023-04-11,CRM,0.021099448,-0.0017696023,-0.038186967
2023-04-11,CSCO,0.020062804,-0.013134599,-0.014658213
2023-04-11,IBM,-0.0064279437,0.0016194582,-0.0052682161
2023-04-11,INTC,0.037386775,-0.0022041798,-0.014728427
2023-04-11,MSFT,0.0083574057,-0.012592316,0.012603879
2023-04-11,NKE,-0.049790204,-0.0011425614,-0.0027806759
2023-04-11,VZ,0.0086526871,0.010244131,-0.0033102632
2023-04-11,WMT,-0.0069687366,0.010910034,-0.004532814
2023-04-12,AAPL,0.0027002096,0.016806006,-0.014932036
2023-04-12,AMGN,0.0033859015,0.020536304,-0.0076410174
2023-04-12,CRM,-0.03610146,-0.010442138,-0.0065025091
2023-04-12,CSCO,0.0069497824,0.011145115,0.0014580488
2023-04-12,IBM,-0.0087585449,0.025359392,-0.014747739
2023-04-12,INTC,0.023597956,0.0091021061,0.014155507
2023-04-12,MSFT,0.0052437782,-0.017692626,-0.014421225
2023-04-12,NKE,-0.022447526,0.01610148,0.013683677
2023-04-12,VZ,-0.0080551505,-0.0037289858,0.0055495501
2023-04-12,WMT,0.0042252541,0.0049921274,-0.024733603
2023-04-13,AAPL,-0.017188311,0.016439795,0.013599396
2023-04-13,AMGN,0.0010128021,0.0241822,-0.017168164
2023-04-13,CRM,0.04581213,0.032662153,0.0014903545
2023-04-13,CSCO,0.015823841,0.022001386,-0.02032125
2023-04-13,IBM,-0.0030628443,0.011924148,-0.020465553
2023-04-13,INTC,-0.0033580065,0.015517592,-0.01665169
2023-04-13,MSFT,0.034702182,0.00081276894,-0.015767634
2023-04-13,NKE,-0.010738194,-0.018142164,-0.025600731
2023-04-13,VZ,-0.016558826,0.013693571,-0.018262625
2023-04-13,WMT,-0.00053811073,0.012606263,0.0018743277
2023-04-14,AAPL,-0.0017379522,0.020519853,-0.0240044
2023-04-14,AMGN,-0.0090374947,0.014128566,-0.018519104
2023-04-14,CRM,0.02546382,0.047122002,-0.012188435
2023-04-14,CSCO,0.012078285,0.019038558,-0.014237821
2023-04-14,IBM,0.0095584393,0.012112617,-0.00053888559
2023-04-14,INTC,-0.00090795755,0.02412498,-0.0088144541
2023-04-14,MSFT,-0.0017435551,0.015524864,-0.035494506
2023-04-14,NKE,-0.032033563,0.0078682899,0.0068864822
2023-04-14,VZ,-0.020650685,0.0031032562,-0.014207959
2023-04-14,WMT,0.024361968,0.0054227114,-0.0020883679
2023-04-17,AAPL,-0.039170146,0.007163167,-0.0015934706
2023-04-17,AMGN,0.012159586,0.018602967,-0.015774786
2023-04-17,CRM,-0.013557851,0.029461503,-0.0038320422
2023-04-17,CSCO,-0.017383993,-0.0018050075,-0.0067619681
2023-04-17,IBM,-0.018867433,0.0005954504,0.0011535883
2023-04-17,INTC,-0.017636895,0.013299584,-0.0073666573
2023-04-17,MSFT,0.0028735399,-0.0012969375,-0.0077949762
2023-04-17,NKE,-0.014784396,0.0009727478,0.0038850307
2023-04-17,VZ,0.00099205971,0.0082256794,-0.013476431
2023-04-17,WMT,-0.019840717,0.014509916,-0.012118876
2023-04-18,AAPL,0.018555045,0.0015352964,-0.016257823
2023-04-18,AMGN,-0.0079956055,0.0174402,0.00037944317
2023-04-18,CRM,-0.024155736,0.018058896,0.00094091892
2023-04-18,CSCO,0.03602314,0.015675068,-0.0020902157
2023-04-18,IBM,0.0025941133,0.013167381,-0.01699245
2023-04-18,INTC,0.03544879,0.015172839,-0.0039756894
2023-04-18,MSFT,0.0012331009,-0.0010666847,-0.04581356
2023-04-18,NKE,0.0009843111,0.011519551,-0.0029031634
2023-04-18,VZ,0.0041453838,0.017856598,0.0058765411
2023-04-18,WMT,-0.0075649619,0.012619138,-0.0047551394
2023-04-19,AAPL,0.015589118,-0.0061160922,-0.015676618
2023-04-19,AMGN,0.00097322464,0.013112783,-0.019733727
2023-04-19,CRM,-0.025449753,0.024446487,-0.015758216
2023-04-19,CSCO,0.019485354,0.017795682,-0.010200739
2023-04-19,IBM,-0.0042080283,-0.00094103813,-0.011834562
2023-04-19,INTC,-0.0033395886,0.0073108673,-0.012422144
2023-04-19,MSFT,-0.026498973,-0.0049927831,-0.02282095
2023-04-19,NKE,-0.016002297,0.023846865,-0.0044469237
2023-04-19,VZ,0.00016546249,0.030963302,-0.0065806508
2023-04-19,WMT,-0.010221899,-0.0097845793,-0.0003259182
2023-04-20,AAPL,0.029568076,-0.004065156,0.0039787292
2023-04-20,AMGN,0.010197401,0.015019178,-0.0065351129
2023-04-20,CRM,-0.016046464,-0.00086849928,-0.023000658
2023-04-20,CSCO,0.0056160688,0.020097613,-0.010402262
2023-04-20,IBM,-0.013726294,0.012864709,-0.013308048
2023-04-20,INTC,-0.032412708,-0.0034853816,-0.0043676496
2023-04-20,MSFT,0.0066143274,0.020181417,-0.027617097
2023-04-20,NKE,-0.037560165,0.017696977,0.0020700693
2023-04-20,VZ,0.010227323,0.0094128847,-0.018636286
2023-04-20,WMT,0.0095053911,0.010641932,-0.013676882
2023-04-21,AAPL,0.0042183399,0.014191031,-0.022737861
2023-04-21,AMGN,-0.017573059,-0.00067424774,-0.021322072
2023-04-21,CRM,-0.012986958,0.0075368881,-0.036536455
2023-04-21,CSCO,0.015504241,-0.0031862259,-0.012296021
2023-04-21,IBM,-0.013609588,0.0022053719,-0.014366686
2023-04-21,INTC,-0.024590909,0.014056325,-0.012426257
2023-04-21,MSFT,-0.0057535172,0.0066047907,-0.0048432946
2023-04-21,NKE,-0.025022328,0.025143743,-0.0040726066
2023-04-21,VZ,0.021083355,-0.0026728511,0.024834991
2023-04-21,WMT,-0.00074422359,0.014642477,0.0019283295
2023-04-24,AAPL,0.011054635,-0.0039537549,-0.0027746558
2023-04-24,AMGN,-0.023899853,0.007811904,-0.028999269
2023-04-24,CRM,0.0037235022,0.043060541,0.0036092997
2023-04-24,CSCO,-0.017591298,0.023677588,0.0089271069
2023-04-24,IBM,-4.7087669e-06,-0.0070225596,-0.007730782
2023-04-24,INTC,-0.017454565,0.012905121,-0.00024729967
2023-04-24,MSFT,0.0035531521,0.0055561066,-0.0049208999
2023-04-24,NKE,0.022075534,0.0022263527,-0.011547029
2023-04-24,VZ,-0.018280506,0.0051294565,-0.0082092881
2023-04-24,WMT,0.011636734,0.0069333315,0.0059086084
2023-04-25,AAPL,-0.0049473643,0.010232091,-0.013890564
2023-04-25,AMGN,-0.0097720027,0.0053986311,-0.025026917
2023-04-25,CRM,0.010243893,0.0052384138,-0.032928467
2023-04-25,CSCO,-0.0066534281,0.016103864,-0.016200185
2023-04-25,IBM,0.01109159,0.014115572,-0.01236397
2023-04-25,INTC,-0.0058866143,0.014982343,0.008087635
2023-04-25,MSFT,0.023925781,0.0098663568,-0.015483558
2023-04-25,NKE,0.0039707422,0.015887022,-0.012691677
2023-04-25,VZ,-0.013049781,7.7843666e-05,-0.00046426058
2023-04-25,WMT,0.0023598671,0.012932777,0.0044227839
2023-04-26,AAPL,0.019978762,-0.0017642379,0.00043213367
2023-04-26,AMGN,-0.016596258,0.018392682,-0.014570296
2023-04-26,CRM,-0.021128833,-0.0149858,-0.03343159
2023-04-26,CSCO,0.00029110909,0.013467193,-0.021333754
2023-04-26,IBM,0.003968358,0.030820727,-0.00032305717
2023-04-26,INTC,0.031750917,0.014175057,-0.018429995
2023-04-26,MSFT,0.0086159706,0.012848496,-0.017433286
2023-04-26,NKE,-0.026897788,-0.011017025,-0.012369335
2023-04-26,VZ,-0.030265808,0.017945766,-0.00028091669
2023-04-26,WMT,-0.0071614385,0.0036884546,-0.00066488981
2023-04-27,AAPL,0.031927109,0.018053651,0.0018776655
2023-04-27,AMGN,-0.0038927794,0.022985697,-0.024783731
2023-04-27,CRM,0.006641984,0.040735483,-0.036767662
2023-04-27,CSCO,-0.016708493,-0.0033086538,-0.0047371984
2023-04-27,IBM,0.01000309,0.021394968,-0.013834298
2023-04-27,INTC,-0.02116102,0.0054144859,-0.025016487
2023-04-27,MSFT,0.010780573,0.032016754,0.0043187141
2023-04-27,NKE,0.033880472,0.026051521,-0.016745687
2023-04-27,VZ,-0.018638432,-0.0011880994,-0.0046226382
2023-04-27,WMT,-0.0097439885,-0.0038636327,-0.01079905
2023-04-28,AAPL,-0.026610136,-0.0038196445,-0.019977093
2023-04-28,AMGN,-0.041793585,-0.007581234,-0.0066922307
2023-04-28,CRM,-0.0289343,-0.021620095,0.0024808645
2023-04-28,CSCO,0.0050148964,0.018642783,-0.010866702
2023-04-28,IBM,-0.011027098,0.0093156099,0.0015287399
2023-04-28,INTC,-0.011226118,0.01437819,-0.00084739923
2023-04-28,MSFT,-0.039098322,0.001812458,-0.013175964
2023-04-28,NKE,-0.026099265,0.0056862831,-0.011083543
2023-04-28,VZ,0.0083076954,0.0015147924,-0.00037717819
2023-04-28,WMT,0.0032118559,0.00946486,-0.0056632757
2023-05-01,AAPL,-0.0066436529,0.024546146,-0.011718988
2023-05-01,AMGN,-0.01300621,0.015616298,-0.0069801807
2023-05-01,CRM,-0.015719652,0.047276139,-0.0062448382
2023-05-01,CSCO,0.0015778542,0.021653414,-0.0010049939
2023-05-01,IBM,-0.011731744,0.011213899,-0.011120617
2023-05-01,INTC,0.011660933,-0.0057228804,0.0027164221
2023-05-01,MSFT,-0.0022714734,0.0061916113,-0.0057252049
2023-05-01,NKE,-0.012694001,0.015671134,-0.009589076
2023-05-01,VZ,-0.020787477,0.009031415,-0.0056676269
2023-05-01,WMT,-0.0011889935,0.013805032,-0.0025230646
2023-05-02,AAPL,0.0062065125,0.013182759,-0.018212855
2023-05-02,AMGN,-0.016712368,0.01626277,0.0019599199
2023-05-02,CRM,-0.027331948,0.031367898,-0.029317856
2023-05-02,CSCO,0.0064083338,0.0047938824,-0.028297961
2023-05-02,IBM,-0.0067263246,0.0098215342,-0.005171299
2023-05-02,INTC,0.013960361,0.01573813,8.2850456e-05
2023-05-02,MSFT,0.015686631,0.019401073,-0.01065737
2023-05-02,NKE,-0.02788496,-0.00047659874,-0.0096030831
2023-05-02,VZ,-0.0030730963,0.013143897,-0.0039320588
2023-05-02,WMT,-0.031101108,0.0066696405,-0.01036638
2023-05-03,AAPL,-0.010406256,0.027893186,0.0013074875
2023-05-03,AMGN,-0.024948835,0.013760209,-0.014177561
2023-05-03,CRM,0.013061643,0.028819799,-0.0060299635
2023-05-03,CSCO,0.0025581121,0.0011297464,0.0033688545
2023-05-03,IBM,-0.0013384223,0.027080297,-0.015099108
2023-05-03,INTC,0.0055311918,-0.018300116,-0.00073355436
2023-05-03,MSFT,0.0089590549,0.013790727,0.0047266483
2023-05-03,NKE,0.004175663,-0.0089658499,-0.011116147
2023-05-03,VZ,0.007356286,0.020202875,-0.015218198
2023-05-03,WMT,-0.010074139,0.004914999,-0.0055083632
2023-05-04,AAPL,0.019733787,0.017324686,-0.024612606
2023-05-04,AMGN,-0.012303174,0.033069372,-0.012591898
2023-05-04,CRM,-0.0056701303,0.016681552,-0.031800747
2023-05-04,CSCO,-0.012323201,0.017438531,-0.023041964
2023-05-04,IBM,-0.023549139,-0.0042914152,-0.014852822
2023-05-04,INTC,-0.018584609,0.026184559,-0.0033825636
2023-05-04,MSFT,0.022905707,0.0088220835,-0.012561142
2023-05-04,NKE,0.018992424,0.013673306,0.0040539503
2023-05-04,VZ,0.022210836,-0.0059298277,-0.0025497675
2023-05-04,WMT,0.0038932562,0.0039205551,-0.0057743192
2023-05-05,AAPL,0.026281357,0.013711572,-0.01589036
2023-05-05,AMGN,-0.023024142,0.024790525,-0.020941436
2023-05-05,CRM,0.0010684729,-0.015757799,0.0087549686
2023-05-05,CSCO,-0.0033196211,0.02223599,0.0069711208
2023-05-05,IBM,0.006107688,0.015014291,0.0094499588
2023-05-05,INTC,0.014260411,0.021370769,-0.028441429
2023-05-05,MSFT,-0.003170073,0.005392909,0.00017845631
2023-05-05,NKE,-0.015048563,0.01348722,-0.00090968609
2023-05-05,VZ,-0.0055547953,0.013361216,-0.0066335201
2023-05-05,WMT,0.00056135654,0.0086641312,-0.016225696
2023-05-08,AAPL,-0.031216264,0.0021213293,-0.0039007664
2023-05-08,AMGN,-0.027605355,0.0058687925,-0.017338693
2023-05-08,CRM,-0.0174312,-0.015971839,-0.0048521757
2023-05-08,CSCO,0.0044993162,0.017764807,-0.013666928
2023-05-08,IBM,-0.0083250403,0.015676737,0.0025982857
2023-05-08,INTC,-0.016820967,0.031631708,-0.022782326
2023-05-08,MSFT,-0.016135693,-0.00011646748,-0.0071424246
2023-05-08,NKE,0.028675795,0.0079935789,0.010822296
2023-05-08,VZ,-0.0022261143,0.014987826,-0.0045675635
2023-05-08,WMT,0.009452939,0.012284279,0.0090782642
2023-05-09,AAPL,0.0073574781,0.021889567,-0.024449348
2023-05-09,AMGN,-0.021200836,0.0045021772,-0.011017025
2023-05-09,CRM,-0.045603871,0.036230445,-0.029128194
2023-05-09,CSCO,0.019233227,0.01891458,-0.0048596859
2023-05-09,IBM,0.0086628199,0.0030026436,0.0034842491
2023-05-09,INTC,-0.020245016,0.021509528,-0.025380552
2023-05-09,MSFT,-0.022716939,0.011650443,-0.0076949596
2023-05-09,NKE,-0.0059423447,0.0058557987,-0.029203653
2023-05-09,VZ,-0.024012506,-0.0032721758,-0.0070233941
2023-05-09,WMT,-0.022056997,0.01327157,-0.010796964
2023-05-10,AAPL,-0.059412181,0.011201739,0.0039857626
2023-05-10,AMGN,0.012779593,-0.0040392876,0.0079778433
2023-05-10,CRM,-0.044667482,0.010779858,0.0098627806
2023-05-10,CSCO,-0.0071310997,0.0071456432,-0.0052145123
2023-05-10,IBM,0.008428216,0.013355255,-0.013601005
2023-05-10,INTC,-0.01531899,0.00068056583,-0.0062500834
2023-05-10,MSFT,0.005376935,-0.0088302493,-0.017538607
2023-05-10,NKE,-0.0089882016,-0.0014718175,-0.013379753
2023-05-10,VZ,0.0079195499,0.010845304,-0.010848522
2023-05-10,WMT,0.019034147,0.021778822,-0.010234892
2023-05-11,AAPL,-0.0058293939,0.0078238249,-0.0081766248
2023-05-11,AMGN,0.0013130903,0.010586977,0.012085557
2023-05-11,CRM,-0.017801404,0.016187072,0.0034031868
2023-05-11,CSCO,-0.0082724094,0.01318419,0.0015081167
2023-05-11,IBM,-0.0038849711,-0.002248764,0.0048773289
2023-05-11,INTC,-0.03546375,0.017144561,-0.010435879
2023-05-11,MSFT,-0.035101235,0.003714323,-0.0021221042
2023-05-11,NKE,-0.008600831,0.023110986,0.017458797
2023-05-11,VZ,-0.021882474,0.015225172,-0.016154528
2023-05-11,WMT,0.010617256,0.0079939365,-0.010557652
2023-05-12,AAPL,0.012447,0.01490283,-0.012832761
2023-05-12,AMGN,0.020183325,0.011104345,-0.0050153136
2023-05-12,CRM,-0.055767953,0.020967841,-0.017446876
2023-05-12,CSCO,0.033284903,0.01101172,-0.015118539
2023-05-12,IBM,0.0042208433,0.0042473078,0.0026330948
2023-05-12,INTC,-0.014588475,-0.0049520731,-0.022815943
2023-05-12,MSFT,-0.016553283,0.0072315931,-0.012061477
2023-05-12,NKE,0.02150631,0.020260334,-0.01464051
2023-05-12,VZ,-0.041780949,0.0019296408,0.00057065487
2023-05-12,WMT,0.0040632486,0.011915088,-0.0078544021
2023-05-15,AAPL,-0.013399184,0.011793494,-0.0043659806
2023-05-15,AMGN,0.014210701,0.019026875,-0.0075823069
2023-05-15,CRM,0.059026957,-0.0068815947,-0.024251819
2023-05-15,CSCO,-0.01935184,0.0048360825,-0.016006887
2023-05-15,IBM,-0.012288511,-0.0005659461,-0.0081642866
2023-05-15,INTC,0.0029935837,0.0072033405,-0.011258304
2023-05-15,MSFT,-0.028467894,0.022968054,-0.0063707829
2023-05-15,NKE,-0.022733331,0.015208006,-0.0069112182
2023-05-15,VZ,-0.01812607,-0.0026702285,-0.014597416
2023-05-15,WMT,-0.010130107,0.0035197735,-0.0090256333
2023-05-16,AAPL,-0.024138331,0.0014623404,-0.0036842823
2023-05-16,AMGN,-0.03285557,0.0099852085,-0.0090109706
2023-05-16,CRM,-0.059957504,0.0069233179,-0.0067569613
2023-05-16,CSCO,0.042629838,0.0059742928,-0.007293582
2023-05-16,IBM,-0.017586768,0.022334576,-0.0047195554
2023-05-16,INTC,-0.010736048,0.014964104,-0.014031708
2023-05-16,MSFT,-0.015692472,0.020916581,-0.00082695484
2023-05-16,NKE,0.027384758,0.015647054,-0.015230536
2023-05-16,VZ,0.0060427189,-0.0020410419,-0.016440809
2023-05-16,WMT,-0.015955031,0.011867285,-0.022309601
2023-05-17,AAPL,-0.011967063,0.0031656027,-0.021768451
2023-05-17,AMGN,-0.024421453,0.016956091,-0.024850428
2023-05-17,CRM,0.008100152,0.0078169107,-0.012915015
2023-05-17,CSCO,0.0056517124,-0.0076881051,-0.010837495
2023-05-17,IBM,0.010447025,-0.0044131279,-0.01324749
2023-05-17,INTC,0.025952935,0.0086044073,-0.0075927377
2023-05-17,MSFT,-0.016340852,0.0011916161,0.017023563
2023-05-17,NKE,-0.010474324,0.018388987,-0.0032883286
2023-05-17,VZ,-0.012546003,0.0081653595,0.00066292286
2023-05-17,WMT,0.0034569502,0.010583401,-0.0097541213
2023-05-18,AAPL,0.036233544,0.0044320822,-0.010387421
2023-05-18,AMGN,0.0040720701,0.0037362576,-0.0091397762
2023-05-18,CRM,0.0083793402,0.03316319,-0.038799763
2023-05-18,CSCO,0.0080794096,0.011575937,-0.0020062923
2023-05-18,IBM,-0.0054767132,0.01199019,-0.0010142922
2023-05-18,INTC,0.024724126,-0.025195539,-0.016894341
2023-05-18,MSFT,-0.012789071,0.00400877,-0.02653569
2023-05-18,NKE,-0.029141843,0.0092910528,-0.0065789223
2023-05-18,VZ,-0.010818481,0.016970396,-0.012272596
2023-05-18,WMT,-0.0027707815,0.013464212,-0.0013962984
2023-05-19,AAPL,-0.011233807,0.012888432,-0.013593614
2023-05-19,AMGN,-0.017789006,-0.0071411729,-0.0046846271
2023-05-19,CRM,0.035744548,0.031398416,-0.022417009
2023-05-19,CSCO,0.010084391,0.023390651,-0.0020394325
2023-05-19,IBM,0.017311096,0.0019524097,-0.011238873
2023-05-19,INTC,-0.018079102,0.00030374527,-0.01801753
2023-05-19,MSFT,0.017799258,0.015854716,-0.019969046
2023-05-19,NKE,-0.02419585,0.0064389706,-0.0069621205
2023-05-19,VZ,-0.0073962808,0.019657254,0.010149956
2023-05-19,WMT,-0.016795397,-0.0024034381,-0.0068400502
2023-05-22,AAPL,-0.0113222,0.038359046,-0.016400158
2023-05-22,AMGN,-0.0087248087,0.0086399317,-0.0034653544
2023-05-22,CRM,0.0082716942,0.012592793,-0.010775268
2023-05-22,CSCO,0.01235652,0.010143042,-0.016603589
2023-05-22,IBM,0.014309764,0.019250631,-0.015617013
2023-05-22,INTC,0.019769907,0.025064349,-0.0093762279
2023-05-22,MSFT,-0.023087621,-0.011518478,-0.010622263
2023-05-22,NKE,-0.0085009933,0.011053443,-0.0088295341
2023-05-22,VZ,0.006025672,0.0062692165,0.0062152147
2023-05-22,WMT,-0.0027090907,0.012918711,-0.021073461
2023-05-23,AAPL,0.029349566,0.00068736076,-0.013670862
2023-05-23,AMGN,-0.00086122751,0.02411747,0.011186957
2023-05-23,CRM,-0.021451056,0.023383498,-0.015086651
2023-05-23,CSCO,-0.033012152,0.0028992891,0.0028951168
2023-05-23,IBM,0.016800404,0.01210022,-0.010677695
2023-05-23,INTC,-0.017763495,0.013034582,0.0025455952
2023-05-23,MSFT,-0.00018787384,0.00031852722,-0.013662577
2023-05-23,NKE,-0.00039976835,0.019312143,-0.018889546
2023-05-23,VZ,0.0047682524,-0.010186434,-0.013449073
2023-05-23,WMT,0.0044517517,0.0022271872,-0.015581846
2023-05-24,AAPL,-0.012047768,0.025169611,0.0054277182
2023-05-24,AMGN,-0.004427433,0.020477414,-0.025333226
2023-05-24,CRM,0.016772985,0.020524859,-0.023308456
2023-05-24,CSCO,0.012703419,-0.014983714,0.0016480684
2023-05-24,IBM,-0.012123942,0.018488526,0.0056542158
2023-05-24,INTC,-0.0045859218,-0.0071750879,-0.0020436645
2023-05-24,MSFT,-0.0059363246,0.025743484,0.0021010637
2023-05-24,NKE,0.012672782,0.0094629526,-0.025494993
2023-05-24,VZ,0.01638031,-0.00031632185,-0.0073845387
2023-05-24,WMT,0.026924372,0.0031963587,-0.0028352737
2023-05-25,AAPL,0.017395258,0.0026239157,-0.012286723
2023-05-25,AMGN,0.0082672834,0.0048218966,-0.010441661
2023-05-25,CRM,-0.013858974,-0.0050121546,-0.049890041
2023-05-25,CSCO,-0.016056359,-0.010765553,0.0020704269
2023-05-25,IBM,-0.0021039844,-0.0020542741,0.0011475086
2023-05-25,INTC,0.041022539,0.013136744,-0.017702997
2023-05-25,MSFT,-0.00090241432,0.021589875,-0.018151224
2023-05-25,NKE,0.012515068,0.030388832,-0.0073268414
2023-05-25,VZ,-0.033519745,0.017229795,-0.0076522827
2023-05-25,WMT,0.013477921,0.0074366331,-0.0033965111
2023-05-26,AAPL,0.0039453506,-0.0057662725,-0.029881835
2023-05-26,AMGN,-0.0028065443,0.0039514303,-0.017764747
2023-05-26,CRM,0.015076876,0.027559161,-0.033892214
2023-05-26,CSCO,-0.027885079,0.020399451,-0.018556714
2023-05-26,IBM,-0.0057625175,-0.0068252087,-0.0073949099
2023-05-26,INTC,-0.00017118454,0.007138133,-0.014664531
2023-05-26,MSFT,-0.015254796,0.02040863,-0.021945536
2023-05-26,NKE,0.0091384649,0.0067421198,-0.01509136
2023-05-26,VZ,-0.0088869333,-0.0012335181,-0.003087759
2023-05-26,WMT,-0.013701379,-0.0025323033,-0.001372993
2023-05-30,AAPL,0.019671321,0.0052685738,-0.043979704
2023-05-30,AMGN,-0.018769681,0.0256356,-0.020221174
2023-05-30,CRM,0.018503308,0.019619584,-0.0091012716
2023-05-30,CSCO,-0.018990934,0.0079306364,-0.0095434189
2023-05-30,IBM,0.0083259344,0.0087702274,-0.013251305
2023-05-30,INTC,0.00081551075,0.010921955,0.0005210638
2023-05-30,MSFT,0.040689111,-0.0040851235,-0.0027958155
2023-05-30,NKE,0.0079510212,0.028643966,-0.014140964
2023-05-30,VZ,0.0083663464,0.0044116974,-0.010869384
2023-05-30,WMT,-0.0043146014,0.0010122061,-0.0048196316
2023-05-31,AAPL,0.004810214,-0.0010687709,-0.0064997673
2023-05-31,AMGN,-0.0089472532,0.010902405,-0.022510529
2023-05-31,CRM,0.0075654984,0.021069646,-0.024704099
2023-05-31,CSCO,-0.004692018,0.001360178,-0.023040056
2023-05-31,IBM,-0.0031422973,0.017440319,-0.014974952
2023-05-31,INTC,0.021345854,-0.0013747811,-0.0011319518
2023-05-31,MSFT,0.0090210438,0.0024508238,0.0027608871
2023-05-31,NKE,0.00077259541,-0.0029188395,-0.0070394278
2023-05-31,VZ,-0.0067387819,0.022664309,0.0014467239
2023-05-31,WMT,-0.016827047,0.0079908371,-0.018788397
2023-06-01,AAPL,0.018354297,0.00021386147,-0.0092502236
2023-06-01,AMGN,-0.03480196,-0.0056681633,-0.0030776858
2023-06-01,CRM,-0.03226912,0.019366384,-0.00088858604
2023-06-01,CSCO,0.021340489,0.0025627613,-0.01125735
2023-06-01,IBM,-0.011380494,-4.8577785e-05,0.0011769533
2023-06-01,INTC,-0.0059794784,0.029038787,-0.016996324
2023-06-01,MSFT,0.030176401,0.0043429136,-0.0070858002
2023-06-01,NKE,0.016279936,0.015529871,-0.001994133
2023-06-01,VZ,-0.0048161745,-0.0040194392,-0.018531621
2023-06-01,WMT,-0.0063551664,-0.0036082864,-0.018637836
2023-06-02,AAPL,-0.01268667,0.0069621801,-0.036634445
2023-06-02,AMGN,-0.0021114945,0.007039547,-0.013737202
2023-06-02,CRM,-0.0022170544,0.016117573,-0.025353074
2023-06-02,CSCO,-0.003064692,0.011467814,-0.01304543
2023-06-02,IBM,-0.010599494,0.004019618,-0.0081398487
2023-06-02,INTC,-0.028834403,0.013987541,-0.0011381507
2023-06-02,MSFT,-0.013734818,0.022974253,-0.010169387
2023-06-02,NKE,-0.004955411,0.0030306578,-0.012732744
2023-06-02,VZ,0.0078761578,0.0077456236,0.011565208
2023-06-02,WMT,-0.003162384,0.011370182,0.0080652237
2023-06-05,AAPL,0.014152527,0.0085698366,0.00028610229
2023-06-05,AMGN,-0.012714028,0.018556476,-0.016714096
2023-06-05,CRM,0.02417624,0.012272835,-0.0007199049
2023-06-05,CSCO,-0.0034220815,0.017672062,0.0033177137
2023-06-05,IBM,0.0097583532,0.0062328577,0.012885332
2023-06-05,INTC,-0.024039924,0.015766382,-0.013131976
2023-06-05,MSFT,-0.031080484,-0.0073632002,-0.022585034
2023-06-05,NKE,-0.0018519163,0.01030314,-0.0099172592
2023-06-05,VZ,-0.020893157,0.0045681,-0.022155821
2023-06-05,WMT,-0.010176897,-0.00087070465,-0.0058143735
2023-06-06,AAPL,-0.0063966513,0.0042165518,-0.030112207
2023-06-06,AMGN,0.0013744831,0.012921333,0.0062818527
2023-06-06,CRM,-0.025474131,0.0028743744,-0.017046154
2023-06-06,CSCO,-0.011197865,0.010614157,-0.0013860464
2023-06-06,IBM,0.001583457,0.0019960403,-0.012743115
2023-06-06,INTC,0.028846741,0.017622828,-0.0064268708
2023-06-06,MSFT,0.018449903,0.031585813,-0.0082011223
2023-06-06,NKE,0.03097403,0.021066666,0.0024626255
2023-06-06,VZ,-0.007561326,-0.0096752048,-0.0060876608
2023-06-06,WMT,0.0081925392,0.0047256947,-0.0017300248
2023-06-07,AAPL,0.015481949,0.019449115,-0.0088273287
2023-06-07,AMGN,0.00804317,0.011862636,-0.021128535
2023-06-07,CRM,-0.028226078,0.024148464,-0.0058535933
2023-06-07,CSCO,-0.02050364,0.01278162,-0.015713692
2023-06-07,IBM,0.014957786,0.011313558,-0.022243023
2023-06-07,INTC,0.011893749,0.024973392,-0.019754589
2023-06-07,MSFT,-0.014350772,0.012399673,-0.020850539
2023-06-07,NKE,0.0030993223,0.011608839,-0.012398243
2023-06-07,VZ,-0.011076689,0.0099465847,0.011035919
2023-06-07,WMT,0.010992289,0.0069234371,-0.0044009089
2023-06-08,AAPL,-0.00036209822,0.018086195,-0.0054369569
2023-06-08,AMGN,-0.016431749,-0.0011060238,-0.013101876
2023-06-08,CRM,0.023234248,-0.00023978949,-0.022294581
2023-06-08,CSCO,-0.0036659241,-0.010088027,-0.023374915
2023-06-08,IBM,0.0085682869,-0.004316628,-0.0058514476
2023-06-08,INTC,-0.0069165826,0.0053853989,0.00066280365
2023-06-08,MSFT,-0.031318426,0.010823488,-0.0084316134
2023-06-08,NKE,-0.0020861626,0.00054585934,0.0098849535
2023-06-08,VZ,-0.0089649558,0.0079132318,0.001901269
2023-06-08,WMT,0.0086969137,0.0082178116,-0.0092351437
2023-06-09,AAPL,-0.011621416,0.010416746,-0.022233188
2023-06-09,AMGN,0.0069146156,0.013738155,0.020240426
2023-06-09,CRM,0.008920908,0.015766025,-0.0073866844
2023-06-09,CSCO,-0.013158381,0.0019675493,-0.019587457
2023-06-09,IBM,0.013907194,0.0029791594,0.002846837
2023-06-09,INTC,-0.012895107,0.0064871311,-0.022284806
2023-06-09,MSFT,0.012405515,0.010612726,-0.025422096
2023-06-09,NKE,-0.047610879,0.0088268518,-0.016655445
2023-06-09,VZ,-0.01489234,0.010191321,-0.021672428
2023-06-09,WMT,-0.00063711405,0.0048021078,-0.017114758
2023-06-12,AAPL,-0.0064601898,0.031488419,-0.011247635
2023-06-12,AMGN,-0.014901638,-0.025990188,-0.025915623
2023-06-12,CRM,-0.037664115,0.0024893284,-0.030147016
2023-06-12,CSCO,-0.017546892,0.017096162,-0.013748944
2023-06-12,IBM,0.0037715435,0.022858858,-0.0021921396
2023-06-12,INTC,0.019406557,0.00098562241,-0.0078675747
2023-06-12,MSFT,-0.0074928999,0.024870753,-0.018897235
2023-06-12,NKE,0.0063445568,0.0027793646,-0.020242929
2023-06-12,VZ,-0.017190576,0.0147084,-0.020370126
2023-06-12,WMT,-0.008464098,0.014695764,-0.0017540455
2023-06-13,AAPL,-0.026800096,-0.020258605,-0.019572794
2023-06-13,AMGN,-0.01490128,0.025926113,0.0057411194
2023-06-13,CRM,0.013909221,-0.0047897696,0.0088615417
2023-06-13,CSCO,-0.01084286,0.013927102,-0.027810216
2023-06-13,IBM,-0.01602006,0.0056598186,-0.00038951635
2023-06-13,INTC,-0.019393682,-0.0046703815,-0.026677907
2023-06-13,MSFT,-0.013598919,0.0015707016,-0.013180733
2023-06-13,NKE,0.010901213,0.021958828,-0.015047967
2023-06-13,VZ,-7.1227551e-05,0.0015251637,-0.0068383217
2023-06-13,WMT,0.0082399845,-0.0015653372,-0.0016531944
2023-06-14,AAPL,0.010230541,0.011782169,-0.032018661
2023-06-14,AMGN,0.0030517578,0.00052070618,-0.0051757097
2023-06-14,CRM,0.0070961714,0.031049728,-0.019257426
2023-06-14,CSCO,-0.0328601,0.00012183189,-0.016975582
2023-06-14,IBM,0.011664033,-0.012213767,-0.011377871
2023-06-14,INTC,0.019251466,0.029926419,-0.0061126351
2023-06-14,MSFT,-0.012121797,0.010718107,-0.010877252
2023-06-14,NKE,0.0068087578,0.02519989,-0.010525167
2023-06-14,VZ,-0.025527,-0.0063918829,0.01464355
2023-06-14,WMT,0.0005209446,0.018328547,-0.012084067
2023-06-15,AAPL,0.013042212,0.045390964,-0.016583085
2023-06-15,AMGN,-0.042798817,0.0048561096,0.0029292107
2023-06-15,CRM,0.0027205944,0.015516043,-0.016775429
2023-06-15,CSCO,-0.0016971231,0.02148366,-0.011599302
2023-06-15,IBM,0.00037765503,0.0043057203,-0.013881624
2023-06-15,INTC,-0.016485989,-0.0023705959,-0.0028262138
2023-06-15,MSFT,0.030224085,0.011343837,-0.0073065162
2023-06-15,NKE,-0.018337548,0.0041217804,-0.013455272
2023-06-15,VZ,-0.0091056824,0.013476133,0.0037603378
2023-06-15,WMT,0.004868269,0.0050975084,-0.013181865
2023-06-16,AAPL,-0.00012552738,0.0047041178,-0.0096745491
2023-06-16,AMGN,-0.03579396,-0.0046645999,-0.018637002
2023-06-16,CRM,-0.0084291697,0.018353105,-0.025327325
2023-06-16,CSCO,-0.029532671,0.011910915,-0.029798031
2023-06-16,IBM,0.0080937147,0.010621667,-0.015248775
2023-06-16,INTC,-0.0090287328,0.017632484,-0.021050394
2023-06-16,MSFT,0.015380144,0.00035071373,-0.021214187
2023-06-16,NKE,-0.029472053,0.0085291862,-0.0087537169
2023-06-16,VZ,-0.0059220195,0.0022598505,-0.0042098165
2023-06-16,WMT,0.007683754,-0.0030391812,-0.010256588
2023-06-20,AAPL,0.01157701,0.014936805,0.0062369108
2023-06-20,AMGN,-0.022355556,0.0055887699,-0.0088323355
2023-06-20,CRM,0.022400975,0.038407922,-0.0005209446
2023-06-20,CSCO,-0.025977433,-0.0010747313,-8.0525875e-05
2023-06-20,IBM,0.0069354773,0.0017508268,-0.016552746
2023-06-20,INTC,-0.01766032,0.0043668747,-0.015798986
2023-06-20,MSFT,-0.032298684,-0.00073516369,-0.0091284513
2023-06-20,NKE,-0.012370765,0.014294744,-0.020394444
2023-06-20,VZ,0.011932135,0.0034065247,0.0051655769
2023-06-20,WMT,0.011920094,0.012602329,0.0063120127
2023-06-21,AAPL,0.0060915947,0.00078344345,0.003023386
2023-06-21,AMGN,0.003025651,0.0194695,-0.0020996332
2023-06-21,CRM,0.042920232,0.017204523,0.0022000074
2023-06-21,CSCO,-0.038965285,0.018531322,-0.012418747
2023-06-21,IBM,-0.005933702,0.019138575,-0.0049734712
2023-06-21,INTC,-0.013408065,-0.0056964159,-0.0050891638
2023-06-21,MSFT,0.033228874,0.025378585,-0.018854856
2023-06-21,NKE,0.01094842,0.01457572,-0.012947083
2023-06-21,VZ,-0.0073366761,0.00050234795,-0.0016607046
2023-06-21,WMT,-0.01637876,-0.0017374158,-0.014381647
2023-06-22,AAPL,-0.0068771839,0.0069997311,-0.0010430813
2023-06-22,AMGN,-0.012819827,0.00033378601,0.0045285225
2023-06-22,CRM,0.032044888,0.01413691,-0.0084244013
2023-06-22,CSCO,-0.02510196,0.034155488,0.0044461489
2023-06-22,IBM,-0.027511895,0.012901783,-0.017743409
2023-06-22,INTC,0.019130349,-0.0025591254,-0.0010100603
2023-06-22,MSFT,0.0095493793,0.00057888031,0.0072922707
2023-06-22,NKE,-0.0062357187,0.031644702,-0.012891769
2023-06-22,VZ,-0.028141201,0.0021533966,-0.0047900677
2023-06-22,WMT,-0.017765105,0.00054013729,-0.0048773289
2023-06-23,AAPL,0.0032655001,-0.0024378896,-0.0074738264
2023-06-23,AMGN,0.0043984652,0.024845123,-0.019740164
2023-06-23,CRM,-0.059574962,-0.0057907104,-0.017899513
2023-06-23,CSCO,0.0041034222,0.014547229,-0.019333482
2023-06-23,IBM,-0.014148533,0.022482634,-0.0057213306
2023-06-23,INTC,0.023681045,0.013815999,-0.015091777
2023-06-23,MSFT,-0.0030485392,0.0092750788,-0.0170542
2023-06-23,NKE,-0.014807999,0.022639155,-0.01209116
2023-06-23,VZ,-0.0092084408,0.027047992,-0.016230345
2023-06-23,WMT,-0.021618962,0.0026032925,-0.01640743
2023-06-26,AAPL,-0.0038890243,0.013754725,-0.013935566
2023-06-26,AMGN,-0.0044338107,0.021178722,-0.0072997808
2023-06-26,CRM,0.011475682,-0.0049613118,-0.050823569
2023-06-26,CSCO,0.011715293,-0.00018250942,-0.018339396
2023-06-26,IBM,-0.0013778806,0.019811988,-0.0078983307
2023-06-26,INTC,0.022818089,0.022676945,0.0060886145
2023-06-26,MSFT,-0.0011951327,0.010513902,0.010938883
2023-06-26,NKE,0.037557602,0.00022494793,-0.0081523061
2023-06-26,VZ,-0.028777719,0.013551712,0.0099785328
2023-06-26,WMT,-0.012139559,0.016018748,1.6331673e-05
2023-06-27,AAPL,-0.010438323,0.0054415464,0.00037193298
2023-06-27,AMGN,-0.0012198091,-0.00097799301,-0.019465327
2023-06-27,CRM,-0.0058749914,0.029655337,-0.014855087
2023-06-27,CSCO,-0.011871278,0.010741353,-0.02023226
2023-06-27,IBM,-0.009144783,0.010997534,-0.015242159
2023-06-27,INTC,-0.033383489,0.0057225227,-0.010253131
2023-06-27,MSFT,0.023048878,0.0024497509,-0.011855781
2023-06-27,NKE,0.026976705,0.025822997,0.010132432
2023-06-27,VZ,-0.0087643266,0.0037529469,-0.0019586086
2023-06-27,WMT,-0.0023355484,-0.0032436848,-0.013168216
2023-06-28,AAPL,0.0015220642,0.0067720413,-0.0084734559
2023-06-28,AMGN,-0.037291884,0.011208534,-0.0083302259
2023-06-28,CRM,-0.0078835487,-0.024103761,-0.015861034
2023-06-28,CSCO,0.0019248724,-0.0061536431,-0.0058584809
2023-06-28,IBM,-0.010263562,0.012053847,-0.0066193342
2023-06-28,INTC,0.007263422,0.0025508404,-0.00045621395
2023-06-28,MSFT,0.018681765,0.0026013851,-0.0048635602
2023-06-28,NKE,0.011792779,0.0016958714,-0.018041253
2023-06-28,VZ,-0.014625609,0.0020906925,-0.0062475801
2023-06-28,WMT,-0.012071252,0.0055867434,-0.0079091191
2023-06-29,AAPL,0.0065761805,0.016149879,-0.035055101
2023-06-29,AMGN,-0.0038195848,0.014626265,0.0039875507
2023-06-29,CRM,-0.044415712,0.046203971,0.025743604
2023-06-29,CSCO,0.030017376,0.010870576,-0.012440443
2023-06-29,IBM,-0.018189907,0.00034034252,-0.0050830245
2023-06-29,INTC,-0.011277437,0.0017677546,-0.017162025
2023-06-29,MSFT,-0.0061838627,0.0037651062,-0.012679636
2023-06-29,NKE,-0.016286373,0.0059280396,-0.028464556
2023-06-29,VZ,-0.024636805,0.0037902594,-0.0089773536
2023-06-29,WMT,0.021290421,0.00039029121,-0.0053648949
2023-06-30,AAPL,0.0042227507,-0.010808647,-0.014670491
2023-06-30,AMGN,0.014529467,0.010452032,-0.0079555511
2023-06-30,CRM,-0.028750062,0.011158228,-0.0019080639
2023-06-30,CSCO,-0.038936973,-0.00090068579,-0.0036298037
2023-06-30,IBM,-0.000654459,0.013852119,-0.0087433457
2023-06-30,INTC,0.027504802,0.018019438,-0.015082002
2023-06-30,MSFT,-0.0041053891,0.024049759,-0.035054088
2023-06-30,NKE,-0.026745081,-0.0051115155,-0.0073537827
2023-06-30,VZ,0.0024491549,0.021569848,-0.0078617334
2023-06-30,WMT,-0.0054969788,0.014614224,0.0051990747
2023-07-03,AAPL,-0.01237458,-0.0059563518,0.015666842
2023-07-03,AMGN,-0.0010755062,0.020158768,-0.012068272
2023-07-03,CRM,-0.026474178,0.027363896,-0.019016922
2023-07-03,CSCO,0.00075352192,0.020025849,-0.025460005
2023-07-03,IBM,-0.0049525499,0.00032019615,-0.0036649704
2023-07-03,INTC,-0.028880954,0.01027298,-0.015015185
2023-07-03,MSFT,0.005592823,0.0029008389,-0.0078349113
2023-07-03,NKE,-0.0087813139,-0.0028284192,-0.01752317
2023-07-03,VZ,0.016289473,0.0089722872,-0.005140245
2023-07-03,WMT,0.023694634,0.0078173876,-0.0020498633
2023-07-05,AAPL,-0.011079013,0.029555917,-0.022345781
2023-07-05,AMGN,0.023404717,0.0069967508,0.015831232
2023-07-05,CRM,-0.0072295666,0.010684133,-0.021464884
2023-07-05,CSCO,-0.010124087,0.027932048,-0.016350627
2023-07-05,IBM,-0.013469815,0.0080137253,0.0071095228
2023-07-05,INTC,0.0036597252,0.014321804,-0.0044814348
2023-07-05,MSFT,0.0167979,0.006216526,-0.022495329
2023-07-05,NKE,0.015039444,0.017780185,-0.0020739436
2023-07-05,VZ,-0.0055246353,0.0032808781,-0.030070662
2023-07-05,WMT,-0.01781261,0.0084974766,-0.0055462718
2023-07-06,AAPL,-0.0093972087,-0.011262178,-0.01704663
2023-07-06,AMGN,0.0041364431,-0.0010014176,-0.0090269446
2023-07-06,CRM,-0.013918877,0.033012986,-0.014517725
2023-07-06,CSCO,-0.0037193894,0.0097798109,-0.019743204
2023-07-06,IBM,-0.0044953227,0.022835493,0.0038397312
2023-07-06,INTC,-0.031585634,0.018085361,-0.0030820966
2023-07-06,MSFT,-0.0057988763,-4.6551228e-05,0.0057940483
2023-07-06,NKE,0.014336467,0.024713397,-0.0026627183
2023-07-06,VZ,0.0086003542,-0.0031177402,-0.012986839
2023-07-06,WMT,-0.0033601522,0.027454972,-0.010568202
2023-07-07,AAPL,-0.0014711618,0.0077829361,0.0067136288
2023-07-07,AMGN,0.0053318739,-0.0031608939,0.0081478357
2023-07-07,CRM,-0.0010359883,-0.00058972836,-0.025942385
2023-07-07,CSCO,0.016256213,0.0037233829,-0.0080364347
2023-07-07,IBM,0.0046993494,0.0067958832,0.0036113262
2023-07-07,INTC,-0.023266077,0.0089635849,-0.010210454
2023-07-07,MSFT,0.00087547302,-0.0040012598,-0.011046171
2023-07-07,NKE,0.012604117,-0.0045058727,0.0020748377
2023-07-07,VZ,-0.034995019,-0.0078732967,-0.018908918
2023-07-07,WMT,0.0074579716,0.0051070452,-0.003387928
2023-07-10,AAPL,-0.055752099,0.015359998,0.015425682
2023-07-10,AMGN,-0.039700031,0.016112447,-0.0077072978
2023-07-10,CRM,-0.012052059,0.031776786,-0.022961557
2023-07-10,CSCO,0.031147957,0.027019501,-0.0059733391
2023-07-10,IBM,0.00031471252,0.015020132,-0.0072898865
2023-07-10,INTC,0.018365502,0.0019944906,-0.011134505
2023-07-10,MSFT,0.0052629709,0.016805172,-0.022206903
2023-07-10,NKE,0.016606092,0.0042325258,-0.00028115511
2023-07-10,VZ,-0.012821198,0.0082683563,-0.0065690279
2023-07-10,WMT,0.024940491,0.0014106035,-0.017375112
2023-07-11,AAPL,0.018723369,0.02137804,-0.014220893
2023-07-11,AMGN,0.021775365,0.011091828,-0.0067431927
2023-07-11,CRM,-0.036191404,-0.0088070035,0.019117355
2023-07-11,CSCO,0.012447119,0.0027935505,0.0070469379
2023-07-11,IBM,0.013221741,0.02009654,-0.011041701
2023-07-11,INTC,-0.022425532,0.0075773001,-0.011061192
2023-07-11,MSFT,-0.01922667,0.014076829,-0.0082862973
2023-07-11,NKE,-0.020748019,3.8146973e-06,-0.0059954524
2023-07-11,VZ,-0.013818681,0.014262795,0.00050401688
2023-07-11,WMT,-0.0074337721,0.013972282,-0.01045996
2023-07-12,AAPL,-0.045728266,0.024535418,-0.014214873
2023-07-12,AMGN,0.0092023611,0.019185543,-0.016803384
2023-07-12,CRM,0.017052412,0.023477674,-0.034551382
2023-07-12,CSCO,0.042757869,0.0050951242,-0.0014100075
2023-07-12,IBM,-0.0057032108,0.0093683004,-0.0012418628
2023-07-12,INTC,0.0042799711,0.015655637,-0.018902302
2023-07-12,MSFT,-0.0075674653,0.015551448,-0.02887851
2023-07-12,NKE,-0.038001239,0.017673731,0.0017297268
2023-07-12,VZ,-0.0032081008,-0.011201322,-0.0091763139
2023-07-12,WMT,0.0070694685,0.011735678,-0.004165709
2023-07-13,AAPL,-0.011530697,0.0033041239,0.0076622963
2023-07-13,AMGN,0.00041806698,0.0080566406,0.0027606487
2023-07-13,CRM,0.032964349,0.027859211,0.00038743019
2023-07-13,CSCO,-0.0021344423,-0.0004645586,-0.01130724
2023-07-13,IBM,-0.0026991963,0.0037207603,-0.0033146143
2023-07-13,INTC,0.0089943409,0.0064975023,-0.022351742
2023-07-13,MSFT,0.019737244,0.021309257,-0.00069642067
2023-07-13,NKE,-0.020535588,-0.0077548623,-0.013564765
2023-07-13,VZ,0.012595773,0.012684703,-0.0012289286
2023-07-13,WMT,-0.015039504,0.0072542429,-0.0088745356
2023-07-14,AAPL,0.026891947,0.0029298067,-0.012298048
2023-07-14,AMGN,0.010008097,8.7380409e-05,-0.013647079
2023-07-14,CRM,-0.023642898,0.023513556,-0.0044257641
2023-07-14,CSCO,-9.5367432e-05,0.0036184788,-0.025603473
2023-07-14,IBM,-0.009119451,0.016806006,0.0025736094
2023-07-14,INTC,0.022182465,0.014308333,0.0053248405
2023-07-14,MSFT,-0.014094114,0.0033954382,0.0019159317
2023-07-14,NKE,-0.0071901679,-0.019656777,-0.02478832
2023-07-14,VZ,-0.021318018,0.0097793341,-0.023378134
2023-07-14,WMT,-0.012421072,0.0077784061,-0.013103664
2023-07-17,AAPL,0.0085657835,0.018175721,-0.01069057
2023-07-17,AMGN,-0.0036748052,0.012013674,0.0041689873
2023-07-17,CRM,0.015467525,0.014817834,-0.017544091
2023-07-17,CSCO,-0.0079881549,0.01611495,-0.016923845
2023-07-17,IBM,0.0015542507,0.0091042519,-0.0052452087
2023-07-17,INTC,0.024704456,-0.013994038,-0.0032522678
2023-07-17,MSFT,-0.0020546317,0.010164738,-0.0085369349
2023-07-17,NKE,0.018585086,0.016871929,-0.0026797652
2023-07-17,VZ,-0.0059757829,-0.00025510788,0.0010784864
2023-07-17,WMT,-0.018449068,0.011865616,-0.018324137
2023-07-18,AAPL,0.0058671236,0.020934582,-0.0094338059
2023-07-18,AMGN,0.024388909,0.0012613535,-0.007874608
2023-07-18,CRM,0.01718843,0.034522295,-0.020223856
2023-07-18,CSCO,-0.015862405,0.0038925409,-0.01313889
2023-07-18,IBM,0.020657182,0.0042407513,-0.0096954703
2023-07-18,INTC,-0.035689533,-0.012576818,-0.017179728
2023-07-18,MSFT,-0.012775958,0.013407707,-0.015540004
2023-07-18,NKE,-0.011249363,0.0252316,0.016020775
2023-07-18,VZ,0.0011271238,-0.011651039,-0.0099134445
2023-07-18,WMT,-0.0073536038,0.0086928606,-0.018616199
2023-07-19,AAPL,-0.022426784,-0.0015712976,-0.038832188
2023-07-19,AMGN,-0.019316912,0.020511508,-0.016013741
2023-07-19,CRM,0.0091611147,0.038778067,-0.016372204
2023-07-19,CSCO,0.0030617714,0.0078084469,-0.010441303
2023-07-19,IBM,0.010013342,-0.0026273727,0.00037193298
2023-07-19,INTC,-0.019776285,-0.00096446276,-0.021016121
2023-07-19,MSFT,3.9815903e-05,0.017380714,-0.0024200082
2023-07-19,NKE,-0.0052497983,-0.0017623305,-0.013480306
2023-07-19,VZ,0.0069012642,0.013742685,-0.006542623
2023-07-19,WMT,0.01641655,0.011588097,-0.014057934
2023-07-20,AAPL,0.015298605,0.015448809,-0.035757959
2023-07-20,AMGN,-0.018806338,0.0030577183,-0.0023015738
2023-07-20,CRM,0.0092885494,-0.0015464425,-0.019807041
2023-07-20,CSCO,0.0029565096,0.024840951,-0.0093279481
2023-07-20,IBM,0.019783616,0.0083181858,-0.0090714693
2023-07-20,INTC,-0.024541616,0.0082330704,-0.016268015
2023-07-20,MSFT,0.0060040951,0.0065069199,-0.012334883
2023-07-20,NKE,-0.027915657,0.0062739849,-0.0028178096
2023-07-20,VZ,-0.010938108,0.025428414,-0.0060321689
2023-07-20,WMT,0.0069539547,0.0018955469,-0.019337416
2023-07-21,AAPL,0.012899995,0.023540378,-0.018459678
2023-07-21,AMGN,0.011615038,0.012213707,-0.01336509
2023-07-21,CRM,-0.019847989,0.014080405,-0.015339911
2023-07-21,CSCO,-0.020810425,0.014401913,-0.019058526
2023-07-21,IBM,-0.010936916,0.0035384893,-0.018729866
2023-07-21,INTC,-0.054529428,0.006000638,-0.0018625259
2023-07-21,MSFT,-0.0061361194,0.0035411119,-0.015383244
2023-07-21,NKE,-0.0060649514,0.01063776,-0.018164039
2023-07-21,VZ,-0.0033938885,0.020128846,0.0081384182
2023-07-21,WMT,-0.0059634447,0.0094641447,-0.0097702146
2023-07-24,AAPL,-0.017555654,0.029350281,-0.014365792
2023-07-24,AMGN,-0.0061710477,0.010426164,-0.0055496097
2023-07-24,CRM,0.00091052055,-0.011859179,-0.026864231
2023-07-24,CSCO,-0.0057482123,-0.0077726245,-0.0051237941
2023-07-24,IBM,-0.023117959,-0.0018239617,-0.015552461
2023-07-24,INTC,0.0073827505,0.010481119,-0.0022040606
2023-07-24,MSFT,-0.026118755,0.0011301041,-0.0069813132
2023-07-24,NKE,-0.01376605,0.012292624,-0.014774799
2023-07-24,VZ,0.0018535852,0.0048651695,0.0045486689
2023-07-24,WMT,0.01546073,0.003469348,-0.006894052
2023-07-25,AAPL,0.01030755,0.029101729,-0.0027194023
2023-07-25,AMGN,-0.0081076026,-0.002613008,-0.011609077
2023-07-25,CRM,0.011879802,-0.0032261014,-0.008528173
2023-07-25,CSCO,0.017694354,0.010191798,-0.0094239712
2023-07-25,IBM,0.0060292482,0.0071312189,-0.002073288
2023-07-25,INTC,0.0097675323,-0.0014102459,-0.016548276
2023-07-25,MSFT,-0.0039639473,-0.0018610358,-0.0037398934
2023-07-25,NKE,0.0096341372,-0.00038182735,-0.014155328
2023-07-25,VZ,0.001683116,0.015075088,-0.014496803
2023-07-25,WMT,-0.0053604841,0.01429975,-0.018143892
2023-07-26,AAPL,-0.019187212,0.023442268,-0.017513335
2023-07-26,AMGN,0.013539672,0.0013207197,-0.015786052
2023-07-26,CRM,0.0021494627,-0.019880772,-0.00014424324
2023-07-26,CSCO,0.010617971,0.02096498,-0.0066241622
2023-07-26,IBM,0.019045949,0.0029084682,-0.0055941939
2023-07-26,INTC,0.00047326088,0.0027397871,-0.007879734
2023-07-26,MSFT,0.027253151,0.021017432,-0.0045456886
2023-07-26,NKE,-0.0064274073,0.011726737,-0.015871227
2023-07-26,VZ,-0.033177257,0.01521194,-0.010862112
2023-07-26,WMT,-0.0063055158,0.0012811422,-0.0068916082
2023-07-27,AAPL,-0.012632966,0.03435266,-0.0093271136
2023-07-27,AMGN,-0.016278207,0.027385592,-0.016926825
2023-07-27,CRM,0.012938261,0.020915747,0.015358806
2023-07-27,CSCO,-0.0091008544,-0.0050454736,-0.003418088
2023-07-27,IBM,-0.00090664625,-0.003118515,-0.010465324
2023-07-27,INTC,0.00054883957,-0.0020865202,-0.013451159
2023-07-27,MSFT,0.028019667,0.0048183203,-0.0045276284
2023-07-27,NKE,-0.0055116415,0.001722455,0.0026899576
2023-07-27,VZ,-0.013693273,-0.0071683526,-0.0054726005
2023-07-27,WMT,0.0036245584,0.0027481318,0.0022855997
2023-07-28,AAPL,0.01123023,0.017907619,-0.013825715
2023-07-28,AMGN,-0.037685752,0.0087134838,-0.012865663
2023-07-28,CRM,0.0063592196,0.028764725,-0.026650727
2023-07-28,CSCO,-0.010312855,0.036846638,-0.017770648
2023-07-28,IBM,0.01643002,0.0077494383,-0.0011723042
2023-07-28,INTC,0.0015715361,0.01435709,0.013416052
2023-07-28,MSFT,-0.0070463419,-0.00095331669,-0.017790735
2023-07-28,NKE,-0.0083363652,0.018493056,0.00013947487
2023-07-28,VZ,0.021205425,0.012977362,-0.011418223
2023-07-28,WMT,-0.0055051446,0.0075899363,-0.0016919971
2023-07-31,AAPL,-0.026347339,-0.0071148276,-0.017670631
2023-07-31,AMGN,0.011157751,0.006020546,-0.0044105053
2023-07-31,CRM,-0.016341686,-0.00028121471,-0.018866658
2023-07-31,CSCO,-0.03002739,0.015881419,-0.0084208846
2023-07-31,IBM,-0.019711673,0.016875982,-0.0023334622
2023-07-31,INTC,-0.024214864,0.017630219,-0.023013115
2023-07-31,MSFT,-0.0081020594,-0.0035484433,-0.0086697936
2023-07-31,NKE,-0.0052248836,0.00015091896,-0.015486717
2023-07-31,VZ,0.003485918,0.0069859028,0.0093491077
2023-07-31,WMT,-0.019043267,0.0061799288,-0.015789688
2023-08-01,AAPL,-0.018711329,-0.0047022104,0.00022113323
2023-08-01,AMGN,-0.019576848,0.011387825,0.0025576353
2023-08-01,CRM,0.0089226961,-0.0026785135,-0.00069743395
2023-08-01,CSCO,0.010385513,0.010966182,-0.0026394129
2023-08-01,IBM,0.010773063,0.0088350773,-0.00034105778
2023-08-01,INTC,-0.00025981665,-0.018314123,-0.02078104
2023-08-01,MSFT,0.012813091,0.0023390055,-0.0078953505
2023-08-01,NKE,-0.013268232,0.015354514,0.012184978
2023-08-01,VZ,-0.0096679926,0.013879776,-0.013031363
2023-08-01,WMT,-0.015636027,0.010202527,-0.022946239
2023-08-02,AAPL,-0.013123095,0.022574306,0.005667448
2023-08-02,AMGN,-0.013464451,0.011948586,0.0091999769
2023-08-02,CRM,0.0010806322,0.033207774,-0.022246778
2023-08-02,CSCO,-0.018283188,0.0014436245,-0.029427052
2023-08-02,IBM,0.0053106546,-0.0040078759,-0.010063291
2023-08-02,INTC,-0.035502613,0.022332549,-0.016115785
2023-08-02,MSFT,-0.02853781,0.0012407303,-0.024305582
2023-08-02,NKE,-0.0054218769,0.011949539,-0.017869413
2023-08-02,VZ,-0.0025920272,0.013259888,0.0079395771
2023-08-02,WMT,0.010164022,0.012408733,-0.011394739
2023-08-03,AAPL,-0.009788394,0.01454556,-0.0009380579
2023-08-03,AMGN,0.010281324,0.0085432529,-0.00098490715
2023-08-03,CRM,0.0023519993,-0.010644376,-0.014767945
2023-08-03,CSCO,0.0092161894,0.013607502,-0.014077425
2023-08-03,IBM,-0.01709342,0.019325137,-0.0082252026
2023-08-03,INTC,0.0016945601,0.011299968,0.0092265606
2023-08-03,MSFT,0.020196915,0.0044271946,0.0061819553
2023-08-03,NKE,0.019295335,0.01602757,0.0024530888
2023-08-03,VZ,-0.016530395,0.010688543,-0.012946665
2023-08-03,WMT,-0.031363666,0.010876536,-0.0041764379
2023-08-04,AAPL,0.016117334,0.01314044,-0.019453168
2023-08-04,AMGN,0.023314238,0.012169003,-0.0049867034
2023-08-04,CRM,-0.014697373,0.023608446,-0.042528152
2023-08-04,CSCO,-0.031662285,0.007853508,-0.025559545
2023-08-04,IBM,-0.022819102,0.009221077,-0.013328671
2023-08-04,INTC,-0.0041941404,0.0027220249,-0.020299435
2023-08-04,MSFT,-0.013230503,0.022490859,-0.0070106387
2023-08-04,NKE,0.0017340183,0.0086935759,0.017999411
2023-08-04,VZ,-0.015742719,0.0023425817,0.0082936287
2023-08-04,WMT,0.014061332,0.011820316,-0.010033369
2023-08-07,AAPL,0.04580462,0.01484704,-0.01736182
2023-08-07,AMGN,-0.019768596,0.0086688995,-0.0077494979
2023-08-07,CRM,0.0062383413,0.031604409,-0.020432889
2023-08-07,CSCO,-0.012335598,0.012387633,0.00042378902
2023-08-07,IBM,-0.016491413,0.005146265,-0.01483202
2023-08-07,INTC,0.02081573,0.0091068745,0.0075327158
2023-08-07,MSFT,-0.0027070642,0.01055038,-0.0036677122
2023-08-07,NKE,-0.0016439557,0.0060003996,0.0061243773
2023-08-07,VZ,-0.022731304,-0.0085659623,0.00044763088
2023-08-07,WMT,0.0070700645,0.0013388395,0.0085091591
2023-08-08,AAPL,-0.0030053258,0.01623559,-0.013226688
2023-08-08,AMGN,0.025006771,0.011612415,0.00098586082
2023-08-08,CRM,-0.015273273,-0.0088364482,-0.015777647
2023-08-08,CSCO,0.02633059,0.010144114,-0.010676622
2023-08-08,IBM,-0.0057910085,0.001942277,-0.0029435158
2023-08-08,INTC,0.00082743168,0.012441874,0.0004901886
2023-08-08,MSFT,-0.033101857,0.015707493,-0.01072824
2023-08-08,NKE,-0.0017837286,0.011562228,-0.0013426542
2023-08-08,VZ,-0.017542303,0.017303586,-0.020444453
2023-08-08,WMT,0.0047461987,0.0065786839,-0.0046423078
2023-08-09,AAPL,0.0050212145,-0.016434431,-0.036414504
2023-08-09,AMGN,-0.024713993,-0.001983285,0.014609218
2023-08-09,CRM,-0.013188422,-0.00036299229,-0.027130306
2023-08-09,CSCO,0.0141505,0.015363693,-0.019326985
2023-08-09,IBM,-0.0061010718,0.012550116,-0.017309606
2023-08-09,INTC,0.017059684,0.014851332,0.008507967
2023-08-09,MSFT,0.019045115,0.0090613365,-0.0033960938
2023-08-09,NKE,-0.0035665631,0.0067964792,-0.00867939
2023-08-09,VZ,-0.0074571967,0.0089838505,-0.012244105
2023-08-09,WMT,0.014518619,0.011383772,0.0052112341
2023-08-10,AAPL,-0.033783615,0.011690855,-0.013047516
2023-08-10,AMGN,0.0067021847,0.016972184,-0.003656745
2023-08-10,CRM,-0.030257821,0.0038226843,-0.035962641
2023-08-10,CSCO,-0.013920903,0.013365984,-0.022293091
2023-08-10,IBM,-0.0056241751,0.0099848509,-0.0017493367
2023-08-10,INTC,-0.03767544,0.017954588,-0.018040895
2023-08-10,MSFT,-0.012848914,-0.0036361217,-0.0010288954
2023-08-10,NKE,0.0046780109,0.018109322,-0.023487329
2023-08-10,VZ,-0.0039225221,0.0072804689,-0.010153115
2023-08-10,WMT,0.0042308569,0.014871955,-0.0098136067
2023-08-11,AAPL,0.0055872202,0.015568733,0.0038919449
2023-08-11,AMGN,0.0035715103,0.026219249,-0.014293969
2023-08-11,CRM,-0.012672186,0.031379104,-0.022475541
2023-08-11,CSCO,0.0032752752,0.023743749,-0.026578724
2023-08-11,IBM,-0.0070298314,0.01739645,0.0011818409
2023-08-11,INTC,-0.026600957,0.0049079657,-0.0096555948
2023-08-11,MSFT,0.016026616,0.00064027309,-0.00090277195
2023-08-11,NKE,0.0026450157,-0.010151148,-0.0051876903
2023-08-11,VZ,0.013090372,-0.0043296814,-0.0033044219
2023-08-11,WMT,-0.025627375,-0.0040405989,-0.025439858
2023-08-14,AAPL,-0.033580005,0.011609316,-0.0065071583
2023-08-14,AMGN,0.0026417971,0.013199925,-0.017964721
2023-08-14,CRM,-0.026363254,0.022863388,0.011757493
2023-08-14,CSCO,-0.0016950369,0.015778899,-0.0099703074
2023-08-14,IBM,-0.01133877,0.013338447,0.0011703968
2023-08-14,INTC,0.012700915,0.012037635,-0.016033351
2023-08-14,MSFT,0.0022109747,-0.0024980307,-0.007248342
2023-08-14,NKE,0.0019623041,0.012785077,-0.017650545
2023-08-14,VZ,-0.0046360493,0.0054244995,-0.011025131
2023-08-14,WMT,-0.009375155,0.010537863,0.005730629
2023-08-15,AAPL,-0.029045522,0.013928175,-0.003482163
2023-08-15,AMGN,0.0015552044,0.015699387,-0.0088909268
2023-08-15,CRM,0.023570538,0.01507175,-0.033675909
2023-08-15,CSCO,-0.030606031,0.030199409,0.0025672913
2023-08-15,IBM,0.0030671358,0.0077507496,-8.0943108e-05
2023-08-15,INTC,0.012223363,0.017871737,-0.0025790334
2023-08-15,MSFT,-0.0056663752,0.018292308,-0.02503413
2023-08-15,NKE,-0.00091397762,0.0086628199,-0.0096535087
2023-08-15,VZ,-0.0046719313,0.0030459166,0.019048333
2023-08-15,WMT,-0.016101301,0.015263557,-0.0010808706
2023-08-16,AAPL,-0.0010008216,-0.00049161911,-0.0067057014
2023-08-16,AMGN,-0.0072711706,0.017003179,-0.0015896559
2023-08-16,CRM,-0.00010168552,0.0058953762,-0.011932313
2023-08-16,CSCO,-8.8989735e-05,0.0092408657,0.005695343
2023-08-16,IBM,-0.01908052,0.021864533,-0.011576414
2023-08-16,INTC,-0.0072088838,0.0043741465,-0.013985515
2023-08-16,MSFT,-0.023837268,0.0047707558,-0.028348505
2023-08-16,NKE,-0.018096328,-0.00069314241,-0.0038081408
2023-08-16,VZ,-0.026918828,0.018859863,-0.006084621
2023-08-16,WMT,-0.0098237395,0.00098454952,-0.0048520565
2023-08-17,AAPL,0.0020757914,0.0084388256,-0.0037031174
2023-08-17,AMGN,-0.0019712448,0.023752928,-0.023171425
2023-08-17,CRM,0.016382813,-0.020429194,-0.0034433603
2023-08-17,CSCO,-0.0085558295,0.0016866922,-0.0079891682
2023-08-17,IBM,-0.017756224,0.019109249,-0.0030053854
2023-08-17,INTC,-0.0074278116,0.017020226,-0.01736933
2023-08-17,MSFT,0.033955574,-0.0075467229,-0.01119256
2023-08-17,NKE,-0.01676178,0.0039379597,0.013163328
2023-08-17,VZ,-0.010791719,0.005487442,-0.0024292469
2023-08-17,WMT,-0.011339426,0.0057041645,0.00089430809
2023-08-18,AAPL,-0.0029067397,0.0058777332,-0.0096806288
2023-08-18,AMGN,-0.015965462,0.010939002,-0.03432554
2023-08-18,CRM,-0.030947149,0.013629556,-0.045313478
2023-08-18,CSCO,-0.03461957,-0.0023670197,-0.01222676
2023-08-18,IBM,0.014950871,0.014427781,-0.0022079945
2023-08-18,INTC,-0.014048398,0.018190384,-0.011757135
2023-08-18,MSFT,0.012910724,-0.015472591,0.0032727718
2023-08-18,NKE,-0.0086061358,0.01605916,-0.0098187923
2023-08-18,VZ,-0.0068690181,0.01145792,-0.011026859
2023-08-18,WMT,-0.00038999319,0.00095939636,0.014181495
2023-08-21,AAPL,0.0081189871,-0.0016557574,-0.03624469
2023-08-21,AMGN,0.032310963,0.020171881,-0.013435483
2023-08-21,CRM,0.013441205,0.013815165,-0.024537921
2023-08-21,CSCO,-0.02044487,-0.015251517,-0.016252995
2023-08-21,IBM,-0.0074441433,0.012453437,-0.0030553937
2023-08-21,INTC,0.014021993,0.018606186,-0.0077551007
2023-08-21,MSFT,-0.010384738,-0.0067973733,-0.01688844
2023-08-21,NKE,-0.020871818,0.0019267797,0.012779713
2023-08-21,VZ,-0.046432495,0.0034356117,0.0086034536
2023-08-21,WMT,-0.015496075,0.022556305,-0.010170817
2023-08-22,AAPL,-0.024661243,-0.0040991306,-0.027917266
2023-08-22,AMGN,0.016403913,0.0017066002,-0.0032567978
2023-08-22,CRM,0.017203689,0.02868259,-0.0086432099
2023-08-22,CSCO,0.018043756,0.018382549,-0.012309492
2023-08-22,IBM,-0.008705914,0.0035820007,-0.012509227
2023-08-22,INTC,-0.0054773092,-0.010744095,0.00012075901
2023-08-22,MSFT,0.0118258,0.0089308023,-0.0066586733
2023-08-22,NKE,-0.034709215,0.01933217,0.0080120564
2023-08-22,VZ,-0.003639102,0.0057896376,-0.010988832
2023-08-22,WMT,-0.0096623302,0.022040367,-0.018198848
2023-08-23,AAPL,-0.013444006,0.018575549,-0.024554789
2023-08-23,AMGN,0.013156772,0.012567043,-0.02587831
2023-08-23,CRM,-0.013388336,-0.0016313195,-0.011305034
2023-08-23,CSCO,-0.0099709034,0.0038625002,-0.013472557
2023-08-23,IBM,-0.027180851,0.009976387,-0.0091511607
2023-08-23,INTC,0.0046701431,0.016020775,-0.018253446
2023-08-23,MSFT,-0.0034186244,0.028851628,0.010311723
2023-08-23,NKE,-0.00059431791,0.0029371977,-0.02297008
2023-08-23,VZ,0.0060068369,0.014337897,-0.010148823
2023-08-23,WMT,-0.0076912045,-7.3969364e-05,0.0072749853
2023-08-24,AAPL,-0.0069333911,-0.0025508404,-0.017545223
2023-08-24,AMGN,0.0087217093,0.003303051,-0.0055066347
2023-08-24,CRM,-0.015125334,0.010833144,-0.017200232
2023-08-24,CSCO,0.018622637,0.018317938,-0.0024743676
2023-08-24,IBM,-0.0057467222,0.0090228319,-0.0018545389
2023-08-24,INTC,-0.010510385,0.016129375,0.0007327795
2023-08-24,MSFT,0.017175078,-0.011370122,-0.0092045069
2023-08-24,NKE,-0.0069605708,0.00096070766,0.003777504
2023-08-24,VZ,0.013618469,-0.006136775,-0.01542145
2023-08-24,WMT,0.018874168,0.004958272,-0.004406929
2023-08-25,AAPL,-0.049867511,0.0048104525,-0.025930226
2023-08-25,AMGN,0.019249082,0.010419369,-0.020898819
2023-08-25,CRM,0.03402698,0.013816237,-0.021072745
2023-08-25,CSCO,-0.010603428,0.011342049,-0.0080842376
2023-08-25,IBM,0.032423019,-0.015847266,-0.013542593
2023-08-25,INTC,-0.028788328,0.022506714,-0.016312182
2023-08-25,MSFT,0.015058041,0.027379274,-0.006550312
2023-08-25,NKE,-0.023038864,-0.00076526403,-0.008692503
2023-08-25,VZ,-0.013161361,0.0060939789,-0.013916016
2023-08-25,WMT,-0.0078540444,0.0079122782,-0.0022882223
2023-08-28,AAPL,-0.01766789,0.0077540874,-0.020790458
2023-08-28,AMGN,-0.0057265162,0.017086983,0.0026955605
2023-08-28,CRM,-0.025190711,-0.0049363375,-0.051773131
2023-08-28,CSCO,0.022903204,-0.0075692534,0.0042154789
2023-08-28,IBM,0.015584469,0.01579082,-0.010311961
2023-08-28,INTC,-0.0083031654,0.013637662,0.0057051182
2023-08-28,MSFT,0.027916551,0.0072742701,-0.0022059083
2023-08-28,NKE,0.00032222271,0.010480642,0.015950084
2023-08-28,VZ,0.0038231611,0.0074017048,-0.025530338
2023-08-28,WMT,-0.001752615,0.0073347092,-0.0062665343
2023-08-29,AAPL,-0.017884612,0.013991833,-0.01088798
2023-08-29,AMGN,-0.013434529,-0.0015946627,-0.021400928
2023-08-29,CRM,0.017092586,0.034158826,-0.018845499
2023-08-29,CSCO,-0.0043880343,0.0072518587,0.0011765957
2023-08-29,IBM,-0.020837128,0.0098050833,-0.013879895
2023-08-29,INTC,-0.0019655228,0.017647624,-0.0097336769
2023-08-29,MSFT,0.010391951,0.017297626,-0.0095914006
2023-08-29,NKE,-0.024864376,0.012088656,-0.0081527829
2023-08-29,VZ,-0.011707008,-0.0056033731,-0.0067798495
2023-08-29,WMT,-0.004255712,0.020459414,0.0059254169
2023-08-30,AAPL,0.030312538,0.0048466921,-0.016926646
2023-08-30,AMGN,-0.023467124,0.002394557,-0.010344386
2023-08-30,CRM,0.011743784,0.0028316975,-0.0093829036
2023-08-30,CSCO,-0.0066088438,0.017730594,-0.0093379617
2023-08-30,IBM,-0.012333989,0.0028789043,-0.0078474283
2023-08-30,INTC,0.0093576908,0.0030815601,0.0062822104
2023-08-30,MSFT,0.0042792559,-0.0068860054,-0.0048828721
2023-08-30,NKE,0.014851213,0.014541745,-0.036777139
2023-08-30,VZ,-0.013259411,0.015153766,-0.0024300218
2023-08-30,WMT,-0.015206575,0.0025959015,-0.00015515089
2023-08-31,AAPL,-0.0061572194,0.019228339,-0.023575366
2023-08-31,AMGN,-0.00033020973,0.011262417,-0.013235927
2023-08-31,CRM,0.02389884,0.025406837,-0.0071254969
2023-08-31,CSCO,0.015169501,0.0058467388,-0.018378794
2023-08-31,IBM,-0.019277334,0.012537837,0.010110855
2023-08-31,INTC,-0.012351513,-0.0022673607,-0.025800765
2023-08-31,MSFT,-0.014586329,0.011649847,-0.022160947
2023-08-31,NKE,0.0038061142,-0.0023633242,-0.0082534552
2023-08-31,VZ,-0.0013056397,0.019414306,0.0069695711
2023-08-31,WMT,0.01129353,0.001732707,0.0061248541
2023-09-01,AAPL,0.012418747,0.009337306,-0.008263886
2023-09-01,AMGN,-0.020830989,0.0055457354,-0.010561526
2023-09-01,CRM,-0.043677807,0.0091137886,0.014630198
2023-09-01,CSCO,-0.0042767525,0.0068352222,-0.013708949
2023-09-01,IBM,0.0033199787,0.015011787,-0.0061486959
2023-09-01,INTC,-0.022566676,0.012920618,-0.00023770332
2023-09-01,MSFT,-0.037116528,-0.0053665042,-0.02103132
2023-09-01,NKE,0.019624352,0.0043694973,0.01181066
2023-09-01,VZ,-0.024790585,0.021805525,-0.0039243102
2023-09-01,WMT,-0.0014718175,0.0052205324,-0.0073398352
2023-09-05,AAPL,0.0080399513,-0.0077337623,-0.028057575
2023-09-05,AMGN,-0.033391058,0.0066913366,-0.0059258342
2023-09-05,CRM,0.0078444481,0.006280303,-0.033815742
2023-09-05,CSCO,-0.0048156381,-0.0026447177,-0.012027621
2023-09-05,IBM,-0.0068376064,0.0076501369,-0.0059024692
2023-09-05,INTC,-0.032266796,-0.0010226965,-0.020314157
2023-09-05,MSFT,0.0052357912,0.003438592,-0.019429088
2023-09-05,NKE,-0.028726339,-0.0089783669,-0.010100842
2023-09-05,VZ,-0.023536682,0.01254344,-0.012589455
2023-09-05,WMT,-0.0090875626,0.0054260492,-0.0057160258
2023-09-06,AAPL,-0.0013517141,0.016082764,-0.015599728
2023-09-06,AMGN,-0.018125176,-0.0054386854,-0.011111617
2023-09-06,CRM,-0.028862059,0.034150243,-0.0047076941
2023-09-06,CSCO,0.02213347,0.0052188635,-0.013490498
2023-09-06,IBM,-0.0057875514,0.0077308416,-0.0080096722
2023-09-06,INTC,-0.0044392943,0.034320354,0.0055361986
2023-09-06,MSFT,0.018007159,0.0024791956,-0.012488544
2023-09-06,NKE,0.0080384016,0.0070419312,-0.010798633
2023-09-06,VZ,0.0099445581,-0.0039284229,-0.0014858246
2023-09-06,WMT,-0.014915228,0.0076202154,-0.0075916648
2023-09-07,AAPL,0.013836265,0.0058826208,-0.016100705
2023-09-07,AMGN,-0.010246277,0.022053123,-0.028790236
2023-09-07,CRM,0.022940159,0.0022492409,-0.0058101416
2023-09-07,CSCO,-0.0037118196,0.012658477,0.0008212328
2023-09-07,IBM,-0.009857595,0.014077425,-0.00085371733
2023-09-07,INTC,0.026807904,0.0073685646,0.015203595
2023-09-07,MSFT,0.00020003319,0.0028249025,0.0018290281
2023-09-07,NKE,-0.0039310455,0.010041833,-0.0044302344
2023-09-07,VZ,-0.0080667734,0.017445922,-0.0043720007
2023-09-07,WMT,0.016029477,0.01236403,0.0024887323
2023-09-08,AAPL,-0.0031752586,0.0089238882,-0.027253807
2023-09-08,AMGN,-0.0089233518,-0.0078781247,-0.0060603619
2023-09-08,CRM,0.047920823,0.030653715,-0.012518644
2023-09-08,CSCO,-0.025277317,0.0012551546,-0.0057409406
2023-09-08,IBM,0.0023502111,0.012655139,-0.008122623
2023-09-08,INTC,-0.014295638,-0.0033915043,-0.0051972866
2023-09-08,MSFT,-0.0041826367,-0.0032360554,-0.010974228
2023-09-08,NKE,-0.023274899,0.0074242353,0.0077147484
2023-09-08,VZ,-0.013687849,0.009878397,-0.012517452
2023-09-08,WMT,-0.0094681978,0.014291763,-0.0046704412
2023-09-11,AAPL,-0.025338352,0.0090863705,-4.9948692e-05
2023-09-11,AMGN,0.012950301,0.012510419,-0.0041998029
2023-09-11,CRM,-0.017063558,-0.015783727,-0.0096838474
2023-09-11,CSCO,0.0048505068,0.0036891699,-0.0060554147
2023-09-11,IBM,-0.0054884553,0.013692975,-0.0101282
2023-09-11,INTC,-0.017625153,-0.0048898458,0.00022113323
2023-09-11,MSFT,-0.021384001,0.017919183,-0.017384231
2023-09-11,NKE,0.018940926,0.014463663,-0.012764573
2023-09-11,VZ,-0.010385096,0.01016295,-0.011465967
2023-09-11,WMT,-0.011446655,0.0094780922,-0.0082738996
2023-09-12,AAPL,0.030054569,-0.0024615526,-0.016090453
2023-09-12,AMGN,-0.013453066,0.016615152,0.0074183941
2023-09-12,CRM,-0.0080210567,0.021087527,-0.024969935
2023-09-12,CSCO,-0.016216099,-0.0056656003,-0.0080495477
2023-09-12,IBM,0.0048669577,0.0083936453,-0.013899207
2023-09-12,INTC,0.022212148,-0.0097718835,-0.010815799
2023-09-12,MSFT,0.025855303,0.02536869,-0.0076801777
2023-09-12,NKE,-0.018696547,0.02929318,-0.0099990368
2023-09-12,VZ,0.0028003454,0.010956645,-0.019259453
2023-09-12,WMT,-0.016462922,0.0049630404,-0.0087031126
2023-09-13,AAPL,-0.031433284,0.021237135,-0.020382643
2023-09-13,AMGN,-0.0064052343,0.005356431,-0.0031410456
2023-09-13,CRM,-0.016592622,-0.007532537,-0.015512645
2023-09-13,CSCO,-0.0078263879,0.01367867,-0.020772159
2023-09-13,IBM,-0.0065568686,0.004128933,-0.021609128
2023-09-13,INTC,-0.03687793,0.015538096,-0.0048356056
2023-09-13,MSFT,-0.024114907,-0.0033294559,-0.017468691
2023-09-13,NKE,-0.035894811,0.020274282,-0.0097467303
2023-09-13,VZ,-0.02391088,0.010812998,-0.0037986636
2023-09-13,WMT,-0.016254485,0.012905121,-0.011731327
2023-09-14,AAPL,-0.02243793,-0.0014679432,0.0096040964
2023-09-14,AMGN,-0.0024551153,0.011946201,0.0032463074
2023-09-14,CRM,-0.0046258569,-0.0022254586,-0.017174006
2023-09-14,CSCO,0.00026214123,0.0023659468,-0.01505971
2023-09-14,IBM,-0.013682365,-0.0010421872,-0.0060302615
2023-09-14,INTC,0.049442887,-0.009143889,-0.014609277
2023-09-14,MSFT,0.00060796738,0.0099134445,-0.027121127
2023-09-14,NKE,-0.00067669153,0.021601677,-0.0066585541
2023-09-14,VZ,0.003005147,0.026676774,-0.007738173
2023-09-14,WMT,-0.020024776,-0.002538681,-0.017573714
2023-09-15,AAPL,0.016505361,0.022712111,-0.015385091
2023-09-15,AMGN,-0.0082230568,0.010344028,0.0069092512
2023-09-15,CRM,-0.034874797,-0.017595649,0.004727006
2023-09-15,CSCO,-0.019666672,0.015506029,-0.023667812
2023-09-15,IBM,-0.015580058,0.0093616247,-0.014909327
2023-09-15,INTC,-0.014502764,0.010542154,-0.016555488
2023-09-15,MSFT,-0.0083035827,0.004303813,-0.016021371
2023-09-15,NKE,0.010776877,0.0030794144,0.010751486
2023-09-15,VZ,-0.020884812,0.0056138039,-0.0077501535
2023-09-15,WMT,-0.021356404,0.0030465126,0.00033581257
2023-09-18,AAPL,0.0037227869,0.0035171509,-0.011992097
2023-09-18,AMGN,-0.0060316324,0.0088489056,-0.010457158
2023-09-18,CRM,-0.047347128,0.0054410696,-0.016321898
2023-09-18,CSCO,-0.013120294,0.0064283609,-0.019869149
2023-09-18,IBM,0.0088012218,0.0086598396,-0.0037481189
2023-09-18,INTC,0.027900577,0.0070260763,-0.026971519
2023-09-18,MSFT,-0.001029253,0.027275562,-0.0095996261
2023-09-18,NKE,-0.0052418113,0.0061634779,-0.0094542503
2023-09-18,VZ,0.019055009,-0.0026572347,-0.010991037
2023-09-18,WMT,-0.0043620467,0.00085556507,-0.0041599274
2023-09-19,AAPL,-0.018216372,0.0030264854,-0.002376318
2023-09-19,AMGN,-0.0076211691,0.017055869,-0.016509295
2023-09-19,CRM,0.0022782087,0.041480064,-0.021788418
2023-09-19,CSCO,-0.0075691938,0.0047599077,0.010235906
2023-09-19,IBM,0.0081920624,0.012920737,0.00035202503
2023-09-19,INTC,-0.0012350678,0.028753996,-0.010376215
2023-09-19,MSFT,0.01377368,0.0082774162,-0.01170361
2023-09-19,NKE,-0.0021377802,-0.0037938952,-0.0089181662
2023-09-19,VZ,-0.014044225,0.02715528,-0.021529973
2023-09-19,WMT,0.0085012913,0.0093251467,0.0099849701
2023-09-20,AAPL,-0.01909405,0.016040087,-0.014784515
2023-09-20,AMGN,-0.013373315,0.022281766,-0.018426776
2023-09-20,CRM,-0.020633578,0.010865688,-0.0050527453
2023-09-20,CSCO,0.018147349,-0.0065559149,0.013965845
2023-09-20,IBM,-0.018018425,0.012091637,-0.014887393
2023-09-20,INTC,-0.016582012,0.0026692152,-0.021735489
2023-09-20,MSFT,-0.002804637,0.0023906231,-0.01534611
2023-09-20,NKE,-0.015434742,0.011556029,-0.0038523078
2023-09-20,VZ,-0.025261939,0.0094425678,-0.0087351203
2023-09-20,WMT,0.00017476082,0.0035090446,-0.0091663003
2023-09-21,AAPL,-0.0019743443,0.014774084,0.0063098669
2023-09-21,AMGN,-0.011226833,0.01799202,0.00051093102
2023-09-21,CRM,0.028846622,0.035612464,-0.013737977
2023-09-21,CSCO,0.0057919025,0.010531425,-0.014113367
2023-09-21,IBM,0.035049796,0.0062526464,0.013786077
2023-09-21,INTC,0.0096302032,0.00092995167,-0.025463402
2023-09-21,MSFT,-0.02238363,0.020140052,-0.032414198
2023-09-21,NKE,-0.015509367,0.01517725,-0.013281465
2023-09-21,VZ,0.00080525875,0.0055472851,-0.0071050525
2023-09-21,WMT,-0.011652529,0.0059700012,-0.016086698
2023-09-22,AAPL,-0.029779255,0.0042134523,-0.026048303
2023-09-22,AMGN,0.016555071,0.0065239668,0.0027030706
2023-09-22,CRM,0.024401307,0.017018557,-0.0029094219
2023-09-22,CSCO,-0.0049737096,-0.0092096329,0.0018945932
2023-09-22,IBM,0.006039381,0.011097312,-0.017204523
2023-09-22,INTC,0.022726774,0.026053905,-0.022360027
2023-09-22,MSFT,-0.0096654296,0.013824105,-0.0036273003
2023-09-22,NKE,0.02920711,0.017442822,-0.011865258
2023-09-22,VZ,-0.011705339,0.0061699152,-0.0081648231
2023-09-22,WMT,-0.0068100095,0.003200531,-0.0031321049
2023-09-25,AAPL,-0.0008559823,-0.0066584945,0.013045669
2023-09-25,AMGN,0.0043667555,-0.0049060583,-0.016843259
2023-09-25,CRM,0.0086812973,0.019111514,-0.0031624436
2023-09-25,CSCO,0.038507581,0.024591088,0.0010181665
2023-09-25,IBM,0.0059002638,0.017531276,-0.007545352
2023-09-25,INTC,-0.035646796,0.0050065517,-0.0092290044
2023-09-25,MSFT,-0.023049772,-0.011547029,-0.0098776817
2023-09-25,NKE,0.0076582432,0.016654134,-0.002081573
2023-09-25,VZ,-0.030351281,0.0073873997,-0.017161548
2023-09-25,WMT,0.0019376278,0.018292189,-0.0051137209
2023-09-26,AAPL,0.025327325,0.0031635761,-0.0079748631
2023-09-26,AMGN,-0.0073047876,0.027022004,-0.0055185556
2023-09-26,CRM,-0.0042855144,0.028509378,-0.0062537789
2023-09-26,CSCO,-0.02221632,0.027032018,0.0038903952
2023-09-26,IBM,0.0018408298,0.010552526,0.012754083
2023-09-26,INTC,0.027548552,0.016379833,-0.01440984
2023-09-26,MSFT,0.022244334,-0.011386156,-0.018177927
2023-09-26,NKE,0.012506723,0.025867701,-0.0027497411
2023-09-26,VZ,-0.0083357096,0.011814475,-0.0015434027
2023-09-26,WMT,-0.00086939335,0.01351583,-0.011000454
2023-09-27,AAPL,0.00035762787,-0.00049972534,-0.0075148344
2023-09-27,AMGN,-0.0092251301,0.021144032,0.0021263361
2023-09-27,CRM,-0.014721632,0.0256567,-0.024508774
2023-09-27,CSCO,-0.020430267,0.024768472,-0.019796968
2023-09-27,IBM,-0.0037369132,0.0051910877,0.0024166107
2023-09-27,INTC,0.0099071264,0.0054277182,-0.024853468
2023-09-27,MSFT,-0.0026194453,0.0032410622,0.0034611225
2023-09-27,NKE,-0.0043884516,0.015384555,0.0082423687
2023-09-27,VZ,-0.009526968,0.0073559284,-0.00235039
2023-09-27,WMT,-0.018646955,0.0078291893,-0.0043513179
2023-09-28,AAPL,0.028886437,-0.0050530434,-0.0047245026
2023-09-28,AMGN,-0.028824925,-0.0017495155,-0.024431825
2023-09-28,CRM,0.023320198,0.0044527054,-0.022902906
2023-09-28,CSCO,-0.01077497,0.023635507,0.0092943907
2023-09-28,IBM,-0.0033705831,0.017252564,-0.0019362569
2023-09-28,INTC,0.010440111,0.0091930628,-0.0063234568
2023-09-28,MSFT,-0.028988302,0.015738368,-0.027370811
2023-09-28,NKE,-0.019179881,-0.0033624768,-0.013609469
2023-09-28,VZ,-0.0047413707,0.0071065426,-0.0036797523
2023-09-28,WMT,-0.0019874573,-0.00070148706,0.0039203167
2023-09-29,AAPL,-0.00076860189,0.009505868,-0.0033022761
2023-09-29,AMGN,-0.0053864717,0.019258499,-0.012121022
2023-09-29,CRM,-0.0074234009,-0.0087367892,-0.015126824
2023-09-29,CSCO,-0.022421479,0.017708659,0.0017874241
2023-09-29,IBM,-0.0038739443,0.025083423,-0.0098009109
2023-09-29,INTC,0.021597266,0.012735367,-0.030004323
2023-09-29,MSFT,0.012459993,0.018726707,-0.0098172426
2023-09-29,NKE,-0.025469542,0.0050582886,-0.025600374
2023-09-29,VZ,-0.0085687041,0.027282357,-0.022211373
2023-09-29,WMT,0.0063408613,0.0095765591,-0.0033416748
2023-10-02,AAPL,0.0054079294,-0.0041711926,-0.013259053
2023-10-02,AMGN,-0.015053332,0.0020209551,-0.0079244971
2023-10-02,CRM,0.015936494,-0.0016154647,-0.035307765
2023-10-02,CSCO,-0.023176372,0.033783674,0.00033581257
2023-10-02,IBM,-0.0052090287,0.0059858561,-0.017360747
2023-10-02,INTC,0.012418151,0.036559224,-0.0011646152
2023-10-02,MSFT,0.0048065186,0.0079034567,-0.016239882
2023-10-02,NKE,0.0093060732,0.03379178,-0.013492763
2023-10-02,VZ,0.0074334145,0.011615753,-0.008415401
2023-10-02,WMT,-0.02191478,0.013226748,-0.0078279972
2023-10-03,AAPL,-0.012254238,-0.014439702,-0.035040736
2023-10-03,AMGN,-0.0012966394,0.016193748,-0.014863729
2023-10-03,CRM,0.016376495,0.027900457,0.0087100267
2023-10-03,CSCO,-0.013165772,-0.0050096512,-0.01997453
2023-10-03,IBM,-0.002594173,0.010237217,-0.017676532
2023-10-03,INTC,0.019536972,0.012255907,0.0013232231
2023-10-03,MSFT,-0.020741224,-0.0067574978,-0.019967794
2023-10-03,NKE,0.0080628395,0.022227407,-0.016814947
2023-10-03,VZ,-5.8174133e-05,0.0030391216,-0.016278267
2023-10-03,WMT,-0.0034237504,0.009889245,0.0039807558
2023-10-04,AAPL,0.024400353,0.018013358,-0.018125117
2023-10-04,AMGN,-0.019027352,0.015129209,-0.010276318
2023-10-04,CRM,-0.0037283301,-0.010198236,-0.021833062
2023-10-04,CSCO,-0.0065037608,0.0028175116,-0.0012762547
2023-10-04,IBM,0.011592269,0.01249814,-0.017241776
2023-10-04,INTC,-0.0050290227,0.0021475554,0.0031160116
2023-10-04,MSFT,-0.0078601837,0.015360951,-0.010977924
2023-10-04,NKE,0.017189384,0.00075101852,-0.024004877
2023-10-04,VZ,0.0073337555,0.0018229485,-0.0066288114
2023-10-04,WMT,-0.011141479,0.002187252,0.0047382116
2023-10-05,AAPL,0.00063598156,0.01176095,-0.01925087
2023-10-05,AMGN,0.021251082,0.031346917,-0.0068929195
2023-10-05,CRM,-0.062523782,0.035363674,0.025554776
2023-10-05,CSCO,0.015894771,0.0028805733,-0.010487437
2023-10-05,IBM,-0.011460602,0.0046261549,0.0062562227
2023-10-05,INTC,-0.01769048,-0.005826056,0.0050476789
2023-10-05,MSFT,0.0048882961,0.009298563,-0.02213192
2023-10-05,NKE,0.0038797855,0.012993455,-0.018747151
2023-10-05,VZ,-0.0011793375,0.0011508465,-0.0052537918
2023-10-05,WMT,-0.0025240183,0.010537028,0.0020743608
2023-10-06,AAPL,-0.0220837,-0.0035788417,0.0066576004
2023-10-06,AMGN,0.00081944466,0.010688543,-0.023819327
2023-10-06,CRM,0.015774846,0.022032022,-0.0087752938
2023-10-06,CSCO,0.011214375,0.010089278,-0.014979243
2023-10-06,IBM,0.0039513111,0.015563965,-2.9206276e-05
2023-10-06,INTC,-0.015514553,0.017970324,-0.01900351
2023-10-06,MSFT,0.015809298,0.016590357,-0.0028257966
2023-10-06,NKE,-0.015269339,0.0030477047,-0.0033594966
2023-10-06,VZ,-0.018679023,0.0083583593,-0.0058182478
2023-10-06,WMT,0.0033265352,0.011497259,-0.019873142
2023-10-09,AAPL,0.0043048859,0.0042878389,0.0018782616
2023-10-09,AMGN,-0.0067614317,0.0035432577,-0.023894072
2023-10-09,CRM,0.042509198,0.01130116,-0.0090349317
2023-10-09,CSCO,-0.034460843,0.0063573122,-0.014064789
2023-10-09,IBM,0.0012253523,0.015756249,-0.010616541
2023-10-09,INTC,0.0092622042,0.018274546,-0.016584039
2023-10-09,MSFT,0.010924697,0.012406349,-0.0043610334
2023-10-09,NKE,0.018020391,0.014019728,-0.0069896579
2023-10-09,VZ,-0.0023233891,0.0052741766,0.0014922619
2023-10-09,WMT,-0.012845993,0.0057066679,-0.0056606531
2023-10-10,AAPL,0.018052578,0.022684336,0.014734507
2023-10-10,AMGN,-0.0030881763,-0.001709342,-0.030943394
2023-10-10,CRM,-0.0166592,0.023918509,-0.0062223077
2023-10-10,CSCO,-0.020407617,0.028715372,0.0019853115
2023-10-10,IBM,-0.025106609,-0.0048595667,-0.0050058365
2023-10-10,INTC,-0.019254446,0.0023392439,-0.014854968
2023-10-10,MSFT,0.0079869032,0.01365447,0.0054709911
2023-10-10,NKE,0.015787721,0.0094764233,0.01040566
2023-10-10,VZ,0.011978388,0.02424705,0.0060455799
2023-10-10,WMT,0.014867783,0.015463114,-0.019765556
2023-10-11,AAPL,-0.0062513351,-0.0087942481,-0.021007001
2023-10-11,AMGN,-0.018365204,0.013255,-0.0038231015
2023-10-11,CRM,-0.022424996,0.032105446,-0.014750421
2023-10-11,CSCO,-0.0085937381,0.0082547665,-0.021559834
2023-10-11,IBM,0.0037230253,-0.0030036569,0.0014066696
2023-10-11,INTC,-0.020545065,0.012425423,0.0004850626
2023-10-11,MSFT,0.02417469,0.0091660023,-0.01730454
2023-10-11,NKE,-0.011048377,0.0083726645,-0.019608021
2023-10-11,VZ,-0.012410283,0.0021440983,-0.012155652
2023-10-11,WMT,-0.017669618,0.0070931911,-0.0047965646
2023-10-12,AAPL,-0.017667294,0.034942389,0.0021487474
2023-10-12,AMGN,0.0046331882,0.012416959,-0.013410926
2023-10-12,CRM,0.0062189102,0.028199196,0.010769963
2023-10-12,CSCO,-0.010614991,0.02205646,0.0066000223
2023-10-12,IBM,0.0022964478,-0.0015105009,-0.016111851
2023-10-12,INTC,-0.025658309,-0.0035539269,-0.027965307
2023-10-12,MSFT,-0.016194761,0.021008492,-0.022004187
2023-10-12,NKE,-0.0013907552,-0.0028134584,-0.0094137788
2023-10-12,VZ,-0.022707999,0.0021480322,-0.018728316
2023-10-12,WMT,0.0012729168,0.011388421,-0.0005928278
2023-10-13,AAPL,-0.00092542171,0.014485836,-0.020123482
2023-10-13,AMGN,0.00057685375,0.01400423,-0.023370445
2023-10-13,CRM,0.010661125,0.012189031,-0.015690327
2023-10-13,CSCO,0.016497135,0.0030567646,-0.010079145
2023-10-13,IBM,-0.0077660084,0.015741467,-0.010959148
2023-10-13,INTC,-0.0027979016,0.016714215,-0.02019155
2023-10-13,MSFT,0.018880248,-0.0031033158,-0.016250074
2023-10-13,NKE,0.011488557,0.028926373,-0.007858336
2023-10-13,VZ,-0.022251785,0.0036175251,-0.014782488
2023-10-13,WMT,0.0074452162,0.014903545,-0.014504015
2023-10-16,AAPL,0.049013376,0.014647841,-0.031874716
2023-10-16,AMGN,-0.011967659,-0.0036414862,-0.019918025
2023-10-16,CRM,-0.041553259,0.0061949492,-0.00033843517
2023-10-16,CSCO,-0.016511559,-8.0943108e-05,-0.0060458779
2023-10-16,IBM,0.0022108555,0.027277589,-0.014676452
2023-10-16,INTC,-0.015460432,0.0081205368,-0.015941799
2023-10-16,MSFT,-0.017036319,-0.0024880767,-0.0094852448
2023-10-16,NKE,-0.035622954,0.00021827221,-0.003790915
2023-10-16,VZ,0.00032067299,0.026037812,-0.01587075
2023-10-16,WMT,-0.028429985,0.0055000782,-3.9339066e-06
2023-10-17,AAPL,-0.0091597438,0.024406314,-0.030098259
2023-10-17,AMGN,-0.0029659271,-0.0061853528,-0.0049503446
2023-10-17,CRM,-0.04398334,-0.0021162033,-0.0080010891
2023-10-17,CSCO,-0.027329564,-0.0034658313,-0.010570824
2023-10-17,IBM,-0.022254944,-0.0029941797,0.00092637539
2023-10-17,INTC,0.0027033091,0.0068252087,-0.00088590384
2023-10-17,MSFT,0.011000395,0.011172056,-0.00098192692
2023-10-17,NKE,-0.015632331,-0.0072420835,-0.01228261
2023-10-17,VZ,-0.036580443,0.010299087,0.015794277
2023-10-17,WMT,-0.009534657,0.0084350109,-0.0032145977
2023-10-18,AAPL,-0.0003234148,-0.0013110042,-0.014047563
2023-10-18,AMGN,-0.018066883,0.0093301535,-0.018941045
2023-10-18,CRM,-0.0089803934,0.0018621683,-0.015626609
2023-10-18,CSCO,-0.0040176511,-0.00076568127,-0.025279224
2023-10-18,IBM,-0.01229161,0.013349175,0.0022571087
2023-10-18,INTC,0.015300035,0.012507677,-0.007320106
2023-10-18,MSFT,-0.021122873,0.0070176125,-0.01823169
2023-10-18,NKE,-0.0099250674,0.010279775,0.00098025799
2023-10-18,VZ,-0.010014296,0.015159249,-0.0041155219
2023-10-18,WMT,-0.021483183,0.0076851845,0.0038198233
2023-10-19,AAPL,-0.032432973,0.034237027,-0.025121093
2023-10-19,AMGN,0.022878051,0.022735476,-0.022499979
2023-10-19,CRM,-0.011686206,0.030292869,0.0034248829
2023-10-19,CSCO,0.0087532997,0.0036406517,-0.0068997145
2023-10-19,IBM,-0.0039494634,0.00063514709,-0.013267577
2023-10-19,INTC,0.013048768,-3.4749508e-05,-0.0057802796
2023-10-19,MSFT,0.0093239546,0.011016965,-0.017569661
2023-10-19,NKE,0.0059673786,-0.0021603703,-0.019131839
2023-10-19,VZ,0.0011806488,0.0079441071,-0.0063074827
2023-10-19,WMT,-0.020605922,0.0072702169,-0.01058042
2023-10-20,AAPL,-0.034698784,0.012262821,0.002299428
2023-10-20,AMGN,-0.0030246377,0.0035529137,-0.0171718
2023-10-20,CRM,0.030451298,-0.0059746504,-0.036538959
2023-10-20,CSCO,-0.01172632,0.0082420111,0.0018413067
2023-10-20,IBM,-0.014217198,0.0037940741,-0.0024031997
2023-10-20,INTC,-0.0033923984,0.0071125031,0.0038063526
2023-10-20,MSFT,0.028281093,0.016089916,-0.016165197
2023-10-20,NKE,-0.04345715,0.0010700226,-0.01643765
2023-10-20,VZ,-0.01647836,0.019213676,-0.013161004
2023-10-20,WMT,-0.015018344,0.0030450821,-0.0039960146
2023-10-23,AAPL,-0.00033372641,0.018736124,-0.022598624
2023-10-23,AMGN,0.0016893148,0.019887328,-0.004694581
2023-10-23,CRM,-0.022980094,-0.0020285249,-0.007435143
2023-10-23,CSCO,0.014448404,0.010089874,-0.010026872
2023-10-23,IBM,0.012048602,0.0042316914,0.0075917244
2023-10-23,INTC,0.0013484955,-0.0082660317,-0.0074355006
2023-10-23,MSFT,0.0080771446,0.014978647,-0.0055777431
2023-10-23,NKE,0.00064468384,0.0026131868,0.0077368021
2023-10-23,VZ,0.0025504827,0.0092811584,6.8068504e-05
2023-10-23,WMT,0.0048650503,0.0042128563,-0.0082195401
2023-10-24,AAPL,-0.0061899424,0.01844275,-0.016965151
2023-10-24,AMGN,-0.019948065,0.01626265,-0.016915381
2023-10-24,CRM,0.011603475,-0.015310049,-0.010103405
2023-10-24,CSCO,-0.024446666,0.022990227,0.0015288591
2023-10-24,IBM,-0.028773904,0.0034656525,-0.014768422
2023-10-24,INTC,-0.0033265352,0.0079503059,-0.010619223
2023-10-24,MSFT,0.010795593,0.0011402369,-0.013445735
2023-10-24,NKE,0.005084753,0.007489562,-0.019453228
2023-10-24,VZ,0.0034210682,0.0023603439,0.00041902065
2023-10-24,WMT,-0.022837698,0.0086481571,-0.016142309
2023-10-25,AAPL,0.032437682,0.011257529,-0.010638475
2023-10-25,AMGN,-0.0081041455,0.017594695,-0.013638258
2023-10-25,CRM,-0.03521198,0.028408408,-0.018233895
2023-10-25,CSCO,0.014485955,0.008063674,0.0094907284
2023-10-25,IBM,-0.0088224411,0.010703564,-0.0067072511
2023-10-25,INTC,-0.02693826,0.016087413,-0.013740778
2023-10-25,MSFT,0.018811464,0.0020611286,-0.0019000173
2023-10-25,NKE,0.024882078,0.018735766,-0.0098657012
2023-10-25,VZ,-0.01317358,0.0032418966,-0.0077592731
2023-10-25,WMT,-0.0082116723,0.0003606081,-0.016030729
2023-10-26,AAPL,0.016611934,0.033013344,0.0031317472
2023-10-26,AMGN,0.0029525757,0.0067595243,0.015458941
2023-10-26,CRM,0.0083463192,-0.016671896,-0.0028329492
2023-10-26,CSCO,0.0084488392,0.0042922497,0.0075718164
2023-10-26,IBM,-0.0015261769,0.01328969,0.00052535534
2023-10-26,INTC,-0.035947204,0.0028175116,-0.021158457
2023-10-26,MSFT,-0.032592535,-0.0083462,-0.02585274
2023-10-26,NKE,0.010088563,0.014898419,-0.011599362
2023-10-26,VZ,-0.0079934001,0.016198277,0.0090171099
2023-10-26,WMT,0.0089267492,0.0042046309,0.014951944
2023-10-27,AAPL,-0.019408286,0.013968945,0.0018364191
2023-10-27,AMGN,-0.016239107,0.011686087,-0.011400342
2023-10-27,CRM,0.013982773,0.033082247,-0.0090070963
2023-10-27,CSCO,0.00065588951,0.022647977,0.010718346
2023-10-27,IBM,0.02872014,0.0050598383,0.01617384
2023-10-27,INTC,-0.024704695,-0.01115787,-0.024147928
2023-10-27,MSFT,-0.009693861,0.010616422,-0.021013439
2023-10-27,NKE,-0.00089800358,0.0016945601,-0.009943068
2023-10-27,VZ,-0.018805087,0.0017595291,-0.0038043857
2023-10-27,WMT,-0.021927059,0.0065411329,-0.016231179
2023-10-30,AAPL,-0.014673889,0.017026782,-0.022681415
2023-10-30,AMGN,-0.0098739862,0.026047349,-0.015477836
2023-10-30,CRM,-0.0033294559,0.0034430027,-0.014329612
2023-10-30,CSCO,-0.037857056,0.024435401,-0.00301373
2023-10-30,IBM,0.02139461,0.00083684921,-0.0041240454
2023-10-30,INTC,-0.0042725205,0.0021058321,-0.0021708608
2023-10-30,MSFT,-0.0069819689,-0.0012598038,-0.015930057
2023-10-30,NKE,0.0045405626,0.012107611,-0.015785754
2023-10-30,VZ,-0.013398945,0.0096569061,0.0017559528
2023-10-30,WMT,0.025725603,0.0074715614,-0.0059145093
2023-10-31,AAPL,-0.038338065,0.008728385,0.0053189993
2023-10-31,AMGN,-0.012512326,0.0058647394,-0.00010073185
2023-10-31,CRM,0.0016641617,-0.027986526,-0.031036556
2023-10-31,CSCO,0.0054408312,0.0093356371,0.0027320385
2023-10-31,IBM,-0.013191938,0.01973176,-0.024813354
2023-10-31,INTC,-0.001973927,0.013187528,-0.0083451867
2023-10-31,MSFT,-0.012466788,0.029259682,-0.016811192
2023-10-31,NKE,-0.017514765,0.0022951365,0.0024336576
2023-10-31,VZ,-0.02357316,-0.0031271577,0.00080347061
2023-10-31,WMT,-0.005792141,0.0018321276,-0.021125734
2023-11-01,AAPL,-0.053504527,0.023509026,-0.0093213916
2023-11-01,AMGN,-0.0089452267,-0.011718512,0.006100297
2023-11-01,CRM,-0.023493528,0.0037937164,0.00028955936
2023-11-01,CSCO,0.015897989,0.013292193,-0.011157811
2023-11-01,IBM,-0.0050782561,0.016875744,-0.015838027
2023-11-01,INTC,-0.014130831,0.0074218512,-0.0072623491
2023-11-01,MSFT,-0.011740446,0.010401726,-0.0096234083
2023-11-01,NKE,-0.012527585,0.0089429617,-0.012669504
2023-11-01,VZ,-0.01110512,0.018432736,-0.014347434
2023-11-01,WMT,-0.0078586936,0.019090533,-0.011136055
2023-11-02,AAPL,0.015352726,0.00035083294,-0.013479054
2023-11-02,AMGN,-0.02761364,0.0077269077,-0.0064285994
2023-11-02,CRM,-0.034200668,0.010362506,0.0094234943
2023-11-02,CSCO,-0.020192802,0.009313345,-0.0014173388
2023-11-02,IBM,-0.0036677122,0.020794034,-0.0094843507
2023-11-02,INTC,-0.022511184,0.0092425346,0.00903368
2023-11-02,MSFT,-0.024432898,0.010672927,-0.0014507771
2023-11-02,NKE,0.010413051,0.0082148314,-0.0037879348
2023-11-02,VZ,0.0036768913,0.0079954863,-0.029603481
2023-11-02,WMT,-0.0090841651,0.0019507408,-0.0047707558
2023-11-03,AAPL,0.033206701,0.020334125,0.0089584589
2023-11-03,AMGN,0.0044440031,0.023213029,-0.0087579489
2023-11-03,CRM,-0.00023829937,0.012699962,-0.0087165833
2023-11-03,CSCO,-0.025024951,-0.014218986,-0.012713134
2023-11-03,IBM,-0.0058507919,0.0056484938,-0.0052335262
2023-11-03,INTC,-0.028547943,0.022631168,-0.0095458031
2023-11-03,MSFT,0.043092608,0.03093195,-0.014628708
2023-11-03,NKE,0.019087911,0.022724628,-0.030428469
2023-11-03,VZ,-0.019619942,0.0011879206,-0.012612164
2023-11-03,WMT,0.024311781,0.011295199,0.0051339865
2023-11-06,AAPL,-0.022695303,0.014259696,-0.014844775
2023-11-06,AMGN,0.0097651482,0.011077285,-0.018574357
2023-11-06,CRM,-0.03437537,0.015268087,-0.022912621
2023-11-06,CSCO,0.0032414198,-0.0064130425,-0.0067599416
2023-11-06,IBM,0.012632847,-0.0030670762,-0.0091426969
2023-11-06,INTC,0.00049197674,-0.0025214553,-0.0079840422
2023-11-06,MSFT,0.015600443,0.017523527,-0.011285961
2023-11-06,NKE,-0.017544448,-0.0065898895,-0.0088949203
2023-11-06,VZ,-0.030529439,0.0030736923,0.005033493
2023-11-06,WMT,-0.021351695,0.0016965866,0.0056835413
2023-11-07,AAPL,0.043889523,0.0093151331,-0.025354505
2023-11-07,AMGN,0.014523506,0.031024933,-0.015562534
2023-11-07,CRM,-0.0086749792,0.021118283,-0.02852267
2023-11-07,CSCO,-0.0028262138,0.01368165,-0.026449263
2023-11-07,IBM,0.0026744604,0.0084139109,-0.00064140558
2023-11-07,INTC,0.009185195,-0.013769329,-0.0092111826
2023-11-07,MSFT,-0.0075907707,0.022301674,-0.0047413111
2023-11-07,NKE,0.0033844709,0.0021150112,0.0013512373
2023-11-07,VZ,-0.0143525,0.0062752962,-0.001195848
2023-11-07,WMT,-0.0047621131,0.0079818964,-0.0035043955
2023-11-08,AAPL,-0.010665476,0.0019960403,-0.010842502
2023-11-08,AMGN,-0.010849178,0.019794106,-0.020021796
2023-11-08,CRM,0.02964282,0.038462043,-0.013652861
2023-11-08,CSCO,-0.0089196563,0.023169518,-0.006799221
2023-11-08,IBM,0.026521564,0.0010120869,-0.013558328
2023-11-08,INTC,-0.01739347,0.0060383081,-0.025544286
2023-11-08,MSFT,-0.0081390738,0.0039682388,-0.0092220902
2023-11-08,NKE,0.013960481,0.011116505,-0.014016092
2023-11-08,VZ,-0.00760746,0.0026401281,-0.010132194
2023-11-08,WMT,0.0046346188,0.0052237511,-0.016918182
2023-11-09,AAPL,-0.0056912303,-0.00082558393,-0.00090587139
2023-11-09,AMGN,0.019720554,0.017378211,-0.0076969266
2023-11-09,CRM,-0.030853331,0.0071936846,-0.015742898
2023-11-09,CSCO,0.0055333376,0.012673378,-0.0055559874
2023-11-09,IBM,0.026590109,-0.0049604774,-0.01896292
2023-11-09,INTC,-0.0084494948,0.033541918,0.0039013624
2023-11-09,MSFT,-0.0037593246,-0.0013791919,-0.0041297078
2023-11-09,NKE,0.0064023733,-0.010163903,-0.0024463534
2023-11-09,VZ,-0.007314384,0.011436224,-0.0029707551
2023-11-09,WMT,-0.00045841932,0.015507817,-0.0068090558
2023-11-10,AAPL,0.019198775,0.02976656,-0.024321556
2023-11-10,AMGN,0.0079295635,0.009644866,-0.0087648034
2023-11-10,CRM,-0.023587108,0.0058221817,-0.015212893
2023-11-10,CSCO,-0.015145063,0.027862906,-0.0060733557
2023-11-10,IBM,-0.027048171,0.0035429001,-0.016323566
2023-11-10,INTC,0.027435422,0.020541191,-0.0058187246
2023-11-10,MSFT,-0.00066816807,0.0072171688,-0.0086782575
2023-11-10,NKE,-0.011285365,0.020583391,-0.0013155937
2023-11-10,VZ,-0.025019646,-0.0017597675,-0.017135561
2023-11-10,WMT,-0.016722858,0.0098859072,-0.010056436
2023-11-13,AAPL,0.016083479,-0.00089836121,-0.0039693117
2023-11-13,AMGN,-0.0012513995,0.015963316,-0.0097815394
2023-11-13,CRM,-0.016374946,0.012739778,0.0024998188
2023-11-13,CSCO,-0.0092678666,0.0099768639,-0.0088079572
2023-11-13,IBM,-0.0083690286,-0.0078540444,-0.0057168603
2023-11-13,INTC,0.0027022362,-0.0025157928,-0.0002630353
2023-11-13,MSFT,-0.019853771,0.018180847,-0.027081549
2023-11-13,NKE,0.0059804916,0.00093281269,-0.0032840371
2023-11-13,VZ,-0.0087575912,-0.017815411,0.0028607845
2023-11-13,WMT,-0.016286373,-0.0012613535,-0.011635721
2023-11-14,AAPL,-0.027738512,0.0093661547,-0.0040778518
2023-11-14,AMGN,-0.020580173,0.01905036,0.0022640228
2023-11-14,CRM,0.033877015,0.033563972,-0.023998022
2023-11-14,CSCO,-0.0046359301,-0.01096648,-0.00065219402
2023-11-14,IBM,-0.0046007633,0.0014483929,-0.00090360641
2023-11-14,INTC,0.03841877,0.010702491,-0.0036402941
2023-11-14,MSFT,-0.014459431,0.022037268,-0.00866431
2023-11-14,NKE,0.046349525,0.0054178238,-0.010936439
2023-11-14,VZ,0.01829493,0.011480451,0.00061106682
2023-11-14,WMT,0.0058493614,0.0013979673,-0.029074907
2023-11-15,AAPL,0.0032552481,0.02183187,-0.008063674
2023-11-15,AMGN,-0.00082683563,0.010748863,0.0015473366
2023-11-15,CRM,0.038096309,0.0095049143,0.001676321
2023-11-15,CSCO,-0.013196707,0.0043663979,-0.022217691
2023-11-15,IBM,-0.020103693,0.01105988,-0.0063686371
2023-11-15,INTC,0.005268693,0.021264076,-0.015971959
2023-11-15,MSFT,0.0152421,0.010053873,0.0026561022
2023-11-15,NKE,0.020027876,0.017759085,0.0066744089
2023-11-15,VZ,0.011646986,-0.0072723627,-0.021712601
2023-11-15,WMT,0.0032128096,0.0094491243,-0.0072304606
2023-11-16,AAPL,0.022302032,0.0081400871,-0.029703319
2023-11-16,AMGN,0.027723193,0.01283884,-0.023613811
2023-11-16,CRM,-0.041567266,-0.00041806698,-0.025688767
2023-11-16,CSCO,-0.027270913,0.030092001,-0.0094878078
2023-11-16,IBM,0.0051071644,0.0030609369,-0.010125518
2023-11-16,INTC,-0.0093289614,0.020752192,-0.0096549988
2023-11-16,MSFT,-0.0098127723,-0.0051410198,-0.0094151497
2023-11-16,NKE,0.012708187,0.0086495876,-0.030982733
2023-11-16,VZ,-0.0095589757,-0.0042183995,-0.021558404
2023-11-16,WMT,-0.0051475167,0.0080755949,-0.0079504251
2023-11-17,AAPL,-0.020989597,0.031880498,0.0085697174
2023-11-17,AMGN,-0.0088357925,0.016573191,-0.00036722422
2023-11-17,CRM,0.0012685061,-0.0010726452,-0.00066924095
2023-11-17,CSCO,-0.00066137314,0.012435317,-0.0058181882
2023-11-17,IBM,0.0087841749,-0.0054260492,-0.010113776
2023-11-17,INTC,-0.022522807,0.019077659,-0.01654917
2023-11-17,MSFT,0.00078606606,0.0075550079,-0.013231695
2023-11-17,NKE,0.011727214,0.010560989,-0.022780836
2023-11-17,VZ,-0.0063177943,0.021422982,-0.0015847087
2023-11-17,WMT,0.0062336922,0.0027225018,-0.0016077757
2023-11-20,AAPL,-0.014434397,0.030498266,-0.0095652342
2023-11-20,AMGN,0.012614846,0.015423417,-0.010171473
2023-11-20,CRM,0.010798931,-0.006640017,-0.026025653
2023-11-20,CSCO,0.007771492,0.017889619,-0.012360692
2023-11-20,IBM,-0.0089890361,0.013136148,-0.017532885
2023-11-20,INTC,-0.018753946,0.0021967888,-0.0012955666
2023-11-20,MSFT,0.0083655119,0.010665774,0.016768098
2023-11-20,NKE,-0.01442349,0.0044333935,0.008440733
2023-11-20,VZ,-0.017557383,0.011671901,-0.020960927
2023-11-20,WMT,-0.025288165,0.0056831837,-0.02111131
2023-11-21,AAPL,-0.020411074,0.012983322,-0.019914925
2023-11-21,AMGN,-0.023460507,0.018945336,-0.020430565
2023-11-21,CRM,-0.0089706779,0.0060915947,-0.018434644
2023-11-21,CSCO,-0.018223822,-0.006867826,-0.00056022406
2023-11-21,IBM,-0.017695725,0.010095835,-0.0071699619
2023-11-21,INTC,-0.013351142,-0.017183721,0.0017248392
2023-11-21,MSFT,-0.016737282,0.015140533,-0.02340275
2023-11-21,NKE,0.02449894,-0.0049644113,-0.0092337728
2023-11-21,VZ,0.022878408,0.015318274,-0.0050257444
2023-11-21,WMT,0.011342049,0.0084942579,-0.0067586303
2023-11-22,AAPL,0.0096524954,0.010645747,-0.016297936
2023-11-22,AMGN,-0.015843332,-0.0075439811,-0.015829504
2023-11-22,CRM,0.012448907,0.0039052963,-0.039462328
2023-11-22,CSCO,0.0081099272,0.023436189,-0.00091505051
2023-11-22,IBM,0.0014685392,0.0087795258,0.0050305128
2023-11-22,INTC,-0.0095329881,0.010217309,-0.01230526
2023-11-22,MSFT,0.019785762,-0.0042282939,0.0068230629
2023-11-22,NKE,0.036090255,0.016230941,0.011631966
2023-11-22,VZ,-0.0094079971,0.019760847,-0.0079505444
2023-11-22,WMT,0.023697376,0.0079082251,-0.0026810169
2023-11-24,AAPL,-0.019495785,0.014438868,-0.024075329
2023-11-24,AMGN,-0.0010870099,0.025827289,-0.016392708
2023-11-24,CRM,-0.012364626,0.0034257174,0.0057730675
2023-11-24,CSCO,0.027024388,0.01131928,-0.01621604
2023-11-24,IBM,-0.0074819922,0.0043159723,-0.0088594556
2023-11-24,INTC,0.0055239201,0.0051175356,-0.016037107
2023-11-24,MSFT,-0.024711728,0.0085242987,-0.010844052
2023-11-24,NKE,-0.005870223,0.0051974058,-0.00724262
2023-11-24,VZ,-0.0074350238,0.010775805,-0.00063562393
2023-11-24,WMT,-0.0048981905,-0.0017543435,-0.009088695
2023-11-27,AAPL,-0.025536239,-0.00652951,0.0011634827
2023-11-27,AMGN,-0.021027207,0.026058078,-0.016751647
2023-11-27,CRM,0.0060327053,-0.0070393085,-0.028667271
2023-11-27,CSCO,-0.01349324,0.019933462,-0.0094445944
2023-11-27,IBM,-0.0014250278,0.0060534477,-0.0038020015
2023-11-27,INTC,0.0054988861,-0.0043638945,-0.024549365
2023-11-27,MSFT,-0.0017461181,-0.0020084977,0.0029809475
2023-11-27,NKE,0.030457616,0.013090968,0.010717034
2023-11-27,VZ,-0.03559345,0.013050675,-0.011790574
2023-11-27,WMT,0.0039335489,0.0068895817,0.0055309534
2023-11-28,AAPL,-0.0067996383,0.018284321,-0.014172077
2023-11-28,AMGN,-0.0053152442,-0.0046751499,0.0061463118
2023-11-28,CRM,0.021891832,0.0012112856,0.00090515614
2023-11-28,CSCO,-0.007409215,-0.0060216784,-0.01109308
2023-11-28,IBM,-0.015600622,0.0076361895,-0.0019154549
2023-11-28,INTC,-0.022262514,0.016967773,-0.012690365
2023-11-28,MSFT,-0.01485616,0.0018465519,-0.017728865
2023-11-28,NKE,0.030035615,0.01374948,-0.024430335
2023-11-28,VZ,-0.0074794888,0.00044381618,-0.00037491322
2023-11-28,WMT,0.0052120686,0.0077571869,-0.01372093
2023-11-29,AAPL,0.010730147,0.016884685,-0.023333669
2023-11-29,AMGN,-0.015653551,0.024217963,-0.018849671
2023-11-29,CRM,-0.025310218,-0.0025188923,0.0060913563
2023-11-29,CSCO,0.0007134676,0.022318244,-0.006991446
2023-11-29,IBM,-0.011765838,0.014963865,0.007220149
2023-11-29,INTC,-0.015703082,0.0038764477,-0.020030618
2023-11-29,MSFT,-0.0061537027,0.019109726,-0.02205205
2023-11-29,NKE,-0.014135361,-0.0014011264,-0.0094261169
2023-11-29,VZ,0.0099941492,0.0047127008,0.0046776533
2023-11-29,WMT,-0.010949194,0.00028419495,0.0078675747
2023-11-30,AAPL,0.026450753,0.02913928,-0.024742484
2023-11-30,AMGN,0.0073359013,0.010681868,-0.0067017674
2023-11-30,CRM,-0.005043745,0.013442636,-0.017926753
2023-11-30,CSCO,-0.038686395,-0.0022139549,-0.032029331
2023-11-30,IBM,-0.0070487261,0.028184533,-0.015789747
2023-11-30,INTC,0.0089486837,-0.0013620257,-0.014628589
2023-11-30,MSFT,0.0011690855,0.011362672,-0.0013079643
2023-11-30,NKE,-0.02048099,0.0046288967,-0.005612433
2023-11-30,VZ,-0.0043520331,0.013792038,-0.0083507299
2023-11-30,WMT,0.0078796148,0.0035638809,-0.012200296
2023-12-01,AAPL,-0.010017514,-0.0012735128,-0.013299763
2023-12-01,AMGN,0.015895486,0.015233874,0.0035933256
2023-12-01,CRM,-0.0076409578,-0.013341725,-0.0057899952
2023-12-01,CSCO,-0.013190925,0.016138673,-0.02006954
2023-12-01,IBM,0.00174582,0.010494947,-0.018443882
2023-12-01,INTC,-0.0077363253,0.0031530857,-0.0052332282
2023-12-01,MSFT,-3.2126904e-05,0.006426096,0.0015157461
2023-12-01,NKE,0.0036674738,0.033315778,-0.005186975
2023-12-01,VZ,0.011428714,0.024335623,-0.014814496
2023-12-01,WMT,0.0011018515,0.017516136,-0.016576469
2023-12-04,AAPL,0.04151845,0.0043159723,-0.0071453452
2023-12-04,AMGN,-0.0016850829,-0.001073122,-0.019909561
2023-12-04,CRM,0.018749356,0.0044974089,-0.0043995976
2023-12-04,CSCO,-0.00021862984,-0.016468883,-0.002063334
2023-12-04,IBM,-0.0048783422,-0.0080761909,-0.006857574
2023-12-04,INTC,-0.0073863268,0.012150168,0.021801353
2023-12-04,MSFT,0.029409647,-0.0079548359,-0.017881215
2023-12-04,NKE,0.030562282,0.017501473,-0.0012283921
2023-12-04,VZ,0.016500354,0.0096604824,-0.030348837
2023-12-04,WMT,-0.0059780478,-0.0073800087,-0.01134479
2023-12-05,AAPL,0.012940764,0.012429118,0.01427424
2023-12-05,AMGN,-0.013553917,0.017094135,-0.0095441341
2023-12-05,CRM,-0.011837184,0.028192043,-0.00074201822
2023-12-05,CSCO,0.0017626286,0.011488914,-0.012542307
2023-12-05,IBM,-0.019349277,0.014401317,-0.012406826
2023-12-05,INTC,0.022299051,0.02349031,-0.02344203
2023-12-05,MSFT,0.011141896,-0.0032829642,-0.019592404
2023-12-05,NKE,-0.026069939,0.0035016537,-0.030241787
2023-12-05,VZ,0.0024139881,-0.0014046431,-0.00016099215
2023-12-05,WMT,0.015956998,-0.00022894144,-0.0063656569
2023-12-06,AAPL,0.022291183,0.009914875,0.013765812
2023-12-06,AMGN,-0.0085101128,0.0079452991,-0.0076621771
2023-12-06,CRM,-0.028601885,0.014734268,-0.028663397
2023-12-06,CSCO,0.0011451244,0.0025146008,-0.010274291
2023-12-06,IBM,0.0023341179,-6.6518784e-05,-0.010469377
2023-12-06,INTC,-0.015821815,0.023343444,-0.00033950806
2023-12-06,MSFT,-0.00149858,0.01941061,0.0012367964
2023-12-06,NKE,-0.0023881197,-0.00011372566,-0.01312983
2023-12-06,VZ,-0.0058088899,0.0017108917,-0.021455705
2023-12-06,WMT,-0.010202944,0.015943766,0.0079106092
2023-12-07,AAPL,-0.015214384,0.032455564,-0.016671896
2023-12-07,AMGN,-0.022818267,0.012970567,-0.016658962
2023-12-07,CRM,-0.016656041,0.0081561804,-0.015096724
2023-12-07,CSCO,-0.010244131,-0.0038877726,-0.011264265
2023-12-07,IBM,-0.035559535,0.016603708,-0.0025998354
2023-12-07,INTC,-0.016604602,0.0020956993,0.0046516657
2023-12-07,MSFT,-0.0083460808,0.0044558048,-0.020394683
2023-12-07,NKE,-0.0020519495,0.010151744,0.0042043924
2023-12-07,VZ,-0.035795033,0.015345216,-0.0087981224
2023-12-07,WMT,-0.00039857626,0.001229167,-0.0071794987
2023-12-08,AAPL,0.021237969,0.0093587637,-0.01898849
2023-12-08,AMGN,-0.012745321,0.0062376261,-0.01176095
2023-12-08,CRM,0.0032202005,0.002443552,0.0066097975
2023-12-08,CSCO,0.030886173,0.0046720505,-0.013542831
2023-12-08,IBM,0.011108637,-0.020072877,-0.0098090172
2023-12-08,INTC,-0.031063259,0.011608839,-0.0066688061
2023-12-08,MSFT,0.018247366,-0.0030748844,-0.025024533
2023-12-08,NKE,-0.00098538399,0.012808323,-0.011267304
2023-12-08,VZ,-0.0021945834,-0.0046297908,-0.00018692017
2023-12-08,WMT,0.022007346,0.019641757,0.0053093433
2023-12-11,AAPL,0.010229349,0.014976144,-0.028292894
2023-12-11,AMGN,0.0011496544,0.0090862513,-0.014790475
2023-12-11,CRM,-0.042297184,-0.011869073,-0.01591742
2023-12-11,CSCO,0.045261621,0.022471189,-0.0061132908
2023-12-11,IBM,0.0029063225,0.0056166649,-0.0099551082
2023-12-11,INTC,0.0086808205,0.0055661201,0.0041269064
2023-12-11,MSFT,0.026091099,0.0095623732,0.0080053806
2023-12-11,NKE,0.013942242,0.01917696,-0.016780853
2023-12-11,VZ,-0.0078362226,0.0057756901,0.0059833527
2023-12-11,WMT,-0.018434465,0.014340043,0.0062547922
2023-12-12,AAPL,-0.019616842,0.0088828802,0.0069434643
2023-12-12,AMGN,-0.034866154,0.0046149492,-0.018136919
2023-12-12,CRM,0.038921714,0.021667004,0.00082325935
2023-12-12,CSCO,0.0078581572,0.013477683,-0.0078229308
2023-12-12,IBM,-0.010249376,0.0076630116,-0.021078885
2023-12-12,INTC,-0.0071203113,0.0053555965,-0.02371937
2023-12-12,MSFT,0.0072548389,0.0020341873,-0.033952653
2023-12-12,NKE,0.0038582087,0.00074720383,-0.02790314
2023-12-12,VZ,-0.012266219,-0.0047066808,-0.016550422
2023-12-12,WMT,-0.026824892,-0.0075984597,-0.01439184
2023-12-13,AAPL,-0.0059289336,0.028444767,-0.01357013
2023-12-13,AMGN,-0.0098596215,0.005533576,-0.016276777
2023-12-13,CRM,0.0018906593,0.0042046309,0.0066072941
2023-12-13,CSCO,0.00025737286,0.016149402,-0.0030705929
2023-12-13,IBM,0.0079882145,0.0012856722,-0.012884974
2023-12-13,INTC,-0.035104394,0.01303196,-0.010273576
2023-12-13,MSFT,0.0063681602,-0.0037558079,-0.008910656
2023-12-13,NKE,0.0044893026,0.010956287,-0.012365758
2023-12-13,VZ,0.0039631128,-0.00028604269,-0.0083212256
2023-12-13,WMT,-0.0033503771,0.018088341,-0.012545645
2023-12-14,AAPL,-0.0078606606,0.0027253628,0.015749693
2023-12-14,AMGN,-0.042050242,0.010567665,-0.021357358
2023-12-14,CRM,0.035846591,0.02117908,-0.023995936
2023-12-14,CSCO,-0.0093181729,-0.010876775,-0.029411614
2023-12-14,IBM,0.0037497282,0.0027918816,-0.0087878108
2023-12-14,INTC,0.024998069,0.020534277,-0.0090007186
2023-12-14,MSFT,0.006206274,0.0061973333,-0.007617712
2023-12-14,NKE,-0.014734566,0.01096034,-0.0053748488
2023-12-14,VZ,-0.0073937774,0.0032193661,-0.004301548
2023-12-14,WMT,0.0079061985,0.0003464222,-0.0051199198
2023-12-15,AAPL,-0.010687768,-0.002045393,-0.024620414
2023-12-15,AMGN,-0.032062411,0.016906619,-0.0072980523
2023-12-15,CRM,0.018640518,0.010311604,-0.0098071694
2023-12-15,CSCO,0.036950707,0.020317435,-0.025296748
2023-12-15,IBM,-0.0097951889,0.0076926947,-0.010900497
2023-12-15,INTC,0.004506588,-0.00098830462,-0.011339605
2023-12-15,MSFT,-0.0049330592,0.020551324,-0.022272348
2023-12-15,NKE,-0.013731837,0.012088537,-0.0089842081
2023-12-15,VZ,-0.013461828,0.019276738,-0.013322949
2023-12-15,WMT,0.01300633,-0.0081604123,0.0017815828
2023-12-18,AAPL,0.0031152964,0.0043865442,-0.016283333
2023-12-18,AMGN,0.0059348345,0.038278103,-0.010691047
2023-12-18,CRM,-0.025915623,0.061846614,-0.020755947
2023-12-18,CSCO,-0.042355061,0.021214128,-0.0039191246
2023-12-18,IBM,-0.00023108721,0.0062873363,0.00400424
2023-12-18,INTC,-0.010975897,0.0059398413,0.015023947
2023-12-18,MSFT,0.027305365,-0.0095197558,-0.02517432
2023-12-18,NKE,-0.0098016262,-0.001455605,0.0051534176
2023-12-18,VZ,-0.0069799423,0.0095721483,0.0023087263
2023-12-18,WMT,-0.0076685548,0.0050821304,-0.021430314
2023-12-19,AAPL,-0.026540697,0.0085369349,-0.012700677
2023-12-19,AMGN,0.021021247,0.0040403605,-0.02090919
2023-12-19,CRM,-0.0054439306,0.01819396,0.012129307
2023-12-19,CSCO,0.013341188,-0.0023246408,-0.0017774105
2023-12-19,IBM,-0.0083616376,-0.0011855364,-0.0085958838
2023-12-19,INTC,0.0021897554,0.00022614002,-0.026553273
2023-12-19,MSFT,-0.026279867,-0.0020245314,-0.00325495
2023-12-19,NKE,0.01120317,0.0054830313,-0.011217892
2023-12-19,VZ,-0.016059697,7.8082085e-05,-0.015265167
2023-12-19,WMT,-0.024819076,0.0065342188,-0.0073015094
2023-12-20,AAPL,-0.0095137358,0.026229382,0.0040611029
2023-12-20,AMGN,-0.0034655333,0.012947679,-0.0052451491
2023-12-20,CRM,-0.029802024,0.031884074,-0.031857491
2023-12-20,CSCO,-0.0033376813,0.021020174,-0.015528381
2023-12-20,IBM,0.025144339,0.0050166845,-0.014097214
2023-12-20,INTC,0.0096600056,-0.00049334764,-0.016156256
2023-12-20,MSFT,0.022618413,0.024857879,-0.016679943
2023-12-20,NKE,-0.0094574094,0.016672611,-0.018526077
2023-12-20,VZ,-0.004514575,-0.00096023083,-0.00084555149
2023-12-20,WMT,-0.0024678707,0.013074994,0.0032753944
2023-12-21,AAPL,-0.012246966,-0.0038762093,-0.0016831756
2023-12-21,AMGN,0.025288582,0.012637973,0.0056504011
2023-12-21,CRM,0.0037178993,0.011101961,-0.03570044
2023-12-21,CSCO,-0.010012388,0.00034463406,-0.00021249056
2023-12-21,IBM,-0.0137586,0.016386628,-0.010432422
2023-12-21,INTC,0.0066316128,0.017637968,-0.0074855685
2023-12-21,MSFT,-0.034329355,-0.0079931617,-0.03171128
2023-12-21,NKE,0.017134786,0.016563416,-0.012593329
2023-12-21,VZ,0.00096940994,0.0049971342,-0.003765285
2023-12-21,WMT,-0.0021836758,0.023596168,-0.017505884
2023-12-22,AAPL,-0.013358831,0.0052154064,-0.012215853
2023-12-22,AMGN,0.0062881708,0.018906713,-0.0069846511
2023-12-22,CRM,-0.019071102,0.0081832409,-0.0069556832
2023-12-22,CSCO,-0.0066215396,-0.00019073486,-0.020079434
2023-12-22,IBM,-0.0069159865,0.0055837631,-0.015432835
2023-12-22,INTC,-0.010686398,0.010163069,-0.028645217
2023-12-22,MSFT,-0.034350574,0.017028809,-0.0191347
2023-12-22,NKE,0.0080391169,0.011180997,-0.014882803
2023-12-22,VZ,0.012332559,-0.013062477,-0.022240996
2023-12-22,WMT,-0.011032045,-0.0045310259,-0.0053907037
2023-12-26,AAPL,0.011231661,0.002810359,-0.020201564
2023-12-26,AMGN,-0.026386499,0.014958858,-0.0064510107
2023-12-26,CRM,-0.017200589,-0.007013917,-0.013067245
2023-12-26,CSCO,-0.00078421831,0.0084377527,0.0017085075
2023-12-26,IBM,0.0091075897,0.01877892,-0.0063747764
2023-12-26,INTC,0.012690425,0.0083101988,-0.024289668
2023-12-26,MSFT,-0.0036502481,0.0020627975,-0.0040185452
2023-12-26,NKE,0.0098663568,0.0010535717,0.0058605671
2023-12-26,VZ,-0.013382375,0.014195561,-0.0075574517
2023-12-26,WMT,-0.0053428411,-0.0044304729,-0.01142627
2023-12-27,AAPL,0.028491497,0.03114903,0.0018019676
2023-12-27,AMGN,-0.02302736,0.00079190731,-0.015910268
2023-12-27,CRM,-0.021020591,0.0029175282,-0.0072802901
2023-12-27,CSCO,0.024336934,-0.0095825791,-0.00067162514
2023-12-27,IBM,-0.0045381784,0.0077074766,0.0056666136
2023-12-27,INTC,0.0015602112,-0.00044727325,-0.030122161
2023-12-27,MSFT,-0.016832709,-0.0027859807,-0.01537168
2023-12-27,NKE,-0.0043795109,0.012028813,-0.013644516
2023-12-27,VZ,-0.0017713308,0.0072405338,-0.0068836808
2023-12-27,WMT,0.00056111813,-0.0015344024,-0.010575473
2023-12-28,AAPL,0.0032129288,-0.0059418082,-0.043045998
2023-12-28,AMGN,-0.0077781081,0.012434959,-0.022774398
2023-12-28,CRM,-0.014343083,-0.0091764331,-0.004555881
2023-12-28,CSCO,0.037971973,0.0075986385,-0.013757586
2023-12-28,IBM,-0.017602801,0.021419764,-0.0078350902
2023-12-28,INTC,-0.011514008,0.014505506,-0.025134027
2023-12-28,MSFT,-0.011560082,0.014194608,-0.018227458
2023-12-28,NKE,0.017268538,0.015681744,-0.013592064
2023-12-28,VZ,-0.0030114651,0.00087809563,0.0072188377
2023-12-28,WMT,-0.010892928,0.0052884817,-0.017261267
2023-12-29,AAPL,0.0048453808,0.020981908,-0.0016138554
2023-12-29,AMGN,-0.0021632314,0.0098236799,-0.017967403
2023-12-29,CRM,-0.040819108,-0.021427751,0.004850626
2023-12-29,CSCO,-0.019299567,-0.0022172928,0.0067175627
2023-12-29,IBM,-0.023779511,0.011255383,-0.0046772957
2023-12-29,INTC,-0.006675899,0.0012208223,0.015009403
2023-12-29,MSFT,0.0011478662,0.017609119,-0.018013299
2023-12-29,NKE,0.035157442,0.011094093,-0.012110293
2023-12-29,VZ,-1.4841557e-05,0.026265025,-0.013361514
2023-12-29,WMT,0.0018092394,-0.0049062967,0.002304554
2024-01-02,AAPL,0.0055155754,-0.0044229031,-0.026159227
2024-01-02,AMGN,-0.038191736,0.016041756,-0.0022604465
2024-01-02,CRM,0.03527987,0.039665699,-0.011003673
2024-01-02,CSCO,-0.0097784996,0.012328386,-0.005212307
2024-01-02,IBM,-0.02585572,0.0072699785,-0.0071812272
2024-01-02,INTC,-0.020982504,0.005330205,-0.036741078
2024-01-02,MSFT,-0.0044466853,-0.0011337996,-0.014234781
2024-01-02,NKE,0.01949048,0.0096968412,-0.0018199682
2024-01-02,VZ,-0.0087032318,0.0079385042,-0.0028036237
2024-01-02,WMT,0.0069885254,0.0059440136,-0.010817349
2024-01-03,AAPL,0.022889853,0.012512207,-0.018984854
2024-01-03,AMGN,-0.027541518,0.013635516,-0.0044406056
2024-01-03,CRM,0.0057523251,0.01700139,-0.04806602
2024-01-03,CSCO,-0.021778286,0.0016100407,0.0081224442
2024-01-03,IBM,-0.030094564,0.0054410696,-0.015493453
2024-01-03,INTC,0.022088051,0.025169253,-0.017249227
2024-01-03,MSFT,0.0031626225,0.012453437,-0.0054668188
2024-01-03,NKE,0.035105944,0.021558046,0.014973521
2024-01-03,VZ,0.010831475,-0.0059397817,-0.012493312
2024-01-03,WMT,-0.022641957,0.017720461,-0.00076663494
2024-01-04,AAPL,0.015411854,0.015425205,-0.029140413
2024-01-04,AMGN,0.0070525408,-0.00059103966,-0.022329867
2024-01-04,CRM,0.0012278557,-0.022456348,-0.016197264
2024-01-04,CSCO,-0.015175343,-0.0066404939,-0.013240576
2024-01-04,IBM,0.0034387112,0.0044431686,-0.005089581
2024-01-04,INTC,0.020662427,0.017054915,-0.019611418
2024-01-04,MSFT,0.036630034,-0.0085084438,-0.028572083
2024-01-04,NKE,-0.0071986318,0.014333487,0.0025984049
2024-01-04,VZ,-0.0028153658,0.0037376881,-0.0014256239
2024-01-04,WMT,-0.0074432492,0.0072705746,-0.0034525394
2024-01-05,AAPL,-0.015124977,-0.0014196038,-0.011445582
2024-01-05,AMGN,-0.021601617,0.0094678402,-0.0054361224
2024-01-05,CRM,0.024742842,0.0085525513,-0.0021261573
2024-01-05,CSCO,0.005630374,0.021628737,-0.0038866997
2024-01-05,IBM,0.011119366,-0.012543082,-0.0055645108
2024-01-05,INTC,-0.020386696,0.024940491,-0.015731573
2024-01-05,MSFT,-0.0169397,-0.0049479604,-0.017022908
2024-01-05,NKE,-0.00086039305,0.0084722042,-0.0046871305
2024-01-05,VZ,-0.011628449,0.011143208,-0.026752412
2024-01-05,WMT,0.013093233,0.013440371,0.0045582056
2024-01-08,AAPL,0.0095692873,0.0024935007,-0.0088730454
2024-01-08,AMGN,-0.01216048,0.018486977,-0.048129082
2024-01-08,CRM,-0.0017240047,0.019240618,-0.015308499
2024-01-08,CSCO,0.00094044209,-0.0012328029,-0.01843524
2024-01-08,IBM,-0.013786018,0.0085753202,0.021196008
2024-01-08,INTC,8.72612e-05,0.01239121,0.0048257113
2024-01-08,MSFT,0.006842494,0.01180625,-0.0055133104
2024-01-08,NKE,-0.020836115,0.014277577,-0.026919723
2024-01-08,VZ,0.010350108,0.0040605068,-0.014018357
2024-01-08,WMT,0.0024008751,0.013195276,-0.012130141
2024-01-09,AAPL,0.0048103333,0.016198874,-0.0047394633
2024-01-09,AMGN,-0.014338017,0.015510917,-0.0012657046
2024-01-09,CRM,-0.027772188,-0.022212982,-0.0044893026
2024-01-09,CSCO,0.027869225,-0.0063834786,0.0092461109
2024-01-09,IBM,0.0059173107,0.0045528412,-0.0043218136
2024-01-09,INTC,-0.029430509,-0.0037090778,-0.0076045394
2024-01-09,MSFT,0.011709213,0.0057215691,0.0015066862
2024-01-09,NKE,-0.018689454,0.0074000359,0.0031663179
2024-01-09,VZ,0.010053515,0.0075788498,-0.013356626
2024-01-09,WMT,-0.010116279,0.0023289919,-0.0082213879
2024-01-10,AAPL,0.035999656,0.012627721,-0.0011672974
2024-01-10,AMGN,0.02046299,0.0090354681,-0.030208647
2024-01-10,CRM,0.0076258183,0.0088796616,-0.038180172
2024-01-10,CSCO,0.0064176321,0.00036299229,-0.0036526918
2024-01-10,IBM,-0.014001071,0.012895107,0.0047531128
2024-01-10,INTC,0.040519595,0.0078824759,0.0089702606
2024-01-10,MSFT,0.01657939,0.025674224,-0.0099658966
2024-01-10,NKE,0.010422349,0.0043147802,0.0098792315
2024-01-10,VZ,-0.0038562417,0.011684299,-0.0053867698
2024-01-10,WMT,0.0049885511,0.00096583366,0.0038144588
2024-01-11,AAPL,0.0082113743,0.021204948,-0.0055549145
2024-01-11,AMGN,-0.011268616,0.0033327341,-0.0096396208
2024-01-11,CRM,-0.021734953,0.0053457022,-0.022118449
2024-01-11,CSCO,0.0051890612,-0.0051720738,-0.00604105
2024-01-11,IBM,-0.020600975,0.020113111,-0.0063349009
2024-01-11,INTC,0.0039266348,0.0013757944,-0.022577226
2024-01-11,MSFT,-0.037237525,0.017097592,-0.0045230389
2024-01-11,NKE,-0.0020947456,0.01912868,-0.017127335
2024-01-11,VZ,-0.0046898723,0.0049600601,-0.0097221732
2024-01-11,WMT,-0.011004567,0.01215744,-0.0041538477
2024-01-12,AAPL,-0.030935943,0.0013039112,-0.022592902
2024-01-12,AMGN,0.016098857,0.0099748373,-0.0011428595
2024-01-12,CRM,-0.022397041,-0.0132038,0.0044670105
2024-01-12,CSCO,0.019537687,0.025173068,-0.019365788
2024-01-12,IBM,-0.014236271,0.012380719,-0.019971132
2024-01-12,INTC,0.044418454,0.0072647333,-0.013110518
2024-01-12,MSFT,0.040168047,0.0071848631,-0.0069774389
2024-01-12,NKE,0.061412692,-0.0023861527,-0.0022752881
2024-01-12,VZ,-0.014974535,0.018019438,-0.015149474
2024-01-12,WMT,0.0052319765,0.016856313,-0.0023116469
2024-01-16,AAPL,0.036607742,0.0064957142,-0.0017573237
2024-01-16,AMGN,0.0054796934,0.0025293827,-0.027387619
2024-01-16,CRM,-0.010723948,0.033757448,-0.017408192
2024-01-16,CSCO,-0.011136353,-0.0026561618,-0.0015271902
2024-01-16,IBM,0.0085443258,0.018380284,-0.017848849
2024-01-16,INTC,-0.0024853945,-0.010472357,-0.006845057
2024-01-16,MSFT,-0.027377784,-0.0048826933,-0.0064855814
2024-01-16,NKE,-0.021959245,0.0098004341,-0.013375521
2024-01-16,VZ,0.0081082582,0.017572641,-0.0074204803
2024-01-16,WMT,0.0022832155,0.0022903681,0.0028225183
2024-01-17,AAPL,-0.0030404329,0.0067474842,-0.014598668
2024-01-17,AMGN,0.0096677542,0.022835016,-0.013108671
2024-01-17,CRM,0.033309937,0.0065057278,-0.019893765
2024-01-17,CSCO,-0.0067587495,-0.01391834,-0.012845099
2024-01-17,IBM,-0.0026632547,-0.00038188696,-0.0037454963
2024-01-17,INTC,-0.015318334,0.015662909,-0.0056599975
2024-01-17,MSFT,0.017292142,0.023638844,0.0058037043
2024-01-17,NKE,-0.0040311813,-0.0051327348,-0.020450354
2024-01-17,VZ,-0.01246351,0.0037884712,0.00024294853
2024-01-17,WMT,0.0092388391,0.0011000633,0.0028764009
2024-01-18,AAPL,0.0090872049,0.012776017,-0.018216848
2024-01-18,AMGN,0.01382041,0.013290644,-0.0049604774
2024-01-18,CRM,-0.0085682273,0.0052212477,-0.0059464574
2024-01-18,CSCO,0.0018413067,0.0058231354,-0.011180699
2024-01-18,IBM,0.0019823313,-0.010085344,-0.013385653
2024-01-18,INTC,-0.011554956,0.017237782,-0.0033800602
2024-01-18,MSFT,0.014157414,0.0081503391,-0.0012248755
2024-01-18,NKE,0.013462305,0.00025200844,0.0045876503
2024-01-18,VZ,-0.022190571,0.019644618,0.0046583414
2024-01-18,WMT,0.010265946,0.0081994534,0.0026004314
2024-01-19,AAPL,-0.036793351,0.01704216,-0.026322722
2024-01-19,AMGN,-0.019098103,-0.019030869,-0.0096791387
2024-01-19,CRM,0.038096547,0.026433468,0.0014792681
2024-01-19,CSCO,-0.011272788,0.0050865412,-0.01407522
2024-01-19,IBM,-0.0043551326,0.0063947439,-0.0046136975
2024-01-19,INTC,-0.018423975,0.00098752975,-0.0051688552
2024-01-19,MSFT,-0.0031104088,0.029716849,-0.0011000633
2024-01-19,NKE,-0.023023307,-0.0074472427,-0.008588016
2024-01-19,VZ,-0.023964643,0.015248418,0.0071415901
2024-01-19,WMT,-0.0070860386,0.016822457,-0.010056615
2024-01-22,AAPL,0.081928849,0.0062998533,-0.033097565
2024-01-22,AMGN,0.010906458,0.014598131,0.005466342
2024-01-22,CRM,-0.021655023,-0.0013144016,0.0057891607
2024-01-22,CSCO,0.015247226,0.017992496,-0.0039132237
2024-01-22,IBM,0.0012999773,0.016763449,-0.0088478327
2024-01-22,INTC,0.017868996,-0.0011374354,-0.0075439811
2024-01-22,MSFT,-0.022094846,0.01710248,-0.028232515
2024-01-22,NKE,-0.00067740679,-0.0045138597,-0.0047775507
2024-01-22,VZ,-0.014098048,0.010957122,-0.009548068
2024-01-22,WMT,0.0076055527,0.0084258318,-0.018403113
2024-01-23,AAPL,0.0020718575,0.014131069,-0.032482982
2024-01-23,AMGN,0.015084386,0.011203527,-0.0092557669
2024-01-23,CRM,0.0063977242,-0.0058775544,-0.0024191737
2024-01-23,CSCO,0.023208141,0.0044977665,0.0078226328
2024-01-23,IBM,0.012623072,0.0095618963,-0.007142961
2024-01-23,INTC,-0.0089727044,0.0047894716,-0.005659759
2024-01-23,MSFT,0.0039834976,-0.00012779236,0.0030459166
2024-01-23,NKE,0.029629707,0.001553297,-0.0038674474
2024-01-23,VZ,-0.004080534,0.018765092,-0.010823607
2024-01-23,WMT,0.0003464222,0.02399528,-0.00061154366
2024-01-24,AAPL,0.008450985,-0.00057268143,-0.0038989782
2024-01-24,AMGN,-0.0034649968,0.0017058849,-0.013168454
2024-01-24,CRM,0.017475724,-0.0085128546,-0.0023979545
2024-01-24,CSCO,0.012640595,0.011789799,-0.0055282712
2024-01-24,IBM,-0.0068207979,0.014267206,-0.0050324798
2024-01-24,INTC,0.0050604343,0.011182547,-0.019942224
2024-01-24,MSFT,-0.032241523,0.00013434887,-0.0053511858
2024-01-24,NKE,0.037544966,0.013869762,-0.0021960139
2024-01-24,VZ,0.0018229485,0.0044374466,-0.0032234192
2024-01-24,WMT,-0.010028601,0.016717196,-0.010565877
2024-01-25,AAPL,0.00090610981,0.024807572,-0.0058602095
2024-01-25,AMGN,-0.034180462,0.023854494,-0.02226162
2024-01-25,CRM,0.0016866922,0.0022318363,0.010108352
2024-01-25,CSCO,-0.0037651062,0.012572646,-0.01281476
2024-01-25,IBM,0.0075770617,0.0055474043,-0.00065892935
2024-01-25,INTC,-0.0094085336,0.0016672611,-0.019102693
2024-01-25,MSFT,0.0040037632,0.0099912882,-0.00026112795
2024-01-25,NKE,0.0028325319,0.0035911798,-0.0056295991
2024-01-25,VZ,0.0040478706,0.0040653944,0.0010025501
2024-01-25,WMT,-0.0030783415,0.0018104315,-0.0073546171
2024-01-26,AAPL,0.011254191,-0.0082647204,-0.0061597228
2024-01-26,AMGN,0.0042533875,0.015872836,-0.016140461
2024-01-26,CRM,0.048800707,0.024238825,-0.0079137683
2024-01-26,CSCO,-0.015108049,-0.0073632598,-0.025507867
2024-01-26,IBM,0.0063648224,0.006311059,0.0019388199
2024-01-26,INTC,-0.0069360733,0.017507195,-0.00058913231
2024-01-26,MSFT,0.02043283,0.01440239,-0.005548954
2024-01-26,NKE,0.013335228,0.021327972,-0.0081365108
2024-01-26,VZ,-0.014216125,0.0066298246,-0.0089631081
2024-01-26,WMT,0.0065019131,0.017896175,0.012320638
2024-01-29,AAPL,0.036610842,0.021290898,-0.014839232
2024-01-29,AMGN,-0.018338382,0.01356709,-0.01000756
2024-01-29,CRM,-0.031367898,0.0050492287,-0.041071475
2024-01-29,CSCO,0.025948405,0.0037884712,-0.010483146
2024-01-29,IBM,0.012025714,0.010976434,-0.00032562017
2024-01-29,INTC,-0.0067224503,0.025448084,-0.01467669
2024-01-29,MSFT,-0.013099849,0.022978306,0.0073865652
2024-01-29,NKE,-0.0042841434,-0.023479939,0.021632433
2024-01-29,VZ,-0.015782475,0.006316781,-0.019710362
2024-01-29,WMT,-0.0067634583,0.01419735,-0.0079172254
2024-01-30,AAPL,0.03688705,0.019136786,-0.0052401423
2024-01-30,AMGN,0.013127565,0.0081186295,0.0036312342
2024-01-30,CRM,-0.018306077,0.00144279,-0.0053159595
2024-01-30,CSCO,0.019620538,0.017170072,-0.010451674
2024-01-30,IBM,-0.0094972253,0.0014882088,-0.0024349093
2024-01-30,INTC,0.0017333031,0.015367031,-0.016169071
2024-01-30,MSFT,-0.0038505793,0.011402011,-0.011726499
2024-01-30,NKE,0.012225389,0.022553682,-0.013719976
2024-01-30,VZ,-0.017923355,0.0085566044,-0.011277497
2024-01-30,WMT,-0.0077391863,0.01331079,-0.019175351
2024-01-31,AAPL,0.034493566,0.040393949,-0.0046061873
2024-01-31,AMGN,-0.023589253,0.012499809,-0.014072895
2024-01-31,CRM,-0.014541805,0.011293173,-0.0066822767
2024-01-31,CSCO,-0.0069729686,0.0020731688,-0.0099520087
2024-01-31,IBM,-0.0063869953,0.012741327,0.0029501915
2024-01-31,INTC,-0.010585308,0.021245122,0.0028814077
2024-01-31,MSFT,-0.01543808,-0.014258325,-0.0078805685
2024-01-31,NKE,-0.034477234,0.014901996,0.0013192892
2024-01-31,VZ,0.023631454,0.0041979551,-0.018747091
2024-01-31,WMT,-0.0049416423,0.0064467192,-0.0039360523
2024-02-01,AAPL,0.053924322,0.0035059452,-0.0087602139
2024-02-01,AMGN,-0.030607164,0.0089994669,-0.0049177408
2024-02-01,CRM,-0.0036528707,0.022322297,-0.013402343
2024-02-01,CSCO,-0.027248204,0.0060808659,-0.0094612241
2024-02-01,IBM,0.0075860023,0.0050849915,-0.0068393946
2024-02-01,INTC,-0.014817417,0.0040861368,-0.027253211
2024-02-01,MSFT,0.01355648,0.0072085857,-0.0065230727
2024-02-01,NKE,-0.002697289,0.012341976,-0.0064000487
2024-02-01,VZ,-0.018007696,0.010961294,-0.013394356
2024-02-01,WMT,0.0052233934,0.0043327808,-0.019219458
2024-02-02,AAPL,-0.016349852,0.023550868,-0.01306814
2024-02-02,AMGN,0.0095185041,0.012351394,-0.012139857
2024-02-02,CRM,0.0033892393,0.0088083744,-0.013854861
2024-02-02,CSCO,0.015649796,0.0057376623,-0.0073606372
2024-02-02,IBM,0.024957657,0.018742561,0.0095081329
2024-02-02,INTC,0.017853141,-0.00073778629,-0.0015583038
2024-02-02,MSFT,-0.012262404,0.0078419447,0.0022195578
2024-02-02,NKE,-0.015530348,0.026862383,-0.0048192143
2024-02-02,VZ,0.0074203014,-0.0017452836,0.00038123131
2024-02-02,WMT,-0.013789177,0.010154486,-0.01045078
2024-02-05,AAPL,-0.0054191947,-0.022262812,-0.012477577
2024-02-05,AMGN,-0.03676796,0.013527989,-0.018056095
2024-02-05,CRM,-0.024358571,0.015183449,-0.014580786
2024-02-05,CSCO,-0.01636523,0.0056618452,-0.019043684
2024-02-05,IBM,-0.019247532,0.0025382042,-0.021562219
2024-02-05,INTC,0.014348984,0.0035140514,-0.010735393
2024-02-05,MSFT,0.0090440512,0.0018494129,-0.026112318
2024-02-05,NKE,0.019105077,-0.0045164824,0.005980134
2024-02-05,VZ,0.0042052269,0.005459547,-0.020304084
2024-02-05,WMT,-0.0031604767,0.017311335,-0.012932301
2024-02-06,AAPL,0.011739254,0.010348439,-0.018202662
2024-02-06,AMGN,-0.0083053708,0.013715982,-0.02680099
2024-02-06,CRM,-0.047944903,0.027984858,-0.050861478
2024-02-06,CSCO,0.010674238,0.0025013685,-0.013503969
2024-02-06,IBM,-0.0056038499,0.01843226,0.0024124384
2024-02-06,INTC,-0.011863887,0.0080422163,-0.026003242
2024-02-06,MSFT,-0.003634572,-0.00050026178,0.00076007843
2024-02-06,NKE,-0.038380682,0.0086739063,-0.010178864
2024-02-06,VZ,-0.011126101,-0.0043355227,0.0060310364
2024-02-06,WMT,-0.0051945448,-0.0097982883,0.017953396
2024-02-07,AAPL,-0.025361478,0.011891246,-0.0036426187
2024-02-07,AMGN,-0.0041089058,-0.00012922287,-0.0179286
2024-02-07,CRM,0.021062851,0.012889385,-0.023390472
2024-02-07,CSCO,-0.011785924,-0.0098429918,-0.0042008162
2024-02-07,IBM,0.0065088272,0.0066533089,0.014385581
2024-02-07,INTC,-0.025039673,0.004796505,-0.019292295
2024-02-07,MSFT,0.0025091171,-0.0051195621,-0.0089604855
2024-02-07,NKE,0.02391994,0.0078792572,-0.013525307
2024-02-07,VZ,0.015495181,0.0023218393,-0.009696722
2024-02-07,WMT,0.010248184,0.00086343288,0.0056650639
2024-02-08,AAPL,-0.0038853288,0.034495592,-0.013346374
2024-02-08,AMGN,0.0066207647,0.011126041,-0.01578939
2024-02-08,CRM,-0.030392051,-0.00681144,-0.015302539
2024-02-08,CSCO,-0.0157969,0.0030237436,-0.015833378
2024-02-08,IBM,0.0033243895,0.0011832714,-0.010075033
2024-02-08,INTC,-0.023366392,0.02673471,-0.018581331
2024-02-08,MSFT,-0.013422191,0.0098819733,-0.0082472563
2024-02-08,NKE,-0.026213646,0.0041925907,0.0032070875
2024-02-08,VZ,-0.018211126,0.011952519,-0.013044894
2024-02-08,WMT,-0.0012766719,0.0010149479,-0.012853622
2024-02-09,AAPL,0.010302186,0.001698494,-0.0050215125
2024-02-09,AMGN,0.0030025244,0.021885872,-0.0098471642
2024-02-09,CRM,-0.0047245622,-0.013313591,-0.023657262
2024-02-09,CSCO,0.004948616,0.012890697,-0.011620164
2024-02-09,IBM,0.010492206,0.0026005507,0.0004093647
2024-02-09,INTC,0.014344573,0.0065637827,-0.020234466
2024-02-09,MSFT,0.024337769,0.021426439,-0.0011373758
2024-02-09,NKE,-0.012449861,0.017674685,-0.0084158778
2024-02-09,VZ,-0.022454202,0.010146737,-0.0022497773
2024-02-09,WMT,-0.0046250224,0.0011146069,-0.010633469
2024-02-12,AAPL,0.0019935369,0.0017800331,-0.013736963
2024-02-12,AMGN,-0.035642862,0.026070237,-0.02391541
2024-02-12,CRM,-0.026927412,0.027035117,-0.011761725
2024-02-12,CSCO,-0.022483647,0.0064482689,0.0078474283
2024-02-12,IBM,-0.012049794,-0.0038186312,-0.011197627
2024-02-12,INTC,-0.010855138,-0.0035769939,-0.0074800253
2024-02-12,MSFT,-0.0046765208,-0.00071161985,-0.0029595494
2024-02-12,NKE,0.0035215616,0.0054814816,-0.024038076
2024-02-12,VZ,0.008477807,0.0040744543,-0.0092798471
2024-02-12,WMT,0.0050029755,0.013032317,-0.0053673387
2024-02-13,AAPL,0.014220357,0.019570112,-0.010675013
2024-02-13,AMGN,0.0082637072,0.023022175,0.0093333721
2024-02-13,CRM,0.06250155,0.030150771,-0.00050926208
2024-02-13,CSCO,0.027835965,0.0048031807,-0.020499229
2024-02-13,IBM,0.010149717,0.010337234,0.0021318197
2024-02-13,INTC,0.026580453,0.019374251,-0.0089200735
2024-02-13,MSFT,0.008910656,0.0017902851,-0.017544448
2024-02-13,NKE,-0.0094772577,0.011935472,-0.0033905506
2024-02-13,VZ,-0.014677405,0.0095438957,-0.013605416
2024-02-13,WMT,0.0045278072,8.5949898e-05,-0.014133155
2024-02-14,AAPL,0.032084107,0.016585112,-0.0034428239
2024-02-14,AMGN,0.0083554983,0.018852592,-0.020397067
2024-02-14,CRM,-0.0010760427,0.0077254772,-0.015669882
2024-02-14,CSCO,0.023666859,0.005405426,-0.02187562
2024-02-14,IBM,-0.0053414106,0.0025962591,-0.013939917
2024-02-14,INTC,-0.021476924,0.025097251,-0.01255399
2024-02-14,MSFT,-0.0033683181,0.019938707,-0.0096142888
2024-02-14,NKE,0.0053837299,-0.0034297705,-0.014628172
2024-02-14,VZ,-0.01157093,0.0028604269,0.0017410517
2024-02-14,WMT,-0.0042293668,0.0062204599,-0.00036507845
2024-02-15,AAPL,-0.0095900893,0.010693669,0.0045365095
2024-02-15,AMGN,0.0030388832,0.013763189,-0.022049963
2024-02-15,CRM,-0.01754415,0.030164599,-0.013709366
2024-02-15,CSCO,-0.045227289,0.0091211796,-0.014474571
2024-02-15,IBM,0.032000661,-0.0035200715,-0.0085377097
2024-02-15,INTC,-0.0070791245,0.0062285662,-0.0091271996
2024-02-15,MSFT,-0.038651466,0.020814061,-0.025707662
2024-02-15,NKE,0.0035121441,-0.0021526814,0.012937188
2024-02-15,VZ,0.010917425,0.00028908253,-0.012800872
2024-02-15,WMT,0.020008802,0.0017924309,-0.017674088
2024-02-16,AAPL,-0.013580501,0.0016751289,-0.0066774487
2024-02-16,AMGN,-0.010526478,0.019687533,-0.02622211
2024-02-16,CRM,0.016618133,0.0039664507,-0.041301191
2024-02-16,CSCO,0.014246583,0.0038070679,-0.010247648
2024-02-16,IBM,0.00020897388,0.003147006,-0.0014910102
2024-02-16,INTC,-0.035076559,-0.00059080124,0.00023782253
2024-02-16,MSFT,0.0084670782,0.019488335,-0.01999402
2024-02-16,NKE,-0.0031363964,0.020969391,-0.012188911
2024-02-16,VZ,-0.0058019757,0.020679116,-0.013296783
2024-02-16,WMT,-0.01433593,-0.0015169382,0.0029153824
2024-02-20,AAPL,0.0088783503,0.021194935,0.0056684017
2024-02-20,AMGN,-0.0082988143,0.0076695681,-0.0058906078
2024-02-20,CRM,0.03316927,-0.0088385344,-0.017740846
2024-02-20,CSCO,0.045930266,7.1167946e-05,0.0057085752
2024-02-20,IBM,0.010082364,-0.0035044551,-0.0012978911
2024-02-20,INTC,0.014780045,0.0073312521,-0.0062900782
2024-02-20,MSFT,-0.0062978864,0.022927403,0.0010006428
2024-02-20,NKE,-0.017053902,0.025246859,-0.003775239
2024-02-20,VZ,0.0060055256,0.004119873,-0.0074957609
2024-02-20,WMT,0.00048983097,0.00070214272,0.0026464462
2024-02-21,AAPL,-0.013231099,0.020814538,-0.033105612
2024-02-21,AMGN,-0.035966694,0.007286191,0.0037654638
2024-02-21,CRM,0.051283479,-0.0048446059,0.0089553595
2024-02-21,CSCO,0.012953401,0.0064816475,0.00044941902
2024-02-21,IBM,0.030176878,0.017617941,-0.0073927045
2024-02-21,INTC,0.00043559074,0.017421126,-0.021574795
2024-02-21,MSFT,0.024856925,-0.00056022406,-0.0098894835
2024-02-21,NKE,-0.0032713413,0.005725503,-0.0090125799
2024-02-21,VZ,-0.0051640868,0.0091199875,-0.015151083
2024-02-21,WMT,0.018232703,0.010457873,-0.0086474419
2024-02-22,AAPL,-0.010786593,0.018226624,-0.02617991
2024-02-22,AMGN,-0.028625906,0.018372178,-0.029257178
2024-02-22,CRM,0.035195231,-0.011059582,-0.039650261
2024-02-22,CSCO,0.023005366,0.032392621,-0.011564434
2024-02-22,IBM,0.0060811043,0.0026010275,-0.0052342415
2024-02-22,INTC,-0.00096356869,-0.0096410513,-0.010171592
2024-02-22,MSFT,0.0016870499,0.035448551,0.00018310547
2024-02-22,NKE,0.017273068,-0.0007494688,6.1273575e-05
2024-02-22,VZ,-0.017060041,0.0064224005,-0.00089222193
2024-02-22,WMT,-0.008467257,0.00044226646,-0.0041454434
2024-02-23,AAPL,-0.017300069,0.029835224,-0.011566639
2024-02-23,AMGN,0.00047373772,0.0090879202,-0.012828469
2024-02-23,CRM,-0.016360581,0.013185143,-0.040169835
2024-02-23,CSCO,0.008957386,0.0097551346,-0.015254438
2024-02-23,IBM,-0.01061976,0.0025173426,-0.0082446337
2024-02-23,INTC,0.0050826073,0.023338795,-0.0085558295
2024-02-23,MSFT,0.023055911,0.016250014,-0.0078861117
2024-02-23,NKE,0.015438557,0.0018680096,-0.021386325
2024-02-23,VZ,0.021773338,-0.0040560365,-0.0084186792
2024-02-23,WMT,-0.024200022,0.017885923,-0.0068807006
2024-02-26,AAPL,0.032443285,0.0092793703,-0.0071757436
2024-02-26,AMGN,-0.037631035,0.0067243576,-0.0033004284
2024-02-26,CRM,-0.01020515,0.023565412,-0.017033994
2024-02-26,CSCO,-0.0070182085,-0.004801333,0.0015333891
2024-02-26,IBM,0.0013372898,0.024049044,-0.018299818
2024-02-26,INTC,-0.025874972,0.0053629875,-0.0044891834
2024-02-26,MSFT,0.0025924444,-0.0088461041,-0.0038843751
2024-02-26,NKE,-0.0052898526,0.012792826,-0.006362617
2024-02-26,VZ,-0.0048747063,0.020970345,-0.0065610409
2024-02-26,WMT,0.0069659948,0.0050054789,-0.013771236
2024-02-27,AAPL,-0.020247459,0.01377058,0.0029324293
2024-02-27,AMGN,-0.019386411,0.0010985136,-0.014204979
2024-02-27,CRM,0.0086487532,-0.017780006,-0.011165142
2024-02-27,CSCO,-0.0012318492,0.0018763542,-0.027174234
2024-02-27,IBM,0.0066822767,0.01709497,-0.0031483173
2024-02-27,INTC,-0.014672697,0.0083961487,-0.0098050833
2024-02-27,MSFT,-0.024239719,0.0051882267,-0.017787516
2024-02-27,NKE,0.012977481,0.014034748,0.0045903921
2024-02-27,VZ,-0.0099195242,0.010022402,-0.0024374723
2024-02-27,WMT,0.020762205,0.0063980818,0.0014014244
2024-02-28,AAPL,-0.0047914386,0.01142323,-0.018728077
2024-02-28,AMGN,0.0026551485,0.014134407,0.0032528639
2024-02-28,CRM,-0.018574119,0.015178204,-0.0059872866
2024-02-28,CSCO,-0.020679295,0.0098714828,-0.0076367855
2024-02-28,IBM,0.0059261322,0.012479901,-0.010053337
2024-02-28,INTC,0.013956308,0.0071442127,-0.0070315599
2024-02-28,MSFT,0.0020955801,0.0054293871,-0.011692286
2024-02-28,NKE,0.028638363,-0.0013777018,0.0078997612
2024-02-28,VZ,0.0020221472,0.020247698,-0.00056439638
2024-02-28,WMT,0.017291069,0.0012257099,0.0011608601
2024-02-29,AAPL,-0.0056006908,-0.0018889308,-0.019202411
2024-02-29,AMGN,0.00074255466,0.012190342,-0.0003901124
2024-02-29,CRM,0.034111023,0.032340169,-0.0029375553
2024-02-29,CSCO,0.022425771,0.0062174797,-0.020601451
2024-02-29,IBM,-0.020366549,0.0020284653,-0.0044317245
2024-02-29,INTC,-0.0058029294,0.027263641,-0.019603372
2024-02-29,MSFT,0.02026701,0.018650055,-0.0069797635
2024-02-29,NKE,-0.019811392,0.018699884,-0.015901506
2024-02-29,VZ,-0.0044151545,0.013284087,-0.0029732585
2024-02-29,WMT,-0.0042518377,0.02831614,0.0070990324
2024-03-01,AAPL,0.007250905,-0.0044861436,-0.015456855
2024-03-01,AMGN,0.0028815269,0.0048687458,-0.019407749
2024-03-01,CRM,-0.038911939,0.027507782,-0.033691585
2024-03-01,CSCO,-0.023548961,0.021440029,-0.0072368383
2024-03-01,IBM,-0.019041121,0.0093011856,-0.0061791539
2024-03-01,INTC,0.0083224773,0.0059057474,0.0063103437
2024-03-01,MSFT,0.030236959,0.0072176456,-0.011567235
2024-03-01,NKE,0.037283063,-0.0033767223,-0.00070363283
2024-03-01,VZ,-0.019445956,0.018581629,0.0030926466
2024-03-01,WMT,-0.0020939112,0.0060930252,-0.0027778745
2024-03-04,AAPL,0.010163903,0.016072392,-0.027816713
2024-03-04,AMGN,0.0029747486,0.002956748,-0.019508541
2024-03-04,CRM,-0.059878051,0.0034239292,-0.034901261
2024-03-04,CSCO,0.028780341,0.00034344196,-0.0073155761
2024-03-04,IBM,0.0083283186,-0.0040630102,0.013526201
2024-03-04,INTC,0.0045100451,0.002722621,0.0079370737
2024-03-04,MSFT,0.018082976,0.015340209,-0.032781065
2024-03-04,NKE,0.03021872,0.026629686,-0.0047789216
2024-03-04,VZ,0.020250082,0.019900203,-0.0087094903
2024-03-04,WMT,0.016919494,0.00049316883,-0.0065718293
2024-03-05,AAPL,-0.0028742552,0.00084161758,-0.031281948
2024-03-05,AMGN,-0.028199315,0.023856878,0.012120843
2024-03-05,CRM,-0.0050705075,0.01706481,-0.032237172
2024-03-05,CSCO,-0.0070493221,0.0095926523,-0.01804024
2024-03-05,IBM,-0.015139222,0.004986763,-0.0094596744
2024-03-05,INTC,-0.0096161366,0.020115376,-0.014301121
2024-03-05,MSFT,0.0061635971,-0.0025591254,-0.026502669
2024-03-05,NKE,0.013913989,0.0018621683,-0.018447816
2024-03-05,VZ,-0.015337348,0.011300683,-0.021917641
2024-03-05,WMT,-0.010496318,0.0067226887,-0.015172064
2024-03-06,AAPL,-0.014331102,0.014404655,-0.011674762
2024-03-06,AMGN,-0.0032653809,0.028180718,-0.017717421
2024-03-06,CRM,-0.052447319,0.00064361095,-0.0082364082
2024-03-06,CSCO,0.027607083,0.013258576,-0.0083173513
2024-03-06,IBM,0.011104941,0.0068405867,-0.0060216784
2024-03-06,INTC,0.0061309338,0.00097835064,-0.008839488
2024-03-06,MSFT,0.0059759617,0.0077412128,-0.0082390308
2024-03-06,NKE,-0.0054995418,0.023655057,-0.0045311451
2024-03-06,VZ,-0.0043357015,0.010624886,0.0066306591
2024-03-06,WMT,0.0025929213,0.01106441,-0.0080478191
2024-03-07,AAPL,0.014870644,0.022127509,-0.03105098
2024-03-07,AMGN,-0.028320909,0.011085391,-0.0087200403
2024-03-07,CRM,-0.016504645,0.0068901777,-0.014609039
2024-03-07,CSCO,-0.037272513,0.019053221,-0.023099482
2024-03-07,IBM,0.016011715,0.0095140934,-0.0068483353
2024-03-07,INTC,-0.0068097115,0.00016760826,-0.0087587833
2024-03-07,MSFT,0.0032433271,0.014230728,-0.0048133731
2024-03-07,NKE,-0.020285606,-0.0056143403,0.012452602
2024-03-07,VZ,-0.0073294044,0.0095198154,-0.020701528
2024-03-07,WMT,-0.034836471,0.00036454201,-0.00096839666
2024-03-08,AAPL,0.015218616,-0.00083720684,0.0083369017
2024-03-08,AMGN,-0.011900663,0.013833165,-0.0025523305
2024-03-08,CRM,0.01115942,0.043272614,-0.022134244
2024-03-08,CSCO,-0.0053786039,0.019487739,0.0037635565
2024-03-08,IBM,-0.01510638,-0.0061363578,-0.003719449
2024-03-08,INTC,-0.017753959,-0.019922614,-0.018919885
2024-03-08,MSFT,-0.029166877,0.019423842,-0.0059292912
2024-03-08,NKE,0.018545747,0.0010433197,-0.007171452
2024-03-08,VZ,-0.00065404177,0.0032206774,-0.0071059465
2024-03-08,WMT,-0.016252756,0.010354638,-0.019363463
2024-03-11,AAPL,0.0080630779,-0.0071527958,0.0069723129
2024-03-11,AMGN,0.0029858351,0.014515877,-0.0028045177
2024-03-11,CRM,-0.029316306,0.01044929,-0.0091421008
2024-03-11,CSCO,-0.016360521,0.0038477182,-0.029267132
2024-03-11,IBM,0.0056140423,0.013102174,-0.0044424534
2024-03-11,INTC,0.0023775101,-0.006334722,-0.0035259128
2024-03-11,MSFT,0.032105565,0.016622782,-0.01325047
2024-03-11,NKE,-0.0015229583,0.027576327,-0.014831543
2024-03-11,VZ,-0.0057915449,0.0055646896,-0.017946362
2024-03-11,WMT,0.00020599365,0.013458967,-0.0065506697
2024-03-12,AAPL,-0.0082217455,-0.0011338592,-0.023320258
2024-03-12,AMGN,-0.010401607,0.0099833012,-0.0084542632
2024-03-12,CRM,-0.033740461,0.017829657,-0.046428561
2024-03-12,CSCO,-0.036590695,0.011677504,0.00050663948
2024-03-12,IBM,0.014454007,0.0056580305,-0.0070239305
2024-03-12,INTC,-0.019011915,0.0011746883,-0.0085060596
2024-03-12,MSFT,0.0077204704,0.0088644028,-0.017850518
2024-03-12,NKE,-0.01418221,0.0086547136,-0.021241546
2024-03-12,VZ,-0.031869471,5.376339e-05,-0.017429173
2024-03-12,WMT,-0.0061665773,0.012812138,-0.013634861
2024-03-13,AAPL,-0.040051639,0.0058196783,-0.0074259043
2024-03-13,AMGN,0.012310028,0.0033932924,-0.014150918
2024-03-13,CRM,0.0043413639,0.039363861,-0.017846465
2024-03-13,CSCO,0.015743494,0.0094032288,-0.0013507605
2024-03-13,IBM,0.011514544,0.010166883,-0.016076624
2024-03-13,INTC,0.012841821,-0.0042794943,-0.016907096
2024-03-13,MSFT,-0.0096904635,-0.0047780871,-0.0022099614
2024-03-13,NKE,-0.015722811,0.032376409,-0.020652771
2024-03-13,VZ,-0.0081831813,0.01755476,-0.0014626384
2024-03-13,WMT,0.017990828,0.0048947334,0.0031129122
2024-03-14,AAPL,0.0090278387,0.012308121,-0.0084009171
2024-03-14,AMGN,-0.0020592213,0.022570491,-0.011748552
2024-03-14,CRM,-0.0074660182,0.010220408,-0.020706832
2024-03-14,CSCO,-0.013831615,0.015367746,-0.0022761822
2024-03-14,IBM,-0.0072225928,0.016035318,-0.014315188
2024-03-14,INTC,0.025317907,0.00059235096,-0.0080071688
2024-03-14,MSFT,0.00047266483,0.0021805763,-0.014974236
2024-03-14,NKE,-0.012449861,0.001537919,0.003380537
2024-03-14,VZ,0.0038034916,0.023470759,-0.0014833212
2024-03-14,WMT,0.0096535683,0.0093653202,-0.016162992
2024-03-15,AAPL,-0.012358725,0.0044677258,0.0037788153
2024-03-15,AMGN,-0.0069875717,0.012732744,-0.010113239
2024-03-15,CRM,-0.0062117577,0.016309023,-0.0021039248
2024-03-15,CSCO,-0.0086923242,0.0074785948,0.002990365
2024-03-15,IBM,-0.0027564764,0.0031355619,-0.012481809
2024-03-15,INTC,0.027266741,0.010834932,-0.0073644519
2024-03-15,MSFT,-0.0079910159,-0.0089477897,-0.010067582
2024-03-15,NKE,-0.011853218,0.010072947,0.0059958696
2024-03-15,VZ,-0.0038022399,0.0035578012,0.0065754652
2024-03-15,WMT,-0.011863291,0.0029025078,-0.0088922977
2024-03-18,AAPL,-0.025466204,0.015130758,-0.023589551
2024-03-18,AMGN,-0.01348722,0.0060228109,-0.0045164824
2024-03-18,CRM,0.021043301,0.02189672,-0.01991725
2024-03-18,CSCO,0.017785192,0.0041211843,-0.018959463
2024-03-18,IBM,0.017240405,0.0067110062,-0.0033650398
2024-03-18,INTC,0.010887265,-0.011002362,-0.011095643
2024-03-18,MSFT,-0.038161457,0.00030910969,-0.0080265999
2024-03-18,NKE,0.033150434,0.0042711496,-0.0048800707
2024-03-18,VZ,-0.0088760853,0.016628861,0.00073289871
2024-03-18,WMT,-0.013151109,0.011281371,0.0067825317
2024-03-19,AAPL,0.0066906214,0.01681447,-0.011638284
2024-03-19,AMGN,0.020413756,0.019354105,-0.010192573
2024-03-19,CRM,-0.015619874,0.021979928,-0.041493177
2024-03-19,CSCO,-0.0032189488,0.022038221,-0.026894808
2024-03-19,IBM,0.011752129,0.0075033903,0.0012153387
2024-03-19,INTC,-0.010620356,0.00094735622,-0.01798147
2024-03-19,MSFT,-0.0013065338,-0.0031782985,-0.015206158
2024-03-19,NKE,-0.008672893,0.016090751,-0.012982607
2024-03-19,VZ,-0.019146323,0.0016880035,-0.030126035
2024-03-19,WMT,-0.006544292,0.0017284155,-0.0094406605
2024-03-20,AAPL,-0.0019415021,0.0079761744,0.0025407076
2024-03-20,AMGN,-0.023462713,0.0026302338,-0.023741364
2024-03-20,CRM,-0.026978791,0.001945734,0.014229894
2024-03-20,CSCO,-0.0046696067,0.0031738281,-0.025341928
2024-03-20,IBM,-0.015960574,0.0081721544,-0.004106462
2024-03-20,INTC,0.0038685799,0.028137922,-0.024941206
2024-03-20,MSFT,-0.00049495697,-0.008983314,-0.0010807514
2024-03-20,NKE,0.008534193,-0.0011069775,0.0035903454
2024-03-20,VZ,0.0080262423,0.010396242,-0.018820226
2024-03-20,WMT,-0.021071017,0.0011318922,-0.01241976
2024-03-21,AAPL,-0.021490574,0.014664292,-0.0057582855
2024-03-21,AMGN,0.0087590218,0.0090451241,0.01413548
2024-03-21,CRM,0.0054036379,-0.012811184,-0.066211879
2024-03-21,CSCO,-0.027236104,-0.0092505217,0.0053957701
2024-03-21,IBM,-0.012155592,0.010531783,-0.010376692
2024-03-21,INTC,0.026608109,-0.0063694715,-0.019153833
2024-03-21,MSFT,-0.019897103,-0.0095929503,-0.0015387535
2024-03-21,NKE,-0.011543512,0.017822385,-0.041382372
2024-03-21,VZ,0.006742239,-0.004158318,0.0021136999
2024-03-21,WMT,0.019796252,0.0055291653,-0.011690915
2024-03-22,AAPL,-0.0030036569,-0.0084049106,-0.0073687434
2024-03-22,AMGN,-0.020196974,0.010722756,-0.0073555112
2024-03-22,CRM,0.050291896,0.00948596,-0.020594656
2024-03-22,CSCO,0.0075806379,0.022232652,-0.015729964
2024-03-22,IBM,0.0057274103,0.00742805,0.012234211
2024-03-22,INTC,-0.023206115,-0.0031926632,-0.018620312
2024-03-22,MSFT,-0.022604525,0.022782445,-0.032230675
2024-03-22,NKE,0.0031347275,0.010778308,0.00093758106
2024-03-22,VZ,0.0069584846,0.0072723627,-0.0082885027
2024-03-22,WMT,0.00096511841,0.0050396919,-0.0091447234
2024-03-25,AAPL,-0.017173886,0.018550396,-0.015823901
2024-03-25,AMGN,-0.0053527355,0.010915041,-0.0032625198
2024-03-25,CRM,0.012185335,-0.00035196543,-0.0060308576
2024-03-25,CSCO,0.015544295,0.0018229485,-0.010440052
2024-03-25,IBM,0.0078080893,-0.0013087392,0.006590724
2024-03-25,INTC,0.0050055981,0.0084855556,-0.016361952
2024-03-25,MSFT,-0.011151075,0.001714468,-0.020145297
2024-03-25,NKE,0.001106739,0.0097379684,0.01070559
2024-03-25,VZ,-0.005787313,0.008646369,0.0027514696
2024-03-25,WMT,-0.0059673786,0.009991765,-0.011398494
2024-03-26,AAPL,0.005061388,0.0070992708,-0.025140882
2024-03-26,AMGN,0.015237451,0.017816067,0.0021761656
2024-03-26,CRM,-0.012579143,-0.0017011166,-0.01281333
2024-03-26,CSCO,0.0028008223,0.014511228,-0.0077570677
2024-03-26,IBM,0.019918561,0.0022845268,-0.0027568936
2024-03-26,INTC,-0.0094071031,0.021406651,-0.001437068
2024-03-26,MSFT,-0.01032728,-0.0010284185,-0.0040509105
2024-03-26,NKE,0.023597479,0.025846601,-0.0050736666
2024-03-26,VZ,-0.010740697,0.0038330555,-0.012803853
2024-03-26,WMT,0.0087240934,0.012643456,-0.021803617
2024-03-27,AAPL,-0.027580857,0.012471914,0.022875905
2024-03-27,AMGN,0.001188159,0.019756079,-0.01715982
2024-03-27,CRM,0.08642292,0.032302141,0.018188477
2024-03-27,CSCO,0.018989325,0.016517162,0.0026152134
2024-03-27,IBM,-0.021025896,0.004068017,-0.0068297386
2024-03-27,INTC,0.019370317,0.0015494823,-0.016411245
2024-03-27,MSFT,-0.024722874,-0.0099967122,-0.020330012
2024-03-27,NKE,0.0010267496,0.013693094,-0.020449162
2024-03-27,VZ,0.0046923161,0.005936265,-0.0014805198
2024-03-27,WMT,0.007475853,0.003772974,-0.012743473
2024-03-28,AAPL,-0.019261062,0.011703134,-0.0042431355
2024-03-28,AMGN,-0.025352776,0.012636304,-0.0012808442
2024-03-28,CRM,-0.015185535,0.024883747,-0.0064322352
2024-03-28,CSCO,0.030419827,0.0042563677,0.00057590008
2024-03-28,IBM,0.0055378675,0.0023806095,-0.011662424
2024-03-28,INTC,0.036084533,-0.0015601516,-0.018062651
2024-03-28,MSFT,-0.0041020513,-0.011764407,-0.012841702
2024-03-28,NKE,-0.0076337457,0.014336586,-0.015103579
2024-03-28,VZ,-0.0042501688,0.010124803,-0.0094781518
2024-03-28,WMT,0.017274261,0.013038516,-0.0054550767
2024-04-01,AAPL,-0.0021962523,0.0063670874,-0.015755653
2024-04-01,AMGN,-0.0038865209,-0.0038105249,-0.0075293779
2024-04-01,CRM,0.013025522,0.022762418,-0.031195402
2024-04-01,CSCO,0.0055342913,-0.0015677214,-0.0092773438
2024-04-01,IBM,-0.0070579648,0.013395786,-0.002268374
2024-04-01,INTC,0.036358714,0.009174943,-0.0013435483
2024-04-01,MSFT,-0.013261378,0.0017861128,0.00011825562
2024-04-01,NKE,-0.029975533,-0.0013737679,-0.0086308122
2024-04-01,VZ,0.022918582,0.004335165,-0.010775566
2024-04-01,WMT,0.0022835732,0.020183325,-0.019957125
2024-04-02,AAPL,-0.0057625175,0.010106564,-0.00078171492
2024-04-02,AMGN,-0.024362803,0.00089597702,-0.021363378
2024-04-02,CRM,-0.014932752,0.013122797,-0.0032054782
2024-04-02,CSCO,-0.012831509,-0.02222687,0.003121376
2024-04-02,IBM,-0.022369146,-0.0098553896,-0.008339107
2024-04-02,INTC,-0.022289753,0.035157681,-0.0020186305
2024-04-02,MSFT,-0.024400711,0.0037229061,-0.012776554
2024-04-02,NKE,0.0096768141,-0.01315254,-0.0057644844
2024-04-02,VZ,0.024271727,0.0036845207,0.0022236109
2024-04-02,WMT,0.010037899,0.021254539,-0.0076907873
2024-04-03,AAPL,0.0090022087,-0.014978051,-0.025246561
2024-04-03,AMGN,-0.0079365969,0.0093501806,-0.022732913
2024-04-03,CRM,-0.027235985,0.036802769,-0.010373175
2024-04-03,CSCO,-0.02026546,0.019790411,-0.0030963421
2024-04-03,IBM,0.02131474,0.018585443,-0.016422093
2024-04-03,INTC,0.0066783428,0.0079413652,0.010567307
2024-04-03,MSFT,0.0029666424,0.014506102,-0.0030475259
2024-04-03,NKE,-0.0057824254,0.016428947,0.0069519281
2024-04-03,VZ,-0.0050113797,0.013219833,-0.015706897
2024-04-03,WMT,-0.002269268,-0.0064078569,-0.024866998
2024-04-04,AAPL,-0.022215247,0.012122512,0.0063467026
2024-04-04,AMGN,-0.0031430721,-0.000261724,-0.021571875
2024-04-04,CRM,-0.0048105121,0.029513359,-0.048270047
2024-04-04,CSCO,-0.0032111406,0.0049085617,-0.012968302
2024-04-04,IBM,-0.0098939538,0.0046334267,0.004193306
2024-04-04,INTC,0.0015331507,0.0010845661,-0.013825655
2024-04-04,MSFT,0.00092220306,0.045113802,-0.007445395
2024-04-04,NKE,0.011751533,0.020703435,-0.024167001
2024-04-04,VZ,0.0010076761,-0.0006326437,0.00048720837
2024-04-04,WMT,0.0084477663,0.010069847,-0.0063202977
2024-04-05,AAPL,-0.017848194,0.027771473,-0.021872461
2024-04-05,AMGN,-0.020407617,0.0051654577,-0.004524529
2024-04-05,CRM,0.0018373728,0.00021255016,-0.007311523
2024-04-05,CSCO,0.011441112,-0.0044254661,-0.005641818
2024-04-05,IBM,-0.0013702512,-0.0080037117,-0.011043549
2024-04-05,INTC,-0.0085936189,0.0093715191,0.00083947182
2024-04-05,MSFT,0.026596904,-0.010152698,-0.021125913
2024-04-05,NKE,-0.0056319237,0.0086666346,-0.0133214
2024-04-05,VZ,-0.0083391666,0.0085508823,0.0063865185
2024-04-05,WMT,-0.022896767,0.017267466,-0.023002982
2024-04-08,AAPL,0.0058172941,0.024145007,-0.0050657392
2024-04-08,AMGN,-0.021280706,0.018105865,-0.020570517
2024-04-08,CRM,0.0051451921,0.016504645,-0.016477704
2024-04-08,CSCO,-0.01745671,0.010933042,-0.0042369366
2024-04-08,IBM,0.0063847303,0.01167953,-0.010153949
2024-04-08,INTC,-0.039205551,-0.0051316619,-0.0020097494
2024-04-08,MSFT,-0.0073630214,-0.011432827,-0.022548676
2024-04-08,NKE,-0.04131037,-0.006751895,-0.020649791
2024-04-08,VZ,-0.026896238,0.0082839727,-0.006962657
2024-04-08,WMT,0.023575306,0.0048091412,-0.0041384697
2024-04-09,AAPL,-0.016107082,0.01493597,-0.00055557489
2024-04-09,AMGN,0.036436796,0.017537713,-0.0029674768
2024-04-09,CRM,-0.026179075,0.028059721,-0.0077220201
2024-04-09,CSCO,0.00080358982,0.019782543,-0.026449323
2024-04-09,IBM,0.0082985163,0.0046588182,0.0019993782
2024-04-09,INTC,0.032329202,0.021642923,-0.010843158
2024-04-09,MSFT,-0.0091435909,-9.9599361e-05,-0.00066190958
2024-04-09,NKE,0.0014220476,-0.0080474019,-0.0073105693
2024-04-09,VZ,0.00060331821,0.0067652464,-0.0046004057
2024-04-09,WMT,0.015714049,-0.00081843138,0.0031117201
2024-04-10,AAPL,-0.034318447,0.0094174147,-0.0046785474
2024-04-10,AMGN,-0.014663279,0.0034995079,-0.0091434717
2024-04-10,CRM,-0.023689091,0.017631412,0.022376299
2024-04-10,CSCO,-0.02295506,0.0095914602,-0.0081836581
2024-04-10,IBM,0.02158165,-0.0086137652,-0.0055955648
2024-04-10,INTC,0.019980669,-0.0011107326,-0.012955248
2024-04-10,MSFT,0.016422272,0.018939018,-0.01337719
2024-04-10,NKE,0.021457076,0.0021388531,-0.0017125607
2024-04-10,VZ,-0.01069653,0.0065603256,-0.006242156
2024-04-10,WMT,0.0093704462,0.0014939308,-0.0034193993
2024-04-11,AAPL,0.037870407,0.010009885,0.00061035156
2024-04-11,AMGN,-0.0091215372,0.020420194,-0.01635319
2024-04-11,CRM,-0.03078258,0.021818042,-0.0094175339
2024-04-11,CSCO,-0.028136134,0.010495543,-0.0081363916
2024-04-11,IBM,0.0092531443,0.010316491,-0.0014868379
2024-04-11,INTC,-0.010984123,-0.015924811,-0.018198848
2024-04-11,MSFT,-0.01819402,0.011649609,0.010736108
2024-04-11,NKE,0.021669865,0.014546514,0.00058400631
2024-04-11,VZ,0.016727805,-0.0043073893,0.00098586082
2024-04-11,WMT,-0.011854291,0.013479114,0.0023953915
2024-04-12,AAPL,0.016412377,0.035297632,-0.0046326518
2024-04-12,AMGN,-0.01304549,0.019968748,-0.0063377023
2024-04-12,CRM,0.0073419809,0.017513752,0.0023281574
2024-04-12,CSCO,0.025790691,-0.020230889,0.014146805
2024-04-12,IBM,-0.02335161,0.0043091774,0.0015960932
2024-04-12,INTC,0.00098371506,0.0014365911,0.00059509277
2024-04-12,MSFT,0.00064539909,0.015522838,-0.014939964
2024-04-12,NKE,0.005787611,0.014132142,-0.021736383
2024-04-12,VZ,0.011885524,0.02170217,0.010540009
2024-04-12,WMT,0.007660985,0.015084743,0.00092530251
2024-04-15,AAPL,0.069916368,0.0009611845,-0.025495827
2024-04-15,AMGN,-0.012775719,0.0035275221,0.0050609112
2024-04-15,CRM,0.011501551,0.026175499,-0.030634403
2024-04-15,CSCO,-0.043917596,0.018168807,-0.013900816
2024-04-15,IBM,-0.0073049068,0.0072834492,-0.0023328662
2024-04-15,INTC,-0.014231801,-0.007466197,-0.030126154
2024-04-15,MSFT,-0.041873693,0.004154563,-0.02254802
2024-04-15,NKE,-0.018852413,0.013918877,0.0063142776
2024-04-15,VZ,-0.0014051199,0.0032864809,0.0060634613
2024-04-15,WMT,0.024178982,0.011318803,-0.0099853277
2024-04-16,AAPL,-0.011358857,0.0040531158,-0.0033004284
2024-04-16,AMGN,0.013032794,0.015483737,-0.012763619
2024-04-16,CRM,0.042032003,0.025427699,0.0014592409
2024-04-16,CSCO,0.00052762032,-0.009937942,-0.0044426322
2024-04-16,IBM,0.015737534,-7.6174736e-05,-0.017200172
2024-04-16,INTC,-0.0042992234,0.0065984726,-0.0057763457
2024-04-16,MSFT,-0.0085023642,-0.015326977,-0.010538399
2024-04-16,NKE,-0.011195064,0.030040026,0.0041469336
2024-04-16,VZ,0.0018850565,-0.0022705197,-0.0094703436
2024-04-16,WMT,-0.027228594,0.0039705038,-0.002335608
2024-04-17,AAPL,0.024361968,0.015846968,0.0051522255
2024-04-17,AMGN,-0.0080076456,0.028736591,-0.013116896
2024-04-17,CRM,-0.0038502812,0.0033069849,-0.0032147169
2024-04-17,CSCO,0.026171684,0.003538847,-0.027347565
2024-04-17,IBM,0.009442687,0.014836669,-0.0044805408
2024-04-17,INTC,-0.029370546,0.0079544783,-0.0078232884
2024-04-17,MSFT,-0.021014154,0.0096743107,-0.0078362226
2024-04-17,NKE,-0.026851118,0.014162779,-0.0058490038
2024-04-17,VZ,-0.010182858,-0.0016493201,0.017746687
2024-04-17,WMT,0.0085352659,0.0111233,-0.0088579059
2024-04-18,AAPL,-0.004363358,-0.0021669865,-0.005215466
2024-04-18,AMGN,-0.017920375,0.019258142,-0.009416163
2024-04-18,CRM,0.035595179,0.016124487,-0.016983449
2024-04-18,CSCO,0.015425086,0.012349844,-0.023785949
2024-04-18,IBM,0.00098121166,0.015096784,-0.018243432
2024-04-18,INTC,-0.032036662,0.013921857,-0.0087115169
2024-04-18,MSFT,-0.0046738386,0.00022113323,-0.017057598
2024-04-18,NKE,-0.013893127,0.0074970722,-0.0096490979
2024-04-18,VZ,-0.034358919,0.020305514,-0.0025795102
2024-04-18,WMT,0.010769248,0.015992641,-0.00066179037
2024-04-19,AAPL,-0.01493907,0.018309832,0.00095546246
2024-04-19,AMGN,-0.0070686936,0.010484815,0.020402193
2024-04-19,CRM,0.018138051,-0.005358696,0.011053205
2024-04-19,CSCO,-0.0016164184,0.00048542023,-0.013548076
2024-04-19,IBM,-0.019336998,0.012782216,-0.012202144
2024-04-19,INTC,-0.0012765527,0.019212961,-0.011045814
2024-04-19,MSFT,0.017549038,0.01340735,-0.0034540892
2024-04-19,NKE,-0.0016254783,-0.0040458441,-0.022572339
2024-04-19,VZ,0.011780024,0.022898793,-0.0032100677
2024-04-19,WMT,-0.00068956614,0.012823224,0.0024148226
2024-04-22,AAPL,0.00022506714,0.011720657,-0.0050231218
2024-04-22,AMGN,-0.0089442134,0.0041546822,-0.014411569
2024-04-22,CRM,-0.036607742,-0.0036212206,-0.015192926
2024-04-22,CSCO,0.014930964,-0.0012006164,-0.020261943
2024-04-22,IBM,0.00019216537,0.00043106079,-0.017518222
2024-04-22,INTC,-0.008235395,-0.0027865767,-0.012152612
2024-04-22,MSFT,-0.0061834455,0.010583282,-0.0054373741
2024-04-22,NKE,0.0012909174,0.001124382,0.0066982508
2024-04-22,VZ,0.0073776245,0.020809054,-0.021839678
2024-04-22,WMT,0.0049234629,0.0050953627,0.0012340546
2024-04-23,AAPL,0.053145528,-0.0097796917,-0.011246622
2024-04-23,AMGN,-0.010973155,0.025007963,-0.0021730661
2024-04-23,CRM,-0.024160743,0.030948877,-0.015585721
2024-04-23,CSCO,0.021547556,0.030786037,-0.011864424
2024-04-23,IBM,-0.01852423,0.0091198683,-0.022523403
2024-04-23,INTC,-0.0017356873,0.024961591,-0.034043849
2024-04-23,MSFT,0.022722244,0.010115147,-0.00056368113
2024-04-23,NKE,0.014280677,0.012957215,-0.020536959
2024-04-23,VZ,-0.0093975663,-0.0010695457,-0.015916526
2024-04-23,WMT,0.0022543669,0.00040459633,0.0014243126
2024-04-24,AAPL,-0.0010610223,-0.0012388825,-0.0037936568
2024-04-24,AMGN,-0.020958841,0.0035930872,-0.010135174
2024-04-24,CRM,-0.0066337585,0.00094294548,-0.027270079
2024-04-24,CSCO,9.894371e-06,0.004871726,-0.00093716383
2024-04-24,IBM,0.0084916353,0.0081311464,0.00072872639
2024-04-24,INTC,0.017195463,0.035284519,0.0011994839
2024-04-24,MSFT,-0.01048696,0.013042688,-0.022105694
2024-04-24,NKE,0.0047763586,-0.0015371442,-0.0016363263
2024-04-24,VZ,0.017207384,0.019065022,-0.014437497
2024-04-24,WMT,-0.013526857,0.0090447664,0.0035978556
2024-04-25,AAPL,-0.024760544,0.02300036,-0.032328069
2024-04-25,AMGN,0.0040773153,-0.0019390583,-0.01712966
2024-04-25,CRM,0.021588326,0.0078589916,-0.027512968
2024-04-25,CSCO,0.0084820986,0.029347539,-0.014067233
2024-04-25,IBM,0.010176897,0.029224038,-0.0024773479
2024-04-25,INTC,0.031330228,0.0074734688,-0.0089352131
2024-04-25,MSFT,0.0087919235,0.009624958,-0.012001514
2024-04-25,NKE,-0.020356178,0.021739244,0.0027168989
2024-04-25,VZ,-0.0086741447,0.017875075,-0.011967421
2024-04-25,WMT,0.0056028366,-0.00097799301,-0.010484219
2024-04-26,AAPL,0.014482021,0.016822457,-0.015082538
2024-04-26,AMGN,0.010926962,0.017998934,0.00061440468
2024-04-26,CRM,0.0027805567,0.013337374,-0.016208291
2024-04-26,CSCO,-0.0056438446,-0.00060838461,-0.003582418
2024-04-26,IBM,-0.017105222,0.0011143684,-0.0047676563
2024-04-26,INTC,0.014410377,0.0072950125,-0.019507349
2024-04-26,MSFT,0.004817009,0.0063840151,-0.0064140558
2024-04-26,NKE,-0.005476892,0.019650817,-0.0013028383
2024-04-26,VZ,0.0074884892,4.3749809e-05,0.017018437
2024-04-26,WMT,0.00092470646,0.0046168566,-0.005949676
2024-04-29,AAPL,-0.024206758,0.003015995,-0.0026887059
2024-04-29,AMGN,0.0044590235,0.013968229,-0.014142036
2024-04-29,CRM,0.0084364414,-0.003554523,-0.0062454343
2024-04-29,CSCO,0.0051810741,-0.0049188137,-0.0061003566
2024-04-29,IBM,-0.022866309,0.0034719706,-0.012922704
2024-04-29,INTC,0.0014096498,0.0044994354,-0.0099851489
2024-04-29,MSFT,0.0095778704,0.0089660883,-0.011176288
2024-04-29,NKE,-0.022407413,-0.0026979446,-0.020995259
2024-04-29,VZ,-0.014003992,0.0098215342,-0.011777699
2024-04-29,WMT,-0.031279445,0.0092353821,-0.0043113232
2024-04-30,AAPL,0.01911056,0.008046031,-0.021709144
2024-04-30,AMGN,0.0015877485,-0.0033631325,-0.017904162
2024-04-30,CRM,-0.0082909465,0.011973619,-0.014617562
2024-04-30,CSCO,-0.0079235435,0.014395237,-0.018395245
2024-04-30,IBM,-0.030539513,0.020279884,0.0031337738
2024-04-30,INTC,-0.0062281489,0.0080108643,-0.0031124949
2024-04-30,MSFT,-0.013603926,0.0062744617,-0.025864005
2024-04-30,NKE,-0.0065325499,0.018147588,0.010540843
2024-04-30,VZ,0.013881922,0.015568614,-0.020783424
2024-04-30,WMT,0.013388753,0.017176867,-0.0013388395
2024-05-01,AAPL,-0.026633859,0.011691928,-0.012438536
2024-05-01,AMGN,-0.040808976,0.01337862,-0.014009535
2024-05-01,CRM,0.046548963,0.0078165531,0.0020968914
2024-05-01,CSCO,0.0092747211,0.0057795048,-0.011986792
2024-05-01,IBM,-0.0014624,0.0034883022,-0.012398183
2024-05-01,INTC,-0.021714747,0.0022755861,-0.019953668
2024-05-01,MSFT,-0.011442721,-0.00058758259,-0.016839325
2024-05-01,NKE,-0.031204462,-0.0014254451,0.0023171902
2024-05-01,VZ,-0.0070176721,-0.0018342137,-0.011384845
2024-05-01,WMT,0.016599894,0.018574834,0.00048112869
2024-05-02,AAPL,0.018066406,0.004109025,-0.023224592
2024-05-02,AMGN,0.003546834,0.018201828,-0.0024344325
2024-05-02,CRM,-0.014115095,0.02229178,-0.017347753
2024-05-02,CSCO,0.0050404072,0.013694882,-0.013300776
2024-05-02,IBM,0.0041233301,0.010720611,-0.017668426
2024-05-02,INTC,0.0031712055,0.025975823,-0.009822309
2024-05-02,MSFT,0.0074267387,0.020233154,-0.039481342
2024-05-02,NKE,-0.026795387,0.02101016,-0.0088926554
2024-05-02,VZ,0.01846087,0.01307416,-0.0051143765
2024-05-02,WMT,-0.0016959906,0.017602086,0.0069493055
2024-05-03,AAPL,-0.0025413036,-0.00010854006,-0.016125381
2024-05-03,AMGN,-0.02238065,0.00097072124,0.0009342432
2024-05-03,CRM,-0.020245016,0.0097595453,-0.017363846
2024-05-03,CSCO,-0.0038787723,0.0086101294,-0.012809932
2024-05-03,IBM,0.0089080334,0.012993097,-0.0087778568
2024-05-03,INTC,-0.0043083429,0.011029363,-0.016380072
2024-05-03,MSFT,-0.0075449347,0.017243743,-0.010206997
2024-05-03,NKE,-0.042361498,0.001016736,-0.014579535
2024-05-03,VZ,-0.013709664,0.0036169291,-0.0056279302
2024-05-03,WMT,0.0024729967,0.0068366528,-0.018856108
2024-05-06,AAPL,-0.03039062,-0.0096666217,-0.001259625
2024-05-06,AMGN,-0.010743201,0.0045301914,-0.006306231
2024-05-06,CRM,-0.031450152,0.019328952,-0.011737764
2024-05-06,CSCO,0.017747402,0.033776164,0.0088479519
2024-05-06,IBM,-0.00233078,0.0014510155,-0.0045757294
2024-05-06,INTC,0.011978269,-0.0067023039,0.0056394339
2024-05-06,MSFT,-0.00028240681,0.0073817968,0.0025373697
2024-05-06,NKE,-0.0095906258,0.015593886,-0.012121797
2024-05-06,VZ,-0.025434375,0.0052760839,-0.012325764
2024-05-06,WMT,0.021558523,0.0061312914,0.0043997765
2024-05-07,AAPL,-0.011142433,0.010217667,0.0072436333
2024-05-07,AMGN,0.0061690807,0.010621071,0.00175488
2024-05-07,CRM,-0.0028405786,0.021210194,-0.032101274
2024-05-07,CSCO,0.0005480051,0.010071874,0.0003015995
2024-05-07,IBM,0.0054293871,0.0083922148,-0.0082475543
2024-05-07,INTC,-0.019797027,0.0084619522,-0.02737087
2024-05-07,MSFT,0.015873671,-0.0074074268,-0.0078392029
2024-05-07,NKE,0.0020033121,0.012746692,-0.018629014
2024-05-07,VZ,-0.0016966462,0.0093859434,-0.0085560679
2024-05-07,WMT,-0.0020260215,-0.0074843168,-0.0047430396
2024-05-08,AAPL,0.011009097,0.030797243,-0.027483523
2024-05-08,AMGN,-0.0014679432,0.0053142309,-0.0073661804
2024-05-08,CRM,-0.0030476451,0.014303803,-0.0080231428
2024-05-08,CSCO,0.0020798445,0.020602822,-0.0060954094
2024-05-08,IBM,0.012092113,0.02009201,0.01592052
2024-05-08,INTC,-0.018288672,-0.0060893297,-0.019443989
2024-05-08,MSFT,-0.0097904801,-0.01519382,-0.027272224
2024-05-08,NKE,-0.0049214363,0.019981742,-0.025007904
2024-05-08,VZ,-0.0054805875,0.017941475,-0.0046634078
2024-05-08,WMT,-0.020481527,0.014849067,-0.017696202
2024-05-09,AAPL,0.009522438,0.0030983686,0.0014061928
2024-05-09,AMGN,0.0058171749,0.018103004,0.007178545
2024-05-09,CRM,0.017695189,0.035898566,0.0043104887
2024-05-09,CSCO,0.0084682703,0.022046566,-0.013092279
2024-05-09,IBM,0.0072593689,0.0098981857,-0.0025874376
2024-05-09,INTC,-0.0069117546,0.0091663599,-0.020016074
2024-05-09,MSFT,-0.040583849,0.016160607,-0.02503407
2024-05-09,NKE,0.0020534992,0.0068182945,-0.013921559
2024-05-09,VZ,-0.006241858,0.0029830933,-0.025025725
2024-05-09,WMT,-0.0007866025,0.014251351,-0.0017279983
2024-05-10,AAPL,0.039811134,0.0032713413,-0.0042116046
2024-05-10,AMGN,8.9406967e-06,0.015416265,-0.0089202523
2024-05-10,CRM,-0.040343046,0.025485516,-0.030397415
2024-05-10,CSCO,-0.026827872,0.0042825937,8.0823898e-05
2024-05-10,IBM,-0.0094354749,0.017401218,9.3460083e-05
2024-05-10,INTC,0.02030766,0.028811693,-0.0078539252
2024-05-10,MSFT,-0.015227556,0.0061870813,0.0033304691
2024-05-10,NKE,-0.0024638176,0.0039205551,-0.020355344
2024-05-10,VZ,-0.011063516,0.012576461,-0.0070009232
2024-05-10,WMT,-0.011577845,0.0070014,-0.014136195
2024-05-13,AAPL,0.021796942,0.018686414,-0.0094611645
2024-05-13,AMGN,0.013464212,-0.00049638748,-0.0055947304
2024-05-13,CRM,-0.044307888,0.0091257095,-0.0068578124
2024-05-13,CSCO,-0.0091632605,0.025818825,-0.011182904
2024-05-13,IBM,0.0117383,-0.0025120378,0.0090734959
2024-05-13,INTC,-0.021319211,0.0076067448,-0.0010591745
2024-05-13,MSFT,-0.0018226504,0.011321068,-0.012469053
2024-05-13,NKE,0.0024187565,0.0012661219,-0.010523677
2024-05-13,VZ,0.0075010061,0.0030983686,-0.014830351
2024-05-13,WMT,-0.0076165795,0.0071157217,-0.0043075681
2024-05-14,AAPL,-0.0092687607,0.041583419,-0.0067501068
2024-05-14,AMGN,-0.0089100003,-0.0031416416,-0.010572016
2024-05-14,CRM,0.0032685995,0.011364579,-0.034854472
2024-05-14,CSCO,0.00659132,0.015270352,-0.0035944581
2024-05-14,IBM,0.015190601,0.0021233559,-0.00092232227
2024-05-14,INTC,0.029786587,0.0096347332,-0.019718766
2024-05-14,MSFT,0.008210063,0.019239426,-0.014500201
2024-05-14,NKE,-0.020249665,-0.0016494393,-0.0052528381
2024-05-14,VZ,0.0012271404,0.016542077,-0.0037438273
2024-05-14,WMT,-0.00583601,0.0025328398,-0.0044873953
2024-05-15,AAPL,0.0086660385,-0.00028949976,-0.01099354
2024-05-15,AMGN,0.0019330978,0.016369343,-0.008630693
2024-05-15,CRM,0.0020403862,-0.0079227686,-0.0099204183
2024-05-15,CSCO,0.014072537,0.020761609,-0.0015800595
2024-05-15,IBM,-0.0085182786,0.0058327913,-0.014905334
2024-05-15,INTC,-0.014536977,0.0030771494,-0.010567248
2024-05-15,MSFT,-0.013487875,0.023578644,-0.038140893
2024-05-15,NKE,-0.0020142794,0.0032548904,-0.011956394
2024-05-15,VZ,-0.040323198,-0.0015013814,-0.00042778254
2024-05-15,WMT,-0.018392086,0.011164904,-0.014938235
2024-05-16,AAPL,0.019708157,0.010870457,-0.022325695
2024-05-16,AMGN,-0.0093660951,0.021119237,-0.015846968
2024-05-16,CRM,-0.013323188,0.039000392,-0.013740361
2024-05-16,CSCO,0.021508813,0.015427709,0.005815506
2024-05-16,IBM,0.014243245,0.024640918,-0.011373222
2024-05-16,INTC,0.0015736818,0.011810184,0.007186532
2024-05-16,MSFT,-0.0031334162,0.0071901083,-0.016640007
2024-05-16,NKE,0.0042303801,0.0036251545,-0.017920077
2024-05-16,VZ,-0.012206912,0.0058121681,0.0083123446
2024-05-16,WMT,0.0030143261,0.0068594217,-0.004425168
2024-05-17,AAPL,0.0074477196,0.020406604,0.016644478
2024-05-17,AMGN,-0.021493018,0.019492984,-0.010381579
2024-05-17,CRM,0.020947933,0.018790364,-0.022662282
2024-05-17,CSCO,0.001844883,-0.022459447,-0.0083780289
2024-05-17,IBM,0.024441242,0.0085304976,-0.017425179
2024-05-17,INTC,0.0019081831,0.011013865,-0.010350764
2024-05-17,MSFT,-0.0032101274,0.010185957,-0.0050499439
2024-05-17,NKE,0.0069949627,-0.0098825693,-0.0098161697
2024-05-17,VZ,-0.014914393,0.013195276,0.0022414923
2024-05-17,WMT,0.0098986626,0.01148963,-0.0031654239
2024-05-20,AAPL,0.0070242882,0.015195131,-0.0091365576
2024-05-20,AMGN,0.02133584,0.021635175,-0.0099057555
2024-05-20,CRM,0.014488101,0.033219457,-0.023986518
2024-05-20,CSCO,-0.046846211,0.0093191862,-0.0044367313
2024-05-20,IBM,0.011313319,0.022570014,0.0088615417
2024-05-20,INTC,0.003661871,0.012141705,-0.019634187
2024-05-20,MSFT,0.0036270618,0.014612079,-0.009208858
2024-05-20,NKE,0.01677227,0.002178669,-0.00028830767
2024-05-20,VZ,-0.018172026,0.0090178251,0.0020166636
2024-05-20,WMT,-0.023293257,-0.0060858727,-0.011990666
2024-05-21,AAPL,0.024093986,0.0073801279,-0.019114912
2024-05-21,AMGN,0.011088371,0.0022877455,0.0086810589
2024-05-21,CRM,-0.0024889112,0.023589373,0.014031291
2024-05-21,CSCO,-0.0072712898,0.0015568733,0.0099037886
2024-05-21,IBM,-0.010012805,0.0098365545,-0.021988094
2024-05-21,INTC,-0.0041145086,0.00885427,-0.028587699
2024-05-21,MSFT,0.0011063814,0.0097146034,-0.014536679
2024-05-21,NKE,-0.020010054,0.03676796,-0.022934437
2024-05-21,VZ,-0.036261201,0.023422599,0.00011122227
2024-05-21,WMT,0.026514888,0.0067477226,0.012833714
2024-05-22,AAPL,-0.012464345,0.01161015,-0.0095968246
2024-05-22,AMGN,0.0054520369,0.018680453,0.012692213
2024-05-22,CRM,-0.032855988,0.043184042,-0.049871385
2024-05-22,CSCO,0.016340613,0.0095989704,-0.020099461
2024-05-22,IBM,-0.023819208,0.0066616535,0.0058064461
2024-05-22,INTC,-0.015282989,0.02399385,-0.0012536645
2024-05-22,MSFT,-0.0024758577,0.006450057,-0.0026600361
2024-05-22,NKE,0.011924624,-0.001822114,-0.02880621
2024-05-22,VZ,0.013784766,0.017494559,0.0077791214
2024-05-22,WMT,-0.036830127,2.0265579e-06,-0.014333725
2024-05-23,AAPL,0.0036702156,0.011819124,-0.02344507
2024-05-23,AMGN,-0.033378661,0.014765978,-0.015065253
2024-05-23,CRM,-0.0016557574,0.011190057,0.0034768581
2024-05-23,CSCO,-0.0017323494,0.0081346035,-0.017431676
2024-05-23,IBM,-0.005012989,0.01427424,0.0031968355
2024-05-23,INTC,0.0093890429,0.0065588951,-0.00051021576
2024-05-23,MSFT,-0.023635626,0.0072906017,-0.025759339
2024-05-23,NKE,0.0017827749,0.011239767,0.0040420294
2024-05-23,VZ,-0.0022270679,0.017707705,-0.0065767169
2024-05-23,WMT,-0.00055766106,0.0093356371,0.00066578388
2024-05-24,AAPL,-0.025688767,0.016637564,-0.0025964379
2024-05-24,AMGN,-0.006349802,-0.0020321012,0.010084867
2024-05-24,CRM,-0.021573842,0.0040804148,-0.012292624
2024-05-24,CSCO,-0.027801275,0.0031154156,0.0070693493
2024-05-24,IBM,0.01539433,-0.0005222559,0.0096179247
2024-05-24,INTC,0.019529462,0.030917048,-0.006354928
2024-05-24,MSFT,-0.00074249506,0.019937038,-0.022185802
2024-05-24,NKE,0.011958003,0.0030248165,-0.013076246
2024-05-24,VZ,0.0054469109,0.0091718435,-0.009070456
2024-05-24,WMT,-0.0072748661,0.0025609732,-0.009208858
2024-05-28,AAPL,-0.00165236,0.0091176033,-0.018610239
2024-05-28,AMGN,-0.0091391206,0.0052256584,-0.009865284
2024-05-28,CRM,-0.035851777,0.021573663,0.029845476
2024-05-28,CSCO,-0.013133228,-0.020889044,-0.0097003579
2024-05-28,IBM,0.0020711422,-0.00064963102,-0.011570513
2024-05-28,INTC,-0.0046405792,0.0088273287,-0.018119812
2024-05-28,MSFT,0.03099072,0.015959978,-0.0104357
2024-05-28,NKE,-0.017019331,0.029368639,-0.012919962
2024-05-28,VZ,-0.012264669,0.014530182,-0.0038291216
2024-05-28,WMT,-0.001015842,0.011700869,-0.0065191984
2024-05-29,AAPL,0.0048758984,0.014680624,-0.014816642
2024-05-29,AMGN,0.016681671,0.034083247,-0.0032255054
2024-05-29,CRM,0.0085277557,0.015308857,-0.017990768
2024-05-29,CSCO,0.0071789026,-0.0034808517,-0.020567596
2024-05-29,IBM,-0.0042213798,0.014564157,-0.0096074343
2024-05-29,INTC,-0.017208338,-0.0032060742,-0.021098673
2024-05-29,MSFT,-0.018338442,0.030526757,-0.032191277
2024-05-29,NKE,-0.0041025877,0.0051950216,0.013088226
2024-05-29,VZ,0.0049761534,0.0043332577,-0.012385488
2024-05-29,WMT,-0.024448276,-0.00014424324,-0.010820568
2024-05-30,AAPL,0.0031832457,0.0056084394,-0.016866684
2024-05-30,AMGN,-0.014398515,0.0026825666,0.0075951815
2024-05-30,CRM,-0.019556999,0.029142976,-0.030685008
2024-05-30,CSCO,-0.025636673,0.021357775,-0.020648241
2024-05-30,IBM,0.0071727037,-0.00018811226,-0.0055664182
2024-05-30,INTC,-0.0036382079,0.013648272,-0.027406812
2024-05-30,MSFT,0.0090606213,0.03071785,-0.0094444156
2024-05-30,NKE,-0.013937175,0.024309993,-0.00056570768
2024-05-30,VZ,-0.02606976,0.012490511,-0.015705764
2024-05-30,WMT,-0.0024425983,0.0061117411,-0.00089287758
2024-05-31,AAPL,-0.021425962,0.01413548,-0.01788801
2024-05-31,AMGN,-0.016146064,-0.0090987682,-0.022824287
2024-05-31,CRM,-0.034259498,-0.011722565,0.020873785
2024-05-31,CSCO,-0.0078600049,0.0029411316,-0.01285398
2024-05-31,IBM,-0.003713429,0.024030328,-0.0061866045
2024-05-31,INTC,0.018168092,0.030036807,-0.010668099
2024-05-31,MSFT,-0.0032714009,0.027698755,-0.024703562
2024-05-31,NKE,0.011606097,-0.0040665865,-0.00701195
2024-05-31,VZ,-0.0041334629,-0.007174015,0.005785346
2024-05-31,WMT,-0.0088841915,0.0025446415,-0.025082171
2024-06-03,AAPL,-0.0092229843,0.0030552149,-0.025821805
2024-06-03,AMGN,-0.016440332,0.010226846,-0.026227534
2024-06-03,CRM,-0.008690536,0.027502656,-0.031802714
2024-06-03,CSCO,-0.019291639,0.0063283443,-0.006188333
2024-06-03,IBM,-0.022863686,0.01490438,0.0036414862
2024-06-03,INTC,-0.022603452,0.028778672,-0.0036011934
2024-06-03,MSFT,0.030631185,0.015854359,-0.0073539615
2024-06-03,NKE,-0.001044035,0.017641902,-0.015417635
2024-06-03,VZ,-0.017257869,0.01936388,-0.01062125
2024-06-03,WMT,-0.020664811,-0.01479876,-0.0037767887
2024-06-04,AAPL,-0.011864841,0.018729687,0.0062098503
2024-06-04,AMGN,-0.010040522,-0.00032866001,-0.018820405
2024-06-04,CRM,-0.021588683,0.022976995,-0.020510733
2024-06-04,CSCO,-0.020854473,0.018814325,-0.032409728
2024-06-04,IBM,-0.015702784,0.01673305,0.0025349855
2024-06-04,INTC,0.0055779219,0.011546969,-0.010973275
2024-06-04,MSFT,0.006790638,0.0025814772,-0.0048640966
2024-06-04,NKE,0.0085891485,0.010643005,-0.0045579076
2024-06-04,VZ,-0.018666744,0.0044885874,-0.012046218
2024-06-04,WMT,-0.0059633851,0.014146924,-0.0054928064
2024-06-05,AAPL,0.0096539259,0.0094866753,-0.00051796436
2024-06-05,AMGN,-0.044592977,0.0066014528,-0.0028392076
2024-06-05,CRM,-0.045355856,0.0063271523,-0.0019174218
2024-06-05,CSCO,-0.024364352,-0.0020177364,-0.0020792484
2024-06-05,IBM,-0.0099300742,0.0092940331,-0.013170004
2024-06-05,INTC,-0.012800455,0.020208001,-0.030608177
2024-06-05,MSFT,-0.040105939,0.0037238598,0.0080028772
2024-06-05,NKE,-0.0066950917,-0.0052967668,-0.017321289
2024-06-05,VZ,0.01067996,0.011954665,-0.0052561164
2024-06-05,WMT,-0.010956109,0.001712203,-0.01297015
2024-06-06,AAPL,3.3259392e-05,0.004817605,-0.029179335
2024-06-06,AMGN,-0.025190771,0.016806006,0.0074406862
2024-06-06,CRM,-0.023255885,0.013908863,-0.0065447092
2024-06-06,CSCO,-0.008593142,0.00042259693,-0.014734209
2024-06-06,IBM,-0.0099855661,0.0078322887,-0.0049945116
2024-06-06,INTC,-0.008275032,0.015963674,0.018987417
2024-06-06,MSFT,0.042492032,0.0066357851,-0.0024569035
2024-06-06,NKE,0.01532352,0.0017435551,-0.034298956
2024-06-06,VZ,-0.0064299703,-0.010485232,-0.0066037774
2024-06-06,WMT,0.0049352646,-0.0026914477,0.008452177
2024-06-07,AAPL,0.023389459,0.011671543,-0.031335533
2024-06-07,AMGN,0.0057886839,0.0061126947,-0.0087463856
2024-06-07,CRM,-0.072797239,0.017960429,-0.0078111291
2024-06-07,CSCO,0.01958704,0.013043284,-0.012301564
2024-06-07,IBM,-0.0029310584,0.0001680851,0.0025999546
2024-06-07,INTC,-0.015878558,0.00010216236,-0.013061821
2024-06-07,MSFT,-0.00037676096,0.014711261,-0.0057036281
2024-06-07,NKE,-0.013271809,0.0040032864,-0.003618598
2024-06-07,VZ,-0.0010592937,0.0017665625,-0.017548621
2024-06-07,WMT,-0.022367835,-0.0015645027,-0.0035589337
2024-06-10,AAPL,0.012326837,0.011089206,-0.017220676
2024-06-10,AMGN,-0.025377691,0.024168611,-0.0099002123
2024-06-10,CRM,0.0062999725,0.0018248558,-0.017897606
2024-06-10,CSCO,-0.0074927807,0.014569879,-0.003075242
2024-06-10,IBM,0.021839499,0.0063023567,0.0025000572
2024-06-10,INTC,0.0067133904,0.016791463,-0.013289154
2024-06-10,MSFT,-0.001282692,0.020005345,-0.016563594
2024-06-10,NKE,0.02236557,0.021040916,-0.0042855144
2024-06-10,VZ,-0.0018811226,0.0042562485,-0.0091715455
2024-06-10,WMT,-0.011808515,0.010225296,0.003816247
2024-06-11,AAPL,0.012939572,0.015462875,-0.028952122
2024-06-11,AMGN,-0.019737661,0.018257856,-0.012441099
2024-06-11,CRM,-0.0063409209,0.025861979,0.0069286823
2024-06-11,CSCO,-0.012807965,0.014790058,-0.01035279
2024-06-11,IBM,0.007619381,-0.00024265051,-0.0094852448
2024-06-11,INTC,-0.0010079741,-0.021396101,-0.0026130676
2024-06-11,MSFT,-0.023866057,0.0033134222,-0.008528173
2024-06-11,NKE,0.0015393496,0.0034776926,-0.0061433911
2024-06-11,VZ,-0.0087124109,0.015849471,-0.02126056
2024-06-11,WMT,-0.011034966,0.013960123,-0.012239933
2024-06-12,AAPL,-0.022170126,-0.0038098097,-0.013960063
2024-06-12,AMGN,0.031027198,0.010270357,0.0017535686
2024-06-12,CRM,0.0037767887,-0.0081256628,-0.011356235
2024-06-12,CSCO,-0.0098708272,0.010424137,-0.015933275
2024-06-12,IBM,0.0023026466,-0.00067049265,0.006059885
2024-06-12,INTC,-0.0097092986,0.024327993,-0.00068444014
2024-06-12,MSFT,0.012684941,0.0052787066,-0.0050115585
2024-06-12,NKE,-0.018719554,0.02060926,-0.010450065
2024-06-12,VZ,-0.00034034252,-0.0071032047,-0.01103425
2024-06-12,WMT,-0.0076458454,0.011719704,-0.0048074722
2024-06-13,AAPL,-0.027622461,0.018769264,6.8068504e-05
2024-06-13,AMGN,-0.017928123,0.0069998503,-0.0043702722
2024-06-13,CRM,-0.021449089,-5.2213669e-05,-0.013627708
2024-06-13,CSCO,-0.0012565255,0.002515316,-0.0044410229
2024-06-13,IBM,-0.01439321,0.002613306,-0.0030492544
2024-06-13,INTC,-0.022314668,0.0050786734,-0.014110804
2024-06-13,MSFT,0.029138684,0.021495104,-0.026616991
2024-06-13,NKE,0.028239727,0.02646172,-0.022631407
2024-06-13,VZ,-0.00010955334,0.015637994,-0.018642128
2024-06-13,WMT,-0.019619763,0.017521977,0.0045883656
2024-06-14,AAPL,-0.027939737,0.0083603859,-0.01313448
2024-06-14,AMGN,-0.011099041,0.0019583702,-0.024199486
2024-06-14,CRM,0.0056364536,0.020412445,-0.025804937
2024-06-14,CSCO,0.012865186,0.00968647,0.0037167072
2024-06-14,IBM,-0.018021047,0.0045193434,-0.010749757
2024-06-14,INTC,0.0044486523,0.017935872,-0.0014238954
2024-06-14,MSFT,-0.0085987449,0.010949612,-0.0021771789
2024-06-14,NKE,-0.0059081316,0.0028822422,0.01445806
2024-06-14,VZ,-0.012409866,0.021333456,-0.0066539049
2024-06-14,WMT,-0.0023408532,0.019989133,-0.016791046
2024-06-17,AAPL,0.040392995,0.004676342,-0.02545625
2024-06-17,AMGN,-0.0008571744,0.0024117231,-0.020301163
2024-06-17,CRM,0.019536376,0.013549924,-0.0034705997
2024-06-17,CSCO,0.00092864037,0.0065686703,0.0059251785
2024-06-17,IBM,0.0017490387,0.0041211843,-0.0049578547
2024-06-17,INTC,-0.0057150126,0.01908195,-0.010667324
2024-06-17,MSFT,0.0080659389,0.013221025,0.0063223839
2024-06-17,NKE,-0.011033893,0.030071497,-0.00077205896
2024-06-17,VZ,-0.024629593,-0.00028592348,-0.012388468
2024-06-17,WMT,-0.0089254975,0.024462104,-0.028796554
2024-06-18,AAPL,-0.018821895,0.0035592318,-0.011594176
2024-06-18,AMGN,0.0018117428,0.0075421333,-0.01257354
2024-06-18,CRM,0.047074676,0.013852954,-0.022410631
2024-06-18,CSCO,-0.014654219,0.010597825,0.0012685061
2024-06-18,IBM,-0.018130839,0.0015594959,0.0018863678
2024-06-18,INTC,0.0073992014,0.023637414,-0.012435555
2024-06-18,MSFT,-0.0081342459,0.02403295,-0.019439578
2024-06-18,NKE,-0.034208238,0.021618962,-0.026047766
2024-06-18,VZ,0.0038634539,0.01244998,-0.0033800602
2024-06-18,WMT,0.0083669424,0.0081199408,-0.0044195056
2024-06-20,AAPL,-0.047581911,-0.012914956,-0.024085164
2024-06-20,AMGN,-0.0094139576,0.028033376,-0.010295689
2024-06-20,CRM,-0.011097729,0.0056420565,-0.036270142
2024-06-20,CSCO,0.011146665,0.0073027611,-0.0039100647
2024-06-20,IBM,-0.0065070391,-0.00093394518,-0.0022361279
2024-06-20,INTC,0.019475937,0.0021281242,-0.0098712444
2024-06-20,MSFT,-0.0033736229,0.015582681,-0.0039548874
2024-06-20,NKE,0.0018187761,0.013504624,-0.030953944
2024-06-20,VZ,0.0012960434,0.012626767,-0.0055894256
2024-06-20,WMT,-0.01201719,0.0016368628,0.0024256706
2024-06-21,AAPL,0.037708521,-0.009093523,-0.012042582
2024-06-21,AMGN,-0.0024046898,0.011755824,-0.0099412799
2024-06-21,CRM,0.025667429,0.015190005,-0.02697438
2024-06-21,CSCO,0.00074756145,-0.004735291,-0.0036398768
2024-06-21,IBM,-0.0022203326,0.013391972,0.0064361095
2024-06-21,INTC,-0.014915287,0.020966649,-0.011923254
2024-06-21,MSFT,-0.0078302622,0.0088224411,-0.006511867
2024-06-21,NKE,0.0033042431,0.027232051,-0.0078783035
2024-06-21,VZ,-0.0045333505,0.0021624565,-0.020158052
2024-06-21,WMT,0.0041755438,0.0081659555,0.0051187277
2024-06-24,AAPL,-0.0053004026,0.011888027,-0.013860106
2024-06-24,AMGN,-0.006585598,0.014682889,-0.021368802
2024-06-24,CRM,-0.034495056,-0.0077160597,-0.032431483
2024-06-24,CSCO,-0.014882863,0.013431787,-0.014615417
2024-06-24,IBM,-0.0028169751,0.00073182583,-0.00053244829
2024-06-24,INTC,-0.021749616,0.016097546,0.0047444105
2024-06-24,MSFT,-0.014683723,-0.0025484562,-0.027482629
2024-06-24,NKE,0.024271965,0.021093488,-0.011555254
2024-06-24,VZ,-0.027064204,0.012611628,0.0070451498
2024-06-24,WMT,0.016377091,0.00072646141,0.0021348
2024-06-25,AAPL,-0.005504787,0.0061057806,-0.010176361
2024-06-25,AMGN,0.0026284456,0.0033967495,-0.0054388046
2024-06-25,CRM,-0.029152393,0.02521956,-0.015049338
2024-06-25,CSCO,-0.015951514,0.0018459558,0.001180172
2024-06-25,IBM,-0.013787031,0.01883471,-0.0088793039
2024-06-25,INTC,0.012242794,0.011713266,-0.012525082
2024-06-25,MSFT,0.025478244,0.011796713,-0.010547042
2024-06-25,NKE,0.003857255,0.017582417,-0.026964843
2024-06-25,VZ,0.010802031,0.010647058,0.0031887293
2024-06-25,WMT,0.00057137012,0.013747334,-0.0037146807
2024-06-26,AAPL,-0.023486912,0.030357718,0.002822876
2024-06-26,AMGN,-0.0046384335,0.013599873,-0.0089650154
2024-06-26,CRM,-0.026110411,-0.0030652881,-0.0046847463
2024-06-26,CSCO,-0.0098136663,-0.011087537,-0.011105537
2024-06-26,IBM,-0.014133453,0.010139227,-0.0023390651
2024-06-26,INTC,0.012376666,0.019395113,-0.0094865561
2024-06-26,MSFT,0.019536257,0.011478662,-0.019111097
2024-06-26,NKE,0.009803772,0.010899186,-0.010633886
2024-06-26,VZ,-0.0053429008,0.026972413,-0.024274707
2024-06-26,WMT,0.0075265169,-0.00092875957,-0.0048826933
2024-06-27,AAPL,-0.015661836,0.016237855,-0.0016389489
2024-06-27,AMGN,0.0038486719,0.0044819117,-0.018354237
2024-06-27,CRM,0.036554933,0.019800901,-0.01402545
2024-06-27,CSCO,-0.0049115419,0.0035865307,0.00043690205
2024-06-27,IBM,0.019266009,0.007499218,-0.00393188
2024-06-27,INTC,0.0089093447,-0.0051617622,-0.0065896511
2024-06-27,MSFT,-0.014067769,0.01520133,-0.002941668
2024-06-27,NKE,0.013653636,0.012820601,-0.012815654
2024-06-27,VZ,-0.040803015,-0.00045406818,0.011280537
2024-06-27,WMT,-0.002784133,0.0012760162,-0.0087429881
2024-06-28,AAPL,-0.0088530779,0.013587594,-0.0042776465
2024-06-28,AMGN,-0.00070142746,-0.0033493638,0.0013576746
2024-06-28,CRM,-0.024079382,0.036452055,-0.030415416
2024-06-28,CSCO,-0.0064756274,0.0048515797,0.0046435595
2024-06-28,IBM,0.022534966,0.0067470074,0.0036566257
2024-06-28,INTC,0.00012016296,0.0042116642,-0.018625438
2024-06-28,MSFT,0.011094451,0.011194587,0.0081633329
2024-06-28,NKE,-0.0031225681,0.010405064,-0.010801613
2024-06-28,VZ,-0.014167249,0.01388216,-0.017069519
2024-06-28,WMT,-0.0034216046,0.0083142519,-0.0010362267
2024-07-01,AAPL,-0.016453564,0.0030199289,-0.03581959
2024-07-01,AMGN,0.0034564734,0.010395169,-0.018200517
2024-07-01,CRM,0.02247262,-0.0012853146,-0.00027942657
2024-07-01,CSCO,0.0073004961,0.017854571,0.0046106577
2024-07-01,IBM,-0.013255119,0.01318121,-0.014930308
2024-07-01,INTC,-0.0095974803,0.014220119,0.00092339516
2024-07-01,MSFT,-0.0025623441,0.0098077059,-0.0069442391
2024-07-01,NKE,0.01733458,0.0054095984,-0.026316106
2024-07-01,VZ,-0.024967551,0.022726178,-0.010859013
2024-07-01,WMT,-0.00081831217,0.0094441175,-0.023824155
2024-07-02,AAPL,0.0037031174,0.032987118,-0.010839283
2024-07-02,AMGN,0.0079399347,0.011258245,-0.0070209503
2024-07-02,CRM,-0.0027116537,-0.021509647,-0.043251455
2024-07-02,CSCO,0.011278987,-0.0046824813,-0.0026845932
2024-07-02,IBM,-0.0039116144,0.0082633495,-0.017932832
2024-07-02,INTC,-0.029230535,0.0029036999,-0.0061153769
2024-07-02,MSFT,-0.0034800768,-0.0094411969,-0.016163111
2024-07-02,NKE,-0.023038447,0.0081467628,-0.010024428
2024-07-02,VZ,0.0023918152,0.01367259,-0.011321366
2024-07-02,WMT,-0.0082004666,0.0055259466,0.00029325485
2024-07-03,AAPL,-0.010796785,0.01279366,0.0010744333
2024-07-03,AMGN,-0.0011928082,0.0023171902,-0.014511883
2024-07-03,CRM,-0.056463599,0.017790198,0.00014305115
2024-07-03,CSCO,-0.011666179,-0.0016150475,-0.027091503
2024-07-03,IBM,0.026172876,0.014228106,-0.017585278
2024-07-03,INTC,-0.0036974549,0.0033646822,-0.010909379
2024-07-03,MSFT,-0.007507205,0.003438592,-0.0070428252
2024-07-03,NKE,0.035643339,0.0074814558,-0.014112711
2024-07-03,VZ,0.010788083,-0.0074015856,-0.0050658584
2024-07-03,WMT,0.0060728788,0.0027828217,-0.0030808449
2024-07-05,AAPL,-0.010014534,0.0013775826,-0.014636397
2024-07-05,AMGN,0.0016150475,0.014084697,0.0080567598
2024-07-05,CRM,0.03775835,0.010040402,-0.018866599
2024-07-05,CSCO,-0.015212893,0.015411973,0.0082439184
2024-07-05,IBM,0.012264609,0.0061787367,-0.00051879883
2024-07-05,INTC,-0.028436065,0.019664168,-0.00664258
2024-07-05,MSFT,0.015113592,0.011590362,-0.012676775
2024-07-05,NKE,0.016322613,0.015680432,0.025806904
2024-07-05,VZ,0.0053781271,0.0094721317,-0.0016894341
2024-07-05,WMT,-0.018105924,0.027976274,0.022080421
2024-07-08,AAPL,0.011906147,0.01960218,0.010308862
2024-07-08,AMGN,0.017267942,0.015688658,-0.0026379228
2024-07-08,CRM,0.0069150925,0.043444157,-0.02974242
2024-07-08,CSCO,0.0014023781,8.8214874e-05,-0.010512531
2024-07-08,IBM,-0.0098244548,0.023920536,-0.0039969683
2024-07-08,INTC,0.0090068579,-0.0048031807,-0.0072295666
2024-07-08,MSFT,-0.016567707,0.017752051,-0.01077801
2024-07-08,NKE,0.020270944,0.0043041706,0.016374469
2024-07-08,VZ,-0.0094681978,0.020606995,-0.014969945
2024-07-08,WMT,-0.0026862621,0.0067776442,-0.0098268986
2024-07-09,AAPL,0.048560143,-0.0036949515,-0.016258538
2024-07-09,AMGN,-0.021027982,0.022272468,-0.011459112
2024-07-09,CRM,-0.038913667,-0.011942804,-0.013457119
2024-07-09,CSCO,-0.014254928,-0.010345519,-0.0005723834
2024-07-09,IBM,0.0084135532,0.01106751,0.0039315224
2024-07-09,INTC,-0.036331773,0.018293381,-0.0063255429
2024-07-09,MSFT,-0.019367158,-0.007583797,-0.012417674
2024-07-09,NKE,0.024007559,0.019595504,-0.013796628
2024-07-09,VZ,-0.010962725,0.011532187,-0.017779827
2024-07-09,WMT,-0.023956537,-0.019394696,0.0094200373
2024-07-10,AAPL,0.015284061,0.032906413,-0.027883887
2024-07-10,AMGN,-0.019431293,0.0071905851,-0.011561871
2024-07-10,CRM,-0.0087425709,-0.0063403249,-0.012881875
2024-07-10,CSCO,-0.012038827,0.011859179,-0.013361692
2024-07-10,IBM,-0.013963819,0.0055702925,-0.023149788
2024-07-10,INTC,-0.016657889,-5.2750111e-05,-0.015340805
2024-07-10,MSFT,-0.013714969,0.012558818,-0.015794516
2024-07-10,NKE,0.019713521,-0.01284796,-0.016539633
2024-07-10,VZ,-0.0054957271,-0.00046509504,0.012034535
2024-07-10,WMT,-0.016068459,0.0049165487,-0.018922091
2024-07-11,AAPL,0.0087248087,-0.0034949183,-0.015501738
2024-07-11,AMGN,-0.028449059,0.030634999,-0.0045778751
2024-07-11,CRM,-0.021068096,0.021152496,-0.036459446
2024-07-11,CSCO,-0.01152426,0.014830589,-0.017311811
2024-07-11,IBM,0.024986863,-0.0016749501,-0.015872955
2024-07-11,INTC,-0.008179903,-0.0093764067,-0.015799046
2024-07-11,MSFT,-0.0078046918,0.010965824,-0.0064296126
2024-07-11,NKE,0.019615293,0.0099085569,0.0038772821
2024-07-11,VZ,-0.028321087,0.017109871,-0.0039269328
2024-07-11,WMT,-0.0067991018,0.01342845,0.0052372217
2024-07-12,AAPL,0.0060758591,0.027489305,-0.029440463
2024-07-12,AMGN,-0.0012943149,0.011718273,-0.0086281896
2024-07-12,CRM,-0.019723594,-0.0055102706,-0.015289128
2024-07-12,CSCO,0.013186455,0.0038598776,-0.021077156
2024-07-12,IBM,0.042934299,0.0077302456,-0.0068979263
2024-07-12,INTC,-0.0021673441,-0.0062750578,-0.012362897
2024-07-12,MSFT,0.0026569366,-0.0042328238,-0.023833513
2024-07-12,NKE,-0.022664487,-0.00054752827,-0.012354553
2024-07-12,VZ,-0.0076569915,0.017934799,0.0098742247
2024-07-12,WMT,-0.0015907288,0.0051157475,-0.019684434
2024-07-15,AAPL,0.0050938129,0.027513146,-0.058559656
2024-07-15,AMGN,-0.021276355,-0.0070466399,-0.020560324
2024-07-15,CRM,0.049274445,-0.0011025071,0.012281299
2024-07-15,CSCO,0.017772436,0.021494389,0.016735673
2024-07-15,IBM,0.018849134,-0.0011434555,-0.0051330924
2024-07-15,INTC,-0.014115751,0.030622363,-0.0142349
2024-07-15,MSFT,0.012470126,0.0042046309,-0.028192401
2024-07-15,NKE,-0.010909736,0.0075308084,-0.016197503
2024-07-15,VZ,-0.038133383,0.00039637089,-0.017516494
2024-07-15,WMT,-0.00037491322,0.0022969246,0.0030372143
2024-07-16,AAPL,-0.010525227,0.00040733814,-0.025208473
2024-07-16,AMGN,-0.002622366,0.008050561,0.0027238131
2024-07-16,CRM,0.0015041828,0.0059453249,-0.0040469766
2024-07-16,CSCO,-0.01942265,0.0076210499,-0.0028373003
2024-07-16,IBM,-0.0062651634,0.00039291382,-0.0063609481
2024-07-16,INTC,-0.0077921748,-0.0020952821,-0.020055354
2024-07-16,MSFT,-0.00424999,-0.012376845,0.001796484
2024-07-16,NKE,0.0064179897,0.017982006,-0.0043611526
2024-07-16,VZ,-0.01418519,0.007846117,-0.0030058622
2024-07-16,WMT,-0.0078749061,0.0055737495,-0.002474308
2024-07-17,AAPL,0.01480484,0.013629198,-0.0084652305
2024-07-17,AMGN,0.020191431,0.013737917,0.0078771114
2024-07-17,CRM,0.01079309,0.011215925,-0.021035075
2024-07-17,CSCO,0.0026994944,0.013265371,-0.0080831647
2024-07-17,IBM,-0.021504879,0.017603755,-0.0075258613
2024-07-17,INTC,0.038967371,-0.0029063225,0.014104128
2024-07-17,MSFT,0.011876702,0.023036122,-0.018543363
2024-07-17,NKE,0.023439169,0.0019167662,0.0025783777
2024-07-17,VZ,-0.0069093108,0.010780931,-0.0013177991
2024-07-17,WMT,0.0044044256,0.010267138,-0.008030057
2024-07-18,AAPL,-0.0036153793,0.03854692,-0.010491908
2024-07-18,AMGN,-0.0055803657,0.0072793961,-0.0055118203
2024-07-18,CRM,-0.019297719,0.013661265,-0.045950711
2024-07-18,CSCO,-0.0050045848,-0.0050719976,-0.022161305
2024-07-18,IBM,-0.0044185519,0.001298666,-0.018216789
2024-07-18,INTC,-0.014658809,0.023309469,0.0063419342
2024-07-18,MSFT,0.0087637901,0.0059614182,-0.019277751
2024-07-18,NKE,0.018571854,-0.021816492,-0.0031190515
2024-07-18,VZ,-0.0064669251,0.0078077316,-0.0051524043
2024-07-18,WMT,0.010989428,0.014012337,0.0034720898
2024-07-19,AAPL,-0.022871017,0.019832134,-0.01472342
2024-07-19,AMGN,-0.021327376,0.0052039623,-0.0072144866
2024-07-19,CRM,-0.010445356,0.0086375475,-0.024350822
2024-07-19,CSCO,0.012650967,0.017922401,-0.019084811
2024-07-19,IBM,0.014117241,-0.0010991693,0.0066194534
2024-07-19,INTC,-0.011096001,0.0077234507,-0.018312335
2024-07-19,MSFT,-0.016671062,-0.0013099313,-0.014647603
2024-07-19,NKE,0.0016853809,0.013058424,-0.021015584
2024-07-19,VZ,-0.0010234714,-0.0046588182,-0.0093891621
2024-07-19,WMT,0.0091149807,0.011262655,-0.0036351681
2024-07-22,AAPL,0.052612662,0.015042424,-0.016089201
2024-07-22,AMGN,0.014390588,0.0049231052,-0.004283309
2024-07-22,CRM,0.011629343,0.020325541,-0.00760746
2024-07-22,CSCO,0.0040985346,0.004832387,-0.0092412233
2024-07-22,IBM,-0.029703021,0.010566354,-0.0047382712
2024-07-22,INTC,0.021986485,0.014561415,-0.016647279
2024-07-22,MSFT,-0.033937514,0.014397025,-0.0070884228
2024-07-22,NKE,0.00026261806,0.0040435791,0.0039412975
2024-07-22,VZ,-0.006834209,0.0079277754,-0.0013040304
2024-07-22,WMT,0.014532208,0.019831657,-0.01226449
2024-07-23,AAPL,0.0170331,0.012521267,-0.013214111
2024-07-23,AMGN,0.00099945068,0.029783845,-0.0071136951
2024-07-23,CRM,-0.055037618,0.028352618,-0.02049762
2024-07-23,CSCO,0.0016797781,-0.0087102652,-0.0071784854
2024-07-23,IBM,-0.012597084,0.016717196,-0.013899922
2024-07-23,INTC,0.0016489029,0.00083041191,-0.015685916
2024-07-23,MSFT,0.0069247484,-0.003975451,-0.015494227
2024-07-23,NKE,-0.012265325,-0.0065219998,-0.0058473945
2024-07-23,VZ,-0.0018002391,0.0027261972,-0.008050859
2024-07-23,WMT,-0.0068045259,0.006819725,-0.012362719
2024-07-24,AAPL,-0.013804197,0.0054889917,-0.020618856
2024-07-24,AMGN,-0.024010718,0.02476263,-0.0056906939
2024-07-24,CRM,0.023867607,0.0055485964,0.0062382221
2024-07-24,CSCO,-0.02591753,-0.0029857159,-0.012744009
2024-07-24,IBM,-0.017791331,0.0032203197,-0.0083404183
2024-07-24,INTC,-0.0046516061,-0.0057927966,-0.013308406
2024-07-24,MSFT,0.003139019,0.0071806908,-0.0065655112
2024-07-24,NKE,0.0070621967,0.0025351048,-0.015404582
2024-07-24,VZ,-0.023202479,-0.0036450028,0.0059930086
2024-07-24,WMT,-0.009655714,0.00045859814,-4.3153763e-05
2024-07-25,AAPL,-0.020520568,0.028259993,-0.0038105249
2024-07-25,AMGN,-0.0060855746,0.0047550201,-0.019522607
2024-07-25,CRM,-0.020942211,0.0076503754,-0.018847406
2024-07-25,CSCO,0.0033563375,0.024579287,-0.015756905
2024-07-25,IBM,-0.0096002817,0.0026189089,-8.1777573e-05
2024-07-25,INTC,0.00011980534,0.018138051,-0.0040320754
2024-07-25,MSFT,-0.007496357,0.004922986,-0.037109196
2024-07-25,NKE,0.0050439835,0.00087785721,0.0090523958
2024-07-25,VZ,-0.003379941,0.02254498,-0.012721896
2024-07-25,WMT,0.012742043,-0.0038103461,-0.011812925
2024-07-26,AAPL,-0.04931134,0.0025871992,-0.0080826283
2024-07-26,AMGN,-0.011453032,-0.0016579032,0.0030061007
2024-07-26,CRM,-0.0023337007,0.0018577576,-0.035802066
2024-07-26,CSCO,-0.018708229,0.031986356,-0.019378066
2024-07-26,IBM,-0.0052517056,0.014618278,-0.00060325861
2024-07-26,INTC,0.0012278557,0.009843111,-0.0067940354
2024-07-26,MSFT,-0.0058377981,0.00077259541,-0.010751963
2024-07-26,NKE,0.029251099,-0.0067671537,-0.018670619
2024-07-26,VZ,0.013431072,0.010225892,-0.0056295991
2024-07-26,WMT,-0.0046283007,0.0069749355,-0.0077745318
2024-07-29,AAPL,-0.015104473,0.0032268763,-0.014518857
2024-07-29,AMGN,-0.0022398829,0.015399337,-0.0098979473
2024-07-29,CRM,0.043868303,0.018108487,-0.024921775
2024-07-29,CSCO,0.010022521,0.010951877,-0.0060518384
2024-07-29,IBM,-0.0089289546,-0.0026882291,0.000192523
2024-07-29,INTC,0.0026854277,0.018773675,-0.007137835
2024-07-29,MSFT,0.011035204,0.018236756,-0.011908948
2024-07-29,NKE,-0.012015581,0.01131773,0.020875096
2024-07-29,VZ,0.022290587,0.019173026,-0.0087854266
2024-07-29,WMT,0.015950084,0.0083857775,0.0081219673
2024-07-30,AAPL,0.033010006,-0.0019544959,0.00015246868
2024-07-30,AMGN,0.0082701445,0.020913601,-0.01830256
2024-07-30,CRM,-0.03484273,0.0013571978,-0.020378709
2024-07-30,CSCO,-0.028088987,-0.015761077,-0.0037839413
2024-07-30,IBM,0.0011119843,0.023810506,-0.0085110068
2024-07-30,INTC,0.0042647123,-0.0049818158,-0.020509839
2024-07-30,MSFT,-0.014995992,-0.0030680299,0.0023823977
2024-07-30,NKE,0.00044953823,0.018881202,-0.017603576
2024-07-30,VZ,0.00061273575,0.010920167,0.00046038628
2024-07-30,WMT,-0.001193285,0.0024536848,-0.015639484
2024-07-31,AAPL,0.02844882,0.0055269003,-0.011008859
2024-07-31,AMGN,0.01186204,0.020047665,0.0057510138
2024-07-31,CRM,0.015969634,0.018100977,-0.021910846
2024-07-31,CSCO,0.0074667931,0.0057185888,-0.011803448
2024-07-31,IBM,0.0081722736,0.018164873,-0.0025246143
2024-07-31,INTC,-0.0046004057,0.017533064,0.014003515
2024-07-31,MSFT,0.0029551983,-0.015356362,-0.0091242194
2024-07-31,NKE,-0.017397404,0.0070289373,0.0097749233
2024-07-31,VZ,0.011501431,0.0019607544,0.00081980228
2024-07-31,WMT,-0.0087601542,-0.005502522,-0.0091241598
2024-08-01,AAPL,-0.017223716,0.0072412491,-0.02780962
2024-08-01,AMGN,-0.001968205,0.017527342,-0.01248312
2024-08-01,CRM,-0.056501269,-0.01619029,-0.042560935
2024-08-01,CSCO,0.018731713,0.030590653,0.0047566891
2024-08-01,IBM,-0.0022037625,0.0065304041,0.0037049055
2024-08-01,INTC,-0.040323496,0.0057499409,-0.025582671
2024-08-01,MSFT,-0.0029201508,-0.014494002,-6.6041946e-05
2024-08-01,NKE,-0.027591228,0.026625037,-0.010223448
2024-08-01,VZ,-0.004761517,0.0062501431,-0.004047215
2024-08-01,WMT,0.017471075,0.013300061,-0.0030456781
2024-08-02,AAPL,-0.012423635,0.011907578,-0.020134747
2024-08-02,AMGN,0.013752103,0.008097887,0.0031981468
2024-08-02,CRM,-0.026941836,0.028454423,-0.0094387531
2024-08-02,CSCO,0.0079511404,-0.00046795607,-0.013634026
2024-08-02,IBM,-0.0031421781,0.0040284395,-0.0016476512
2024-08-02,INTC,-0.0052435398,0.01531744,-0.025827348
2024-08-02,MSFT,-0.023450077,0.0065315962,-0.0068657398
2024-08-02,NKE,-0.019662201,0.0019905567,-0.018292904
2024-08-02,VZ,-0.0098004937,0.0042060614,-0.0021203756
2024-08-02,WMT,-0.0017606616,0.014821649,-0.021133184
2024-08-05,AAPL,-0.016636372,0.0070674419,-0.013447106
2024-08-05,AMGN,-0.0076492429,0.020783305,-0.00092673302
2024-08-05,CRM,-0.023018599,0.014838099,-0.031151295
2024-08-05,CSCO,-0.018696606,0.018417001,-0.015066445
2024-08-05,IBM,0.0046782494,-0.00025069714,-0.012858808
2024-08-05,INTC,-0.0058503747,0.01696074,-0.012163758
2024-08-05,MSFT,0.037838101,0.017943501,0.0012874603
2024-08-05,NKE,-0.012996197,-0.0052378774,-0.00035810471
2024-08-05,VZ,-0.014006615,-0.0013659596,-0.0020762682
2024-08-05,WMT,-0.011874735,0.0095981359,0.0056636333
2024-08-06,AAPL,0.045268774,0.0099101067,-0.028515816
2024-08-06,AMGN,-0.015279233,0.0055475235,-0.0074347854
2024-08-06,CRM,0.015604734,-0.013761342,-0.002471745
2024-08-06,CSCO,-0.0055834651,0.021354079,-0.0082973838
2024-08-06,IBM,-0.00021421909,-0.0073749423,-0.026066601
2024-08-06,INTC,0.0076819658,0.017618537,-0.020966709
2024-08-06,MSFT,-0.0090087056,0.0075757504,-0.0022740364
2024-08-06,NKE,-0.0031791925,-0.00028938055,-0.0082876682
2024-08-06,VZ,0.0034393072,0.0079872608,-0.0043093562
2024-08-06,WMT,-0.0091452003,0.0089660883,-0.0031915903
2024-08-07,AAPL,-0.0084484816,0.014114141,-0.015863359
2024-08-07,AMGN,-0.028924823,0.01079452,-0.020059764
2024-08-07,CRM,0.035984516,-0.009316802,-0.0031114817
2024-08-07,CSCO,-0.026049972,0.0017389059,0.01076591
2024-08-07,IBM,0.014819503,0.01549685,-0.0090909004
2024-08-07,INTC,0.022533178,0.023378134,0.0058860779
2024-08-07,MSFT,0.02712214,0.0290066,-0.0081028938
2024-08-07,NKE,-0.010162115,0.024001479,-0.01343137
2024-08-07,VZ,-0.028354883,-0.0022277236,0.00099909306
2024-08-07,WMT,0.014194727,0.010559082,-0.017781377
2024-08-08,AAPL,0.010611296,0.026097536,-0.013471067
2024-08-08,AMGN,-0.001116991,0.012586355,-0.022674084
2024-08-08,CRM,-0.023932815,0.024117351,-0.006155014
2024-08-08,CSCO,-0.033892274,0.012089372,-0.0010410547
2024-08-08,IBM,0.013552189,0.011329651,0.012612104
2024-08-08,INTC,-0.044476211,0.00021994114,0.005045414
2024-08-08,MSFT,0.010847807,0.0070627928,-0.014503241
2024-08-08,NKE,-0.0041952133,0.0051810741,-0.018574059
2024-08-08,VZ,-0.027344584,-0.0031475425,0.0041142702
2024-08-08,WMT,-0.023412466,-0.0055101514,-0.011458516
2024-08-09,AAPL,0.0036709309,0.0052703619,-0.0013071299
2024-08-09,AMGN,-0.0056630373,0.00056505203,-0.0097598433
2024-08-09,CRM,0.0029270649,0.0084768534,-0.021012604
2024-08-09,CSCO,-0.04054898,0.022085071,-0.0049430132
2024-08-09,IBM,-0.014169097,0.010855556,-0.0023936033
2024-08-09,INTC,-0.00097537041,-0.0070929527,-0.0094676018
2024-08-09,MSFT,-0.017050862,0.015037656,-0.0099279881
2024-08-09,NKE,0.0053918362,0.038587928,-0.0036013126
2024-08-09,VZ,-0.0064252615,0.00086605549,-0.00094658136
2024-08-09,WMT,-2.4914742e-05,0.0017471313,-0.010588288
2024-08-12,AAPL,-0.043468714,0.020291924,-0.0089197159
2024-08-12,AMGN,-0.023761332,0.034298658,0.00024032593
2024-08-12,CRM,-0.042201102,0.0040409565,-0.01781702
2024-08-12,CSCO,0.013383627,-0.0019071698,-0.018752813
2024-08-12,IBM,0.026860237,0.025798917,-0.006878078
2024-08-12,INTC,-0.010601938,0.022248983,0.0082087517
2024-08-12,MSFT,-0.034558117,0.019744396,-0.015506029
2024-08-12,NKE,-0.0022298694,0.0022569895,0.0095223188
2024-08-12,VZ,-0.0051996708,0.0017198324,0.0040223598
2024-08-12,WMT,0.005017519,0.0035095215,-0.01816684
2024-08-13,AAPL,0.0094231367,0.006403327,-0.035835862
2024-08-13,AMGN,-0.0071395636,-0.0023918152,-0.015575409
2024-08-13,CRM,-0.055924475,0.011575222,-0.03246206
2024-08-13,CSCO,0.0026642084,0.0074725151,-0.0099213123
2024-08-13,IBM,-0.012187541,0.0052372217,0.0018389225
2024-08-13,INTC,0.01160872,0.0076471567,-0.011694849
2024-08-13,MSFT,-0.0018972158,-0.0041082501,-0.0085755587
2024-08-13,NKE,-0.020724237,0.0014827251,-0.01903069
2024-08-13,VZ,-0.0089934468,0.010172844,-0.028944433
2024-08-13,WMT,0.0034155846,0.006819129,-0.01717937
2024-08-14,AAPL,-0.045856774,0.01327002,-0.0042621493
2024-08-14,AMGN,-0.0066230893,-0.0032356381,-0.0090831518
2024-08-14,CRM,-0.018333793,0.020234942,-0.023795128
2024-08-14,CSCO,0.013089299,0.012519479,-0.026407897
2024-08-14,IBM,0.0023192167,0.005715251,-0.029492199
2024-08-14,INTC,-0.016384542,0.018338203,-0.0074412823
2024-08-14,MSFT,-0.021218359,-0.0037524104,0.006465435
2024-08-14,NKE,-0.044284165,-0.0041638017,-0.037226558
2024-08-14,VZ,0.018033743,0.0033398867,-0.011869371
2024-08-14,WMT,-0.0096861124,-0.00020480156,-0.014982283
2024-08-15,AAPL,0.0054711103,0.0085016489,0.0033128262
2024-08-15,AMGN,0.0027514696,0.0029711723,-0.0045654178
2024-08-15,CRM,-0.0023888946,0.021069169,-0.0334692
2024-08-15,CSCO,0.010261416,-0.002610743,-0.010582209
2024-08-15,IBM,0.031436443,0.014229417,-0.0016118288
2024-08-15,INTC,-0.012805343,0.0082447529,-0.0062020421
2024-08-15,MSFT,0.015062094,0.0083957911,-0.0064725876
2024-08-15,NKE,0.016998649,0.0023655891,-0.021005392
2024-08-15,VZ,-0.0077155828,0.015445948,-0.006231904
2024-08-15,WMT,-0.0034813285,0.0052716732,0.0016270876
2024-08-16,AAPL,0.00023293495,0.016885161,-0.038286388
2024-08-16,AMGN,-0.0085513592,0.0082594156,0.015636563
2024-08-16,CRM,-0.0019278526,0.016370893,-0.033007979
2024-08-16,CSCO,0.022355199,0.019581795,-0.013206363
2024-08-16,IBM,-0.0094134212,-0.0060351491,-0.0051652789
2024-08-16,INTC,0.0014791489,-0.00014919043,-0.0062205195
2024-08-16,MSFT,0.0051555634,0.00743258,-0.003005147
2024-08-16,NKE,0.0082718134,0.010542035,-0.022489011
2024-08-16,VZ,-0.0066525936,0.0051668882,-0.018608928
2024-08-16,WMT,-0.00079989433,-0.00030219555,-0.017911077
2024-08-19,AAPL,0.023957729,0.011674523,-0.016065836
2024-08-19,AMGN,-0.0067102909,0.0070365667,-0.009505868
2024-08-19,CRM,-0.025720716,0.023545504,-0.0028585792
2024-08-19,CSCO,0.0025061369,3.8385391e-05,-0.011855721
2024-08-19,IBM,0.00059628487,0.00028300285,0.0076520443
2024-08-19,INTC,-0.022772312,0.010572791,-0.0060104728
2024-08-19,MSFT,0.00784266,0.0047261715,-0.0027073622
2024-08-19,NKE,-0.0024443865,0.0094642639,0.012710452
2024-08-19,VZ,-0.025416017,0.0018566847,0.011391282
2024-08-19,WMT,-0.005928576,0.018947482,-0.026670516
2024-08-20,AAPL,-0.021923244,0.0063164234,-0.028307199
2024-08-20,AMGN,-0.0009124279,0.022866964,-0.016562343
2024-08-20,CRM,-0.014684141,0.016717792,-0.0011003613
2024-08-20,CSCO,0.017832518,0.011529565,-0.019591689
2024-08-20,IBM,0.006632328,0.015312314,-1.6212463e-05
2024-08-20,INTC,0.023969054,0.01892662,-0.0069397092
2024-08-20,MSFT,-0.0032568574,0.00085961819,-0.012549877
2024-08-20,NKE,0.0022053719,0.014692783,-0.014962316
2024-08-20,VZ,-0.0019739866,0.012630343,-0.0070925951
2024-08-20,WMT,-8.8274479e-05,0.02314949,-0.0062081814
2024-08-21,AAPL,-0.028232396,0.018003106,0.0014226437
2024-08-21,AMGN,-0.00026154518,0.0065993071,-0.0093166828
2024-08-21,CRM,-0.015918255,0.023675442,0.0080426931
2024-08-21,CSCO,0.013120413,-0.0069497228,-0.019718945
2024-08-21,IBM,-0.002022922,0.00124681,-0.0061240792
2024-08-21,INTC,0.026571512,0.01542592,-0.018606901
2024-08-21,MSFT,-0.0139184,0.012114525,-0.014275491
2024-08-21,NKE,-0.0053919554,0.012085676,-0.01894331
2024-08-21,VZ,-0.028152406,0.0074952841,-0.005951345
2024-08-21,WMT,-0.018308043,0.0096263885,-0.0048971772
2024-08-22,AAPL,0.01855731,0.029666781,0.0044418573
2024-08-22,AMGN,0.012501836,0.0034383535,-0.011635602
2024-08-22,CRM,-0.031705022,0.01967442,-0.0047850013
2024-08-22,CSCO,-3.4451485e-05,0.035158277,-0.0092626214
2024-08-22,IBM,-0.00011640787,0.015479803,-0.006454289
2024-08-22,INTC,-0.0088909268,0.0046651363,-0.0036714673
2024-08-22,MSFT,-0.0018863678,0.012844324,-0.019575357
2024-08-22,NKE,0.0043424368,0.0041451454,0.01025784
2024-08-22,VZ,-0.0081498623,-0.0038236976,-0.0019778609
2024-08-22,WMT,0.0029200315,0.01106298,-0.017177701
2024-08-23,AAPL,-0.0093945265,-0.0030890107,-0.0087643266
2024-08-23,AMGN,-0.007571876,-0.00026959181,-0.010255396
2024-08-23,CRM,-0.039099932,0.030715704,-0.017369747
2024-08-23,CSCO,0.028922081,-0.012108326,-0.014532089
2024-08-23,IBM,0.00032091141,0.012087584,-0.016716182
2024-08-23,INTC,-0.02169323,0.0063277483,0.0094684362
2024-08-23,MSFT,-0.017058313,0.0095134974,0.0046784878
2024-08-23,NKE,0.017620444,0.0090312958,0.015290499
2024-08-23,VZ,-0.026566863,0.0042221546,-0.011568248
2024-08-23,WMT,-0.003172338,0.00053501129,-0.0085991025
2024-08-26,AAPL,-0.017776668,0.012166739,-0.029746175
2024-08-26,AMGN,-0.01494956,-0.00043988228,-0.01765126
2024-08-26,CRM,-0.0067898035,0.026548386,0.011322379
2024-08-26,CSCO,0.027563214,-0.0055463314,-0.021951199
2024-08-26,IBM,-0.0076588988,-0.012653708,-0.00024986267
2024-08-26,INTC,0.0025267601,0.0053960085,-0.0060112476
2024-08-26,MSFT,-0.015258789,0.014851213,-0.014614105
2024-08-26,NKE,-0.042558849,0.029721618,-0.0090656281
2024-08-26,VZ,0.0027261972,0.0087997913,0.00020503998
2024-08-26,WMT,-0.0019734502,-0.0033134818,-0.0024830699
2024-08-27,AAPL,0.01778686,-0.0040124655,0.011999965
2024-08-27,AMGN,-0.013081491,0.019448161,-0.030130386
2024-08-27,CRM,-0.025996447,0.020491838,0.01050818
2024-08-27,CSCO,0.0057864189,0.0020934343,-0.014899731
2024-08-27,IBM,0.013216853,-0.0067467093,-0.0041556954
2024-08-27,INTC,0.0016024113,-0.010101736,-0.014604211
2024-08-27,MSFT,-0.030620694,0.045356989,0.00068581104
2024-08-27,NKE,0.019695401,0.024395227,-0.007306993
2024-08-27,VZ,-0.013579786,0.0078215599,0.002384901
2024-08-27,WMT,-0.005006671,0.014842033,-0.018407702
2024-08-28,AAPL,-0.00102669,0.0018517971,-0.012600899
2024-08-28,AMGN,-0.0079506636,0.013705134,-0.014145672
2024-08-28,CRM,0.012066245,0.0084359646,-0.0058013797
2024-08-28,CSCO,0.018969536,0.027555823,-0.02772516
2024-08-28,IBM,0.00038385391,0.0082199574,-0.0020587444
2024-08-28,INTC,0.0087707043,0.025530219,-0.015541196
2024-08-28,MSFT,-0.040565729,0.008379817,0.0047006607
2024-08-28,NKE,-0.037479937,0.033252001,-0.024157345
2024-08-28,VZ,0.0027970076,0.0047769547,0.0093742609
2024-08-28,WMT,0.0072790384,-0.0043607354,-0.0035003424
2024-08-29,AAPL,-0.0054705739,0.005902648,-0.027832031
2024-08-29,AMGN,-0.019441068,0.019472837,0.0032097101
2024-08-29,CRM,-0.015308321,-0.0011585355,-0.031550884
2024-08-29,CSCO,0.0085560083,0.014765501,-0.010668159
2024-08-29,IBM,-0.0077295303,0.013977528,0.0011662245
2024-08-29,INTC,0.0026934147,0.021462083,0.0014951229
2024-08-29,MSFT,0.015264273,0.0038919449,-0.022263527
2024-08-29,NKE,-0.0044866204,0.0059162378,0.0097483397
2024-08-29,VZ,-0.032200515,0.008159399,-0.014668345
2024-08-29,WMT,0.0024979115,-0.0014315248,-0.0080794096
2024-08-30,AAPL,0.018510103,0.037662506,-0.020454228
2024-08-30,AMGN,-0.0066982508,-0.0052585602,-0.025657117
2024-08-30,CRM,-0.019468009,0.022005677,0.0043802261
2024-08-30,CSCO,-0.0092018843,0.015205503,-0.0087502003
2024-08-30,IBM,-0.0056985617,-0.0024983287,-0.0034070015
2024-08-30,INTC,-0.019701958,0.016101956,-0.011535287
2024-08-30,MSFT,0.010461688,0.0082409382,-0.009136498
2024-08-30,NKE,-0.036278069,0.02219522,-0.0016472936
2024-08-30,VZ,0.011358619,-0.00075906515,-0.0063838959
2024-08-30,WMT,2.9563904e-05,0.0038611889,-0.016083479
2024-09-03,AAPL,-0.019869089,0.012073994,-0.015052438
2024-09-03,AMGN,-0.0068505406,0.016546607,0.00030899048
2024-09-03,CRM,-0.01782459,0.033721209,-0.022932589
2024-09-03,CSCO,0.014493227,-0.002641201,0.0043849945
2024-09-03,IBM,0.023559809,0.010151863,-0.0012252927
2024-09-03,INTC,0.0010472536,0.0052864552,-0.00036406517
2024-09-03,MSFT,0.0097727776,0.018834591,-0.014817774
2024-09-03,NKE,0.016600132,0.0077127218,0.0011228323
2024-09-03,VZ,0.014373899,0.0035687685,-0.0072264671
2024-09-03,WMT,-0.012200832,0.010091901,-0.005638659
2024-09-04,AAPL,0.022997022,0.027186632,0.0025442839
2024-09-04,AMGN,-0.0012205243,0.010181427,-0.01334089
2024-09-04,CRM,-0.024907053,0.0079755783,-0.014347255
2024-09-04,CSCO,-0.0026938319,0.016043186,0.0048264265
2024-09-04,IBM,-0.0098228455,0.0096647739,-0.0029876828
2024-09-04,INTC,-0.027935386,0.013960004,-0.014104426
2024-09-04,MSFT,0.0054284334,0.01782763,-0.010948539
2024-09-04,NKE,0.01087904,0.0228585,-0.017230928
2024-09-04,VZ,-0.013617754,0.010034919,-0.0077953339
2024-09-04,WMT,0.0015136003,0.0096828938,-0.0090139508
2024-09-05,AAPL,0.0012729168,0.0096637011,-0.0075985193
2024-09-05,AMGN,0.0024300814,0.0027219057,0.00076699257
2024-09-05,CRM,0.0063918829,0.0031782389,-0.00095438957
2024-09-05,CSCO,-0.019688964,0.0029405355,9.3460083e-05
2024-09-05,IBM,0.00021517277,0.0012893677,-0.019084692
2024-09-05,INTC,-0.0092832446,0.0017819405,-0.014124274
2024-09-05,MSFT,0.0055395365,0.016135812,-0.015410662
2024-09-05,NKE,-0.011048138,0.019207358,-0.0023076534
2024-09-05,VZ,-0.0057284832,0.011369467,-0.011990368
2024-09-05,WMT,0.016271234,-0.012740076,-0.023872912
2024-09-06,AAPL,0.0084182024,0.016463161,-0.011245251
2024-09-06,AMGN,-0.018101335,0.028168917,-0.010854125
2024-09-06,CRM,-0.061535537,0.033641219,0.0079195499
2024-09-06,CSCO,0.0057468414,0.0067244768,-0.016872048
2024-09-06,IBM,-0.0072137117,-0.0032039285,-0.0031968355
2024-09-06,INTC,-0.021721125,0.0057165623,-0.0093089342
2024-09-06,MSFT,-0.0016070008,0.0094373226,0.0035345554
2024-09-06,NKE,0.019548774,0.026587605,-0.018662214
2024-09-06,VZ,0.0054370165,0.014158607,0.00078010559
2024-09-06,WMT,-0.0076797605,0.0063019991,-0.012381494
2024-09-09,AAPL,-0.011609197,0.007175684,-0.017325878
2024-09-09,AMGN,0.0097409487,-0.0017470717,0.00088346004
2024-09-09,CRM,-0.035541356,-0.0025902987,-0.024921
2024-09-09,CSCO,-0.0076260567,0.017577291,-0.0025997758
2024-09-09,IBM,-0.015926778,0.013509631,5.2571297e-05
2024-09-09,INTC,-0.0080353022,0.026953578,-0.010661364
2024-09-09,MSFT,-0.025388062,-0.00088709593,-0.019557059
2024-09-09,NKE,0.0032974482,0.00053811073,-0.012334943
2024-09-09,VZ,-0.0086673498,0.019716382,-0.012963831
2024-09-09,WMT,-0.011114597,0.0054466724,-0.0019009709
2024-09-10,AAPL,-0.00067538023,0.021103263,-0.036570787
2024-09-10,AMGN,-0.017727494,0.0099403858,0.0027296543
2024-09-10,CRM,0.00010335445,-0.020461857,-0.036583722
2024-09-10,CSCO,0.018822312,0.028685689,-0.014309704
2024-09-10,IBM,-0.020042598,0.0051025152,-0.011921346
2024-09-10,INTC,-0.024347186,-0.017399549,0.010393977
2024-09-10,MSFT,0.024756074,0.0098048449,-0.012423277
2024-09-10,NKE,-0.0027104616,0.0088648796,-0.0022246242
2024-09-10,VZ,-0.024443924,-0.00050979853,-0.0069647431
2024-09-10,WMT,-0.0089095831,0.022431135,-0.010248601
2024-09-11,AAPL,0.020827651,0.010090232,-0.0050820112
2024-09-11,AMGN,0.035121441,0.011272788,-0.0016719699
2024-09-11,CRM,0.0084799528,0.030025363,0.010126114
2024-09-11,CSCO,-0.0079417825,0.0034364462,-0.016780972
2024-09-11,IBM,-0.012028098,0.022033811,0.0037031174
2024-09-11,INTC,-0.0073127151,0.018115759,-0.0097723007
2024-09-11,MSFT,-0.0097412467,-0.0040390491,-0.012780845
2024-09-11,NKE,-0.013005674,0.012808681,-0.018046021
2024-09-11,VZ,-0.014950752,0.016220808,-0.0169788
2024-09-11,WMT,0.01068604,0.0056627989,-0.0099564791
2024-09-12,AAPL,0.022915006,0.022865534,-0.012732446
2024-09-12,AMGN,-0.013826966,0.0098749399,-0.021600246
2024-09-12,CRM,0.0010693073,-0.012749076,-0.016476512
2024-09-12,CSCO,-0.041523695,0.014150023,-0.038232565
2024-09-12,IBM,-0.0026471615,0.00052976608,-0.0057712793
2024-09-12,INTC,0.0070545673,0.007401824,0.0097273588
2024-09-12,MSFT,0.01464653,0.014100909,-0.021833777
2024-09-12,NKE,0.0040818453,0.01740551,-0.0084760785
2024-09-12,VZ,0.0087186098,0.010231495,-0.0063866973
2024-09-12,WMT,-0.037296176,0.017027259,-0.0080648065
2024-09-13,AAPL,-0.0049664974,0.012281418,-0.023045659
2024-09-13,AMGN,-0.014618814,0.018606782,-0.0066720247
2024-09-13,CRM,0.01051712,0.021353364,-0.014371574
2024-09-13,CSCO,-0.0077655315,0.0018695593,-0.017697275
2024-09-13,IBM,-0.018701792,0.015703797,-0.0044234991
2024-09-13,INTC,0.028735995,0.013303399,-0.02145201
2024-09-13,MSFT,-0.008544445,0.0024269819,-0.02528882
2024-09-13,NKE,0.0060038567,0.031428337,-0.0013373494
2024-09-13,VZ,0.012509584,0.0014623404,-0.0026827455
2024-09-13,WMT,0.017434239,0.0045955181,-0.0051047206
2024-09-16,AAPL,-0.0086856484,-0.008351624,-0.0089648962
2024-09-16,AMGN,-0.02782768,0.0094045401,-0.012160778
2024-09-16,CRM,0.033255577,0.023323178,-0.0011588931
2024-09-16,CSCO,-0.0014228225,0.00092029572,-0.0073842406
2024-09-16,IBM,0.0149405,0.023653388,-0.0090706348
2024-09-16,INTC,-0.012285709,0.017155051,-0.0092680454
2024-09-16,MSFT,-0.016872168,0.016601801,-0.011395574
2024-09-16,NKE,-0.023138583,0.0064723492,-0.015516579
2024-09-16,VZ,0.023112178,0.011588454,-0.007212162
2024-09-16,WMT,-0.016152561,0.029292107,-0.0148803
2024-09-17,AAPL,-0.02550137,0.017497778,-0.017674863
2024-09-17,AMGN,0.02493763,0.016779065,-0.019243777
2024-09-17,CRM,-0.01386112,-0.02025485,-0.015258729
2024-09-17,CSCO,0.01236093,0.016914845,-0.016948462
2024-09-17,IBM,-0.01392436,0.012522697,-0.018692791
2024-09-17,INTC,0.0042668581,0.011053681,-0.010674596
2024-09-17,MSFT,-0.019976676,0.004846096,-0.016073763
2024-09-17,NKE,0.0032769442,0.0010722876,0.012148976
2024-09-17,VZ,7.545948e-05,0.010905743,-0.00023335218
2024-09-17,WMT,-0.0037754178,0.0089524984,-0.0060835481
2024-09-18,AAPL,0.0020934343,-0.0018519759,-0.023759484
2024-09-18,AMGN,-0.020680547,0.0091617107,-0.0027906299
2024-09-18,CRM,0.074533343,0.0056374073,-0.0051108003
2024-09-18,CSCO,-0.020484269,0.031216502,-0.011427104
2024-09-18,IBM,-0.011386037,0.0060539246,0.0011070967
2024-09-18,INTC,0.016846299,0.012578249,0.00064074993
2024-09-18,MSFT,-0.0035158992,0.01189816,0.00332129
2024-09-18,NKE,-0.012012482,0.022933006,-0.01428014
2024-09-18,VZ,0.008461833,0.0033426285,-0.019458234
2024-09-18,WMT,0.00099980831,-0.0049093962,-0.018540323
2024-09-19,AAPL,-0.024025142,0.025994301,-0.014215767
2024-09-19,AMGN,-0.020743728,0.026085973,-0.023153543
2024-09-19,CRM,0.0016880035,0.017417073,-0.0093111992
2024-09-19,CSCO,0.023573875,0.016809821,-0.0085096955
2024-09-19,IBM,-0.0022309422,0.016065359,-0.018603086
2024-09-19,INTC,-0.030234277,0.0066642761,-0.012399971
2024-09-19,MSFT,0.0056606531,0.01553297,-0.022859514
2024-09-19,NKE,-0.019399226,0.01105547,-0.002620399
2024-09-19,VZ,0.014691114,0.011046767,-0.006939292
2024-09-19,WMT,0.00056874752,0.0011227131,0.014328003
2024-09-20,AAPL,0.014048696,0.0098152161,0.00043082237
2024-09-20,AMGN,-0.019915938,0.011626482,-0.016242802
2024-09-20,CRM,0.022681355,0.021824479,-0.0073279142
2024-09-20,CSCO,-0.017767727,0.019533396,-0.0040525794
2024-09-20,IBM,-0.00052684546,0.0033397675,-0.0033571124
2024-09-20,INTC,-0.012714982,0.016752481,-0.010397792
2024-09-20,MSFT,0.0057736635,0.014349222,-0.016556442
2024-09-20,NKE,0.0069543123,0.001550436,-0.011770248
2024-09-20,VZ,-0.0069407821,0.0099121332,-0.012959361
2024-09-20,WMT,-0.0047896504,0.0053354502,-0.0072566271
2024-09-23,AAPL,0.03593123,-0.00053423643,-0.018629313
2024-09-23,AMGN,-0.025546074,-0.0013522506,-0.023875833
2024-09-23,CRM,-0.010917008,0.023311019,-0.0062866807
2024-09-23,CSCO,0.018515229,0.0072418451,-0.015874743
2024-09-23,IBM,0.0050545931,0.021195292,-0.0066249371
2024-09-23,INTC,-0.00236094,0.0066164732,-0.010276854
2024-09-23,MSFT,-0.02481705,0.0061057806,-0.018377602
2024-09-23,NKE,-0.028023899,0.01218617,-0.0011134744
2024-09-23,VZ,-0.030376613,0.0020807981,-0.013065159
2024-09-23,WMT,0.0021840334,-0.0088883042,-0.013157904
2024-09-24,AAPL,-0.0064007044,-0.00021749735,0.001147747
2024-09-24,AMGN,-0.013792753,0.016304851,-0.00088852644
2024-09-24,CRM,0.0039002895,0.037524462,0.011884212
2024-09-24,CSCO,0.0090920925,-0.0043420196,0.00047504902
2024-09-24,IBM,0.0045945644,0.0022296906,-0.0092379451
2024-09-24,INTC,-0.016879797,0.0009046793,-0.0010390878
2024-09-24,MSFT,0.01850009,-0.00012046099,0.0012904406
2024-09-24,NKE,-0.0093510151,0.0017514229,-0.015763998
2024-09-24,VZ,0.011378646,0.0071402788,-0.0007712245
2024-09-24,WMT,-0.021498978,-0.0030930638,-0.017638266
2024-09-25,AAPL,-0.0089219809,0.021970034,-0.012280881
2024-09-25,AMGN,-0.0056174397,0.0038163662,0.0030571222
2024-09-25,CRM,-0.04578799,-0.0031942725,-0.044667304
2024-09-25,CSCO,-0.006560564,-0.015799224,-0.004350841
2024-09-25,IBM,0.0030983686,0.020857215,-0.013923466
2024-09-25,INTC,0.0077006817,0.006844759,-0.019341588
2024-09-25,MSFT,0.0041446686,0.031037807,-0.0063111782
2024-09-25,NKE,-0.010543406,0.019750714,0.0053862333
2024-09-25,VZ,0.0068347454,0.0029410124,-0.025904536
2024-09-25,WMT,0.0097488165,0.016417861,0.00081384182
2024-09-26,AAPL,-0.0024431348,-0.01337111,-0.0062253475
2024-09-26,AMGN,0.0067349672,0.020770907,-0.010467052
2024-09-26,CRM,0.018679976,0.0036000013,-0.010005057
2024-09-26,CSCO,0.019307613,0.0099642277,-0.010207236
2024-09-26,IBM,0.021491766,0.012190104,-0.015538275
2024-09-26,INTC,-0.035360456,-0.0034588575,0.0025649071
2024-09-26,MSFT,0.019826055,0.0072799921,-0.021416724
2024-09-26,NKE,-0.0099289417,0.0064563751,-0.0017126799
2024-09-26,VZ,0.0042107105,0.0127846,-0.018561482
2024-09-26,WMT,-0.011355996,0.02277863,0.0015103817
2024-09-27,AAPL,-0.037056983,0.0038486719,-0.039734542
2024-09-27,AMGN,-0.018343866,0.0061243773,-0.01084429
2024-09-27,CRM,0.018794775,0.03922379,-0.021039486
2024-09-27,CSCO,0.025807261,0.0094220638,-0.031483591
2024-09-27,IBM,0.0027861595,0.020646095,-0.0055636764
2024-09-27,INTC,-0.0042850375,0.011004567,-0.018794
2024-09-27,MSFT,-0.021227181,0.018436909,0.0046105385
2024-09-27,NKE,0.0075384378,0.011535525,-0.012788057
2024-09-27,VZ,-0.0089349747,0.010647655,-0.0093597174
2024-09-27,WMT,0.022546411,0.0038074255,-0.012911916
2024-09-30,AAPL,-0.010092258,0.031847119,0.0086764097
2024-09-30,AMGN,-0.0076572895,0.0043723583,-0.039390206
2024-09-30,CRM,-0.017877877,0.014762282,-0.0062043071
2024-09-30,CSCO,0.014622927,-0.0018454194,-0.0002194047
2024-09-30,IBM,0.016304851,3.4332275e-05,-0.01353544
2024-09-30,INTC,-0.0043811202,0.011912584,-0.012584269
2024-09-30,MSFT,-0.013003111,0.0067710876,-0.0017431378
2024-09-30,NKE,0.012615204,0.0097621679,-0.0030886531
2024-09-30,VZ,-0.011627972,0.0025429726,-0.017201483
2024-09-30,WMT,-0.025434673,0.0070750713,-0.012519419
2024-10-01,AAPL,-0.0045406818,0.0039615631,-0.040387869
2024-10-01,AMGN,-0.018785715,-0.0049222112,-0.0085943341
2024-10-01,CRM,0.015864253,-0.0059661865,0.025832295
2024-10-01,CSCO,-0.0043473244,0.024698973,-0.021471262
2024-10-01,IBM,-0.015192389,0.0179106,-0.0012406111
2024-10-01,INTC,0.017521501,0.0046465397,-0.014249265
2024-10-01,MSFT,0.0069565773,0.033983469,-0.006133616
2024-10-01,NKE,0.016155124,0.018848777,-0.010057867
2024-10-01,VZ,-0.00083547831,0.0023516417,-0.0047361851
2024-10-01,WMT,0.008079648,0.012334704,-0.017593861
2024-10-02,AAPL,-0.027767479,0.024861574,-0.0042700171
2024-10-02,AMGN,0.0097440481,0.017501831,-0.020963788
2024-10-02,CRM,0.0016462803,0.0045685768,-0.0062274933
2024-10-02,CSCO,-0.014579713,0.014721155,-0.01196593
2024-10-02,IBM,0.019471407,0.012440801,-0.013580561
2024-10-02,INTC,-0.011281371,-0.0087094307,0.0061563253
2024-10-02,MSFT,0.0043984652,-0.0023359656,-0.011133671
2024-10-02,NKE,-0.032109976,0.02646327,-0.011202335
2024-10-02,VZ,0.021907926,0.021955729,-0.010460377
2024-10-02,WMT,0.0017187595,0.0055974722,-0.0081636906
2024-10-03,AAPL,-0.039819896,0.028497815,0.0063384771
2024-10-03,AMGN,-0.035950541,0.0083734989,-0.0023206472
2024-10-03,CRM,0.073465943,0.022799015,-0.0065245628
2024-10-03,CSCO,-0.0047973394,0.0061707497,-0.018355012
2024-10-03,IBM,0.012551546,0.011212468,-0.0032441616
2024-10-03,INTC,-0.021339655,0.0095740557,-0.019249141
2024-10-03,MSFT,-0.0017701983,0.021828532,-0.0064676404
2024-10-03,NKE,-0.017010093,0.01157856,0.0031585693
2024-10-03,VZ,-0.001747787,0.0019431114,-0.015042424
2024-10-03,WMT,0.0067421198,0.016375542,-0.0039266944
2024-10-04,AAPL,-0.011790156,-0.0007185936,-0.04143244
2024-10-04,AMGN,-0.012978733,0.0086201429,-0.011812329
2024-10-04,CRM,-0.010131776,0.017235518,-0.014103234
2024-10-04,CSCO,0.028846622,0.0044413805,-0.0020182133
2024-10-04,IBM,0.0070441961,0.016516805,-0.001984477
2024-10-04,INTC,0.016584277,0.011446357,0.0017367601
2024-10-04,MSFT,-0.0015253425,0.00058722496,-0.011284769
2024-10-04,NKE,-0.017761588,0.0095192194,-0.011234581
2024-10-04,VZ,-0.020347595,0.0034435987,-0.0071343184
2024-10-04,WMT,0.018557549,0.018473744,-0.010685146
2024-10-07,AAPL,-0.050778866,0.025212765,-0.0042880774
2024-10-07,AMGN,-0.021714389,0.016504526,0.0053011179
2024-10-07,CRM,-0.0095063448,-0.0042887926,-0.018042028
2024-10-07,CSCO,-0.0022946596,0.0068349838,-0.014336288
2024-10-07,IBM,0.0044907331,-0.0020737052,-0.0082044601
2024-10-07,INTC,0.025424123,0.0082839727,0.0061645508
2024-10-07,MSFT,0.00065422058,0.0086776018,-0.018472075
2024-10-07,NKE,0.023001075,0.0073426962,0.010165691
2024-10-07,VZ,-0.004396081,0.010659695,0.00064313412
2024-10-07,WMT,0.011719465,0.011661053,-0.018853843
2024-10-08,AAPL,-0.010379612,0.022258043,-0.010044634
2024-10-08,AMGN,0.0052884817,0.01783967,0.001345396
2024-10-08,CRM,-0.022434771,0.0081033707,-0.031016886
2024-10-08,CSCO,0.0128088,0.012081742,-0.011845469
2024-10-08,IBM,0.018701911,0.010682225,-0.016533554
2024-10-08,INTC,-0.00088489056,0.015647411,-0.018302262
2024-10-08,MSFT,0.0052437782,0.0037430525,0.0021637678
2024-10-08,NKE,-0.0083580613,0.01361537,-0.0026828051
2024-10-08,VZ,-0.0092874169,-0.0010360479,0.0020623207
2024-10-08,WMT,-0.019313037,0.015260696,-0.013736486
2024-10-09,AAPL,0.023307443,0.030598402,-0.012816787
2024-10-09,AMGN,0.023931623,-0.0074809194,-0.024439633
2024-10-09,CRM,0.0090831518,0.039553523,0.0019099712
2024-10-09,CSCO,0.018804312,0.020236731,-0.017301738
2024-10-09,IBM,0.0093638897,0.014660716,-0.010332763
2024-10-09,INTC,-0.021818101,0.0080446005,-0.002489686
2024-10-09,MSFT,0.0026317835,0.015486121,-0.0080510378
2024-10-09,NKE,0.010993719,-0.0031981468,0.0016112328
2024-10-09,VZ,-0.007401526,0.0096310377,0.0010874271
2024-10-09,WMT,-0.023954928,0.020375729,-0.0077841282
2024-10-10,AAPL,0.023123145,-0.0079365373,-0.003369391
2024-10-10,AMGN,-0.0070751905,0.026946068,-0.0056279898
2024-10-10,CRM,-0.094514906,-0.00026392937,-0.016860187
2024-10-10,CSCO,-0.022154152,0.012054086,-0.0063480139
2024-10-10,IBM,0.005114913,0.0058960915,-0.0064467192
2024-10-10,INTC,-0.0066235065,0.022974372,-0.010750473
2024-10-10,MSFT,-0.030389607,-0.0018082261,-0.0044127107
2024-10-10,NKE,-0.022527993,0.011842489,-0.013370812
2024-10-10,VZ,-0.018954694,0.0086138248,-0.0048248172
2024-10-10,WMT,0.023253083,-0.0097450018,-0.015527129
2024-10-11,AAPL,-0.0072652102,0.010085225,-0.0082536936
2024-10-11,AMGN,0.011574626,-0.0076330304,-0.0080857277
2024-10-11,CRM,0.02399087,0.0049103498,-0.016216457
2024-10-11,CSCO,-0.047065437,0.0017930269,-0.0078120232
2024-10-11,IBM,0.01065433,0.0016742945,-0.0086789131
2024-10-11,INTC,-0.030090332,0.0075576305,-0.0011401772
2024-10-11,MSFT,-0.002581358,0.010394931,-0.019758224
2024-10-11,NKE,0.00041937828,0.0037307739,0.00028753281
2024-10-11,VZ,0.0071383715,0.0056835413,-0.010682702
2024-10-11,WMT,-0.0044891834,0.0099805593,0.00016367435
2024-10-14,AAPL,0.014249325,0.0010681152,-0.011575639
2024-10-14,AMGN,-0.0041462183,-0.002828002,-0.02250433
2024-10-14,CRM,-0.035064995,0.0033524036,-0.020214975
2024-10-14,CSCO,-0.022921324,0.01138258,-0.015182137
2024-10-14,IBM,-0.016236126,0.0054023266,-0.013438761
2024-10-14,INTC,0.010816574,0.018526435,-0.0097407699
2024-10-14,MSFT,-0.0098094344,0.0066277981,-0.018225074
2024-10-14,NKE,0.013667822,0.014220953,-0.020815849
2024-10-14,VZ,-0.0051447749,0.010358572,-0.0069268942
2024-10-14,WMT,-0.014655113,0.018770099,0.0025128126
2024-10-15,AAPL,0.010190845,-0.0010225773,-0.00057911873
2024-10-15,AMGN,0.0032835007,0.00697124,-0.0075959563
2024-10-15,CRM,-0.06098485,0.00015854836,-0.013858616
2024-10-15,CSCO,-0.019089401,0.020881176,-0.0079576373
2024-10-15,IBM,-0.0019361377,-0.0019280314,-0.010558307
2024-10-15,INTC,-0.031070352,-0.0035732985,-0.021641731
2024-10-15,MSFT,-0.003652513,0.018774748,-0.029460728
2024-10-15,NKE,-0.0050515532,0.0061854124,-0.012841225
2024-10-15,VZ,-0.0073519945,0.0027916431,0.0054686069
2024-10-15,WMT,-0.026418507,-0.0034082532,-0.0029720068
2024-10-16,AAPL,0.0043867826,0.012222528,-0.012580633
2024-10-16,AMGN,-0.031855822,0.0087972879,-0.0025185943
2024-10-16,CRM,0.0007339716,0.02887547,-0.0084580779
2024-10-16,CSCO,-0.0091899633,0.018041968,-0.025727928
2024-10-16,IBM,-0.009696424,0.0096607208,-0.0069109201
2024-10-16,INTC,-0.010892332,0.020427704,-0.024936199
2024-10-16,MSFT,-0.0070044398,-0.013469219,-0.0020067096
2024-10-16,NKE,-0.020138264,0.018535376,-0.013988912
2024-10-16,VZ,-0.0017400384,0.0073782206,0.001357317
2024-10-16,WMT,0.0023571253,0.01032114,-0.0064892173
2024-10-17,AAPL,0.017925143,-0.0053819418,-0.00091487169
2024-10-17,AMGN,-0.014166057,0.018655539,-0.01552099
2024-10-17,CRM,0.0080260038,0.016238332,-0.018953025
2024-10-17,CSCO,0.0079082251,0.015104532,-0.023775101
2024-10-17,IBM,0.017521143,0.0078638792,-0.0083897114
2024-10-17,INTC,-0.012668669,-0.014725626,-0.0085849166
2024-10-17,MSFT,-0.012844205,0.010632038,-0.004026413
2024-10-17,NKE,-0.018204868,0.01074779,-0.022761643
2024-10-17,VZ,0.013267636,0.0038764477,0.024450183
2024-10-17,WMT,-0.022889435,0.002040267,-0.0010995865
2024-10-18,AAPL,-0.01401031,-0.0021368861,-0.0035440922
2024-10-18,AMGN,0.010518312,0.01875639,-0.011538327
2024-10-18,CRM,0.04935801,0.018419981,-0.025673568
2024-10-18,CSCO,0.0043162107,0.0077153444,-0.0091894865
2024-10-18,IBM,0.0055660009,-0.0052508116,-0.006228447
2024-10-18,INTC,-0.011962116,0.029721618,-0.020985305
2024-10-18,MSFT,0.0069721937,-0.0029225945,-0.0061619282
2024-10-18,NKE,0.0037469864,0.016529799,-0.0069099069
2024-10-18,VZ,-0.0052797794,0.018949151,0.00078296661
2024-10-18,WMT,0.0064023733,-0.0098991394,-0.0086749196
2024-10-21,AAPL,-0.0023533702,0.0083488226,-0.023614287
2024-10-21,AMGN,-0.0011342168,0.014392972,-0.023526669
2024-10-21,CRM,-0.011282563,0.030761242,-0.023910642
2024-10-21,CSCO,-0.0072523952,0.0063533783,0.0043520927
2024-10-21,IBM,0.0062851906,0.0028016567,-0.0061987638
2024-10-21,INTC,0.0096490383,0.0035803318,-0.010452092
2024-10-21,MSFT,0.0090816021,0.0032444,-0.0023567677
2024-10-21,NKE,-0.033472776,0.013400912,-0.012235522
2024-10-21,VZ,-0.015736699,0.00063884258,0.010364294
2024-10-21,WMT,-0.0092358589,0.011009216,-0.0064348578
2024-10-22,AAPL,-0.006028533,-0.0066780448,-0.020017743
2024-10-22,AMGN,0.01273787,0.018067718,-0.0059415102
2024-10-22,CRM,-0.022936463,0.0095506907,-0.016496599
2024-10-22,CSCO,-0.010025561,0.003826499,-0.020886302
2024-10-22,IBM,-0.013313532,0.0072698593,0.0099695921
2024-10-22,INTC,0.020971179,0.0080581903,0.0032246113
2024-10-22,MSFT,0.00040519238,0.012234569,-0.020131707
2024-10-22,NKE,0.00053191185,0.011884093,-0.014734149
2024-10-22,VZ,-0.0042673945,0.013795972,0.0062398911
2024-10-22,WMT,-0.0073074698,-0.0036588311,0.0012255907
2024-10-23,AAPL,-0.010506094,0.0013884306,-0.016463876
2024-10-23,AMGN,0.0096396208,0.021894217,-0.0053837895
2024-10-23,CRM,0.022977591,0.0067870617,-0.0073746443
2024-10-23,CSCO,0.00060403347,0.0042021275,-0.02256304
2024-10-23,IBM,-0.024730682,0.010549307,-0.011184871
2024-10-23,INTC,-0.0081089735,0.013328195,-0.022243977
2024-10-23,MSFT,0.014265418,0.018338799,-0.0065296888
2024-10-23,NKE,-0.0063449144,-0.002821207,-0.0076186657
2024-10-23,VZ,-0.019005239,0.0052802563,-0.011702478
2024-10-23,WMT,0.00030899048,0.028501749,-0.010782659
2024-10-24,AAPL,-0.01705569,-0.00101614,-0.011897385
2024-10-24,AMGN,-0.00092238188,0.0095713139,-0.019115925
2024-10-24,CRM,0.014916182,0.010032892,-0.027166307
2024-10-24,CSCO,-0.022775114,0.022583127,-0.0028594136
2024-10-24,IBM,0.009975791,0.0095486641,0.0053664446
2024-10-24,INTC,0.015094399,0.018433452,0.0010046959
2024-10-24,MSFT,-0.017573416,0.0053545237,-0.015653253
2024-10-24,NKE,0.0043572187,0.025760174,0.010604382
2024-10-24,VZ,-0.025402904,0.0073639154,-0.011015773
2024-10-24,WMT,-0.011992097,0.00053668022,-0.011220098
2024-10-25,AAPL,-0.0079470277,0.0030229092,0.011847734
2024-10-25,AMGN,-0.031505466,-0.0022960305,-0.013616025
2024-10-25,CRM,-0.03812319,0.00018060207,-0.02972734
2024-10-25,CSCO,-0.021678805,0.031103134,-0.018511117
2024-10-25,IBM,-0.026368201,0.0088734627,-0.00045186281
2024-10-25,INTC,-0.003591001,0.0061219931,0.0019314289
2024-10-25,MSFT,0.0090839863,-0.0058711171,-0.02209276
2024-10-25,NKE,-0.008012712,0.0051562786,-0.0061655045
2024-10-25,VZ,-0.0017939806,0.0035631657,0.00067102909
2024-10-25,WMT,-0.010498822,0.0082793236,-0.0086926222
2024-10-28,AAPL,0.0021847486,-0.010124385,0.0061005354
2024-10-28,AMGN,-0.021797478,0.0063942671,-0.018451214
2024-10-28,CRM,-0.050703943,0.019554615,-0.00640136
2024-10-28,CSCO,-0.023541331,0.0035005808,-0.0088912249
2024-10-28,IBM,0.0044864416,0.0062994957,-0.00069779158
2024-10-28,INTC,0.030890346,0.017287612,-0.028785646
2024-10-28,MSFT,-0.012802601,0.0058428049,-0.010945857
2024-10-28,NKE,-0.013160765,0.021834254,-0.0067121387
2024-10-28,VZ,0.012299418,0.014748812,-0.015891612
2024-10-28,WMT,-0.00046116114,-0.0050032735,-0.003400445
2024-10-29,AAPL,0.011046648,0.0073703527,-0.013555288
2024-10-29,AMGN,0.017442942,0.018308401,-0.014515579
2024-10-29,CRM,-0.03712678,0.043587327,0.020693541
2024-10-29,CSCO,-0.063632011,0.011877179,-0.026257515
2024-10-29,IBM,0.0042339563,-0.0031879544,-0.0082374811
2024-10-29,INTC,0.020160675,0.012477994,-0.0031312108
2024-10-29,MSFT,-0.021134198,-0.0030766726,0.0047687292
2024-10-29,NKE,-0.01479131,-0.010330677,0.0030910969
2024-10-29,VZ,0.0088006258,0.015556455,-0.0018134117
2024-10-29,WMT,0.0089218616,-0.00070995092,-0.006788969
2024-10-30,AAPL,0.0040624142,0.015021443,-0.0053062439
2024-10-30,AMGN,-0.02563417,0.020016193,-0.00023877621
2024-10-30,CRM,0.01441884,0.026099682,-0.019090354
2024-10-30,CSCO,0.032638669,0.004140377,-0.014175951
2024-10-30,IBM,0.015060782,0.0046344995,-0.015690386
2024-10-30,INTC,-0.012824416,0.018803835,-0.026029468
2024-10-30,MSFT,-0.022503793,0.016467333,-0.0058010221
2024-10-30,NKE,-0.012838721,0.0049933195,-0.0068722367
2024-10-30,VZ,-0.0002052784,0.0090231895,0.011110663
2024-10-30,WMT,-0.0083981752,-0.00019615889,-0.00081539154
2024-10-31,AAPL,0.015843511,0.00033020973,-0.025377214
2024-10-31,AMGN,0.017625809,0.0032554865,0.004743576
2024-10-31,CRM,-0.012145877,0.0020391941,-0.036131918
2024-10-31,CSCO,-0.01490587,0.00088226795,0.00084912777
2024-10-31,IBM,0.010305047,0.0042059422,0.005515337
2024-10-31,INTC,0.010058761,-0.00563097,-0.018998861
2024-10-31,MSFT,-0.035175979,0.021318316,-0.0066889524
2024-10-31,NKE,0.0027837753,0.019484043,-0.021175742
2024-10-31,VZ,0.0046588182,-0.003162384,-0.025663376
2024-10-31,WMT,0.01599586,0.011741638,-0.02372539
2024-11-01,AAPL,-0.035720825,0.019539356,-0.0042928457
2024-11-01,AMGN,0.0034189224,0.029446721,-0.01299715
2024-11-01,CRM,-0.054303229,0.0046868324,-0.0072025061
2024-11-01,CSCO,0.03642714,0.025277853,-0.0098329782
2024-11-01,IBM,0.00050759315,-0.001543045,-0.0073631406
2024-11-01,INTC,0.0012412071,0.025754929,-0.019514501
2024-11-01,MSFT,0.022814989,0.0072190762,0.0032448769
2024-11-01,NKE,-0.011384308,0.016708612,-0.015637815
2024-11-01,VZ,-0.0095227361,0.004707098,-0.012202561
2024-11-01,WMT,-0.0019824505,0.016241193,0.0098276138
2024-11-04,AAPL,0.022727132,-0.0052512884,-0.022781253
2024-11-04,AMGN,-0.0090087652,0.015753627,-0.0060306787
2024-11-04,CRM,-0.013222754,-0.0039453506,-0.0075372458
2024-11-04,CSCO,0.019930243,0.0025714636,-0.020686865
2024-11-04,IBM,0.0033890009,0.0085667372,-0.015795767
2024-11-04,INTC,-0.0024888515,0.012798786,-0.0074757338
2024-11-04,MSFT,-0.022879779,0.016631246,-0.0099998116
2024-11-04,NKE,-0.031289577,0.0085352659,-0.0088449717
2024-11-04,VZ,-0.0092711449,-0.0021746755,-0.0052408576
2024-11-04,WMT,-0.0021903515,-0.0015990138,-0.017129898
2024-11-05,AAPL,-0.020965397,0.0077929497,-0.0076437593
2024-11-05,AMGN,0.024492383,0.02065134,0.0053200722
2024-11-05,CRM,-0.039008796,0.014989257,-0.039952874
2024-11-05,CSCO,5.2332878e-05,0.0092214346,-0.016188204
2024-11-05,IBM,-0.012140036,0.020182252,-0.014763594
2024-11-05,INTC,-0.0043625832,-0.00051146746,0.0045040846
2024-11-05,MSFT,-0.0049436688,-0.0062952638,-0.0146299
2024-11-05,NKE,0.0089780092,0.014759183,-0.0092603564
2024-11-05,VZ,0.01626265,-0.010576069,-0.021951199
2024-11-05,WMT,-0.0090962648,0.0011178255,-0.01207459
2024-11-06,AAPL,0.022412062,0.0084835291,0.00072312355
2024-11-06,AMGN,0.01349628,0.003184557,-0.0033115745
2024-11-06,CRM,-0.016222417,0.012529612,-0.015057623
2024-11-06,CSCO,-0.033757746,0.0047478676,0.0073622465
2024-11-06,IBM,-0.0066114664,0.025669456,-0.019687951
2024-11-06,INTC,-0.0063966513,0.0091320276,-0.025918365
2024-11-06,MSFT,0.0045223236,-0.0071520209,-0.0074873567
2024-11-06,NKE,-0.0080930591,0.0030225515,0.0062878132
2024-11-06,VZ,-0.0022057891,0.016090155,-0.017207861
2024-11-06,WMT,-0.00094717741,0.012282968,-0.014487386
2024-11-07,AAPL,0.010864019,0.0023407936,-0.028454423
2024-11-07,AMGN,0.00012218952,0.02139163,0.0069004297
2024-11-07,CRM,0.0066382885,-0.0033131242,-0.017522335
2024-11-07,CSCO,0.012898684,0.036485314,-0.0023962259
2024-11-07,IBM,-0.015539646,0.0081013441,-0.0024393201
2024-11-07,INTC,0.00048613548,0.0043977499,0.027153492
2024-11-07,MSFT,-0.0028175712,0.0035649538,-0.016725659
2024-11-07,NKE,-0.033389807,-0.00083851814,-0.026163518
2024-11-07,VZ,-0.022326827,0.0084847212,0.0013424158
2024-11-07,WMT,0.012585044,0.0081802607,-0.020314634
2024-11-08,AAPL,0.026710033,0.016351938,-0.038692355
2024-11-08,AMGN,0.032863379,0.020367026,-0.00080031157
2024-11-08,CRM,0.0148139,0.0030350685,0.0054922104
2024-11-08,CSCO,-0.0055934191,0.017804384,-0.021521986
2024-11-08,IBM,-0.0042154789,-0.0015678406,0.0050837994
2024-11-08,INTC,-0.01944083,0.0032958984,-0.015742481
2024-11-08,MSFT,0.0099848509,-0.0012336373,-0.020851552
2024-11-08,NKE,-0.010911524,0.010189414,-0.0082591176
2024-11-08,VZ,-0.017684996,0.0048860312,-0.0099928975
2024-11-08,WMT,0.015516996,0.012981176,-0.0059944987
2024-11-11,AAPL,-0.0055105686,0.029507041,-0.0096592903
2024-11-11,AMGN,-0.034015894,0.00084769726,-0.011149526
2024-11-11,CRM,0.024732232,0.0065428019,-0.044428825
2024-11-11,CSCO,-0.025348842,0.012598872,0.0022872686
2024-11-11,IBM,0.026483655,0.013693094,-0.0095015168
2024-11-11,INTC,0.015256524,-0.00061410666,-0.01538372
2024-11-11,MSFT,0.014175057,0.020779729,-0.0033246279
2024-11-11,NKE,-0.023787618,-0.00072818995,0.0030537844
2024-11-11,VZ,-0.024537146,0.0015435219,-0.025622666
2024-11-11,WMT,0.012453318,0.012658596,-0.0066529512
2024-11-12,AAPL,0.0079462528,0.017540097,-0.017449617
2024-11-12,AMGN,-0.00054425001,0.0023723841,-0.010647058
2024-11-12,CRM,-0.031422555,0.024779558,-0.023048282
2024-11-12,CSCO,-0.012078702,0.0005928278,0.0041193962
2024-11-12,IBM,0.0027879477,0.0062361956,0.00025200844
2024-11-12,INTC,0.020591497,0.0015300512,-0.010048866
2024-11-12,MSFT,-0.030683875,0.0060861111,-0.00024390221
2024-11-12,NKE,-0.015174925,0.0034732819,-0.0030671358
2024-11-12,VZ,-0.0015784502,-0.0024027824,-0.0015961528
2024-11-12,WMT,-0.012572169,0.0125103,-0.012553036
2024-11-13,AAPL,0.0069812536,0.03882575,-0.024985731
2024-11-13,AMGN,-0.030253112,-0.0024057627,-0.0029140711
2024-11-13,CRM,0.0033109188,0.022815824,-0.030119658
2024-11-13,CSCO,0.014390588,0.017300844,-0.015411139
2024-11-13,IBM,0.0057142973,0.0091840029,0.0010586977
2024-11-13,INTC,0.00016367435,0.026995897,-0.029670596
2024-11-13,MSFT,0.0061707497,0.0093218088,-0.0014562607
2024-11-13,NKE,-0.017592311,0.010539293,-0.015307188
2024-11-13,VZ,0.0092669725,0.0082823038,-0.0051183105
2024-11-13,WMT,-0.0063298941,0.0071938038,0.0061599016
2024-11-14,AAPL,-0.0098579526,-0.0023983121,-0.0062099099
2024-11-14,AMGN,0.0091643333,0.018300056,-0.0038121343
2024-11-14,CRM,-0.03297013,-0.0014987588,-0.04565686
2024-11-14,CSCO,0.0019379854,0.006248951,-0.0099856257
2024-11-14,IBM,-0.011609733,0.0090208054,-0.011343181
2024-11-14,INTC,-0.02127254,0.014492393,-0.011992931
2024-11-14,MSFT,0.01073277,-0.0009149313,-0.0037689805
2024-11-14,NKE,-0.021506429,0.0035663843,-0.027973235
2024-11-14,VZ,0.010549664,0.0053800344,-0.013894916
2024-11-14,WMT,-0.0076190233,0.0020116568,-0.0027697086
2024-11-15,AAPL,0.030099511,-0.0061878562,-0.011914849
2024-11-15,AMGN,-0.014985859,0.019143939,-0.021005511
2024-11-15,CRM,0.017429948,0.028324366,-0.012823403
2024-11-15,CSCO,-0.029521227,0.0089660883,-0.0043679476
2024-11-15,IBM,0.013964295,0.017759681,-0.0065054297
2024-11-15,INTC,0.024685025,0.0092654228,-0.030864477
2024-11-15,MSFT,0.027402639,0.015646219,-0.018910468
2024-11-15,NKE,0.0058974028,0.0050619841,0.015919924
2024-11-15,VZ,-0.026269794,0.0051802397,-4.8279762e-06
2024-11-15,WMT,0.016229272,0.015722513,-0.0025696158
2024-11-18,AAPL,0.0084570646,0.025728941,-0.044488192
2024-11-18,AMGN,-0.031168163,0.0095959902,-0.0031273365
2024-11-18,CRM,-0.01265502,-0.011059463,-0.0022699237
2024-11-18,CSCO,0.023940921,0.001568079,-0.0043607354
2024-11-18,IBM,-0.029390156,0.0021094084,-0.0051411986
2024-11-18,INTC,0.021955609,-0.0013090968,-0.0022779703
2024-11-18,MSFT,-0.0071123242,0.0097262859,-0.00017750263
2024-11-18,NKE,-0.0038440824,0.015379667,0.0078141689
2024-11-18,VZ,-0.015442371,0.0058091879,-0.0029306412
2024-11-18,WMT,0.00079405308,0.025920987,-0.004887104
2024-11-19,AAPL,0.0062354803,0.0050092936,-0.017990768
2024-11-19,AMGN,-0.0095485449,0.010472536,0.0016490221
2024-11-19,CRM,0.0095887184,0.02101779,-0.0014029741
2024-11-19,CSCO,-0.002377212,0.0019279718,-0.020648658
2024-11-19,IBM,-0.014548242,0.0053514242,-0.023394644
2024-11-19,INTC,-0.015671968,0.0045958757,-0.02057004
2024-11-19,MSFT,0.022201657,0.001650691,-0.0073540211
2024-11-19,NKE,0.0047414303,-0.0046759248,-0.014435053
2024-11-19,VZ,-0.011401117,0.0060864687,-0.0063912272
2024-11-19,WMT,0.00037717819,-0.00059884787,-0.01277107
2024-11-20,AAPL,0.0089023113,-0.0042639971,0.0030665398
2024-11-20,AMGN,-0.013342142,-0.0012676716,-0.022793829
2024-11-20,CRM,-0.025188863,-0.0084489584,-0.00029087067
2024-11-20,CSCO,-0.0031523108,0.0098879337,0.0036531687
2024-11-20,IBM,-0.00074696541,0.012288213,-0.014631629
2024-11-20,INTC,0.011862159,0.0086835623,0.010946512
2024-11-20,MSFT,0.010009527,0.0051606894,-0.001288414
2024-11-20,NKE,-0.013031006,0.016371131,-0.019247234
2024-11-20,VZ,0.011665225,0.0059483051,0.0028992891
2024-11-20,WMT,0.0077786446,0.0096396208,-0.0027201176
2024-11-21,AAPL,0.019701838,0.0058609247,-0.025005102
2024-11-21,AMGN,-0.0048519969,0.0067858696,-0.015042186
2024-11-21,CRM,-0.049884915,0.014551997,-0.017404795
2024-11-21,CSCO,0.0019015074,0.0091582537,-0.0019479394
2024-11-21,IBM,0.0091608763,-0.0026378036,-0.0093439817
2024-11-21,INTC,-0.010253727,-0.0028041005,-0.01807791
2024-11-21,MSFT,-0.0073209405,0.01115036,-0.00036412477
2024-11-21,NKE,-0.031945169,0.013088703,0.0042105913
2024-11-21,VZ,-0.032887518,0.0078336,-0.011820197
2024-11-21,WMT,-0.011273503,0.012172222,0.0019797087
2024-11-22,AAPL,0.012956381,0.012863517,-0.017197907
2024-11-22,AMGN,-0.029079139,0.011188865,-0.0078536272
2024-11-22,CRM,0.0080705881,0.049350977,-0.04101342
2024-11-22,CSCO,-0.025114179,0.01540935,-0.0035512447
2024-11-22,IBM,-0.0068361759,0.01175642,-0.013748586
2024-11-22,INTC,0.01607275,0.0015867949,-0.0017331243
2024-11-22,MSFT,-0.022107959,-0.0026676059,-0.010100305
2024-11-22,NKE,-0.019890726,-0.0047152638,0.010975361
2024-11-22,VZ,-0.012103736,0.008466959,-0.0044015646
2024-11-22,WMT,0.023458004,0.0047376156,0.0063979626
2024-11-25,AAPL,0.029290676,0.011258245,-0.0067964792
2024-11-25,AMGN,-0.04037869,0.024958968,-0.014215589
2024-11-25,CRM,-0.015672803,-0.0045455098,-0.0018310547
2024-11-25,CSCO,0.020308971,0.016276717,0.0067440271
2024-11-25,IBM,-0.0091318488,0.0040272474,-0.014353693
2024-11-25,INTC,0.032915592,0.0097820759,-0.022011399
2024-11-25,MSFT,0.055425406,0.021392107,0.0050145388
2024-11-25,NKE,-0.013452828,-0.01213032,0.0070701838
2024-11-25,VZ,-0.044855297,-0.0038957,0.0045152903
2024-11-25,WMT,-0.0033372045,0.003418684,-0.0085750222
2024-11-26,AAPL,-0.025326312,0.04671216,-0.0045951009
2024-11-26,AMGN,0.0050808191,0.0065158606,-0.029928982
2024-11-26,CRM,-0.031303346,0.013166904,-0.0075394511
2024-11-26,CSCO,0.0041460991,-0.007347703,-0.020917416
2024-11-26,IBM,-0.0038653016,0.021283746,-0.02030915
2024-11-26,INTC,0.0096565485,-0.0074225068,0.012783885
2024-11-26,MSFT,-0.011879385,0.017093539,-0.018531442
2024-11-26,NKE,0.021419525,0.0079319477,-0.010205269
2024-11-26,VZ,0.0027381182,0.017085552,-0.016307116
2024-11-26,WMT,-0.0029809475,0.017045617,-0.0068375468
2024-11-27,AAPL,-0.00096487999,0.0024968386,-0.013308465
2024-11-27,AMGN,0.015541911,0.0058085918,-0.0060705543
2024-11-27,CRM,-0.021722853,0.02176249,-0.025216401
2024-11-27,CSCO,-0.025408328,0.018278599,-0.00030177832
2024-11-27,IBM,-0.0050688386,0.0034691095,-0.01095885
2024-11-27,INTC,-0.02592355,-0.0080481172,-0.0025142431
2024-11-27,MSFT,0.017680049,0.032097816,-0.011358619
2024-11-27,NKE,-0.010683596,0.0054892302,-0.005497396
2024-11-27,VZ,-0.016031742,0.0049446821,-0.011826158
2024-11-27,WMT,0.004925251,0.017810464,0.0079226494
2024-11-29,AAPL,-0.035167515,0.0088500977,-0.021831274
2024-11-29,AMGN,-0.011771142,0.021372437,-0.0085812211
2024-11-29,CRM,-0.020616233,0.0068571568,-0.0072079301
2024-11-29,CSCO,0.014066577,0.011542439,-0.0065650344
2024-11-29,IBM,-0.00074738264,0.0072879791,-0.00071042776
2024-11-29,INTC,0.00043940544,0.0062762499,-0.0044927001
2024-11-29,MSFT,-0.0036039352,0.021467209,-0.014740884
2024-11-29,NKE,0.011368513,0.016221642,-0.032380819
2024-11-29,VZ,-0.024058163,-0.0051443577,-0.016675532
2024-11-29,WMT,-0.018152058,-0.0022743344,-0.014273763
2024-12-02,AAPL,0.0024260283,0.014330387,-0.010643601
2024-12-02,AMGN,-0.030498445,0.025072098,-0.011693239
2024-12-02,CRM,-0.010738671,0.0078868866,-0.033119142
2024-12-02,CSCO,-0.011341333,0.019699335,-0.014159799
2024-12-02,IBM,-0.0095931292,0.001437664,-0.0019218922
2024-12-02,INTC,-0.023873806,0.010377288,-0.0072082877
2024-12-02,MSFT,0.014450669,0.0077639818,-0.02360481
2024-12-02,NKE,-0.0014211535,0.013429642,0.012269378
2024-12-02,VZ,-0.0045018196,0.0084203482,0.0026746988
2024-12-02,WMT,0.0038217306,0.0030868053,-0.011417866
2024-12-03,AAPL,0.013456821,0.018376589,-0.023393691
2024-12-03,AMGN,-0.0076209307,0.012052417,0.0099133253
2024-12-03,CRM,-0.027311742,0.041594148,-0.0098291039
2024-12-03,CSCO,0.032665014,0.013390541,-0.021753848
2024-12-03,IBM,-0.026711702,0.0010880232,-0.010487199
2024-12-03,INTC,0.0026426315,0.021391749,-0.012943268
2024-12-03,MSFT,-0.031283677,0.029089332,-0.0065335631
2024-12-03,NKE,0.044253945,0.022493601,-0.023187518
2024-12-03,VZ,-0.001617372,0.014532566,-0.0069618225
2024-12-03,WMT,0.013143778,0.013814807,-0.0099046826
2024-12-04,AAPL,0.037688136,0.0052267313,-0.0094771385
2024-12-04,AMGN,-0.014830768,0.0075525045,-0.018661678
2024-12-04,CRM,-0.03012383,0.0064638853,-0.022543311
2024-12-04,CSCO,-0.025423288,0.020258069,-0.011108041
2024-12-04,IBM,0.018127322,0.010413408,-0.0067625046
2024-12-04,INTC,0.033192515,0.016324759,0.012292027
2024-12-04,MSFT,0.022097945,0.011273623,-0.016528189
2024-12-04,NKE,-0.00092887878,0.020885587,-0.004848361
2024-12-04,VZ,-0.018468261,0.011101127,-0.015643895
2024-12-04,WMT,0.020446301,0.015965462,-0.0019336343
2024-12-05,AAPL,-0.030252218,-0.0053898692,-0.0061533451
2024-12-05,AMGN,-0.024208426,-0.0046483278,-0.022245646
2024-12-05,CRM,-0.00028717518,0.0057852268,-0.042884588
2024-12-05,CSCO,-0.032478392,0.0042277575,0.0052137375
2024-12-05,IBM,-0.0044416189,0.015672922,0.0067466497
2024-12-05,INTC,0.027783751,-0.0040967464,-0.0079132318
2024-12-05,MSFT,-0.0061442256,0.011620641,-0.022827387
2024-12-05,NKE,0.0083031654,-0.0033293366,-0.0082651377
2024-12-05,VZ,-0.013007939,0.0076457262,0.001241684
2024-12-05,WMT,-0.00017249584,0.011940598,-0.013361275
2024-12-06,AAPL,0.033851147,0.016040683,-0.022208869
2024-12-06,AMGN,-0.013568044,0.0079557896,0.01236701
2024-12-06,CRM,-0.020600796,0.017520428,-0.042034864
2024-12-06,CSCO,0.017324924,0.013670325,-0.01431787
2024-12-06,IBM,0.023261547,0.0017724037,-0.0073013902
2024-12-06,INTC,-0.016263306,0.020455718,0.014443874
2024-12-06,MSFT,0.00086331367,-0.01171267,-0.0039739609
2024-12-06,NKE,-0.0048674345,0.0073769093,-0.0031402707
2024-12-06,VZ,0.01777935,0.0084656477,-0.0039619803
2024-12-06,WMT,-0.0042688847,0.021822929,0.013342023
2024-12-09,AAPL,0.0064128637,-0.0056753755,-0.0057061911
2024-12-09,AMGN,-0.0088688731,0.0040189028,-0.0036319494
2024-12-09,CRM,-0.040963352,0.016970873,-0.03416723
2024-12-09,CSCO,-0.032173753,0.0052725077,0.01130116
2024-12-09,IBM,-0.005821228,0.015636325,-0.01213944
2024-12-09,INTC,0.0077985525,-0.0059298277,-0.0093154907
2024-12-09,MSFT,0.012042642,-0.0028734207,-0.0032493472
2024-12-09,NKE,-0.016078711,0.021669745,-0.0039952397
2024-12-09,VZ,0.01142168,0.00058281422,-0.022985876
2024-12-09,WMT,-0.0120157,0.0045734644,-0.003497839
2024-12-10,AAPL,0.002220273,-0.0063073635,-0.01787746
2024-12-10,AMGN,-0.0008161068,1.001358e-05,-0.016402662
2024-12-10,CRM,-0.021354973,0.0087735653,-0.010376513
2024-12-10,CSCO,0.0099493265,0.0046769381,-0.020165205
2024-12-10,IBM,-0.013950884,0.023269415,-0.0032162666
2024-12-10,INTC,0.0010915995,-0.00076931715,-0.029134929
2024-12-10,MSFT,0.0040820837,0.024725676,-0.027581751
2024-12-10,NKE,0.014041662,0.003537178,-0.0001142621
2024-12-10,VZ,-0.027578175,0.014130116,-0.010885715
2024-12-10,WMT,-0.014172077,0.013626575,0.0021392107
2024-12-11,AAPL,-0.024123907,0.018544912,-0.0029116273
2024-12-11,AMGN,-0.027146399,0.018977284,-0.0029458404
2024-12-11,CRM,-0.0021603107,0.015141845,-0.011358619
2024-12-11,CSCO,-0.018154383,0.030838966,-0.032455266
2024-12-11,IBM,-0.016683817,0.0091402531,-0.0066214204
2024-12-11,INTC,0.0076764822,0.0026466846,-0.0001231432
2024-12-11,MSFT,0.0078274012,0.010806322,-0.015751719
2024-12-11,NKE,0.025044918,0.022248268,-0.018037975
2024-12-11,VZ,0.030693054,0.00026118755,-0.010510087
2024-12-11,WMT,-0.006213367,0.01430583,-0.010862708
2024-12-12,AAPL,-0.0014169812,0.016044259,-0.006072998
2024-12-12,AMGN,-0.0072405934,0.026304364,-0.0094532371
2024-12-12,CRM,0.0036416054,0.03826201,-0.0090561509
2024-12-12,CSCO,-0.013854682,-0.0028015375,-0.012527704
2024-12-12,IBM,-0.0048912168,-0.0046742558,-0.015891612
2024-12-12,INTC,0.035680771,0.0081657171,0.0014613867
2024-12-12,MSFT,0.00091862679,-0.00047898293,-0.011301994
2024-12-12,NKE,-0.010831594,0.0063890219,-0.0075860023
2024-12-12,VZ,0.0037055016,0.0068866014,-0.013823509
2024-12-12,WMT,-0.0078040361,0.0127846,0.0053907633
2024-12-13,AAPL,-0.016943693,-0.0029091835,0.0017796755
2024-12-13,AMGN,-0.0016132593,-0.00098568201,-0.017564595
2024-12-13,CRM,-0.039427936,-0.0058252215,-0.0024068952
2024-12-13,CSCO,-0.018861175,0.0065655708,-0.0011990666
2024-12-13,IBM,-0.00045710802,0.024505854,0.0048679113
2024-12-13,INTC,-0.0051945448,-0.0046184659,-0.011498988
2024-12-13,MSFT,0.010990143,0.019880295,-0.030248582
2024-12-13,NKE,0.0026097298,0.016124487,-0.031805336
2024-12-13,VZ,-0.00075811148,0.0082032681,-0.0041404366
2024-12-13,WMT,-0.0018072128,0.0084791183,-0.011787891
2024-12-16,AAPL,-0.01195699,0.0063432455,0.0079158545
2024-12-16,AMGN,-0.013367295,0.00018775463,-0.014457703
2024-12-16,CRM,-0.038278222,-0.011136115,0.0026031733
2024-12-16,CSCO,0.024637818,0.010210991,-0.023438752
2024-12-16,IBM,-0.0059885383,0.011299968,-0.010785401
2024-12-16,INTC,0.019746423,0.022223949,-0.0040759444
2024-12-16,MSFT,0.021627784,0.014780402,-0.032263339
2024-12-16,NKE,-0.0052918792,0.015919447,-0.010524809
2024-12-16,VZ,-0.010086298,0.014112473,-0.0045008659
2024-12-16,WMT,-0.022014976,0.013905406,0.0055710077
2024-12-17,AAPL,-0.015984654,0.0015032291,-0.0061784983
2024-12-17,AMGN,-0.0018150806,0.015739918,-0.023095846
2024-12-17,CRM,0.024220347,0.0077461004,-0.038813055
2024-12-17,CSCO,0.00022387505,-0.00043457747,-0.025922537
2024-12-17,IBM,0.0012687445,0.015502572,-0.00054490566
2024-12-17,INTC,0.02194941,0.01442945,-0.01660943
2024-12-17,MSFT,-0.030704081,0.0075941086,-0.00091022253
2024-12-17,NKE,0.03387928,0.0047399998,-0.03366667
2024-12-17,VZ,-0.008087337,0.015874863,0.0034567118
2024-12-17,WMT,-0.017308652,0.01324749,-0.015814126
2024-12-18,AAPL,-0.012880027,0.012086749,-0.020723045
2024-12-18,AMGN,-0.0018047094,-0.0056567788,-0.00019443035
2024-12-18,CRM,0.019030094,0.021022201,-0.013590813
2024-12-18,CSCO,-0.015636921,0.021942496,-0.012988448
2024-12-18,IBM,3.0875206e-05,-0.0083534718,-0.002738297
2024-12-18,INTC,0.010255933,0.014866114,-0.023417473
2024-12-18,MSFT,-0.00028860569,0.021355391,-0.0056651235
2024-12-18,NKE,-0.018113554,0.0033063889,0.0004683733
2024-12-18,VZ,-0.016191363,0.016233802,0.0051350594
2024-12-18,WMT,-0.010099351,0.0006840229,-0.0046928525
2024-12-19,AAPL,0.020924449,0.0029548407,-0.025120139
2024-12-19,AMGN,0.0031969547,0.009668231,0.00042152405
2024-12-19,CRM,-0.049989164,0.016741991,-0.02801156
2024-12-19,CSCO,0.029580712,0.02521956,-0.0052605867
2024-12-19,IBM,-0.00665766,0.016303897,0.0030174255
2024-12-19,INTC,0.010215998,-0.0028643608,-0.0024939775
2024-12-19,MSFT,-0.0015106201,0.013206959,-0.010891438
2024-12-19,NKE,-0.0010625124,0.026571393,-0.023977995
2024-12-19,VZ,-0.019139707,0.0091898441,-0.01918
2024-12-19,WMT,-0.024056017,0.0097737312,-0.0070034862
2024-12-20,AAPL,-0.038113475,-0.0026977062,-0.012141526
2024-12-20,AMGN,-0.012345612,0.0115031,-0.035763264
2024-12-20,CRM,-0.017905891,0.016058564,-0.017508149
2024-12-20,CSCO,0.015702605,-0.0053291321,-0.015883327
2024-12-20,IBM,-0.0049146414,0.018294811,-0.016454399
2024-12-20,INTC,0.016037583,0.011306405,-0.017713606
2024-12-20,MSFT,-0.023998916,0.0070104599,-0.0097510219
2024-12-20,NKE,-0.0066798329,0.003793478,-0.0087180734
2024-12-20,VZ,-0.028079033,0.0086798668,0.00041556358
2024-12-20,WMT,0.014075041,-0.0061404705,-0.0096598864
2024-12-23,AAPL,-0.0031832457,0.026139975,-0.0098972321
2024-12-23,AMGN,-0.0013481975,0.0086898804,-0.011959493
2024-12-23,CRM,0.023410201,-0.014305711,-0.033599794
2024-12-23,CSCO,0.0075023174,-0.0033766627,-0.0064122677
2024-12-23,IBM,-0.0071529746,0.016727805,-0.025538027
2024-12-23,INTC,-0.0010965466,-0.019953787,-0.018223166
2024-12-23,MSFT,0.018148422,0.0090121031,-0.0018442869
2024-12-23,NKE,-0.025906086,0.016514063,-0.012253582
2024-12-23,VZ,-0.014395177,0.0052120686,-0.0032830834
2024-12-23,WMT,0.0072780848,0.009775281,-0.00067096949
2024-12-24,AAPL,0.005120039,0.023048639,-0.0067072511
2024-12-24,AMGN,0.00023281574,0.013598204,-0.013096869
2024-12-24,CRM,0.023328304,-0.011057317,-0.0037335157
2024-12-24,CSCO,-0.020100474,0.0081305504,-0.01678741
2024-12-24,IBM,-0.0010213852,0.013194084,-0.0079955459
2024-12-24,INTC,0.015281081,0.0055506229,0.00030636787
2024-12-24,MSFT,-0.0017530918,0.0090578794,-0.0028547049
2024-12-24,NKE,-0.0160079,0.011557937,-0.010168195
2024-12-24,VZ,0.033802032,0.015320063,-0.015103281
2024-12-24,WMT,-0.0098699927,-0.0045183301,-0.012911558
2024-12-26,AAPL,0.020929098,-0.0025239587,-0.028190732
2024-12-26,AMGN,-0.044036031,0.010268927,-0.0015032887
2024-12-26,CRM,0.062685728,-0.0099037886,-0.02073127
2024-12-26,CSCO,0.018782377,0.0069944859,0.0068184137
2024-12-26,IBM,-0.022861242,0.019840717,-0.010545433
2024-12-26,INTC,0.02157867,8.7857246e-05,-0.0069912076
2024-12-26,MSFT,0.019076824,-0.0080023408,-0.02238965
2024-12-26,NKE,-0.0075313449,-0.017945588,-0.0048082471
2024-12-26,VZ,-0.0096275806,0.0025230646,-0.00046658516
2024-12-26,WMT,-0.0084377527,0.014292955,-0.017006755
2024-12-27,AAPL,-0.0048346519,0.026960254,-0.019524217
2024-12-27,AMGN,0.023983479,0.020601034,0.0023462772
2024-12-27,CRM,0.0067430735,0.020164847,-0.013872147
2024-12-27,CSCO,-0.02028501,0.012840867,-0.011771142
2024-12-27,IBM,-0.0066253543,0.022665143,-0.0078234673
2024-12-27,INTC,-0.017225385,0.0018663406,-0.024602592
2024-12-27,MSFT,0.005787611,-0.011597395,0.0022158623
2024-12-27,NKE,-0.023264349,0.020302892,-0.0092557073
2024-12-27,VZ,0.0083272457,0.0051695108,-0.020245075
2024-12-27,WMT,-0.013958573,0.0030716658,-0.0013754964
2024-12-30,AAPL,-0.0017789602,0.030748367,-0.014690161
2024-12-30,AMGN,-0.014202416,0.028380156,-0.01556474
2024-12-30,CRM,-0.013098478,0.013057232,-0.0072536469
2024-12-30,CSCO,-0.0059656501,0.01150322,-0.0022263527
2024-12-30,IBM,0.0076310635,0.01590836,-0.00068181753
2024-12-30,INTC,0.02745533,0.0082243681,-0.023029268
2024-12-30,MSFT,0.0072703362,0.0077294111,-0.025505126
2024-12-30,NKE,-0.02852118,-0.011577964,-0.026177824
2024-12-30,VZ,-0.0045380592,0.029547811,0.0046179295
2024-12-30,WMT,-0.0021368861,0.018328071,-0.01027
2024-12-31,AAPL,-0.029827416,0.015927315,-0.020528972
2024-12-31,AMGN,0.0093796253,-0.00078463554,0.0019505024
2024-12-31,CRM,0.0045934916,0.018999696,-0.00096827745
2024-12-31,CSCO,0.016811013,0.0029555559,-0.0050800443
2024-12-31,IBM,0.01683414,0.015434504,-0.0084278584
2024-12-31,INTC,-0.010746181,0.0051933527,-0.021810353
2024-12-31,MSFT,0.0028712749,0.02316618,-0.012248874
2024-12-31,NKE,-0.031783402,-0.0060561299,0.0024373531
2024-12-31,VZ,-0.028580904,0.014765024,0.00041544437
2024-12-31,WMT,0.018780589,0.016903877,-0.0073703527
