date,tic,close,high,low
2020-01-02,AAPL,71.291882,71.662576,70.601243
2020-01-02,AMGN,199.41467,199.52091,196.53852
2020-01-02,CRM,161.64842,162.31542,160.6354
2020-01-02,CSCO,40.184268,39.923039,39.903599
2020-01-02,IBM,97.549603,97.667682,96.889155
2020-01-02,INTC,53.378007,53.155532,52.949754
2020-01-02,MSFT,150.8017,149.95539,149.51221
2020-01-02,NKE,92.26535,92.351867,92.231264
2020-01-02,VZ,41.616968,41.632293,41.202468
2020-01-02,WMT,36.463945,36.443343,36.181803
2020-01-03,AAPL,69.734776,71.165449,69.910979
2020-01-03,AMGN,191.37708,195.51811,194.28759
2020-01-03,CRM,156.67935,159.25774,159.80017
2020-01-03,CSCO,40.368422,40.266628,40.255119
2020-01-03,IBM,96.515731,97.261568,96.413837
2020-01-03,INTC,52.659403,52.611342,53.137245
2020-01-03,MSFT,150.03985,150.38079,149.92244
2020-01-03,NKE,90.771177,92.086907,91.325298
2020-01-03,VZ,41.38794,41.416157,41.264898
2020-01-03,WMT,36.241775,36.238541,36.149941
2020-01-06,AAPL,68.319084,69.481801,67.854722
2020-01-06,AMGN,185.51743,187.52133,186.75901
2020-01-06,CRM,148.68466,150.66442,151.8873
2020-01-06,CSCO,40.630968,40.360194,40.390014
2020-01-06,IBM,95.381372,95.484308,95.15911
2020-01-06,INTC,52.348724,51.770122,52.599809
2020-01-06,MSFT,149.45851,149.4891,148.99531
2020-01-06,NKE,88.840733,89.611266,89.190372
2020-01-06,VZ,41.556308,41.436456,41.35518
2020-01-06,WMT,36.033884,36.047351,35.838169
2020-01-07,AAPL,65.795065,67.446215,65.779574
2020-01-07,AMGN,180.94759,182.99758,181.98441
2020-01-07,CRM,142.84964,144.17819,145.12521
2020-01-07,CSCO,40.498926,40.33013,40.378998
2020-01-07,IBM,93.761264,94.23482,93.987524
2020-01-07,INTC,51.918224,51.701979,52.375298
2020-01-07,MSFT,148.12158,148.4777,148.01305
2020-01-07,NKE,86.620647,88.176804,87.5102
2020-01-07,VZ,41.701223,41.783456,41.50601
2020-01-07,WMT,35.767921,35.943571,35.661923
2020-01-08,AAPL,63.663574,64.955559,63.356515
2020-01-08,AMGN,174.11614,176.52093,175.89069
2020-01-08,CRM,136.95325,138.08143,139.06289
2020-01-08,CSCO,40.249374,40.047285,40.13362
2020-01-08,IBM,91.500689,92.050297,91.732326
2020-01-08,INTC,51.092799,50.90758,51.55053
2020-01-08,MSFT,145.80936,146.17774,145.41373
2020-01-08,NKE,84.81053,86.03894,85.497134
2020-01-08,VZ,41.583625,41.626321,41.459168
2020-01-08,WMT,35.410645,35.578589,35.310027
2020-01-09,AAPL,62.051039,63.086317,61.719159
2020-01-09,AMGN,170.15898,170.95671,170.58386
2020-01-09,CRM,133.56672,133.01577,135.36049
2020-01-09,CSCO,40.567182,40.10698,40.257012
2020-01-09,IBM,89.832492,90.352236,90.139665
2020-01-09,INTC,50.558492,50.201999,51.002643
2020-01-09,MSFT,144.34558,143.82183,143.86805
2020-01-09,NKE,83.251719,84.051971,83.961004
2020-01-09,VZ,41.222291,41.395532,41.142533
2020-01-09,WMT,34.687266,34.958612,34.707743
2020-01-10,AAPL,60.254763,61.423771,59.855802
2020-01-10,AMGN,163.63626,165.86745,164.24841
2020-01-10,CRM,129.05165,128.76381,130.84412
2020-01-10,CSCO,40.66761,40.230237,40.318216
2020-01-10,IBM,87.883427,88.279418,88.24119
2020-01-10,INTC,49.824287,49.293742,50.201844
2020-01-10,MSFT,142.465,142.00183,142.25782
2020-01-10,NKE,81.823683,82.772,82.530575
2020-01-10,VZ,40.505113,40.689749,40.385931
2020-01-10,WMT,34.01623,34.200122,34.021939
2020-01-13,AAPL,59.128402,60.192967,58.53617
2020-01-13,AMGN,158.45862,160.73884,158.88357
2020-01-13,CRM,125.87827,125.14164,127.72449
2020-01-13,CSCO,40.892817,40.362239,40.65071
2020-01-13,IBM,86.281621,86.868053,86.601595
2020-01-13,INTC,49.254526,49.037019,49.831481
2020-01-13,MSFT,140.39008,139.74685,140.16082
2020-01-13,NKE,79.987794,80.906882,80.794289
2020-01-13,VZ,39.871369,40.09469,39.820972
2020-01-13,WMT,33.189697,33.425134,33.180925
2020-01-14,AAPL,58.088156,58.886817,57.556048
2020-01-14,AMGN,153.19483,155.34293,153.96526
2020-01-14,CRM,122.13187,121.80732,124.29214
2020-01-14,CSCO,41.069667,40.350569,40.570242
2020-01-14,IBM,85.240631,85.459082,85.365779
2020-01-14,INTC,48.963542,48.481428,49.289154
2020-01-14,MSFT,139.93959,138.99656,139.38941
2020-01-14,NKE,77.545229,78.53812,78.509297
2020-01-14,VZ,39.378066,39.450028,39.25026
2020-01-14,WMT,32.569318,32.732964,32.492773
2020-01-15,AAPL,56.745443,57.902728,56.205517
2020-01-15,AMGN,149.29112,151.52419,148.97538
2020-01-15,CRM,116.62975,117.2144,118.39475
2020-01-15,CSCO,41.059428,40.566702,40.727582
2020-01-15,IBM,84.310698,84.519007,84.215805
2020-01-15,INTC,48.148995,47.844837,48.538671
2020-01-15,MSFT,138.45518,137.81519,137.41902
2020-01-15,NKE,76.007993,76.711125,76.761965
2020-01-15,VZ,39.131497,39.215259,38.73141
2020-01-15,WMT,32.445468,32.41417,32.146
2020-01-16,AAPL,55.138564,56.10426,54.243426
2020-01-16,AMGN,146.61499,148.37675,145.56881
2020-01-16,CRM,112.4422,113.32777,113.40881
2020-01-16,CSCO,41.008556,40.512209,40.5443
2020-01-16,IBM,82.753662,83.035525,82.779281
2020-01-16,INTC,47.718788,47.39041,47.751469
2020-01-16,MSFT,136.94588,136.16929,135.42078
2020-01-16,NKE,74.001875,74.558587,74.452656
2020-01-16,VZ,38.638894,38.780357,38.36009
2020-01-16,WMT,31.981245,32.078226,31.747453
2020-01-17,AAPL,53.389905,54.586572,52.804769
2020-01-17,AMGN,143.39797,144.76985,142.51845
2020-01-17,CRM,108.5611,109.57515,108.74769
2020-01-17,CSCO,40.758858,40.359945,40.349734
2020-01-17,IBM,81.238209,81.904909,81.236011
2020-01-17,INTC,47.055969,46.692869,47.181757
2020-01-17,MSFT,135.33541,136.02477,134.04509
2020-01-17,NKE,72.447671,73.217091,72.84486
2020-01-17,VZ,38.080452,38.268757,37.812876
2020-01-17,WMT,31.518624,31.698047,31.328617
2020-01-21,AAPL,52.393679,53.327534,51.646945
2020-01-21,AMGN,139.30261,141.53705,138.86764
2020-01-21,CRM,105.11062,105.88312,105.95355
2020-01-21,CSCO,40.842946,40.291232,40.364189
2020-01-21,IBM,79.745871,80.169098,79.744274
2020-01-21,INTC,46.663378,46.177787,46.566876
2020-01-21,MSFT,134.6501,134.57662,133.3864
2020-01-21,NKE,70.900744,71.553553,71.120885
2020-01-21,VZ,37.552212,37.658441,37.29136
2020-01-21,WMT,31.039546,31.227898,30.82549
2020-01-22,AAPL,51.455602,52.494454,50.901345
2020-01-22,AMGN,136.09796,137.8275,135.17832
2020-01-22,CRM,101.6919,102.60093,102.66954
2020-01-22,CSCO,40.961717,40.369666,40.488736
2020-01-22,IBM,78.768531,79.004294,78.642311
2020-01-22,INTC,46.228442,45.807429,46.251665
2020-01-22,MSFT,133.04832,132.65439,131.70322
2020-01-22,NKE,69.552363,69.86744,69.666393
2020-01-22,VZ,37.432807,37.435195,36.924672
2020-01-22,WMT,30.965036,30.898976,30.583386
2020-01-23,AAPL,49.702888,51.185684,49.395381
2020-01-23,AMGN,131.2507,134.55107,131.36203
2020-01-23,CRM,96.231019,98.548128,97.487174
2020-01-23,CSCO,40.925131,40.729253,40.475023
2020-01-23,IBM,77.716605,77.835052,77.60355
2020-01-23,INTC,45.55735,45.474671,45.740093
2020-01-23,MSFT,131.86113,132.38722,130.62111
2020-01-23,NKE,68.302899,69.018904,68.722693
2020-01-23,VZ,37.461913,37.447698,37.073762
2020-01-23,WMT,30.961493,30.906828,30.587152
2020-01-24,AAPL,48.36947,49.693889,47.670185
2020-01-24,AMGN,126.13824,129.15724,126.09405
2020-01-24,CRM,91.710043,93.558652,92.407975
2020-01-24,CSCO,40.994059,40.626216,40.345153
2020-01-24,IBM,77.083899,77.228462,76.911723
2020-01-24,INTC,45.362899,45.051,45.345113
2020-01-24,MSFT,131.26065,131.76913,130.15926
2020-01-24,NKE,67.408987,68.087472,67.618448
2020-01-24,VZ,37.432379,37.456877,37.120738
2020-01-24,WMT,30.702859,30.789057,30.555814
2020-01-27,AAPL,46.989977,48.120898,46.55448
2020-01-27,AMGN,123.52696,125.43959,122.21726
2020-01-27,CRM,91.063494,90.536465,90.862101
2020-01-27,CSCO,40.799675,40.458275,40.445313
2020-01-27,IBM,75.915717,76.343939,75.825119
2020-01-27,INTC,45.039161,44.93296,44.966082
2020-01-27,MSFT,130.58314,131.00992,129.39875
2020-01-27,NKE,66.550938,67.232846,66.605068
2020-01-27,VZ,37.120791,37.327534,36.960373
2020-01-27,WMT,29.765358,30.223235,29.864781
2020-01-28,AAPL,46.25368,46.970174,46.049664
2020-01-28,AMGN,121.38904,123.47154,120.21951
2020-01-28,CRM,88.902005,89.148344,90.002793
2020-01-28,CSCO,40.675014,40.309356,40.339933
2020-01-28,IBM,74.741215,75.34614,74.792652
2020-01-28,INTC,44.256669,44.193288,44.617577
2020-01-28,MSFT,129.17016,129.92986,128.35709
2020-01-28,NKE,65.542809,66.137097,65.918309
2020-01-28,VZ,36.836578,36.960004,36.750962
2020-01-28,WMT,29.498096,29.661002,29.381933
2020-01-29,AAPL,45.173073,46.272022,44.979508
2020-01-29,AMGN,116.95815,120.54703,117.41987
2020-01-29,CRM,85.627435,87.331101,86.738224
2020-01-29,CSCO,40.270368,40.367993,40.19761
2020-01-29,IBM,72.730894,73.780569,73.152066
2020-01-29,INTC,43.385204,43.818202,43.823716
2020-01-29,MSFT,127.49335,128.41635,127.37659
2020-01-29,NKE,63.570754,64.889358,64.217041
2020-01-29,VZ,36.672334,36.832181,36.618622
2020-01-29,WMT,28.979785,29.277075,29.058641
2020-01-30,AAPL,44.473787,45.025937,43.011696
2020-01-30,AMGN,113.48574,116.58914,111.9661
2020-01-30,CRM,80.782627,82.303412,79.814302
2020-01-30,CSCO,39.292751,39.246339,38.426652
2020-01-30,IBM,71.759979,72.105792,70.853574
2020-01-30,INTC,42.81381,42.772367,42.026883
2020-01-30,MSFT,125.49909,126.19417,123.3649
2020-01-30,NKE,61.938315,62.397436,61.183871
2020-01-30,VZ,36.317716,36.318105,35.594384
2020-01-30,WMT,28.421789,28.796501,28.12354
2020-01-31,AAPL,42.786951,44.076745,42.30471
2020-01-31,AMGN,109.75437,113.80611,109.27998
2020-01-31,CRM,78.402113,80.669479,77.954409
2020-01-31,CSCO,38.199057,39.045736,37.845399
2020-01-31,IBM,70.7934,71.818455,70.458616
2020-01-31,INTC,41.952197,42.827418,41.717206
2020-01-31,MSFT,122.38022,124.39523,121.40202
2020-01-31,NKE,60.386162,61.449567,60.00409
2020-01-31,VZ,35.82324,36.331365,35.531262
2020-01-31,WMT,27.863366,28.462299,27.785467
2020-02-03,AAPL,42.682974,43.11072,42.459531
2020-02-03,AMGN,109.21805,109.77012,108.48715
2020-02-03,CRM,77.586506,78.548266,77.842214
2020-02-03,CSCO,38.458577,38.391545,38.289943
2020-02-03,IBM,70.506224,70.85251,70.303684
2020-02-03,INTC,41.932873,41.897514,41.797801
2020-02-03,MSFT,122.24994,122.34138,121.85383
2020-02-03,NKE,60.707564,60.980728,60.674849
2020-02-03,VZ,35.799432,35.972109,35.518313
2020-02-03,WMT,27.874475,27.880735,27.713668
2020-02-04,AAPL,41.740602,42.555783,41.733235
2020-02-04,AMGN,105.81352,107.58868,106.98014
2020-02-04,CRM,75.261643,76.056274,76.233936
2020-02-04,CSCO,38.583614,38.465528,38.528383
2020-02-04,IBM,69.432596,70.217538,69.566427
2020-02-04,INTC,41.842515,41.851992,42.174921
2020-02-04,MSFT,121.71528,122.07587,121.70692
2020-02-04,NKE,59.560038,60.315851,59.94989
2020-02-04,VZ,35.556906,35.80694,35.60591
2020-02-04,WMT,27.491714,27.527797,27.551911
2020-02-05,AAPL,40.50155,41.183658,40.386017
2020-02-05,AMGN,103.07313,104.3578,103.70678
2020-02-05,CRM,72.258327,73.232116,73.53423
2020-02-05,CSCO,38.296655,38.277161,38.102985
2020-02-05,IBM,68.339936,69.067075,68.32313
2020-02-05,INTC,41.333423,41.204204,41.68041
2020-02-05,MSFT,120.38469,121.21891,120.37492
2020-02-05,NKE,58.235859,58.821071,58.687828
2020-02-05,VZ,35.313455,35.452594,35.345693
2020-02-05,WMT,26.880911,27.100147,26.938201
2020-02-06,AAPL,39.90221,40.569929,39.641354
2020-02-06,AMGN,100.63087,102.20748,101.52659
2020-02-06,CRM,70.344265,70.692338,71.342967
2020-02-06,CSCO,38.439334,38.30142,38.330036
2020-02-06,IBM,67.086691,67.687748,67.217416
2020-02-06,INTC,40.612632,40.588953,41.009443
2020-02-06,MSFT,119.55536,119.91266,119.40611
2020-02-06,NKE,57.298583,58.00712,57.793898
2020-02-06,VZ,35.079941,35.184441,35.009903
2020-02-06,WMT,26.721434,26.857421,26.598447
2020-02-07,AAPL,38.607704,39.517938,38.521885
2020-02-07,AMGN,95.685051,98.173788,96.851781
2020-02-07,CRM,66.785638,68.0266,68.24648
2020-02-07,CSCO,38.224697,38.165049,38.137028
2020-02-07,IBM,65.710053,66.284309,65.931679
2020-02-07,INTC,39.922289,40.031301,40.400774
2020-02-07,MSFT,117.93377,118.13941,118.0999
2020-02-07,NKE,55.863269,56.644446,56.568821
2020-02-07,VZ,34.923033,35.053386,34.870403
2020-02-07,WMT,26.484539,26.472239,26.390142
2020-02-10,AAPL,38.094483,38.659011,37.868217
2020-02-10,AMGN,91.132343,93.557767,92.104133
2020-02-10,CRM,64.401341,64.949089,65.15325
2020-02-10,CSCO,38.647945,38.190826,38.313296
2020-02-10,IBM,64.333855,64.829323,64.637294
2020-02-10,INTC,39.72346,39.650871,39.955296
2020-02-10,MSFT,117.33952,116.70213,116.9265
2020-02-10,NKE,54.650501,55.186138,55.067327
2020-02-10,VZ,34.545262,34.688705,34.525248
2020-02-10,WMT,25.698703,25.922104,25.788654
2020-02-11,AAPL,37.161259,37.806944,37.101047
2020-02-11,AMGN,87.879679,89.88701,88.150255
2020-02-11,CRM,62.502307,63.012593,63.469316
2020-02-11,CSCO,38.894582,38.590755,38.534354
2020-02-11,IBM,63.660629,64.124366,63.703969
2020-02-11,INTC,39.573142,39.302523,40.001385
2020-02-11,MSFT,117.08094,116.82734,116.56203
2020-02-11,NKE,53.873988,54.262093,54.393737
2020-02-11,VZ,34.228656,34.378235,34.122105
2020-02-11,WMT,25.118267,25.285198,25.098514
2020-02-12,AAPL,36.487462,36.939359,36.109488
2020-02-12,AMGN,84.688136,86.612511,85.00955
2020-02-12,CRM,60.331956,60.771467,60.706306
2020-02-12,CSCO,38.77493,38.344848,38.573378
2020-02-12,IBM,62.63439,63.026252,62.835511
2020-02-12,INTC,39.216631,39.094499,39.508196
2020-02-12,MSFT,116.82637,116.4475,115.7813
2020-02-12,NKE,53.144586,53.655689,53.529888
2020-02-12,VZ,33.940433,34.186143,33.781153
2020-02-12,WMT,24.544568,24.734269,24.493168
2020-02-13,AAPL,35.902997,36.450307,35.851601
2020-02-13,AMGN,82.036836,83.688622,82.677836
2020-02-13,CRM,58.801903,59.266971,59.447899
2020-02-13,CSCO,38.890128,38.475425,38.590061
2020-02-13,IBM,62.218126,62.598951,62.35804
2020-02-13,INTC,39.154112,38.963191,39.403815
2020-02-13,MSFT,116.58251,116.6076,115.84154
2020-02-13,NKE,52.025074,52.639537,52.731945
2020-02-13,VZ,33.698226,33.969379,33.590993
2020-02-13,WMT,24.048832,24.231716,24.000375
2020-02-14,AAPL,35.381859,36.058996,34.997443
2020-02-14,AMGN,79.077633,80.830987,79.226953
2020-02-14,CRM,57.15516,57.332643,57.739309
2020-02-14,CSCO,38.990209,38.625876,38.700334
2020-02-14,IBM,61.151246,61.573712,61.249236
2020-02-14,INTC,38.784696,38.653012,38.952552
2020-02-14,MSFT,115.91153,115.65841,115.20748
2020-02-14,NKE,51.123962,51.662364,51.426759
2020-02-14,VZ,33.249997,33.526403,33.051584
2020-02-14,WMT,23.437415,23.680649,23.367368
2020-02-18,AAPL,34.441725,35.24137,34.030871
2020-02-18,AMGN,76.345312,78.196188,76.619819
2020-02-18,CRM,54.548022,55.50216,55.228256
2020-02-18,CSCO,38.992898,38.790261,38.581182
2020-02-18,IBM,60.451269,60.822807,60.44656
2020-02-18,INTC,38.584225,38.429087,38.543792
2020-02-18,MSFT,114.95113,114.81975,113.94238
2020-02-18,NKE,49.874015,50.474475,50.205801
2020-02-18,VZ,33.060409,33.226732,32.847044
2020-02-18,WMT,23.009487,23.129263,22.853371
2020-02-19,AAPL,34.13618,34.568341,33.853141
2020-02-19,AMGN,74.066162,75.365131,74.249539
2020-02-19,CRM,52.884636,53.319346,52.94316
2020-02-19,CSCO,39.128481,38.965168,38.6221
2020-02-19,IBM,59.901059,60.149172,59.653475
2020-02-19,INTC,38.587136,38.422922,38.517552
2020-02-19,MSFT,114.52988,114.65151,113.29645
2020-02-19,NKE,49.08689,49.590691,49.56798
2020-02-19,VZ,32.815607,33.054571,32.668317
2020-02-19,WMT,22.448846,22.720471,22.405157
2020-02-20,AAPL,33.812946,34.295915,33.396724
2020-02-20,AMGN,73.87853,74.339717,73.397522
2020-02-20,CRM,51.707518,52.228193,51.909075
2020-02-20,CSCO,39.27674,39.148098,38.881253
2020-02-20,IBM,59.157145,59.525017,59.074506
2020-02-20,INTC,38.352872,38.28743,38.363936
2020-02-20,MSFT,113.54955,114.33075,112.71137
2020-02-20,NKE,48.367706,48.909664,48.767448
2020-02-20,VZ,32.649819,32.857968,32.551793
2020-02-20,WMT,22.220259,22.359118,22.079495
2020-02-21,AAPL,33.199169,33.870683,33.131978
2020-02-21,AMGN,70.719861,72.463981,71.38962
2020-02-21,CRM,49.787548,50.305211,50.254816
2020-02-21,CSCO,39.337042,39.367954,39.093199
2020-02-21,IBM,58.529661,58.970081,58.74618
2020-02-21,INTC,37.812869,37.952588,38.049259
2020-02-21,MSFT,113.0194,113.44122,112.51941
2020-02-21,NKE,47.070609,47.741564,47.603415
2020-02-21,VZ,32.436305,32.700946,32.460097
2020-02-21,WMT,21.844244,22.031771,21.814369
2020-02-24,AAPL,32.701189,33.002655,31.855224
2020-02-24,AMGN,66.769247,68.874165,66.881071
2020-02-24,CRM,48.17764,48.48983,47.734628
2020-02-24,CSCO,38.834405,38.762244,38.237138
2020-02-24,IBM,57.763547,57.951306,57.469699
2020-02-24,INTC,37.446138,37.488179,37.020043
2020-02-24,MSFT,111.87089,112.54338,110.74696
2020-02-24,NKE,46.581056,46.765185,46.094231
2020-02-24,VZ,31.958313,32.114031,31.615041
2020-02-24,WMT,21.061744,21.368435,21.053278
2020-02-25,AAPL,32.066419,32.594027,31.930563
2020-02-25,AMGN,65.083431,66.625031,64.840658
2020-02-25,CRM,48.484377,48.809484,48.418961
2020-02-25,CSCO,38.943353,38.933286,38.584091
2020-02-25,IBM,58.096228,58.338631,57.853859
2020-02-25,INTC,37.723512,37.877539,37.622932
2020-02-25,MSFT,111.74398,112.21859,110.49
2020-02-25,NKE,46.277896,46.543103,46.297988
2020-02-25,VZ,31.827957,32.059747,31.692925
2020-02-25,WMT,20.303926,20.699698,20.467372
2020-02-26,AAPL,31.483134,32.040339,31.429701
2020-02-26,AMGN,64.133831,65.091648,63.868457
2020-02-26,CRM,50.074602,49.912409,49.159723
2020-02-26,CSCO,38.449476,38.708061,38.26723
2020-02-26,IBM,57.20405,57.70086,57.143284
2020-02-26,INTC,37.282858,37.834571,37.311734
2020-02-26,MSFT,110.90347,111.59659,109.88814
2020-02-26,NKE,46.006698,46.305364,45.883011
2020-02-26,VZ,31.459742,31.700113,31.470287
2020-02-26,WMT,19.90579,20.151794,19.960171
2020-02-27,AAPL,31.167495,31.717294,30.808887
2020-02-27,AMGN,62.390331,63.450853,62.056391
2020-02-27,CRM,48.426272,49.70641,48.290503
2020-02-27,CSCO,37.334865,37.936324,36.990286
2020-02-27,IBM,55.763212,56.383876,55.921051
2020-02-27,INTC,35.8493,36.478558,35.990311
2020-02-27,MSFT,107.19324,108.81382,107.22552
2020-02-27,NKE,44.945376,45.504275,44.846582
2020-02-27,VZ,30.852024,31.051515,30.717044
2020-02-27,WMT,19.840318,19.994928,19.713973
2020-02-28,AAPL,30.902523,31.819069,30.787382
2020-02-28,AMGN,60.910055,62.549272,60.556399
2020-02-28,CRM,46.030474,48.008549,45.796171
2020-02-28,CSCO,36.582613,37.222727,36.253312
2020-02-28,IBM,54.740108,55.570814,54.399136
2020-02-28,INTC,35.354221,35.876863,35.037253
2020-02-28,MSFT,104.47495,107.01822,103.9135
2020-02-28,NKE,43.374337,44.646931,43.518872
2020-02-28,VZ,30.670178,30.998415,30.515659
2020-02-28,WMT,19.494344,19.791299,19.370333
2020-03-02,AAPL,30.799142,31.132592,29.187052
2020-03-02,AMGN,60.998299,61.520092,59.314714
2020-03-02,CRM,43.200409,45.071091,41.398723
2020-03-02,CSCO,35.398341,35.888286,34.02974
2020-03-02,IBM,53.906001,54.362144,52.761863
2020-03-02,INTC,34.852574,35.207905,33.81196
2020-03-02,MSFT,102.06794,103.86967,99.43514
2020-03-02,NKE,42.218801,42.865792,40.85795
2020-03-02,VZ,30.313627,30.519006,29.214867
2020-03-02,WMT,19.115078,19.410704,18.742513
2020-03-03,AAPL,30.192877,31.177,29.894603
2020-03-03,AMGN,59.912439,61.411456,59.712014
2020-03-03,CRM,42.140529,43.687142,41.47441
2020-03-03,CSCO,34.608768,35.495135,34.293153
2020-03-03,IBM,52.590359,53.84675,52.455285
2020-03-03,INTC,33.979777,35.106287,33.697468
2020-03-03,MSFT,99.687221,102.24476,99.007667
2020-03-03,NKE,41.040727,42.254795,40.965934
2020-03-03,VZ,29.521981,30.268458,29.39485
2020-03-03,WMT,18.752179,19.16854,18.706985
2020-03-04,AAPL,30.341486,30.580478,30.102977
2020-03-04,AMGN,59.695936,59.577592,59.09211
2020-03-04,CRM,42.393273,42.909071,42.301266
2020-03-04,CSCO,34.889308,34.677257,34.596206
2020-03-04,IBM,52.299869,52.659364,52.287774
2020-03-04,INTC,34.033429,34.213366,33.899127
2020-03-04,MSFT,99.308133,99.03663,98.740178
2020-03-04,NKE,41.061705,41.225499,41.243503
2020-03-04,VZ,29.141998,29.253232,29.25335
2020-03-04,WMT,18.77562,18.814401,18.687866
2020-03-05,AAPL,30.227661,30.642158,30.349135
2020-03-05,AMGN,57.158518,58.330742,57.938449
2020-03-05,CRM,41.507659,41.980767,41.952909
2020-03-05,CSCO,35.174826,34.762772,35.049543
2020-03-05,IBM,52.262212,52.418514,52.306926
2020-03-05,INTC,34.032797,33.936114,34.110959
2020-03-05,MSFT,97.630141,98.348743,97.522957
2020-03-05,NKE,40.638329,40.874986,41.089683
2020-03-05,VZ,28.438703,28.605689,28.587714
2020-03-05,WMT,18.48909,18.487698,18.506515
2020-03-06,AAPL,30.680126,30.766758,30.389001
2020-03-06,AMGN,53.850314,55.134283,54.625104
2020-03-06,CRM,40.305989,40.792667,40.570313
2020-03-06,CSCO,35.209716,34.553695,34.660922
2020-03-06,IBM,51.819289,52.04344,51.95634
2020-03-06,INTC,34.202521,33.930217,34.131734
2020-03-06,MSFT,95.479463,94.674269,95.419092
2020-03-06,NKE,39.878714,40.26187,40.275694
2020-03-06,VZ,27.843034,28.048193,27.803539
2020-03-06,WMT,18.099706,18.153717,18.062024
2020-03-09,AAPL,30.516711,30.745697,30.412013
2020-03-09,AMGN,52.462392,52.869602,52.75526
2020-03-09,CRM,39.615819,40.256148,39.520586
2020-03-09,CSCO,34.801983,34.10238,34.528363
2020-03-09,IBM,51.30872,51.496918,51.204333
2020-03-09,INTC,34.638449,34.453757,34.621081
2020-03-09,MSFT,93.045373,92.791602,92.953094
2020-03-09,NKE,39.208201,39.656819,39.812304
2020-03-09,VZ,27.206585,27.499372,27.336452
2020-03-09,WMT,17.811915,17.792026,17.738053
2020-03-10,AAPL,30.439703,30.896792,30.358635
2020-03-10,AMGN,50.389925,51.259851,50.759863
2020-03-10,CRM,38.949344,39.505646,39.016391
2020-03-10,CSCO,34.539356,33.925635,34.275819
2020-03-10,IBM,50.590429,51.055384,50.698412
2020-03-10,INTC,34.782046,34.639914,34.957242
2020-03-10,MSFT,91.119571,91.081553,90.72282
2020-03-10,NKE,37.910806,38.544175,38.65357
2020-03-10,VZ,26.34061,26.784399,26.389397
2020-03-10,WMT,17.329856,17.40963,17.349195
2020-03-11,AAPL,30.019505,30.387922,29.887455
2020-03-11,AMGN,48.634274,49.315922,48.745368
2020-03-11,CRM,37.692423,38.566462,37.692309
2020-03-11,CSCO,34.171827,33.628692,33.796646
2020-03-11,IBM,49.83595,50.126205,49.947556
2020-03-11,INTC,34.778881,34.618318,34.78124
2020-03-11,MSFT,88.692083,88.576035,88.688081
2020-03-11,NKE,36.68499,37.234455,37.265518
2020-03-11,VZ,25.588538,25.939473,25.646892
2020-03-11,WMT,16.916159,16.982972,16.900341
2020-03-12,AAPL,29.779482,30.001009,29.445018
2020-03-12,AMGN,46.676172,47.520511,46.683995
2020-03-12,CRM,36.826921,37.079655,36.534059
2020-03-12,CSCO,33.9579,33.230273,33.433888
2020-03-12,IBM,49.097565,49.215313,49.026423
2020-03-12,INTC,34.694857,34.322291,34.543415
2020-03-12,MSFT,86.791089,86.333943,86.239476
2020-03-12,NKE,36.046594,36.275646,36.321539
2020-03-12,VZ,24.795399,25.094335,24.806687
2020-03-12,WMT,16.365804,16.501874,16.38103
2020-03-13,AAPL,29.407581,29.979217,29.153146
2020-03-13,AMGN,44.921101,45.930617,44.863759
2020-03-13,CRM,36.213516,36.661128,35.839737
2020-03-13,CSCO,33.765282,33.249984,33.287106
2020-03-13,IBM,48.634616,49.069136,48.640623
2020-03-13,INTC,34.575319,34.388944,34.488622
2020-03-13,MSFT,84.755324,84.886742,84.618925
2020-03-13,NKE,35.588293,35.995272,35.826405
2020-03-13,VZ,24.242428,24.577096,24.071291
2020-03-13,WMT,16.062731,16.086743,15.971192
2020-03-16,AAPL,28.996735,29.495755,28.549499
2020-03-16,AMGN,43.590809,44.563876,43.47016
2020-03-16,CRM,35.797093,36.403931,35.396923
2020-03-16,CSCO,33.510102,33.18725,33.078499
2020-03-16,IBM,47.405126,47.947832,47.484717
2020-03-16,INTC,34.464797,34.470689,34.253689
2020-03-16,MSFT,83.526915,83.62807,82.63616
2020-03-16,NKE,34.92134,35.186607,34.960734
2020-03-16,VZ,23.577911,23.915803,23.475451
2020-03-16,WMT,15.616851,15.735568,15.557135
2020-03-17,AAPL,28.446128,28.965653,28.120745
2020-03-17,AMGN,42.885111,43.573457,42.538328
2020-03-17,CRM,35.134683,35.724796,34.725997
2020-03-17,CSCO,33.361853,32.984742,32.928142
2020-03-17,IBM,46.476708,47.103389,46.526301
2020-03-17,INTC,34.318881,34.252281,34.171275
2020-03-17,MSFT,82.385999,82.624545,81.261666
2020-03-17,NKE,34.117896,34.541423,34.465765
2020-03-17,VZ,23.013724,23.244964,22.834095
2020-03-17,WMT,15.177698,15.251194,15.126131
2020-03-18,AAPL,28.824641,29.234322,28.621786
2020-03-18,AMGN,41.587443,42.467017,41.92052
2020-03-18,CRM,34.831839,35.357492,34.554558
2020-03-18,CSCO,33.831704,33.334586,33.508312
2020-03-18,IBM,46.280795,46.761042,46.444487
2020-03-18,INTC,35.037456,34.814497,34.8697
2020-03-18,MSFT,82.246661,82.245381,81.681168
2020-03-18,NKE,33.139207,33.733398,33.693486
2020-03-18,VZ,22.745896,22.944613,22.650436
2020-03-18,WMT,14.745927,14.865132,14.739512
2020-03-19,AAPL,28.985294,29.238479,28.880544
2020-03-19,AMGN,40.472877,41.318399,40.797418
2020-03-19,CRM,34.36868,34.86694,34.2797
2020-03-19,CSCO,33.723473,33.209619,33.325662
2020-03-19,IBM,45.471625,45.945108,45.457909
2020-03-19,INTC,34.964037,34.935582,35.075282
2020-03-19,MSFT,80.819684,80.9674,80.9002
2020-03-19,NKE,32.443438,32.929145,32.813409
2020-03-19,VZ,22.625675,22.778153,22.506469
2020-03-19,WMT,14.440267,14.530029,14.368181
2020-03-20,AAPL,28.599357,28.971153,28.215307
2020-03-20,AMGN,39.937909,40.326047,39.688096
2020-03-20,CRM,32.84611,33.65981,32.712577
2020-03-20,CSCO,33.216393,32.768778,32.540276
2020-03-20,IBM,44.951226,45.234004,44.628806
2020-03-20,INTC,34.839081,34.497485,34.484375
2020-03-20,MSFT,78.092062,78.30047,77.68135
2020-03-20,NKE,31.574354,31.816362,31.626918
2020-03-20,VZ,22.423906,22.531449,22.2203
2020-03-20,WMT,14.131906,14.142243,13.966702
2020-03-23,AAPL,28.316039,28.906228,28.247293
2020-03-23,AMGN,39.539599,39.981197,39.448405
2020-03-23,CRM,32.648519,32.928183,32.088455
2020-03-23,CSCO,33.317881,33.326441,32.974217
2020-03-23,IBM,43.829705,44.510772,43.918549
2020-03-23,INTC,34.26555,34.579146,34.366967
2020-03-23,MSFT,76.486449,77.237699,76.392685
2020-03-23,NKE,30.810445,31.403995,31.010089
2020-03-23,VZ,21.975313,22.164885,21.954126
2020-03-23,WMT,13.878519,14.008805,13.829743
2020-03-24,AAPL,28.082928,28.41633,27.559292
2020-03-24,AMGN,38.365893,39.240552,38.26588
2020-03-24,CRM,32.655825,32.956698,31.964104
2020-03-24,CSCO,33.203109,32.979307,32.75501
2020-03-24,IBM,43.107722,43.568244,43.065057
2020-03-24,INTC,33.578552,33.891012,33.679929
2020-03-24,MSFT,75.119634,75.635136,74.582552
2020-03-24,NKE,30.310595,30.606731,30.398864
2020-03-24,VZ,21.44933,21.656638,21.457952
2020-03-24,WMT,13.5618,13.664383,13.509954
2020-03-25,AAPL,28.246175,28.341019,27.690151
2020-03-25,AMGN,36.936981,37.910874,36.877407
2020-03-25,CRM,32.305981,32.653699,31.71942
2020-03-25,CSCO,32.913959,32.578689,32.103005
2020-03-25,IBM,42.557046,42.986594,42.1875
2020-03-25,INTC,33.455137,33.495956,32.853579
2020-03-25,MSFT,74.47594,74.642256,72.962305
2020-03-25,NKE,29.729979,30.018773,29.395743
2020-03-25,VZ,20.733963,21.07488,20.671494
2020-03-25,WMT,12.794849,13.186274,12.813381
2020-03-26,AAPL,28.144613,28.589453,28.069843
2020-03-26,AMGN,36.772347,37.063651,36.646906
2020-03-26,CRM,32.885811,33.064173,32.519499
2020-03-26,CSCO,32.911294,33.008023,32.545643
2020-03-26,IBM,42.380994,42.837976,42.036987
2020-03-26,INTC,33.212708,33.590885,32.971298
2020-03-26,MSFT,73.685381,74.01717,73.13225
2020-03-26,NKE,29.13152,29.567381,28.988066
2020-03-26,VZ,20.527776,20.728561,20.436048
2020-03-26,WMT,12.49247,12.670015,12.501966
2020-03-27,AAPL,27.886468,28.208476,27.580936
2020-03-27,AMGN,35.872553,36.447011,35.659294
2020-03-27,CRM,32.353703,33.112514,31.910631
2020-03-27,CSCO,32.272996,32.579721,31.848924
2020-03-27,IBM,41.664797,42.049577,41.409583
2020-03-27,INTC,32.340384,32.711804,32.240341
2020-03-27,MSFT,71.81975,72.516774,71.434633
2020-03-27,NKE,28.768086,29.117486,28.677289
2020-03-27,VZ,20.115977,20.227218,20.094689
2020-03-27,WMT,12.444846,12.547125,12.371798
2020-03-30,AAPL,27.485875,28.053384,27.157269
2020-03-30,AMGN,35.122289,35.903159,34.84735
2020-03-30,CRM,31.186838,32.401289,30.639597
2020-03-30,CSCO,31.638143,32.112308,31.259511
2020-03-30,IBM,41.061701,41.804189,40.805737
2020-03-30,INTC,31.68939,32.246045,31.307981
2020-03-30,MSFT,69.47808,71.459843,69.37373
2020-03-30,NKE,27.997159,28.763117,27.824125
2020-03-30,VZ,19.865755,20.090779,19.802217
2020-03-30,WMT,12.219954,12.382903,12.142324
2020-03-31,AAPL,27.046695,27.526729,25.524976
2020-03-31,AMGN,34.91459,35.536972,34.089113
2020-03-31,CRM,29.362735,30.706675,28.248815
2020-03-31,CSCO,30.690908,31.208097,29.516614
2020-03-31,IBM,40.685916,41.214629,39.872504
2020-03-31,INTC,31.095261,31.703565,30.27249
2020-03-31,MSFT,67.829369,69.368559,65.787156
2020-03-31,NKE,27.207586,27.787083,26.358344
2020-03-31,VZ,19.542565,19.723706,18.756532
2020-03-31,WMT,11.993333,12.142776,11.776877
2020-04-01,AAPL,26.231451,27.360084,26.010496
2020-04-01,AMGN,34.068432,35.3081,34.010929
2020-04-01,CRM,28.266012,29.821517,27.86951
2020-04-01,CSCO,29.662503,30.709834,29.381046
2020-04-01,IBM,39.385786,40.510261,39.279141
2020-04-01,INTC,30.006678,31.206812,29.795193
2020-04-01,MSFT,65.390579,67.94811,64.899776
2020-04-01,NKE,26.373281,27.308544,26.170742
2020-04-01,VZ,18.980716,19.588,18.857843
2020-04-01,WMT,11.699386,12.021093,11.64854
2020-04-02,AAPL,26.529373,26.838382,25.890098
2020-04-02,AMGN,33.43455,33.975052,33.184692
2020-04-02,CRM,27.909252,28.69833,27.305683
2020-04-02,CSCO,29.878364,30.159802,29.174922
2020-04-02,IBM,39.725519,40.134902,39.233412
2020-04-02,INTC,29.853499,30.248556,29.445134
2020-04-02,MSFT,64.687851,65.708762,63.822039
2020-04-02,NKE,26.226527,26.840427,25.89559
2020-04-02,VZ,18.86252,19.119922,18.718633
2020-04-02,WMT,11.731443,11.780081,11.514236
2020-04-03,AAPL,25.871034,26.417809,24.146179
2020-04-03,AMGN,32.565364,33.025369,31.978242
2020-04-03,CRM,25.88512,27.388878,25.321022
2020-04-03,CSCO,29.155195,29.584213,27.998912
2020-04-03,IBM,39.778581,40.298757,38.514686
2020-04-03,INTC,28.982113,29.564781,27.974041
2020-04-03,MSFT,63.196905,64.471932,61.414807
2020-04-03,NKE,25.426541,26.071149,24.733583
2020-04-03,VZ,18.688862,18.835141,18.074065
2020-04-03,WMT,11.589748,11.711963,11.282745
2020-04-06,AAPL,25.286231,25.861774,24.56308
2020-04-06,AMGN,32.061473,32.943344,31.905805
2020-04-06,CRM,25.928154,26.648789,25.151467
2020-04-06,CSCO,29.036453,29.620172,28.58524
2020-04-06,IBM,39.773871,40.292715,39.276826
2020-04-06,INTC,28.871842,29.467492,28.322548
2020-04-06,MSFT,62.524831,63.953302,61.50986
2020-04-06,NKE,24.987099,25.578942,24.708901
2020-04-06,VZ,18.585334,18.908106,18.200355
2020-04-06,WMT,11.495597,11.643152,11.424474
2020-04-07,AAPL,25.104916,25.421186,25.071486
2020-04-07,AMGN,31.845067,32.252018,31.856524
2020-04-07,CRM,25.975052,26.67225,25.66279
2020-04-07,CSCO,28.946009,29.290765,28.846443
2020-04-07,IBM,39.770593,40.183896,39.582097
2020-04-07,INTC,29.101748,29.473868,28.55524
2020-04-07,MSFT,61.949091,62.721929,61.687979
2020-04-07,NKE,24.941757,25.253441,24.707747
2020-04-07,VZ,18.589342,18.776587,18.629016
2020-04-07,WMT,11.348424,11.436435,11.292769
2020-04-08,AAPL,25.059182,25.513973,24.882136
2020-04-08,AMGN,31.72449,31.916045,31.557635
2020-04-08,CRM,25.237725,25.735773,25.038867
2020-04-08,CSCO,28.550748,28.91474,28.153936
2020-04-08,IBM,39.178643,39.778652,38.989686
2020-04-08,INTC,28.601234,29.106571,28.256774
2020-04-08,MSFT,61.445139,62.087028,60.871059
2020-04-08,NKE,24.489385,25.136611,24.266387
2020-04-08,VZ,18.357799,18.594457,18.377379
2020-04-08,WMT,11.221092,11.341616,11.217917
2020-04-09,AAPL,25.147487,25.63492,24.574515
2020-04-09,AMGN,31.283077,31.801459,30.961076
2020-04-09,CRM,24.741549,25.341692,24.443371
2020-04-09,CSCO,28.336769,28.760503,27.832745
2020-04-09,IBM,39.034494,39.647432,38.718392
2020-04-09,INTC,28.004229,28.29052,27.662427
2020-04-09,MSFT,59.88376,61.079714,59.428875
2020-04-09,NKE,23.924504,24.578676,23.77093
2020-04-09,VZ,18.078981,18.372164,18.068284
2020-04-09,WMT,11.161597,11.196191,11.099794
2020-04-13,AAPL,24.911542,25.409338,23.318707
2020-04-13,AMGN,30.561092,31.166856,30.16622
2020-04-13,CRM,23.789366,24.513117,23.400726
2020-04-13,CSCO,27.957075,28.47374,26.909764
2020-04-13,IBM,38.900063,39.351638,38.148636
2020-04-13,INTC,27.717197,28.038962,26.925074
2020-04-13,MSFT,58.35296,59.257832,57.269078
2020-04-13,NKE,23.24741,23.834722,22.563565
2020-04-13,VZ,17.802266,17.974805,17.251194
2020-04-13,WMT,10.885992,11.016417,10.712385
2020-04-14,AAPL,24.723189,25.214561,23.834915
2020-04-14,AMGN,30.019725,30.737509,29.741846
2020-04-14,CRM,23.73109,24.193915,23.140225
2020-04-14,CSCO,27.977107,28.434691,27.318179
2020-04-14,IBM,38.541059,38.956374,38.043698
2020-04-14,INTC,27.69355,28.173675,26.887458
2020-04-14,MSFT,57.384764,58.174691,56.365058
2020-04-14,NKE,22.728092,23.102149,22.408217
2020-04-14,VZ,17.777324,17.973265,17.410697
2020-04-14,WMT,10.75662,10.899815,10.664428
2020-04-15,AAPL,24.760473,25.165856,24.456984
2020-04-15,AMGN,29.51634,30.284708,29.518666
2020-04-15,CRM,24.118794,24.643211,23.811582
2020-04-15,CSCO,28.190118,28.595064,27.813432
2020-04-15,IBM,38.615561,39.034611,38.309835
2020-04-15,INTC,28.067097,28.461085,27.565939
2020-04-15,MSFT,56.779311,57.580127,56.169333
2020-04-15,NKE,22.510873,23.014272,22.32568
2020-04-15,VZ,17.844065,18.081601,17.746808
2020-04-15,WMT,10.619714,10.769853,10.594944
2020-04-16,AAPL,24.851844,25.153102,24.562293
2020-04-16,AMGN,29.177497,29.404232,28.934892
2020-04-16,CRM,23.97355,24.499129,23.73704
2020-04-16,CSCO,27.938281,28.31935,27.788345
2020-04-16,IBM,38.529551,38.94224,38.231396
2020-04-16,INTC,27.865093,28.19761,27.463158
2020-04-16,MSFT,55.840001,56.658316,55.375909
2020-04-16,NKE,22.021214,22.557183,21.798602
2020-04-16,VZ,17.526415,17.807216,17.563881
2020-04-16,WMT,10.454687,10.560944,10.408102
2020-04-17,AAPL,24.85343,25.114991,24.513709
2020-04-17,AMGN,28.701213,29.03862,28.401966
2020-04-17,CRM,23.793716,23.96325,23.556766
2020-04-17,CSCO,27.942415,27.980482,27.642173
2020-04-17,IBM,38.293818,38.375828,37.932092
2020-04-17,INTC,28.00476,28.241221,27.589336
2020-04-17,MSFT,54.692714,54.891577,54.107982
2020-04-17,NKE,21.723337,21.965309,21.476815
2020-04-17,VZ,17.342255,17.514353,17.266992
2020-04-17,WMT,10.284559,10.33696,10.18035
2020-04-20,AAPL,24.986959,25.202806,24.648191
2020-04-20,AMGN,28.270697,28.668504,28.087913
2020-04-20,CRM,23.391933,24.015087,23.317382
2020-04-20,CSCO,27.856912,28.078722,27.336024
2020-04-20,IBM,38.378761,38.790932,38.128159
2020-04-20,INTC,27.97307,28.134927,27.557029
2020-04-20,MSFT,53.369104,54.392796,52.929133
2020-04-20,NKE,21.519596,22.04649,21.317184
2020-04-20,VZ,17.324891,17.477592,17.308672
2020-04-20,WMT,10.217449,10.278511,10.164197
2020-04-21,AAPL,24.964924,25.543692,23.611799
2020-04-21,AMGN,28.087684,28.246434,27.439343
2020-04-21,CRM,22.956191,23.721408,22.378856
2020-04-21,CSCO,27.420002,27.587733,26.652842
2020-04-21,IBM,38.498192,38.873311,37.765687
2020-04-21,INTC,27.389709,27.80218,26.74135
2020-04-21,MSFT,52.086584,52.667921,51.184684
2020-04-21,NKE,20.97981,21.496647,20.430125
2020-04-21,VZ,17.149824,17.409484,16.729264
2020-04-21,WMT,9.9465237,10.049068,9.8115262
2020-04-22,AAPL,24.188713,24.755737,23.655141
2020-04-22,AMGN,27.791246,28.193196,27.528234
2020-04-22,CRM,22.502269,23.131235,22.278562
2020-04-22,CSCO,26.735018,27.268867,26.458752
2020-04-22,IBM,37.80278,38.257404,37.620851
2020-04-22,INTC,27.136313,27.549749,26.792684
2020-04-22,MSFT,49.802601,51.094139,49.545855
2020-04-22,NKE,20.307864,20.934588,20.098725
2020-04-22,VZ,16.943292,17.261732,16.794211
2020-04-22,WMT,9.8304775,9.8831994,9.7590523
2020-04-23,AAPL,23.766386,24.087237,23.314789
2020-04-23,AMGN,27.579188,28.029708,27.411542
2020-04-23,CRM,22.408646,22.818889,22.095466
2020-04-23,CSCO,26.756994,27.08282,26.371629
2020-04-23,IBM,37.654673,37.961809,37.175416
2020-04-23,INTC,26.876982,27.220853,26.467494
2020-04-23,MSFT,49.224106,49.986449,48.851731
2020-04-23,NKE,20.067467,20.421809,19.839528
2020-04-23,VZ,16.939602,17.174704,16.795949
2020-04-23,WMT,9.6892183,9.799807,9.6375763
2020-04-24,AAPL,23.625343,24.04324,23.059782
2020-04-24,AMGN,27.687534,28.2669,27.418493
2020-04-24,CRM,22.165308,22.607252,21.684871
2020-04-24,CSCO,26.67452,27.088788,26.38922
2020-04-24,IBM,37.631961,38.032483,37.223732
2020-04-24,INTC,26.864575,27.326469,26.535507
2020-04-24,MSFT,48.991726,49.844283,48.418229
2020-04-24,NKE,19.960918,20.377409,19.796573
2020-04-24,VZ,16.830425,17.0377,16.724523
2020-04-24,WMT,9.5942852,9.7206042,9.5451112
2020-04-27,AAPL,23.426362,23.90654,23.222276
2020-04-27,AMGN,27.505913,27.849485,27.252308
2020-04-27,CRM,22.052438,22.487241,21.775897
2020-04-27,CSCO,26.539682,26.978827,26.211883
2020-04-27,IBM,37.163166,37.646341,36.720368
2020-04-27,INTC,26.74223,27.405707,26.499003
2020-04-27,MSFT,48.497699,49.093377,48.354037
2020-04-27,NKE,19.675624,20.087414,19.454674
2020-04-27,VZ,16.763547,16.965876,16.637067
2020-04-27,WMT,9.497998,9.5837625,9.4533845
2020-04-28,AAPL,23.126924,23.477194,22.987052
2020-04-28,AMGN,27.366394,27.7162,27.075383
2020-04-28,CRM,21.319807,22.02122,21.06894
2020-04-28,CSCO,25.943226,26.441963,25.805441
2020-04-28,IBM,36.457407,37.112654,36.2589
2020-04-28,INTC,26.24314,26.690655,26.241113
2020-04-28,MSFT,47.662772,48.415855,47.716096
2020-04-28,NKE,19.155754,19.668944,19.172527
2020-04-28,VZ,16.386982,16.560592,16.338136
2020-04-28,WMT,9.43005,9.5426167,9.3829026
2020-04-29,AAPL,22.913673,23.313966,22.613725
2020-04-29,AMGN,27.126833,27.458987,27.035696
2020-04-29,CRM,20.678032,21.56961,20.582653
2020-04-29,CSCO,25.758644,26.090777,25.482185
2020-04-29,IBM,36.303696,36.764907,36.017165
2020-04-29,INTC,25.76155,26.053542,25.663866
2020-04-29,MSFT,47.241706,47.919503,47.198443
2020-04-29,NKE,18.789736,19.329427,18.849512
2020-04-29,VZ,16.37093,16.510319,16.342387
2020-04-29,WMT,9.4350748,9.4308278,9.3600451
2020-04-30,AAPL,22.12079,22.648633,20.107712
2020-04-30,AMGN,26.570416,27.059839,26.0047
2020-04-30,CRM,19.361418,20.394922,18.728752
2020-04-30,CSCO,24.756002,25.247421,23.604366
2020-04-30,IBM,35.840291,36.440794,34.836385
2020-04-30,INTC,25.08321,25.629071,24.203635
2020-04-30,MSFT,46.011417,46.720813,44.853671
2020-04-30,NKE,18.192668,18.698589,17.474426
2020-04-30,VZ,16.006344,16.238589,15.151711
2020-04-30,WMT,9.186584,9.3168142,8.9887237
2020-05-01,AAPL,21.253862,22.264417,20.801956
2020-05-01,AMGN,26.06796,26.931708,25.975873
2020-05-01,CRM,18.52097,19.485693,18.22773
2020-05-01,CSCO,23.814957,24.689974,23.537084
2020-05-01,IBM,34.784598,35.699331,34.567641
2020-05-01,INTC,24.25995,25.151776,23.931653
2020-05-01,MSFT,44.241671,45.968649,43.669032
2020-05-01,NKE,17.540731,18.231093,17.40325
2020-05-01,VZ,15.63324,16.152027,15.410791
2020-05-01,WMT,8.961247,9.2150035,8.9269872
2020-05-04,AAPL,21.471538,21.727949,21.259985
2020-05-04,AMGN,25.604785,25.876558,25.493703
2020-05-04,CRM,18.234174,18.637744,18.055167
2020-05-04,CSCO,23.806209,23.911207,23.62222
2020-05-04,IBM,34.961361,35.48033,34.687776
2020-05-04,INTC,24.130383,24.296292,23.845543
2020-05-04,MSFT,43.991668,44.599561,43.72565
2020-05-04,NKE,17.267685,17.605764,17.249314
2020-05-04,VZ,15.405832,15.561203,15.348751
2020-05-04,WMT,8.9144596,8.9745216,8.8273166
2020-05-05,AAPL,21.151016,21.525885,20.052093
2020-05-05,AMGN,24.936083,24.947405,24.580723
2020-05-05,CRM,17.252155,17.993701,16.981605
2020-05-05,CSCO,23.370124,23.53991,22.776562
2020-05-05,IBM,34.889739,35.031613,34.041362
2020-05-05,INTC,23.409237,23.610774,22.860735
2020-05-05,MSFT,42.762805,43.09766,42.211492
2020-05-05,NKE,17.142841,17.485972,16.795399
2020-05-05,VZ,15.246567,15.407265,14.911906
2020-05-05,WMT,8.7726758,8.8541508,8.646882
2020-05-06,AAPL,20.541851,20.736044,19.840468
2020-05-06,AMGN,24.949523,24.90175,24.548956
2020-05-06,CRM,16.583353,17.252418,16.433829
2020-05-06,CSCO,22.760273,22.933317,22.502461
2020-05-06,IBM,35.019218,35.275777,34.483362
2020-05-06,INTC,22.795453,23.110132,22.229488
2020-05-06,MSFT,41.298467,41.340978,41.102446
2020-05-06,NKE,16.530914,16.790114,16.416441
2020-05-06,VZ,15.190017,15.345416,14.862587
2020-05-06,WMT,8.812008,8.8365923,8.7473609
2020-05-07,AAPL,20.2699,20.322594,19.894614
2020-05-07,AMGN,24.917317,25.185824,24.837713
2020-05-07,CRM,16.515977,17.00358,16.31633
2020-05-07,CSCO,22.559426,22.696394,22.572781
2020-05-07,IBM,34.990981,35.390707,34.781634
2020-05-07,INTC,22.644715,22.706478,22.383979
2020-05-07,MSFT,40.35694,40.704129,40.528829
2020-05-07,NKE,16.099926,16.360738,16.255422
2020-05-07,VZ,15.191161,15.429576,15.215943
2020-05-07,WMT,8.8213408,8.8087265,8.8158089
2020-05-08,AAPL,19.881089,20.102455,19.693184
2020-05-08,AMGN,24.690869,24.810285,24.595345
2020-05-08,CRM,16.089624,16.616005,15.917308
2020-05-08,CSCO,21.8747,22.181565,21.814814
2020-05-08,IBM,34.768739,35.192453,34.595113
2020-05-08,INTC,22.206792,22.335893,21.974274
2020-05-08,MSFT,39.444085,39.776307,39.525577
2020-05-08,NKE,15.604241,15.935086,15.62906
2020-05-08,VZ,15.068183,15.293458,15.123055
2020-05-08,WMT,8.6218769,8.6264733,8.6997909
2020-05-11,AAPL,19.540185,19.79936,19.350657
2020-05-11,AMGN,24.563006,24.624101,24.27927
2020-05-11,CRM,15.532765,16.066224,15.454857
2020-05-11,CSCO,21.346046,21.389534,21.315117
2020-05-11,IBM,34.397293,34.701446,34.12469
2020-05-11,INTC,21.781096,22.014478,21.589894
2020-05-11,MSFT,38.545824,38.824379,38.485891
2020-05-11,NKE,15.096468,15.433206,15.115609
2020-05-11,VZ,14.943102,15.208847,15.036399
2020-05-11,WMT,8.5612766,8.5437766,8.5516463
2020-05-12,AAPL,19.146522,19.408825,18.715086
2020-05-12,AMGN,24.328275,24.52443,24.123073
2020-05-12,CRM,15.111767,15.719685,14.9439
2020-05-12,CSCO,20.863091,20.978807,20.715267
2020-05-12,IBM,34.056126,34.666961,33.822677
2020-05-12,INTC,21.595254,21.812663,21.402775
2020-05-12,MSFT,37.576202,37.894622,37.341542
2020-05-12,NKE,14.621551,15.002054,14.543297
2020-05-12,VZ,14.750098,15.013763,14.793027
2020-05-12,WMT,8.4140789,8.4334305,8.410803
2020-05-13,AAPL,18.819982,18.992935,18.074271
2020-05-13,AMGN,23.993477,24.038989,23.697297
2020-05-13,CRM,14.616602,15.216749,14.384392
2020-05-13,CSCO,20.603757,20.62291,20.210844
2020-05-13,IBM,33.858001,34.259529,33.500288
2020-05-13,INTC,21.270795,21.403267,20.858298
2020-05-13,MSFT,36.850361,36.833272,36.600699
2020-05-13,NKE,14.145133,14.4781,13.948595
2020-05-13,VZ,14.65919,14.906606,14.450837
2020-05-13,WMT,8.2898227,8.2810606,8.1952501
2020-05-14,AAPL,18.426054,18.554478,18.112358
2020-05-14,AMGN,24.068502,24.043921,23.74332
2020-05-14,CRM,14.13032,14.787132,14.101575
2020-05-14,CSCO,20.262712,20.29894,20.082259
2020-05-14,IBM,33.410088,33.839995,33.19027
2020-05-14,INTC,21.070524,21.23037,20.707779
2020-05-14,MSFT,36.008375,36.122788,35.937889
2020-05-14,NKE,13.640947,14.054793,13.667825
2020-05-14,VZ,14.603828,14.872783,14.559682
2020-05-14,WMT,8.2200225,8.2277862,8.2045851
2020-05-15,AAPL,18.204097,18.338374,17.77906
2020-05-15,AMGN,24.118679,24.106654,23.762326
2020-05-15,CRM,13.775864,14.307049,13.650988
2020-05-15,CSCO,19.851838,19.853785,19.728097
2020-05-15,IBM,33.291091,33.540966,32.867371
2020-05-15,INTC,20.812798,20.907114,20.510774
2020-05-15,MSFT,35.320301,35.163034,35.278242
2020-05-15,NKE,13.353836,13.604723,13.337628
2020-05-15,VZ,14.585869,14.863304,14.557388
2020-05-15,WMT,8.1604314,8.1406081,8.1138912
2020-05-18,AAPL,17.852559,18.012444,17.706233
2020-05-18,AMGN,24.107626,24.311914,23.906974
2020-05-18,CRM,13.368721,13.948337,13.278538
2020-05-18,CSCO,19.571679,19.668614,19.497214
2020-05-18,IBM,32.968388,33.431457,32.710789
2020-05-18,INTC,20.71966,20.887514,20.545623
2020-05-18,MSFT,34.74382,35.102483,34.67807
2020-05-18,NKE,12.86071,13.200139,12.875712
2020-05-18,VZ,14.599765,14.864428,14.573539
2020-05-18,WMT,8.0843306,8.0774539,8.0620165
2020-05-19,AAPL,17.517704,17.743025,17.508308
2020-05-19,AMGN,24.112045,24.129837,23.881232
2020-05-19,CRM,13.192869,13.579621,13.117377
2020-05-19,CSCO,19.375387,19.32764,19.373705
2020-05-19,IBM,32.572985,33.010025,32.443332
2020-05-19,INTC,20.438909,20.535934,20.298916
2020-05-19,MSFT,33.885959,34.025556,33.994767
2020-05-19,NKE,12.458677,12.745907,12.477898
2020-05-19,VZ,14.547848,14.825796,14.565622
2020-05-19,WMT,7.9952657,7.968134,7.9720456
2020-05-20,AAPL,17.402913,17.584461,17.363498
2020-05-20,AMGN,23.961779,24.116508,23.713527
2020-05-20,CRM,12.367078,12.895109,12.409344
2020-05-20,CSCO,19.191933,19.074821,19.05061
2020-05-20,IBM,32.286361,32.53326,32.021238
2020-05-20,INTC,20.183293,20.218037,20.031026
2020-05-20,MSFT,33.42958,33.76545,33.435291
2020-05-20,NKE,12.000258,12.293984,12.04045
2020-05-20,VZ,14.446669,14.632731,14.4621
2020-05-20,WMT,7.9663144,7.9337701,7.8726705
2020-05-21,AAPL,17.467362,17.477854,16.61127
2020-05-21,AMGN,23.989368,23.999165,23.519147
2020-05-21,CRM,11.833741,12.481419,11.585491
2020-05-21,CSCO,19.045804,18.963029,18.573875
2020-05-21,IBM,32.038227,32.439115,31.510278
2020-05-21,INTC,19.812605,19.817726,19.429987
2020-05-21,MSFT,33.019114,32.959843,32.660189
2020-05-21,NKE,11.757584,11.839667,11.592088
2020-05-21,VZ,14.366644,14.54083,14.208593
2020-05-21,WMT,7.8161645,7.7929096,7.6790496
2020-05-22,AAPL,16.737313,16.947107,16.110265
2020-05-22,AMGN,23.963582,24.080226,23.425826
2020-05-22,CRM,10.997602,11.800365,10.806862
2020-05-22,CSCO,18.613279,18.731439,18.17047
2020-05-22,IBM,31.779545,32.125306,31.246475
2020-05-22,INTC,19.455866,19.513056,18.887939
2020-05-22,MSFT,32.538312,32.779391,31.801536
2020-05-22,NKE,11.29183,11.53747,11.132903
2020-05-22,VZ,14.289404,14.432576,14.030583
2020-05-22,WMT,7.7732981,7.7779063,7.6335344
2020-05-26,AAPL,16.328683,16.723103,16.210418
2020-05-26,AMGN,23.192679,23.929208,23.309305
2020-05-26,CRM,11.153439,11.775909,11.038509
2020-05-26,CSCO,18.611427,18.840559,18.472922
2020-05-26,IBM,31.784796,32.322029,31.577884
2020-05-26,INTC,19.450825,19.551087,19.239831
2020-05-26,MSFT,32.164628,32.727369,31.811449
2020-05-26,NKE,11.085249,11.338221,11.137606
2020-05-26,VZ,14.2204,14.451722,14.226023
2020-05-26,WMT,7.7138151,7.7607199,7.6981904
2020-05-27,AAPL,16.126914,16.368012,16.067949
2020-05-27,AMGN,23.188481,23.363142,22.828657
2020-05-27,CRM,10.882798,11.37889,10.775299
2020-05-27,CSCO,18.405913,18.535737,18.313894
2020-05-27,IBM,31.521985,31.974455,31.275582
2020-05-27,INTC,19.465286,19.485416,19.217694
2020-05-27,MSFT,31.989598,32.431193,31.794772
2020-05-27,NKE,10.847005,11.120024,10.825566
2020-05-27,VZ,14.08611,14.277528,14.132135
2020-05-27,WMT,7.6431039,7.6459976,7.6549796
2020-05-28,AAPL,16.035693,16.18511,16.047862
2020-05-28,AMGN,22.840732,23.115035,22.593738
2020-05-28,CRM,10.734596,11.00449,10.569666
2020-05-28,CSCO,18.519222,18.523436,18.322764
2020-05-28,IBM,31.050536,31.450458,30.913815
2020-05-28,INTC,19.482807,19.453859,19.294253
2020-05-28,MSFT,32.11807,32.149948,31.75779
2020-05-28,NKE,10.602858,10.741468,10.608733
2020-05-28,VZ,13.853957,13.887666,13.881962
2020-05-28,WMT,7.5510668,7.5657898,7.5636609
2020-05-29,AAPL,15.537478,15.930593,15.532934
2020-05-29,AMGN,22.614762,22.929483,22.426229
2020-05-29,CRM,10.495815,10.9123,10.350756
2020-05-29,CSCO,18.275336,18.479516,18.118535
2020-05-29,IBM,30.459592,31.104118,30.45324
2020-05-29,INTC,19.104702,19.335442,19.174895
2020-05-29,MSFT,31.402936,31.971153,31.654021
2020-05-29,NKE,10.427949,10.777066,10.501146
2020-05-29,VZ,13.714657,13.869598,13.835856
2020-05-29,WMT,7.529522,7.5332748,7.5234507
2020-06-01,AAPL,15.215215,15.459807,14.288316
2020-06-01,AMGN,22.014334,22.52285,21.628243
2020-06-01,CRM,10.18488,10.554368,9.8046973
2020-06-01,CSCO,17.857481,18.070895,17.194911
2020-06-01,IBM,30.178236,30.672436,29.495494
2020-06-01,INTC,18.713564,19.020935,18.181718
2020-06-01,MSFT,30.960904,31.490845,30.036838
2020-06-01,NKE,10.190855,10.389235,9.9139069
2020-06-01,VZ,13.462599,13.641291,13.00912
2020-06-01,WMT,7.3707698,7.4334485,7.2685148
2020-06-02,AAPL,14.698968,15.332043,14.460466
2020-06-02,AMGN,21.554497,22.194643,21.411021
2020-06-02,CRM,9.6524704,10.200057,9.5238112
2020-06-02,CSCO,17.144942,17.692706,16.858799
2020-06-02,IBM,29.141245,30.019261,29.096214
2020-06-02,INTC,18.102163,18.778295,17.957669
2020-06-02,MSFT,29.487698,30.507654,29.236331
2020-06-02,NKE,9.8419985,10.192889,9.7280283
2020-06-02,VZ,13.025838,13.414037,12.846131
2020-06-02,WMT,7.1318419,7.3381896,7.0906642
2020-06-03,AAPL,14.913611,15.04132,14.859044
2020-06-03,AMGN,21.233042,21.379405,21.152881
2020-06-03,CRM,9.7507437,9.9047787,9.7360826
2020-06-03,CSCO,17.302604,17.251328,17.206278
2020-06-03,IBM,29.242784,29.65581,29.405619
2020-06-03,INTC,18.200951,18.251705,18.108992
2020-06-03,MSFT,29.707814,29.672373,29.580746
2020-06-03,NKE,9.6937151,9.7316493,9.7423165
2020-06-03,VZ,12.803197,12.875301,12.876383
2020-06-03,WMT,7.0448626,7.0733264,7.0461845
2020-06-04,AAPL,14.751874,15.113493,14.724871
2020-06-04,AMGN,20.102092,20.584286,20.298916
2020-06-04,CRM,9.4469647,9.5533479,9.501345
2020-06-04,CSCO,17.130225,17.028963,16.981325
2020-06-04,IBM,28.822992,28.965358,28.800521
2020-06-04,INTC,17.996693,17.955361,17.890233
2020-06-04,MSFT,28.615443,28.728723,28.507349
2020-06-04,NKE,9.6242539,9.6503481,9.5854505
2020-06-04,VZ,12.490924,12.539075,12.552949
2020-06-04,WMT,6.9603239,6.9518448,6.9596033
2020-06-05,AAPL,14.702378,14.916787,14.449484
2020-06-05,AMGN,19.189002,19.490637,19.168659
2020-06-05,CRM,9.0938516,9.2845614,9.0880957
2020-06-05,CSCO,16.742231,16.579006,16.495287
2020-06-05,IBM,28.91108,28.955705,28.776394
2020-06-05,INTC,17.822667,17.790912,17.667064
2020-06-05,MSFT,27.75027,27.800983,27.464599
2020-06-05,NKE,9.3501805,9.3869811,9.3008582
2020-06-05,VZ,12.2016,12.238448,12.276598
2020-06-05,WMT,6.9468459,6.8597678,6.8989631
2020-06-08,AAPL,14.756062,14.904516,14.370769
2020-06-08,AMGN,18.759985,18.963217,18.582259
2020-06-08,CRM,8.9082381,9.0778381,8.8173468
2020-06-08,CSCO,16.690074,16.467337,16.42241
2020-06-08,IBM,29.058693,29.208822,28.985061
2020-06-08,INTC,17.815052,17.634148,17.515321
2020-06-08,MSFT,27.154916,27.073255,27.044456
2020-06-08,NKE,9.1724431,9.2187164,9.1074474
2020-06-08,VZ,11.950641,12.040469,11.958824
2020-06-08,WMT,6.809919,6.8182424,6.8101316
2020-06-09,AAPL,14.523095,14.774907,14.251555
2020-06-09,AMGN,18.417136,18.479582,18.462139
2020-06-09,CRM,8.4846408,8.841428,8.5310025
2020-06-09,CSCO,16.304929,16.334775,16.220722
2020-06-09,IBM,28.886521,29.127176,28.987465
2020-06-09,INTC,17.571456,17.699139,17.429643
2020-06-09,MSFT,26.411644,26.489088,26.321112
2020-06-09,NKE,8.9534021,9.129204,8.9687226
2020-06-09,VZ,11.765912,11.871658,11.788475
2020-06-09,WMT,6.7247265,6.7012714,6.7469971
2020-06-10,AAPL,14.4848,14.686635,14.376874
2020-06-10,AMGN,17.957566,18.147338,17.92729
2020-06-10,CRM,8.2674128,8.5575279,8.3016499
2020-06-10,CSCO,16.061792,16.115138,16.003831
2020-06-10,IBM,28.855586,29.135941,28.820256
2020-06-10,INTC,17.320433,17.490474,17.109527
2020-06-10,MSFT,25.884002,26.02549,25.857659
2020-06-10,NKE,8.7277072,8.874795,8.7780013
2020-06-10,VZ,11.572982,11.738434,11.712116
2020-06-10,WMT,6.6285014,6.6133845,6.6396611
2020-06-11,AAPL,14.585984,14.686361,14.230563
2020-06-11,AMGN,17.627472,17.629546,17.521522
2020-06-11,CRM,8.0599411,8.2311793,7.9772668
2020-06-11,CSCO,15.827273,15.696363,15.63349
2020-06-11,IBM,28.546152,28.714933,28.409273
2020-06-11,INTC,16.933007,16.947957,16.671372
2020-06-11,MSFT,25.158888,25.092041,25.1248
2020-06-11,NKE,8.5892874,8.6729102,8.4296548
2020-06-11,VZ,11.246147,11.381463,11.252398
2020-06-11,WMT,6.4663356,6.487392,6.466218
2020-06-12,AAPL,14.361781,14.623391,14.093148
2020-06-12,AMGN,17.350142,17.405187,17.225838
2020-06-12,CRM,7.83139,8.0662895,7.8311729
2020-06-12,CSCO,15.449151,15.468546,15.35771
2020-06-12,IBM,28.385196,28.607287,28.334955
2020-06-12,INTC,16.571605,16.68259,16.381505
2020-06-12,MSFT,24.292227,24.544294,24.32954
2020-06-12,NKE,8.3734027,8.5473658,8.3387501
2020-06-12,VZ,11.035077,11.235755,11.087814
2020-06-12,WMT,6.4097729,6.3890672,6.3713652
2020-06-15,AAPL,14.196272,14.33336,13.862546
2020-06-15,AMGN,17.012912,17.122277,16.963551
2020-06-15,CRM,7.6416581,7.8756318,7.6113064
2020-06-15,CSCO,15.244814,15.301151,15.166688
2020-06-15,IBM,28.471916,28.634905,28.431129
2020-06-15,INTC,16.328617,16.45624,16.194574
2020-06-15,MSFT,23.713197,23.793072,23.753137
2020-06-15,NKE,8.1513288,8.3136459,8.1519857
2020-06-15,VZ,10.88497,11.018902,10.926193
2020-06-15,WMT,6.2667929,6.2605545,6.264892
2020-06-16,AAPL,14.004353,14.079143,13.451331
2020-06-16,AMGN,16.869606,16.882056,16.651949
2020-06-16,CRM,7.3622846,7.6961525,7.3390769
2020-06-16,CSCO,14.946773,14.964922,14.774382
2020-06-16,IBM,28.322754,28.443306,28.067314
2020-06-16,INTC,16.044133,16.093551,15.722541
2020-06-16,MSFT,23.129367,23.101583,22.939942
2020-06-16,NKE,7.9665433,8.0958402,7.8836528
2020-06-16,VZ,10.837688,10.98055,10.691633
2020-06-16,WMT,6.2125346,6.1764734,6.1754702
2020-06-17,AAPL,13.647117,13.822616,13.515828
2020-06-17,AMGN,16.880168,16.884738,16.717994
2020-06-17,CRM,7.1878876,7.4867006,7.1932936
2020-06-17,CSCO,14.650172,14.689466,14.624965
2020-06-17,IBM,28.073972,28.424945,27.853856
2020-06-17,INTC,15.996531,16.063868,15.736059
2020-06-17,MSFT,22.661755,22.707923,22.536508
2020-06-17,NKE,7.7296534,7.8993193,7.7012908
2020-06-17,VZ,10.809372,10.947298,10.831019
2020-06-17,WMT,6.1525453,6.1344279,6.1437613
2020-06-18,AAPL,13.488112,13.629264,13.43928
2020-06-18,AMGN,16.611618,16.740003,16.575465
2020-06-18,CRM,7.0563865,7.2235245,7.0442019
2020-06-18,CSCO,14.529267,14.453435,14.519237
2020-06-18,IBM,27.77226,28.022944,27.682825
2020-06-18,INTC,15.876474,15.962181,15.693075
2020-06-18,MSFT,22.19455,22.252932,22.296421
2020-06-18,NKE,7.5341459,7.6824234,7.5454957
2020-06-18,VZ,10.667736,10.828496,10.694817
2020-06-18,WMT,6.1005542,6.0953213,6.0903095
2020-06-19,AAPL,13.390424,13.569463,13.297277
2020-06-19,AMGN,16.385493,16.522984,16.286356
2020-06-19,CRM,6.8296883,7.0599847,6.8092524
2020-06-19,CSCO,14.505927,14.493137,14.358103
2020-06-19,IBM,28.011342,28.291058,27.704194
2020-06-19,INTC,15.730046,15.816889,15.581989
2020-06-19,MSFT,21.864659,22.084497,21.746811
2020-06-19,NKE,7.3325247,7.5237142,7.3183043
2020-06-19,VZ,10.542286,10.630177,10.600817
2020-06-19,WMT,6.0627327,6.0304944,6.0434534
2020-06-22,AAPL,13.187899,13.320125,12.386012
2020-06-22,AMGN,15.945202,16.143054,15.778511
2020-06-22,CRM,6.5420429,6.7712068,6.3496667
2020-06-22,CSCO,14.374906,14.375558,13.912395
2020-06-22,IBM,27.999111,28.276222,27.381502
2020-06-22,INTC,15.554069,15.653935,15.171542
2020-06-22,MSFT,21.385683,21.545333,21.051876
2020-06-22,NKE,7.1978788,7.3021101,7.0044589
2020-06-22,VZ,10.364114,10.497645,10.164077
2020-06-22,WMT,5.9928033,5.9797113,5.885016
2020-06-23,AAPL,12.85426,13.096728,12.398329
2020-06-23,AMGN,15.437596,15.860299,15.501934
2020-06-23,CRM,6.4158692,6.7222308,6.3115497
2020-06-23,CSCO,14.549871,14.581423,14.204026
2020-06-23,IBM,28.32871,28.445701,27.851722
2020-06-23,INTC,15.782585,15.826833,15.306928
2020-06-23,MSFT,21.035377,21.331463,20.584313
2020-06-23,NKE,7.0452833,7.2017683,6.9453055
2020-06-23,VZ,10.308327,10.357623,10.158744
2020-06-23,WMT,5.8822731,5.9338942,5.8290854
2020-06-24,AAPL,12.753404,12.98971,12.647477
2020-06-24,AMGN,15.029731,15.495731,15.069728
2020-06-24,CRM,6.4037105,6.6803196,6.3160132
2020-06-24,CSCO,14.515119,14.60649,14.373808
2020-06-24,IBM,28.445822,28.606179,28.274115
2020-06-24,INTC,15.82719,15.847646,15.640652
2020-06-24,MSFT,20.778787,21.167291,20.719409
2020-06-24,NKE,6.9696049,7.1305971,6.9732066
2020-06-24,VZ,10.328244,10.445962,10.271059
2020-06-24,WMT,5.8838162,5.9256635,5.8647355
2020-06-25,AAPL,12.670945,12.797003,12.602514
2020-06-25,AMGN,15.069288,15.178429,14.893144
2020-06-25,CRM,6.4533013,6.5279043,6.3447974
2020-06-25,CSCO,14.362313,14.531663,14.31995
2020-06-25,IBM,28.174956,28.485882,28.051017
2020-06-25,INTC,15.844333,15.873001,15.775277
2020-06-25,MSFT,20.604752,20.747906,20.629798
2020-06-25,NKE,6.8254313,6.9652578,6.8120267
2020-06-25,VZ,10.230129,10.31656,10.255068
2020-06-25,WMT,5.7586296,5.8064451,5.7686206
2020-06-26,AAPL,12.503506,12.671545,12.417696
2020-06-26,AMGN,14.851054,14.983153,14.75808
2020-06-26,CRM,6.285511,6.4593316,6.2303632
2020-06-26,CSCO,13.994647,14.011237,13.908846
2020-06-26,IBM,27.537432,27.886241,27.46809
2020-06-26,INTC,15.572523,15.670831,15.528379
2020-06-26,MSFT,20.059679,20.228744,19.969219
2020-06-26,NKE,6.7304965,6.8577119,6.7349928
2020-06-26,VZ,10.095705,10.11002,10.103725
2020-06-26,WMT,5.7279698,5.7612419,5.7246328
2020-06-29,AAPL,12.283074,12.546646,12.184383
2020-06-29,AMGN,14.551311,14.812295,14.479609
2020-06-29,CRM,6.0829111,6.335686,6.0310291
2020-06-29,CSCO,13.713911,13.969024,13.635444
2020-06-29,IBM,27.275428,27.672958,27.180451
2020-06-29,INTC,15.32238,15.488644,15.255134
2020-06-29,MSFT,19.50443,19.894674,19.650331
2020-06-29,NKE,6.5734065,6.7727963,6.5857687
2020-06-29,VZ,10.086106,10.172828,10.092909
2020-06-29,WMT,5.6542399,5.6906009,5.6486667
2020-06-30,AAPL,12.001043,12.249128,11.004135
2020-06-30,AMGN,14.358089,14.645367,13.984709
2020-06-30,CRM,5.742049,5.9864182,5.5264184
2020-06-30,CSCO,13.221132,13.476031,12.556599
2020-06-30,IBM,26.983626,27.321479,26.234381
2020-06-30,INTC,14.977859,15.242966,14.510035
2020-06-30,MSFT,19.064454,19.441013,18.416281
2020-06-30,NKE,6.3986437,6.5399116,6.1004834
2020-06-30,VZ,9.8858798,10.000549,9.3874716
2020-06-30,WMT,5.5498211,5.6052009,5.4340494
2020-07-01,AAPL,11.578994,12.123358,11.456882
2020-07-01,AMGN,14.052636,14.51546,14.014761
2020-07-01,CRM,5.5509758,5.8353951,5.4863035
2020-07-01,CSCO,12.78487,13.219007,12.651696
2020-07-01,IBM,26.164681,26.953865,26.092505
2020-07-01,INTC,14.482765,15.031882,14.370386
2020-07-01,MSFT,18.397902,19.137037,18.232556
2020-07-01,NKE,6.1914037,6.4003108,6.1453506
2020-07-01,VZ,9.6332868,9.9142649,9.5706934
2020-07-01,WMT,5.3999797,5.5483133,5.3835894
2020-07-02,AAPL,11.66957,11.857521,11.671442
2020-07-02,AMGN,13.841256,13.971242,13.811431
2020-07-02,CRM,5.510747,5.5870982,5.574093
2020-07-02,CSCO,12.905127,12.879079,12.906698
2020-07-02,IBM,26.235403,26.4263,26.354968
2020-07-02,INTC,14.486206,14.540138,14.545416
2020-07-02,MSFT,18.375107,18.358898,18.44798
2020-07-02,NKE,6.09854,6.1522771,6.1841191
2020-07-02,VZ,9.4262184,9.5124338,9.4806288
2020-07-02,WMT,5.3651531,5.3654505,5.3751893
2020-07-06,AAPL,11.5385,11.794155,11.414295
2020-07-06,AMGN,13.122994,13.336451,13.270169
2020-07-06,CRM,5.3255099,5.4189465,5.4072189
2020-07-06,CSCO,12.794304,12.673445,12.667822
2020-07-06,IBM,26.182396,26.205299,26.081565
2020-07-06,INTC,14.322634,14.351914,14.339505
2020-07-06,MSFT,17.991059,18.027453,17.959866
2020-07-06,NKE,6.0152959,6.0374436,6.0524743
2020-07-06,VZ,9.1842451,9.2511731,9.2075643
2020-07-06,WMT,5.305006,5.3050996,5.2912667
2020-07-07,AAPL,11.47611,11.648782,11.300758
2020-07-07,AMGN,12.778542,12.885998,12.66313
2020-07-07,CRM,5.0247939,5.1834636,5.1099097
2020-07-07,CSCO,12.525313,12.432857,12.422124
2020-07-07,IBM,26.223083,26.285073,26.242852
2020-07-07,INTC,14.294762,14.188768,14.247193
2020-07-07,MSFT,17.394962,17.387983,17.341034
2020-07-07,NKE,5.8050155,5.8532889,5.8521671
2020-07-07,VZ,9.0332295,9.07637,9.0609033
2020-07-07,WMT,5.2714129,5.2497051,5.2590648
2020-07-08,AAPL,11.234527,11.452339,11.046747
2020-07-08,AMGN,12.779628,12.725431,12.498238
2020-07-08,CRM,4.8993686,5.0148692,4.835163
2020-07-08,CSCO,12.229848,12.058973,12.087062
2020-07-08,IBM,26.202043,26.064597,26.027435
2020-07-08,INTC,14.1823,14.105302,14.133499
2020-07-08,MSFT,17.005171,16.996287,16.813482
2020-07-08,NKE,5.7330943,5.7352198,5.7582817
2020-07-08,VZ,8.8178097,8.9029015,8.802469
2020-07-08,WMT,5.2713719,5.1964899,5.2233093
2020-07-09,AAPL,11.036764,11.175019,10.741446
2020-07-09,AMGN,12.433417,12.545778,12.370183
2020-07-09,CRM,4.7197609,4.8684102,4.6826596
2020-07-09,CSCO,12.022809,11.891156,11.885229
2020-07-09,IBM,25.972457,26.099548,25.926307
2020-07-09,INTC,14.26712,14.124672,14.146158
2020-07-09,MSFT,16.685628,16.661886,16.441382
2020-07-09,NKE,5.6257538,5.6587508,5.6611268
2020-07-09,VZ,8.5360509,8.6452297,8.517764
2020-07-09,WMT,5.1738803,5.1631805,5.163776
2020-07-10,AAPL,11.046394,11.174331,10.973861
2020-07-10,AMGN,12.382142,12.439415,12.273646
2020-07-10,CRM,4.6893415,4.8047184,4.7061096
2020-07-10,CSCO,12.109239,11.931188,12.045111
2020-07-10,IBM,25.890148,26.084039,26.02167
2020-07-10,INTC,14.412876,14.402922,14.393889
2020-07-10,MSFT,16.58565,16.572407,16.486785
2020-07-10,NKE,5.4576117,5.5320375,5.5741358
2020-07-10,VZ,8.2048161,8.3549695,8.2669453
2020-07-10,WMT,5.1007724,5.1109993,5.103539
2020-07-13,AAPL,10.940651,11.132886,10.753556
2020-07-13,AMGN,11.890609,12.127246,11.845968
2020-07-13,CRM,4.5622509,4.7127562,4.5814264
2020-07-13,CSCO,11.92615,11.797243,11.826285
2020-07-13,IBM,25.574041,25.81108,25.602659
2020-07-13,INTC,14.309673,14.160957,14.265348
2020-07-13,MSFT,16.364973,16.479483,16.326139
2020-07-13,NKE,5.2985151,5.3359361,5.3537589
2020-07-13,VZ,7.9322858,8.0385478,7.957975
2020-07-13,WMT,4.993987,4.994062,4.9985865
2020-07-14,AAPL,10.627898,10.771812,10.174651
2020-07-14,AMGN,11.66687,11.74183,11.413888
2020-07-14,CRM,4.2707955,4.4562934,4.217376
2020-07-14,CSCO,11.46113,11.339367,11.215651
2020-07-14,IBM,24.984023,25.244966,24.818407
2020-07-14,INTC,14.144812,14.021332,13.873678
2020-07-14,MSFT,15.699707,15.719001,15.471138
2020-07-14,NKE,5.1249441,5.1462935,5.0719609
2020-07-14,VZ,7.7119193,7.8118838,7.6060595
2020-07-14,WMT,4.9012318,4.8957791,4.8434499
2020-07-15,AAPL,10.501499,10.731405,10.490254
2020-07-15,AMGN,11.465918,11.611627,11.477854
2020-07-15,CRM,4.2676604,4.3892509,4.2781126
2020-07-15,CSCO,11.463569,11.397929,11.443308
2020-07-15,IBM,24.878569,25.114806,25.020528
2020-07-15,INTC,14.200436,14.205325,14.151796
2020-07-15,MSFT,15.505701,15.506213,15.419855
2020-07-15,NKE,4.9953676,5.078049,5.0646265
2020-07-15,VZ,7.5056309,7.6339439,7.5587105
2020-07-15,WMT,4.8106616,4.8124084,4.807447
2020-07-16,AAPL,10.555241,10.601821,10.299098
2020-07-16,AMGN,11.336778,11.415797,11.188005
2020-07-16,CRM,4.1456489,4.2534003,4.125447
2020-07-16,CSCO,11.339055,11.183614,11.232533
2020-07-16,IBM,24.59806,24.873243,24.506475
2020-07-16,INTC,14.102957,14.017066,14.011832
2020-07-16,MSFT,15.348406,15.391675,15.22312
2020-07-16,NKE,4.8734798,4.9056338,4.8836902
2020-07-16,VZ,7.2243113,7.3255752,7.2710618
2020-07-16,WMT,4.7320247,4.7168326,4.7243444
2020-07-17,AAPL,10.388008,10.537923,10.182812
2020-07-17,AMGN,11.187734,11.258646,10.998915
2020-07-17,CRM,3.9416407,4.0856722,3.950982
2020-07-17,CSCO,11.149103,10.997048,11.031729
2020-07-17,IBM,24.425749,24.672114,24.303112
2020-07-17,INTC,14.094824,13.95541,13.878588
2020-07-17,MSFT,15.15015,15.146059,14.972699
2020-07-17,NKE,4.6736523,4.7220992,4.6940666
2020-07-17,VZ,7.0137306,7.1075438,6.9903515
2020-07-17,WMT,4.6389783,4.6289309,4.6042675
2020-07-20,AAPL,10.203198,10.383042,10.034964
2020-07-20,AMGN,10.822509,11.005949,10.795853
2020-07-20,CRM,3.7515086,3.8889149,3.7639506
2020-07-20,CSCO,11.054417,10.977205,10.919028
2020-07-20,IBM,24.236974,24.489347,24.172994
2020-07-20,INTC,14.119663,13.980565,13.934923
2020-07-20,MSFT,14.896464,14.851563,14.740546
2020-07-20,NKE,4.5435098,4.6229456,4.5501979
2020-07-20,VZ,6.892915,6.9509237,6.8599743
2020-07-20,WMT,4.631046,4.5993507,4.5732367
2020-07-21,AAPL,9.9869734,10.204474,9.8282149
2020-07-21,AMGN,10.643246,10.695567,10.545553
2020-07-21,CRM,3.5107247,3.6833299,3.5361429
2020-07-21,CSCO,10.934799,10.85688,10.802675
2020-07-21,IBM,24.233006,24.506272,24.082494
2020-07-21,INTC,14.085633,14.057299,13.991738
2020-07-21,MSFT,14.657494,14.744917,14.552986
2020-07-21,NKE,4.3649484,4.440319,4.3706243
2020-07-21,VZ,6.7018535,6.7929411,6.6858418
2020-07-21,WMT,4.6336033,4.5935162,4.5733755
2020-07-22,AAPL,9.8653838,10.076195,9.7110308
2020-07-22,AMGN,10.349698,10.479684,10.317429
2020-07-22,CRM,3.3796271,3.5008956,3.3647341
2020-07-22,CSCO,10.966416,10.901563,10.836779
2020-07-22,IBM,24.218004,24.411515,24.11378
2020-07-22,INTC,14.001941,13.941156,14.022886
2020-07-22,MSFT,14.503756,14.564495,14.431735
2020-07-22,NKE,4.1834775,4.2569813,4.2272408
2020-07-22,VZ,6.5390311,6.6104579,6.5570542
2020-07-22,WMT,4.6280397,4.5925232,4.5840324
2020-07-23,AAPL,9.5628385,9.7162033,9.2564879
2020-07-23,AMGN,9.835907,10.05366,9.8400296
2020-07-23,CRM,3.1593763,3.2917901,3.1676802
2020-07-23,CSCO,10.857671,10.777604,10.640088
2020-07-23,IBM,24.081516,24.241152,23.929041
2020-07-23,INTC,13.964692,13.869235,13.716787
2020-07-23,MSFT,14.238675,14.293056,14.106696
2020-07-23,NKE,4.0412955,4.1001386,4.0294483
2020-07-23,VZ,6.3619239,6.3918087,6.3122244
2020-07-23,WMT,4.5635119,4.5663043,4.5074986
2020-07-24,AAPL,9.415441,9.5766076,9.1610837
2020-07-24,AMGN,9.7112498,9.8371072,9.6090755
2020-07-24,CRM,3.1174566,3.2164201,3.0817361
2020-07-24,CSCO,10.946164,10.801024,10.697238
2020-07-24,IBM,24.006655,24.26241,23.849486
2020-07-24,INTC,14.105538,14.064493,13.850508
2020-07-24,MSFT,14.308483,14.272872,14.031566
2020-07-24,NKE,3.9594331,4.0142206,3.9619677
2020-07-24,VZ,6.259308,6.318106,6.2191526
2020-07-24,WMT,4.4237615,4.4679653,4.430799
2020-07-27,AAPL,9.1975757,9.3562772,9.0316158
2020-07-27,AMGN,9.8383884,9.8673538,9.6413711
2020-07-27,CRM,3.1306415,3.1812621,3.1058202
2020-07-27,CSCO,10.775266,10.749057,10.700196
2020-07-27,IBM,23.758848,23.946772,23.701617
2020-07-27,INTC,13.927274,13.911725,13.855855
2020-07-27,MSFT,14.132818,14.182173,13.990679
2020-07-27,NKE,3.9394613,3.9886639,3.9561596
2020-07-27,VZ,6.1477623,6.2127716,6.1293508
2020-07-27,WMT,4.3842904,4.3750225,4.3717837
2020-07-28,AAPL,9.2711391,9.34917,9.1290561
2020-07-28,AMGN,9.6324676,9.7066843,9.5581681
2020-07-28,CRM,3.0438337,3.0968313,3.0233299
2020-07-28,CSCO,10.730608,10.650484,10.586763
2020-07-28,IBM,23.398203,23.520377,23.262174
2020-07-28,INTC,13.853282,13.849519,13.784749
2020-07-28,MSFT,13.959605,14.005927,13.817851
2020-07-28,NKE,3.908625,3.924524,3.8887266
2020-07-28,VZ,6.0134401,6.057448,6.013633
2020-07-28,WMT,4.3484739,4.348644,4.3267077
2020-07-29,AAPL,9.1195048,9.3200694,9.082151
2020-07-29,AMGN,9.4743165,9.6469662,9.4309691
2020-07-29,CRM,2.9644983,3.0734958,2.9028401
2020-07-29,CSCO,10.36058,10.519065,10.313428
2020-07-29,IBM,22.776572,23.221843,22.774665
2020-07-29,INTC,13.443183,13.648388,13.449942
2020-07-29,MSFT,13.575031,13.874783,13.61363
2020-07-29,NKE,3.8264795,3.9468712,3.8426172
2020-07-29,VZ,5.9284678,5.9972919,5.9357549
2020-07-29,WMT,4.2871244,4.329296,4.2866476
2020-07-30,AAPL,9.0325716,9.1160242,8.546264
2020-07-30,AMGN,9.42936,9.5523723,9.2662792
2020-07-30,CRM,2.810066,2.9294627,2.7117194
2020-07-30,CSCO,10.02202,10.061465,9.7105086
2020-07-30,IBM,22.586456,22.811147,22.07091
2020-07-30,INTC,13.320335,13.41031,12.979413
2020-07-30,MSFT,13.264512,13.457452,12.952303
2020-07-30,NKE,3.7242169,3.784684,3.6389919
2020-07-30,VZ,5.8084904,5.8748088,5.6619547
2020-07-30,WMT,4.1911025,4.2503113,4.1450489
2020-07-31,AAPL,8.5845456,8.9655253,8.4873747
2020-07-31,AMGN,9.1275198,9.4394325,9.0961819
2020-07-31,CRM,2.6405706,2.7991671,2.5945723
2020-07-31,CSCO,9.5356382,9.8646632,9.4442298
2020-07-31,IBM,21.773175,22.415534,21.662876
2020-07-31,INTC,12.852073,13.363257,12.775198
2020-07-31,MSFT,12.616386,13.035219,12.532155
2020-07-31,NKE,3.5968293,3.7068977,3.5693639
2020-07-31,VZ,5.6032109,5.751774,5.554859
2020-07-31,WMT,4.07716,4.172018,4.0633865
2020-08-03,AAPL,8.6642354,8.7504325,8.6542006
2020-08-03,AMGN,9.0868235,9.0729988,9.0096236
2020-08-03,CRM,2.6614685,2.6951834,2.6820804
2020-08-03,CSCO,9.6536874,9.5948305,9.6367297
2020-08-03,IBM,22.03882,22.051874,22.121804
2020-08-03,INTC,12.958013,12.949177,12.985961
2020-08-03,MSFT,12.719341,12.697237,12.749737
2020-08-03,NKE,3.5831968,3.5963988,3.6248465
2020-08-03,VZ,5.5583828,5.5789622,5.5552954
2020-08-03,WMT,4.0933851,4.0698572,4.0839493
2020-08-04,AAPL,8.5285831,8.6867378,8.505514
2020-08-04,AMGN,8.6800367,8.7911492,8.7626007
2020-08-04,CRM,2.5912585,2.6188707,2.6092728
2020-08-04,CSCO,9.5867596,9.4855242,9.5266861
2020-08-04,IBM,21.708552,21.815493,21.668826
2020-08-04,INTC,12.753114,12.692715,12.823119
2020-08-04,MSFT,12.349191,12.38666,12.356855
2020-08-04,NKE,3.5478479,3.5479604,3.5682237
2020-08-04,VZ,5.4113192,5.4325172,5.4297969
2020-08-04,WMT,4.0531141,4.0270807,4.0441231
2020-08-05,AAPL,8.3992009,8.5549513,8.2503301
2020-08-05,AMGN,8.4706666,8.5247273,8.3717822
2020-08-05,CRM,2.4424151,2.5210923,2.4659742
2020-08-05,CSCO,9.408021,9.2605665,9.2403712
2020-08-05,IBM,21.599147,21.604564,21.443854
2020-08-05,INTC,12.680773,12.547138,12.583424
2020-08-05,MSFT,12.03591,12.018017,11.925542
2020-08-05,NKE,3.4220566,3.4404278,3.4313356
2020-08-05,VZ,5.3566632,5.3537347,5.3335223
2020-08-05,WMT,4.0297809,3.9888985,3.9877273
2020-08-06,AAPL,8.2669495,8.3875162,8.1674508
2020-08-06,AMGN,8.2964367,8.389299,8.2506662
2020-08-06,CRM,2.3888417,2.442531,2.3737979
2020-08-06,CSCO,9.3351107,9.2103717,9.1890171
2020-08-06,IBM,21.441956,21.515651,21.360845
2020-08-06,INTC,12.88522,12.769121,12.781309
2020-08-06,MSFT,11.891174,11.891547,11.715345
2020-08-06,NKE,3.3504239,3.3920416,3.3862866
2020-08-06,VZ,5.2402512,5.2850381,5.238523
2020-08-06,WMT,3.9663431,3.9733882,3.9451483
2020-08-07,AAPL,8.1823595,8.3098743,8.1082823
2020-08-07,AMGN,8.1346576,8.2169758,8.0936139
2020-08-07,CRM,2.3553594,2.4100198,2.3525072
2020-08-07,CSCO,9.358257,9.1701259,9.2761188
2020-08-07,IBM,21.391206,21.548721,21.443744
2020-08-07,INTC,13.075147,12.941066,13.103063
2020-08-07,MSFT,11.805572,11.789124,11.749067
2020-08-07,NKE,3.22945,3.2783783,3.2843316
2020-08-07,VZ,5.1169867,5.1651809,5.1320089
2020-08-07,WMT,3.8979007,3.8975859,3.8923444
2020-08-10,AAPL,8.0729962,8.1632228,7.9213474
2020-08-10,AMGN,7.8452203,8.0243446,7.8068177
2020-08-10,CRM,2.2642046,2.3321013,2.2528981
2020-08-10,CSCO,9.2212188,9.0362213,9.0905679
2020-08-10,IBM,20.921425,21.139161,20.848951
2020-08-10,INTC,13.103829,12.994147,12.96759
2020-08-10,MSFT,11.590297,11.669642,11.457588
2020-08-10,NKE,3.1139419,3.1518934,3.1293405
2020-08-10,VZ,4.9537724,4.9975966,4.9364319
2020-08-10,WMT,3.7927733,3.8006693,3.7772859
2020-08-11,AAPL,7.7813053,7.9795667,7.7067589
2020-08-11,AMGN,7.5755635,7.7204198,7.5554348
2020-08-11,CRM,2.1274352,2.2023247,2.14244
2020-08-11,CSCO,9.0476658,8.947968,8.9516195
2020-08-11,IBM,20.679234,20.872056,20.634738
2020-08-11,INTC,13.006746,12.919762,12.936647
2020-08-11,MSFT,11.20724,11.276355,11.152768
2020-08-11,NKE,3.0036841,3.0393683,3.0213612
2020-08-11,VZ,4.84269,4.8864033,4.8029503
2020-08-11,WMT,3.7484648,3.749035,3.718855
2020-08-12,AAPL,7.689514,7.8196772,7.6035848
2020-08-12,AMGN,7.3692702,7.5221829,7.3862285
2020-08-12,CRM,2.1282773,2.1439734,2.0996805
2020-08-12,CSCO,9.0843586,8.9512463,8.9974922
2020-08-12,IBM,20.470396,20.705513,20.52968
2020-08-12,INTC,13.082198,13.083851,13.062855
2020-08-12,MSFT,11.063952,11.036103,11.0259
2020-08-12,NKE,2.9539493,2.9681538,2.978138
2020-08-12,VZ,4.6880746,4.7646247,4.6991294
2020-08-12,WMT,3.6782839,3.6802229,3.6667713
2020-08-13,AAPL,7.4675623,7.6204805,7.4095269
2020-08-13,AMGN,7.2824901,7.3597034,7.2082984
2020-08-13,CRM,2.0889158,2.126582,2.0835173
2020-08-13,CSCO,8.9615574,8.8232766,8.9014917
2020-08-13,IBM,20.108878,20.34499,20.162472
2020-08-13,INTC,12.93276,12.949816,12.939043
2020-08-13,MSFT,10.822115,10.912298,10.824664
2020-08-13,NKE,2.8809349,2.9186821,2.9213492
2020-08-13,VZ,4.5798173,4.65812,4.5755198
2020-08-13,WMT,3.5978369,3.6166011,3.5894889
2020-08-14,AAPL,7.3665391,7.4774085,7.2406004
2020-08-14,AMGN,7.1678317,7.3168764,7.0755209
2020-08-14,CRM,2.0476473,2.0887875,2.0248877
2020-08-14,CSCO,8.851382,8.7208663,8.7829956
2020-08-14,IBM,19.740327,19.932088,19.743629
2020-08-14,INTC,12.91488,12.852764,12.867476
2020-08-14,MSFT,10.610051,10.607746,10.512672
2020-08-14,NKE,2.8173391,2.8336965,2.8249509
2020-08-14,VZ,4.4565508,4.5037902,4.421976
2020-08-14,WMT,3.5120045,3.5108477,3.4856808
2020-08-17,AAPL,7.1740425,7.3525331,7.0647998
2020-08-17,AMGN,6.918619,7.0970748,6.8822391
2020-08-17,CRM,1.9468785,2.003092,1.9385749
2020-08-17,CSCO,8.6989575,8.5978441,8.5841941
2020-08-17,IBM,19.394062,19.552077,19.388575
2020-08-17,INTC,12.770033,12.705048,12.660535
2020-08-17,MSFT,10.449414,10.455604,10.352347
2020-08-17,NKE,2.7701491,2.7792657,2.7788215
2020-08-17,VZ,4.3857213,4.4167767,4.3466524
2020-08-17,WMT,3.473048,3.4542157,3.4426231
2020-08-18,AAPL,7.1419594,7.2802614,7.1402234
2020-08-18,AMGN,6.7672581,6.8941761,6.7938686
2020-08-18,CRM,1.8841877,1.9244616,1.8938842
2020-08-18,CSCO,8.6598619,8.575564,8.6190011
2020-08-18,IBM,18.936154,19.162997,19.07645
2020-08-18,INTC,12.708045,12.697056,12.729746
2020-08-18,MSFT,10.199632,10.240258,10.227578
2020-08-18,NKE,2.6966026,2.7278874,2.7223849
2020-08-18,VZ,4.2997818,4.3596443,4.2903974
2020-08-18,WMT,3.4361258,3.4301224,3.4109318
2020-08-19,AAPL,6.9892142,7.1794457,6.9424087
2020-08-19,AMGN,6.7632415,6.8184182,6.6872412
2020-08-19,CRM,1.8338127,1.8672951,1.837393
2020-08-19,CSCO,8.7324285,8.6313934,8.6445317
2020-08-19,IBM,18.855643,18.988281,18.831218
2020-08-19,INTC,12.675183,12.674808,12.698228
2020-08-19,MSFT,10.134289,10.1651,10.107835
2020-08-19,NKE,2.6226919,2.6450022,2.6492808
2020-08-19,VZ,4.2271046,4.261439,4.2340349
2020-08-19,WMT,3.4538036,3.4182323,3.4104777
2020-08-20,AAPL,6.7946513,6.9584377,6.6225424
2020-08-20,AMGN,6.475385,6.6384343,6.4596404
2020-08-20,CRM,1.6968893,1.7525397,1.6775012
2020-08-20,CSCO,8.5922137,8.5202693,8.4473719
2020-08-20,IBM,18.552703,18.62473,18.4461
2020-08-20,INTC,12.567929,12.467874,12.429589
2020-08-20,MSFT,9.9171214,9.9859097,9.8678645
2020-08-20,NKE,2.5428921,2.5722712,2.5309144
2020-08-20,VZ,4.174321,4.1852577,4.1236167
2020-08-20,WMT,3.435954,3.4148263,3.3922997
2020-08-21,AAPL,6.5902069,6.7543931,6.3724504
2020-08-21,AMGN,6.2886182,6.4421977,6.2068556
2020-08-21,CRM,1.6135281,1.6748087,1.5999248
2020-08-21,CSCO,8.571942,8.568694,8.364508
2020-08-21,IBM,18.443552,18.528717,18.226473
2020-08-21,INTC,12.635897,12.585967,12.413045
2020-08-21,MSFT,9.7941477,9.8299203,9.6154927
2020-08-21,NKE,2.4793724,2.5025391,2.4591765
2020-08-21,VZ,4.1027786,4.1089959,4.0336837
2020-08-21,WMT,3.3755273,3.4040381,3.3402955
2020-08-24,AAPL,6.4869531,6.6040887,6.4314437
2020-08-24,AMGN,6.2505867,6.3824207,6.1876572
2020-08-24,CRM,1.6302087,1.6658117,1.618485
2020-08-24,CSCO,8.6685326,8.6276463,8.5641395
2020-08-24,IBM,18.452637,18.65918,18.43956
2020-08-24,INTC,12.757048,12.852457,12.75761
2020-08-24,MSFT,9.8752242,9.9393497,9.7667883
2020-08-24,NKE,2.4646746,2.4960473,2.4858065
2020-08-24,VZ,4.0465931,4.0956808,4.0389446
2020-08-24,WMT,3.312877,3.3511469,3.3135164
2020-08-25,AAPL,6.4427026,6.4849696,6.3914193
2020-08-25,AMGN,6.3241212,6.3404355,6.2035743
2020-08-25,CRM,1.6687718,1.6677114,1.6394075
2020-08-25,CSCO,8.6215544,8.5627532,8.5571729
2020-08-25,IBM,18.182726,18.370629,18.140126
2020-08-25,INTC,12.575278,12.577993,12.517662
2020-08-25,MSFT,9.8149358,9.815956,9.7664415
2020-08-25,NKE,2.4552351,2.465264,2.462715
2020-08-25,VZ,3.9889432,4.0060805,3.9894777
2020-08-25,WMT,3.2311886,3.2460403,3.2400911
2020-08-26,AAPL,6.4145131,6.4760981,6.3551342
2020-08-26,AMGN,6.1932148,6.2815082,6.1382444
2020-08-26,CRM,1.6165254,1.64657,1.6095256
2020-08-26,CSCO,8.3654762,8.3939226,8.2958513
2020-08-26,IBM,17.627851,17.864499,17.572222
2020-08-26,INTC,12.155631,12.202564,12.125676
2020-08-26,MSFT,9.5108389,9.574046,9.4463455
2020-08-26,NKE,2.4109621,2.4382973,2.4037955
2020-08-26,VZ,3.9016525,3.9188868,3.8972016
2020-08-26,WMT,3.214026,3.2263318,3.2029621
2020-08-27,AAPL,6.334329,6.4261309,6.2742924
2020-08-27,AMGN,6.0347222,6.1919546,6.0191419
2020-08-27,CRM,1.5451916,1.605434,1.5204419
2020-08-27,CSCO,8.2074912,8.3377576,8.1206554
2020-08-27,IBM,17.24186,17.469971,17.131798
2020-08-27,INTC,11.937334,12.083839,11.850154
2020-08-27,MSFT,9.2099607,9.4494441,9.168576
2020-08-27,NKE,2.3442119,2.4024603,2.3362558
2020-08-27,VZ,3.8831763,3.916155,3.880031
2020-08-27,WMT,3.1694498,3.1921429,3.1515533
2020-08-28,AAPL,6.2356822,6.3276868,5.7997491
2020-08-28,AMGN,5.9776955,6.0867178,5.8272627
2020-08-28,CRM,1.4387263,1.5051202,1.3859024
2020-08-28,CSCO,7.9537335,8.0805175,7.6369076
2020-08-28,IBM,17.125748,17.273213,16.666106
2020-08-28,INTC,11.77553,11.95907,11.496817
2020-08-28,MSFT,8.9899914,9.14783,8.7017528
2020-08-28,NKE,2.2809802,2.3283761,2.2107421
2020-08-28,VZ,3.8290721,3.850387,3.6826627
2020-08-28,WMT,3.1028288,3.1379332,3.0541699
2020-08-31,AAPL,6.0511629,6.2809722,5.9793683
2020-08-31,AMGN,5.8070126,6.0336199,5.7956861
2020-08-31,CRM,1.3922913,1.4624368,1.3681325
2020-08-31,CSCO,7.7297355,7.9658918,7.6371305
2020-08-31,IBM,16.657876,17.112465,16.607645
2020-08-31,INTC,11.406892,11.818811,11.326333
2020-08-31,MSFT,8.6812887,8.9569172,8.5826968
2020-08-31,NKE,2.2104065,2.2799513,2.1931427
2020-08-31,VZ,3.7185016,3.8244681,3.6881194
2020-08-31,WMT,3.0319688,3.1130185,3.0247255
2020-09-01,AAPL,6.0755014,6.1559648,6.01703
2020-09-01,AMGN,5.7282789,5.7704547,5.700976
2020-09-01,CRM,1.3933832,1.4173945,1.3910409
2020-09-01,CSCO,7.8206869,7.7887458,7.7746103
2020-09-01,IBM,16.719913,16.806209,16.666474
2020-09-01,INTC,11.416145,11.472657,11.417061
2020-09-01,MSFT,8.6894103,8.7123815,8.6885899
2020-09-01,NKE,2.1924606,2.209734,2.2023126
2020-09-01,VZ,3.680321,3.6977863,3.6803912
2020-09-01,WMT,3.0522203,3.0425458,3.0350925
2020-09-02,AAPL,5.9801118,6.1387764,5.9585577
2020-09-02,AMGN,5.4794993,5.6056728,5.5316984
2020-09-02,CRM,1.3191154,1.3629532,1.3348732
2020-09-02,CSCO,7.8198554,7.7492366,7.7576069
2020-09-02,IBM,16.764025,16.836912,16.624695
2020-09-02,INTC,11.37817,11.347092,11.438142
2020-09-02,MSFT,8.6084104,8.6303578,8.592355
2020-09-02,NKE,2.1300186,2.1464037,2.1540159
2020-09-02,VZ,3.604386,3.6149084,3.6095374
2020-09-02,WMT,3.0468191,3.0233584,3.0259927
2020-09-03,AAPL,5.985849,6.0362698,5.933502
2020-09-03,AMGN,5.2574602,5.3778861,5.2859743
2020-09-03,CRM,1.2912047,1.3131425,1.2906011
2020-09-03,CSCO,7.8410302,7.7277857,7.7529835
2020-09-03,IBM,16.759285,16.769684,16.693343
2020-09-03,INTC,11.530402,11.388326,11.492191
2020-09-03,MSFT,8.596939,8.537431,8.5083999
2020-09-03,NKE,2.0780866,2.094062,2.104499
2020-09-03,VZ,3.553212,3.5634236,3.5561156
2020-09-03,WMT,3.0105356,2.999506,3.0096367
2020-09-04,AAPL,5.8401273,5.9108519,5.8099005
2020-09-04,AMGN,5.1945036,5.2198185,5.1495668
2020-09-04,CRM,1.2650772,1.2858947,1.2648419
2020-09-04,CSCO,7.8116419,7.6770959,7.751114
2020-09-04,IBM,16.655454,16.705905,16.60177
2020-09-04,INTC,11.585203,11.465766,11.606692
2020-09-04,MSFT,8.5115953,8.5437154,8.4689892
2020-09-04,NKE,2.0261583,2.0491758,2.0532141
2020-09-04,VZ,3.489921,3.5249209,3.5045416
2020-09-04,WMT,2.9877016,2.9772009,2.9742734
2020-09-08,AAPL,5.7118038,5.8203304,5.6719933
2020-09-08,AMGN,5.0628116,5.1261078,5.0488609
2020-09-08,CRM,1.2369437,1.2540473,1.2351766
2020-09-08,CSCO,7.7195647,7.5809713,7.6750529
2020-09-08,IBM,16.404564,16.547071,16.427423
2020-09-08,INTC,11.538741,11.47725,11.569105
2020-09-08,MSFT,8.4118564,8.4102625,8.3651368
2020-09-08,NKE,1.9496564,1.9768901,1.982378
2020-09-08,VZ,3.3892811,3.4332331,3.4039431
2020-09-08,WMT,2.9136443,2.9237219,2.9115324
2020-09-09,AAPL,5.5630113,5.6525886,5.4346011
2020-09-09,AMGN,4.9058214,4.9806268,4.8622804
2020-09-09,CRM,1.1865496,1.2154157,1.1883163
2020-09-09,CSCO,7.5783233,7.4327579,7.4887366
2020-09-09,IBM,16.142147,16.269978,16.083648
2020-09-09,INTC,11.457724,11.350481,11.365776
2020-09-09,MSFT,8.2365826,8.2276195,8.1688674
2020-09-09,NKE,1.8948482,1.9087825,1.9045006
2020-09-09,VZ,3.2671928,3.2792308,3.2526895
2020-09-09,WMT,2.8427262,2.8557477,2.8257826
2020-09-10,AAPL,5.4409604,5.5390619,5.3932086
2020-09-10,AMGN,4.7910879,4.8592457,4.761874
2020-09-10,CRM,1.1504541,1.1674664,1.1603395
2020-09-10,CSCO,7.5245395,7.4204285,7.4552054
2020-09-10,IBM,16.010945,16.131855,15.970895
2020-09-10,INTC,11.41865,11.357119,11.354938
2020-09-10,MSFT,8.1295911,8.114592,8.0629862
2020-09-10,NKE,1.8451557,1.8559438,1.8603208
2020-09-10,VZ,3.1811281,3.2095153,3.1727951
2020-09-10,WMT,2.7992271,2.8061983,2.7810131
2020-09-11,AAPL,5.3508543,5.421052,5.3182699
2020-09-11,AMGN,4.7296689,4.7913385,4.6838269
2020-09-11,CRM,1.1133864,1.1254319,1.1190276
2020-09-11,CSCO,7.4900708,7.3694334,7.4431836
2020-09-11,IBM,15.796646,15.943387,15.831756
2020-09-11,INTC,11.37036,11.33047,11.366772
2020-09-11,MSFT,8.0247144,8.0412859,7.9825882
2020-09-11,NKE,1.8013968,1.8230268,1.8165873
2020-09-11,VZ,3.0952124,3.127346,3.1016514
2020-09-11,WMT,2.7616371,2.7602019,2.7367213
2020-09-14,AAPL,5.2111194,5.3226875,5.1587265
2020-09-14,AMGN,4.6248908,4.703318,4.5815276
2020-09-14,CRM,1.0802215,1.1008725,1.0773007
2020-09-14,CSCO,7.3915652,7.3085954,7.3274638
2020-09-14,IBM,15.591913,15.735731,15.551039
2020-09-14,INTC,11.273771,11.223452,11.209333
2020-09-14,MSFT,7.8935762,7.9379683,7.8178677
2020-09-14,NKE,1.741352,1.7607562,1.7505902
2020-09-14,VZ,3.0216197,3.0491916,3.0254368
2020-09-14,WMT,2.7155572,2.7133211,2.6916997
2020-09-15,AAPL,5.1108769,5.1843242,4.9460667
2020-09-15,AMGN,4.5198205,4.5835988,4.4480046
2020-09-15,CRM,1.0180093,1.0497649,1.0077818
2020-09-15,CSCO,7.2983979,7.1878258,7.1763992
2020-09-15,IBM,15.423694,15.53403,15.358544
2020-09-15,INTC,11.272533,11.137945,11.132114
2020-09-15,MSFT,7.7531908,7.7590136,7.6293983
2020-09-15,NKE,1.6938937,1.7025396,1.6821126
2020-09-15,VZ,2.9610377,2.9622068,2.9185426
2020-09-15,WMT,2.6828019,2.6766545,2.645597
2020-09-16,AAPL,5.0280284,5.1307029,4.9668462
2020-09-16,AMGN,4.4086271,4.4904767,4.4245302
2020-09-16,CRM,0.99133603,1.0162554,0.99368502
2020-09-16,CSCO,7.3432725,7.248947,7.2628722
2020-09-16,IBM,15.429413,15.517898,15.382534
2020-09-16,INTC,11.394143,11.299424,11.273169
2020-09-16,MSFT,7.7444416,7.7409043,7.6364746
2020-09-16,NKE,1.6595866,1.6786618,1.6688595
2020-09-16,VZ,2.9300543,2.9455949,2.9148486
2020-09-16,WMT,2.6767831,2.6651451,2.6434365
2020-09-17,AAPL,4.936156,5.0123666,4.8996724
2020-09-17,AMGN,4.3088377,4.3529102,4.2807527
2020-09-17,CRM,0.95745237,0.97369512,0.95815134
2020-09-17,CSCO,7.2732956,7.1741568,7.1993831
2020-09-17,IBM,15.212633,15.332838,15.188933
2020-09-17,INTC,11.409554,11.319439,11.367616
2020-09-17,MSFT,7.5694926,7.6243223,7.5321501
2020-09-17,NKE,1.5992876,1.6233172,1.602449
2020-09-17,VZ,2.8665545,2.9017305,2.8584966
2020-09-17,WMT,2.6398798,2.6367574,2.6125882
2020-09-18,AAPL,4.8250564,4.9472996,4.7895412
2020-09-18,AMGN,4.2714835,4.3230941,4.2086678
2020-09-18,CRM,0.91817024,0.94059942,0.92281264
2020-09-18,CSCO,7.2501552,7.2034985,7.1951663
2020-09-18,IBM,15.125019,15.287206,15.049763
2020-09-18,INTC,11.389356,11.404005,11.389215
2020-09-18,MSFT,7.4676279,7.5489825,7.4410569
2020-09-18,NKE,1.5491281,1.5771465,1.5557903
2020-09-18,VZ,2.8229209,2.8425796,2.8169812
2020-09-18,WMT,2.6443441,2.631173,2.6134665
2020-09-21,AAPL,4.7022923,4.8125482,4.5481492
2020-09-21,AMGN,4.1733109,4.2446694,4.1113177
2020-09-21,CRM,0.85716018,0.88622661,0.8510366
2020-09-21,CSCO,7.1434126,7.062978,7.002489
2020-09-21,IBM,14.957343,15.064121,14.86016
2020-09-21,INTC,11.378934,11.283036,11.271167
2020-09-21,MSFT,7.3640118,7.3986889,7.2906259
2020-09-21,NKE,1.4926096,1.5126669,1.4880245
2020-09-21,VZ,2.7594354,2.7748371,2.7380475
2020-09-21,WMT,2.6330773,2.6269198,2.5962271
2020-09-22,AAPL,4.5252755,4.6497051,4.363442
2020-09-22,AMGN,3.9940246,4.1288412,3.9798989
2020-09-22,CRM,0.80519947,0.84546286,0.8022422
2020-09-22,CSCO,6.9972372,7.0363306,6.8394079
2020-09-22,IBM,14.816079,14.97781,14.69814
2020-09-22,INTC,11.351713,11.348793,11.138113
2020-09-22,MSFT,7.2891937,7.3584925,7.1539224
2020-09-22,NKE,1.4455443,1.4713926,1.4381287
2020-09-22,VZ,2.7162762,2.7343902,2.667174
2020-09-22,WMT,2.5852733,2.6054486,2.5578385
2020-09-23,AAPL,4.4538105,4.5442166,4.4024876
2020-09-23,AMGN,3.9046946,4.0037115,3.8636724
2020-09-23,CRM,0.7907868,0.8159543,0.78649062
2020-09-23,CSCO,6.9960291,6.9707062,6.9072886
2020-09-23,IBM,14.802572,14.918921,14.770754
2020-09-23,INTC,11.424514,11.44657,11.348724
2020-09-23,MSFT,7.2968772,7.3492164,7.1789405
2020-09-23,NKE,1.4231713,1.4375379,1.4289135
2020-09-23,VZ,2.6758929,2.7017899,2.6518532
2020-09-23,WMT,2.547927,2.5615407,2.5462352
2020-09-24,AAPL,4.3694356,4.4402431,4.3593689
2020-09-24,AMGN,3.8704334,3.9091308,3.8455716
2020-09-24,CRM,0.79560196,0.80422567,0.79158213
2020-09-24,CSCO,7.0174325,6.9608541,6.951177
2020-09-24,IBM,14.614288,14.71669,14.559155
2020-09-24,INTC,11.472328,11.436786,11.414514
2020-09-24,MSFT,7.348271,7.3726523,7.3015418
2020-09-24,NKE,1.4014645,1.4125854,1.4133987
2020-09-24,VZ,2.6379452,2.6564384,2.6369225
2020-09-24,WMT,2.4848903,2.4976202,2.4947812
2020-09-25,AAPL,4.352921,4.4139665,4.3155663
2020-09-25,AMGN,3.7893614,3.859178,3.7689074
2020-09-25,CRM,0.77716817,0.78667501,0.78312492
2020-09-25,CSCO,6.9174908,6.915115,6.9055468
2020-09-25,IBM,14.201098,14.402044,14.202695
2020-09-25,INTC,11.19078,11.172604,11.254995
2020-09-25,MSFT,7.2573008,7.3131091,7.2347215
2020-09-25,NKE,1.3728486,1.3918306,1.3830164
2020-09-25,VZ,2.5897694,2.6051908,2.5882954
2020-09-25,WMT,2.4837732,2.4881936,2.472109
2020-09-28,AAPL,4.2445022,4.3457617,4.21669
2020-09-28,AMGN,3.6954713,3.8028384,3.661544
2020-09-28,CRM,0.7378381,0.76444866,0.73720085
2020-09-28,CSCO,6.7652019,6.8140646,6.7243467
2020-09-28,IBM,13.85789,14.075356,13.780179
2020-09-28,INTC,10.988473,11.024023,10.992472
2020-09-28,MSFT,7.1003033,7.2320523,7.074754
2020-09-28,NKE,1.3365937,1.3667623,1.3354925
2020-09-28,VZ,2.5718681,2.5884495,2.5770783
2020-09-28,WMT,2.4488537,2.4708308,2.4383741
2020-09-29,AAPL,4.1435813,4.2226519,3.9034165
2020-09-29,AMGN,3.619399,3.6994709,3.5492625
2020-09-29,CRM,0.67747,0.70938058,0.65899671
2020-09-29,CSCO,6.5236699,6.6081386,6.3046322
2020-09-29,IBM,13.691671,13.863564,13.417716
2020-09-29,INTC,10.839982,10.918895,10.557265
2020-09-29,MSFT,6.9221106,7.0345406,6.7368681
2020-09-29,NKE,1.2927314,1.3180215,1.2604531
2020-09-29,VZ,2.5369809,2.5467957,2.448271
2020-09-29,WMT,2.3959132,2.4331637,2.3628773
2020-09-30,AAPL,4.0379132,4.1862139,3.9880711
2020-09-30,AMGN,3.5123381,3.6614069,3.5055417
2020-09-30,CRM,0.66633069,0.69211593,0.65383309
2020-09-30,CSCO,6.3810077,6.54796,6.3250098
2020-09-30,IBM,13.367873,13.696976,13.315277
2020-09-30,INTC,10.59605,10.920677,10.546834
2020-09-30,MSFT,6.7140869,6.9023647,6.6644817
2020-09-30,NKE,1.2534686,1.2896245,1.2500541
2020-09-30,VZ,2.4631512,2.5229635,2.4583376
2020-09-30,WMT,2.344467,2.4079713,2.338157
2020-10-01,AAPL,4.0644488,4.0919071,4.0545285
2020-10-01,AMGN,3.5043785,3.5077594,3.4716932
2020-10-01,CRM,0.67721331,0.68754692,0.67895159
2020-10-01,CSCO,6.4503183,6.3994669,6.4354686
2020-10-01,IBM,13.421196,13.483356,13.466397
2020-10-01,INTC,10.662079,10.694371,10.681832
2020-10-01,MSFT,6.7739761,6.738358,6.7702163
2020-10-01,NKE,1.2466375,1.2502546,1.2603437
2020-10-01,VZ,2.4441251,2.4536343,2.4437332
2020-10-01,WMT,2.3579291,2.3502203,2.3562364
2020-10-02,AAPL,3.9920291,4.0552978,4.023106
2020-10-02,AMGN,3.3445234,3.4001725,3.3723211
2020-10-02,CRM,0.65509341,0.66651736,0.66198654
2020-10-02,CSCO,6.3751458,6.2951567,6.3520399
2020-10-02,IBM,13.236611,13.321978,13.265791
2020-10-02,INTC,10.493937,10.458408,10.587625
2020-10-02,MSFT,6.5966109,6.6474109,6.6079992
2020-10-02,NKE,1.2287044,1.2283994,1.2365196
2020-10-02,VZ,2.3778111,2.3895001,2.3889164
2020-10-02,WMT,2.3397042,2.329023,2.3341945
2020-10-05,AAPL,3.9211367,3.977193,3.8914472
2020-10-05,AMGN,3.1771864,3.2520623,3.166538
2020-10-05,CRM,0.62392777,0.63995006,0.62388244
2020-10-05,CSCO,6.288743,6.1858754,6.2274101
2020-10-05,IBM,13.222045,13.246628,13.186449
2020-10-05,INTC,10.435263,10.367423,10.396488
2020-10-05,MSFT,6.4389315,6.4326116,6.4143156
2020-10-05,NKE,1.1979321,1.2009643,1.1986491
2020-10-05,VZ,2.3377623,2.330726,2.3343458
2020-10-05,WMT,2.3478188,2.3118862,2.3231151
2020-10-06,AAPL,3.8920183,3.9102219,3.831633
2020-10-06,AMGN,3.075153,3.1128378,3.0611122
2020-10-06,CRM,0.61685965,0.62507576,0.60702146
2020-10-06,CSCO,6.2331153,6.07867,6.1463176
2020-10-06,IBM,13.109941,13.116897,13.081134
2020-10-06,INTC,10.588329,10.452722,10.46518
2020-10-06,MSFT,6.3520301,6.3226897,6.2802596
2020-10-06,NKE,1.1684864,1.1740039,1.1687539
2020-10-06,VZ,2.2770542,2.2880752,2.2705862
2020-10-06,WMT,2.3052912,2.3038117,2.2962184
2020-10-07,AAPL,3.7596111,3.8533064,3.7700927
2020-10-07,AMGN,2.9916394,3.0458741,2.9887407
2020-10-07,CRM,0.59611051,0.61425219,0.59846088
2020-10-07,CSCO,6.1161596,6.0385451,6.0941407
2020-10-07,IBM,13.017199,13.096808,13.032101
2020-10-07,INTC,10.536643,10.53715,10.568008
2020-10-07,MSFT,6.2120361,6.2656033,6.2124864
2020-10-07,NKE,1.1364579,1.1515271,1.1477931
2020-10-07,VZ,2.2292356,2.2457982,2.228229
2020-10-07,WMT,2.3065026,2.2859221,2.2877313
2020-10-08,AAPL,3.7354498,3.7617492,3.6479879
2020-10-08,AMGN,2.8955451,2.9406758,2.8731007
2020-10-08,CRM,0.5753275,0.58726091,0.5681235
2020-10-08,CSCO,6.0055694,5.893863,5.9487046
2020-10-08,IBM,12.837352,12.910886,12.811178
2020-10-08,INTC,10.562995,10.481547,10.477728
2020-10-08,MSFT,6.0897221,6.0826183,6.0453244
2020-10-08,NKE,1.1022121,1.106822,1.1052735
2020-10-08,VZ,2.1558858,2.1708893,2.1571038
2020-10-08,WMT,2.2572172,2.2563686,2.2496743
2020-10-09,AAPL,3.67303,3.7738283,3.6687296
2020-10-09,AMGN,2.7919566,2.8665801,2.7991407
2020-10-09,CRM,0.56042515,0.57606815,0.56231828
2020-10-09,CSCO,5.9764361,5.9151859,5.9461083
2020-10-09,IBM,12.847532,12.935412,12.839934
2020-10-09,INTC,10.548336,10.507618,10.522397
2020-10-09,MSFT,6.0245662,6.0593881,5.9932764
2020-10-09,NKE,1.0714519,1.0866493,1.0813836
2020-10-09,VZ,2.1197671,2.129908,2.1186582
2020-10-09,WMT,2.230242,2.2220393,2.2133646
2020-10-12,AAPL,3.6452778,3.6815563,3.6136205
2020-10-12,AMGN,2.6892202,2.745784,2.6783529
2020-10-12,CRM,0.54176649,0.55216296,0.53703639
2020-10-12,CSCO,5.8870324,5.8052424,5.8283106
2020-10-12,IBM,12.671247,12.774569,12.668142
2020-10-12,INTC,10.508576,10.473523,10.452603
2020-10-12,MSFT,5.8874011,5.8711217,5.8370888
2020-10-12,NKE,1.046672,1.0519581,1.0457902
2020-10-12,VZ,2.0700555,2.0830137,2.0664681
2020-10-12,WMT,2.2028996,2.1901452,2.1849342
2020-10-13,AAPL,3.5794932,3.6532703,3.5805967
2020-10-13,AMGN,2.6633223,2.7021843,2.6358934
2020-10-13,CRM,0.52917327,0.54122528,0.52873992
2020-10-13,CSCO,5.9109801,5.8119146,5.8655496
2020-10-13,IBM,12.577067,12.669499,12.588862
2020-10-13,INTC,10.537926,10.452158,10.503943
2020-10-13,MSFT,5.8530086,5.853107,5.8077188
2020-10-13,NKE,1.0198657,1.0301064,1.0235828
2020-10-13,VZ,2.0330215,2.0443322,2.0372157
2020-10-13,WMT,2.1790904,2.1688032,2.1692394
2020-10-14,AAPL,3.5235842,3.5873216,3.4695921
2020-10-14,AMGN,2.6213037,2.6546917,2.5877619
2020-10-14,CRM,0.51341112,0.5250774,0.51067025
2020-10-14,CSCO,5.8098773,5.7376373,5.7514229
2020-10-14,IBM,12.35514,12.473236,12.377741
2020-10-14,INTC,10.489542,10.45128,10.442101
2020-10-14,MSFT,5.7028688,5.7070519,5.6550815
2020-10-14,NKE,0.99375158,1.0010601,0.9944927
2020-10-14,VZ,1.9722418,1.9854787,1.9733978
2020-10-14,WMT,2.1596641,2.1479648,2.1404108
2020-10-15,AAPL,3.5003805,3.5328288,3.4096499
2020-10-15,AMGN,2.528558,2.5704492,2.5212618
2020-10-15,CRM,0.50631087,0.5102083,0.50181081
2020-10-15,CSCO,5.8389601,5.6999621,5.7379164
2020-10-15,IBM,12.297866,12.402876,12.251087
2020-10-15,INTC,10.604612,10.507306,10.447009
2020-10-15,MSFT,5.6951892,5.6722418,5.5808986
2020-10-15,NKE,0.96632467,0.97325963,0.97002865
2020-10-15,VZ,1.9062046,1.9256079,1.9114845
2020-10-15,WMT,2.0961279,2.1013109,2.0856966
2020-10-16,AAPL,3.484948,3.5381146,3.4531909
2020-10-16,AMGN,2.4464925,2.4887544,2.4374573
2020-10-16,CRM,0.49313391,0.50063819,0.49301022
2020-10-16,CSCO,5.8691099,5.7738309,5.7927198
2020-10-16,IBM,12.178662,12.27845,12.155298
2020-10-16,INTC,10.769058,10.677802,10.638704
2020-10-16,MSFT,5.6349546,5.6497584,5.5685932
2020-10-16,NKE,0.92712989,0.9449491,0.93527551
2020-10-16,VZ,1.8584935,1.8733714,1.8573094
2020-10-16,WMT,2.0412788,2.048654,2.027286
2020-10-19,AAPL,3.455793,3.4933463,3.4024229
2020-10-19,AMGN,2.3926178,2.4262375,2.3605561
2020-10-19,CRM,0.46897669,0.47896202,0.46772769
2020-10-19,CSCO,5.8275271,5.7401424,5.7356957
2020-10-19,IBM,12.105991,12.169226,12.025198
2020-10-19,INTC,10.733193,10.689719,10.639543
2020-10-19,MSFT,5.5892451,5.6129118,5.5413079
2020-10-19,NKE,0.90515557,0.91683682,0.90282039
2020-10-19,VZ,1.8154256,1.82697,1.8099672
2020-10-19,WMT,2.0336428,2.0219622,2.0007079
2020-10-20,AAPL,3.3424658,3.4172809,3.2369798
2020-10-20,AMGN,2.3446269,2.3846076,2.3025002
2020-10-20,CRM,0.43854008,0.45054417,0.43551543
2020-10-20,CSCO,5.7363636,5.6948775,5.6232438
2020-10-20,IBM,11.934458,12.043068,11.829953
2020-10-20,INTC,10.623735,10.597864,10.492496
2020-10-20,MSFT,5.449425,5.4986202,5.3899079
2020-10-20,NKE,0.8823526,0.89098668,0.8807488
2020-10-20,VZ,1.7789275,1.7916953,1.761378
2020-10-20,WMT,2.0175535,2.0115717,1.9860058
2020-10-21,AAPL,3.2148512,3.3187204,3.1371981
2020-10-21,AMGN,2.2632993,2.3439862,2.2607283
2020-10-21,CRM,0.4289862,0.43993826,0.42539283
2020-10-21,CSCO,5.6457812,5.6839023,5.5729557
2020-10-21,IBM,11.795589,11.992506,11.748767
2020-10-21,INTC,10.529717,10.664944,10.402028
2020-10-21,MSFT,5.3121638,5.4093166,5.2464803
2020-10-21,NKE,0.86529581,0.88014712,0.86457184
2020-10-21,VZ,1.7371781,1.7588738,1.7218898
2020-10-21,WMT,1.9921801,2.0074711,1.9706109
2020-10-22,AAPL,3.2098775,3.2555166,3.153063
2020-10-22,AMGN,2.2099002,2.2698147,2.2074163
2020-10-22,CRM,0.44269818,0.44359079,0.43586907
2020-10-22,CSCO,5.7157775,5.695539,5.6324489
2020-10-22,IBM,11.758584,11.914531,11.70898
2020-10-22,INTC,10.602023,10.683156,10.53957
2020-10-22,MSFT,5.3436886,5.3898851,5.2978447
2020-10-22,NKE,0.85464452,0.86085645,0.85642317
2020-10-22,VZ,1.7004324,1.7214248,1.693299
2020-10-22,WMT,1.9286927,1.9583611,1.9306606
2020-10-23,AAPL,3.1836841,3.2155755,3.1639541
2020-10-23,AMGN,2.2007976,2.2238295,2.1825706
2020-10-23,CRM,0.44408896,0.44573348,0.44289322
2020-10-23,CSCO,5.6852604,5.6604285,5.6260277
2020-10-23,IBM,11.627839,11.713974,11.527998
2020-10-23,INTC,10.527713,10.525604,10.442929
2020-10-23,MSFT,5.3581593,5.3648284,5.3190529
2020-10-23,NKE,0.83766272,0.84691898,0.83916846
2020-10-23,VZ,1.6909299,1.6925739,1.6806544
2020-10-23,WMT,1.898677,1.9129925,1.8944138
2020-10-26,AAPL,3.1733967,3.218315,3.1517695
2020-10-26,AMGN,2.1475911,2.1880273,2.1407018
2020-10-26,CRM,0.43058078,0.43826384,0.42939939
2020-10-26,CSCO,5.6220638,5.6171509,5.5587254
2020-10-26,IBM,11.475776,11.545156,11.413109
2020-10-26,INTC,10.326932,10.374324,10.313014
2020-10-26,MSFT,5.2714995,5.2977055,5.2430211
2020-10-26,NKE,0.81441671,0.82770905,0.81447069
2020-10-26,VZ,1.6867089,1.6821255,1.6707112
2020-10-26,WMT,1.9160156,1.9212374,1.8991662
2020-10-27,AAPL,3.0897696,3.1636715,3.0845041
2020-10-27,AMGN,2.1135851,2.155755,2.1006691
2020-10-27,CRM,0.41185341,0.43027603,0.40883224
2020-10-27,CSCO,5.504155,5.5905669,5.4781982
2020-10-27,IBM,11.294588,11.448022,11.244778
2020-10-27,INTC,10.080981,10.224119,10.088295
2020-10-27,MSFT,5.1054718,5.2103394,5.1274144
2020-10-27,NKE,0.79644694,0.81720983,0.79426308
2020-10-27,VZ,1.6924531,1.7035467,1.6856184
2020-10-27,WMT,1.9069733,1.9225594,1.8994509
2020-10-28,AAPL,3.0330655,3.0815997,2.8256296
2020-10-28,AMGN,2.0883107,2.1248343,2.0450365
2020-10-28,CRM,0.38696706,0.40446959,0.37098273
2020-10-28,CSCO,5.3633738,5.4388072,5.1483902
2020-10-28,IBM,11.160948,11.284636,10.867072
2020-10-28,INTC,9.908521,10.036924,9.6571967
2020-10-28,MSFT,4.9920552,5.0634594,4.834428
2020-10-28,NKE,0.77937772,0.79903951,0.75243144
2020-10-28,VZ,1.6692993,1.6768414,1.6041248
2020-10-28,WMT,1.873306,1.8971179,1.8371803
2020-10-29,AAPL,2.8944412,3.0363838,2.8692911
2020-10-29,AMGN,2.029418,2.1115208,2.0241207
2020-10-29,CRM,0.36924639,0.39165879,0.36527299
2020-10-29,CSCO,5.1480499,5.3627862,5.1116418
2020-10-29,IBM,10.744014,11.127861,10.702357
2020-10-29,INTC,9.470625,9.9024082,9.4513758
2020-10-29,MSFT,4.7409232,4.9551609,4.7240757
2020-10-29,NKE,0.75022177,0.77800524,0.74605359
2020-10-29,VZ,1.6128177,1.666267,1.6075777
2020-10-29,WMT,1.8136004,1.8731874,1.8078204
2020-10-30,AAPL,2.8966373,2.9196682,2.8826681
2020-10-30,AMGN,2.0224558,2.0193754,2.006571
2020-10-30,CRM,0.37108472,0.37584601,0.37038058
2020-10-30,CSCO,5.148936,5.1229581,5.0981609
2020-10-30,IBM,10.666281,10.764988,10.674398
2020-10-30,INTC,9.4440754,9.4831234,9.4163734
2020-10-30,MSFT,4.6848591,4.6969708,4.6820413
2020-10-30,NKE,0.74066865,0.7477866,0.74272618
2020-10-30,VZ,1.5977755,1.6031064,1.5985081
2020-10-30,WMT,1.8039956,1.8076266,1.7978008
2020-11-02,AAPL,2.8204124,2.8746872,2.8514101
2020-11-02,AMGN,1.9241154,1.9618825,1.9472907
2020-11-02,CRM,0.35616457,0.36391195,0.36002215
2020-11-02,CSCO,5.0946528,5.074705,5.0629146
2020-11-02,IBM,10.436932,10.565009,10.458215
2020-11-02,INTC,9.2841425,9.2901389,9.3034012
2020-11-02,MSFT,4.558183,4.6000687,4.5393963
2020-11-02,NKE,0.7219913,0.73228685,0.72803759
2020-11-02,VZ,1.5758027,1.5794145,1.5714041
2020-11-02,WMT,1.7835038,1.7817961,1.776957
2020-11-03,AAPL,2.8345147,2.831749,2.8035445
2020-11-03,AMGN,1.8169706,1.8548896,1.8314832
2020-11-03,CRM,0.34490068,0.35095656,0.34390842
2020-11-03,CSCO,5.0709912,4.9908593,4.9932093
2020-11-03,IBM,10.325493,10.401149,10.320951
2020-11-03,INTC,9.3296874,9.2640445,9.2583585
2020-11-03,MSFT,4.4039691,4.4046101,4.3807969
2020-11-03,NKE,0.70425184,0.71056647,0.70823374
2020-11-03,VZ,1.5480867,1.5491336,1.5485381
2020-11-03,WMT,1.7482315,1.7511371,1.7428145
2020-11-04,AAPL,2.8247582,2.8381348,2.8094118
2020-11-04,AMGN,1.7727479,1.7782885,1.7804662
2020-11-04,CRM,0.33314662,0.33752376,0.33144441
2020-11-04,CSCO,5.0247064,4.9084085,4.9527378
2020-11-04,IBM,10.249576,10.258934,10.191885
2020-11-04,INTC,9.3367565,9.2778016,9.3188979
2020-11-04,MSFT,4.3033436,4.307464,4.2902409
2020-11-04,NKE,0.68664626,0.69414783,0.6893518
2020-11-04,VZ,1.5238693,1.5264885,1.5173907
2020-11-04,WMT,1.7297872,1.7223578,1.7166687
2020-11-05,AAPL,2.7717523,2.8070526,2.7454232
2020-11-05,AMGN,1.6953892,1.731238,1.7131636
2020-11-05,CRM,0.3229924,0.32694985,0.32178625
2020-11-05,CSCO,4.9658075,4.8862653,4.9135824
2020-11-05,IBM,10.056573,10.164575,10.081592
2020-11-05,INTC,9.2374767,9.2029345,9.2419431
2020-11-05,MSFT,4.1740061,4.1774091,4.1562796
2020-11-05,NKE,0.6663476,0.67529315,0.67404586
2020-11-05,VZ,1.4822713,1.4942445,1.4816349
2020-11-05,WMT,1.6852636,1.6882657,1.6793818
2020-11-06,AAPL,2.753871,2.77484,2.7256218
2020-11-06,AMGN,1.6351285,1.6593406,1.6417077
2020-11-06,CRM,0.31908563,0.32369306,0.31594204
2020-11-06,CSCO,4.9072215,4.8002892,4.8644783
2020-11-06,IBM,9.8948857,9.9732334,9.8982757
2020-11-06,INTC,9.2014601,9.1619399,9.1702785
2020-11-06,MSFT,4.0256778,4.0191114,4.0100984
2020-11-06,NKE,0.65194945,0.65627681,0.65775082
2020-11-06,VZ,1.4444015,1.4554227,1.4498273
2020-11-06,WMT,1.6449578,1.6520887,1.638841
2020-11-09,AAPL,2.7164113,2.7425508,2.7271511
2020-11-09,AMGN,1.5707595,1.5892456,1.5849631
2020-11-09,CRM,0.31798821,0.32025684,0.31718985
2020-11-09,CSCO,4.8522452,4.7467194,4.8133568
2020-11-09,IBM,9.7403349,9.8284606,9.7719561
2020-11-09,INTC,9.060008,9.0277807,9.0704422
2020-11-09,MSFT,3.8948617,3.9001808,3.8985692
2020-11-09,NKE,0.63897022,0.64386993,0.64597416
2020-11-09,VZ,1.3980678,1.4109352,1.4050652
2020-11-09,WMT,1.5902185,1.6036451,1.5893804
2020-11-10,AAPL,2.6954353,2.6998695,2.6828199
2020-11-10,AMGN,1.5000718,1.5202165,1.5091509
2020-11-10,CRM,0.30921161,0.31291425,0.30812175
2020-11-10,CSCO,4.8654051,4.7191722,4.7867108
2020-11-10,IBM,9.6526773,9.6660793,9.6512792
2020-11-10,INTC,8.9968242,8.9301852,8.9966649
2020-11-10,MSFT,3.7864789,3.7659746,3.7728343
2020-11-10,NKE,0.63005063,0.63223792,0.63409098
2020-11-10,VZ,1.3740845,1.3755381,1.3713816
2020-11-10,WMT,1.5803264,1.5680052,1.5641686
2020-11-11,AAPL,2.6674901,2.6870677,2.663256
2020-11-11,AMGN,1.4400186,1.4627527,1.4465811
2020-11-11,CRM,0.3007088,0.30421649,0.30090639
2020-11-11,CSCO,4.8202388,4.6831966,4.7726855
2020-11-11,IBM,9.5387018,9.5589228,9.5871196
2020-11-11,INTC,8.9475678,8.886527,8.9574256
2020-11-11,MSFT,3.6573683,3.6441211,3.6594602
2020-11-11,NKE,0.61269164,0.61900078,0.61786686
2020-11-11,VZ,1.3414203,1.3490596,1.3454854
2020-11-11,WMT,1.5586961,1.5550174,1.5530913
2020-11-12,AAPL,2.6273525,2.6483375,2.5964883
2020-11-12,AMGN,1.3712486,1.4019396,1.3697952
2020-11-12,CRM,0.29222638,0.29523618,0.28816254
2020-11-12,CSCO,4.7640599,4.6432477,4.6823052
2020-11-12,IBM,9.391714,9.4055655,9.3887259
2020-11-12,INTC,8.8955918,8.8256401,8.8474363
2020-11-12,MSFT,3.5637508,3.5532109,3.5214298
2020-11-12,NKE,0.59494283,0.59853166,0.59466017
2020-11-12,VZ,1.2956956,1.2997264,1.2959761
2020-11-12,WMT,1.5155299,1.5154316,1.5055228
2020-11-13,AAPL,2.5647466,2.6054583,2.5336362
2020-11-13,AMGN,1.3006538,1.3384697,1.3027059
2020-11-13,CRM,0.28017569,0.28601723,0.27625294
2020-11-13,CSCO,4.7133863,4.6274277,4.642038
2020-11-13,IBM,9.2988036,9.3341837,9.289266
2020-11-13,INTC,8.9121617,8.8281939,8.8404451
2020-11-13,MSFT,3.4770201,3.4698859,3.4344538
2020-11-13,NKE,0.57995511,0.58711332,0.58352184
2020-11-13,VZ,1.2709488,1.2734823,1.2651252
2020-11-13,WMT,1.4863752,1.4841147,1.4756551
2020-11-16,AAPL,2.51924,2.5593395,2.5007195
2020-11-16,AMGN,1.2545556,1.2817229,1.2571438
2020-11-16,CRM,0.27173477,0.27854773,0.26810557
2020-11-16,CSCO,4.6455661,4.5739549,4.5978443
2020-11-16,IBM,9.0971719,9.1684995,9.1299543
2020-11-16,INTC,8.9371616,8.935393,8.9268491
2020-11-16,MSFT,3.3994524,3.4134176,3.3656111
2020-11-16,NKE,0.56176584,0.57003394,0.56588113
2020-11-16,VZ,1.242933,1.2506824,1.2456067
2020-11-16,WMT,1.4552509,1.4589318,1.449331
2020-11-17,AAPL,2.4332147,2.4959208,2.4311998
2020-11-17,AMGN,1.2170783,1.2399912,1.2139445
2020-11-17,CRM,0.26104801,0.26716741,0.25851882
2020-11-17,CSCO,4.5909074,4.529894,4.5506208
2020-11-17,IBM,8.9724412,9.0451793,8.9874124
2020-11-17,INTC,8.8729622,8.8274879,8.8853748
2020-11-17,MSFT,3.3312252,3.3601835,3.3007476
2020-11-17,NKE,0.54624969,0.55241493,0.55344542
2020-11-17,VZ,1.2232191,1.2262949,1.2230047
2020-11-17,WMT,1.442253,1.4380397,1.434079
2020-11-18,AAPL,2.4043474,2.4363598,2.37401
2020-11-18,AMGN,1.1437555,1.1810046,1.1585099
2020-11-18,CRM,0.2528419,0.25639391,0.24933324
2020-11-18,CSCO,4.5094663,4.4427579,4.4761477
2020-11-18,IBM,8.8606581,8.9194566,8.8880715
2020-11-18,INTC,8.7779132,8.7769944,8.7675302
2020-11-18,MSFT,3.2471021,3.2689794,3.2248002
2020-11-18,NKE,0.53112109,0.53692602,0.5349356
2020-11-18,VZ,1.1838659,1.1914819,1.1870146
2020-11-18,WMT,1.4048098,1.4095595,1.4013321
2020-11-19,AAPL,2.3786225,2.4113035,2.3630574
2020-11-19,AMGN,1.0887983,1.1176865,1.1029459
2020-11-19,CRM,0.25399092,0.25448239,0.25038146
2020-11-19,CSCO,4.4812744,4.4255437,4.4356128
2020-11-19,IBM,8.7230999,8.8114757,8.7337471
2020-11-19,INTC,8.7436037,8.7474154,8.7233686
2020-11-19,MSFT,3.17811,3.1851174,3.1540801
2020-11-19,NKE,0.51962722,0.52515464,0.52436083
2020-11-19,VZ,1.1524119,1.1650176,1.1574067
2020-11-19,WMT,1.3514534,1.3692043,1.3559471
2020-11-20,AAPL,2.3539376,2.3870725,2.3472543
2020-11-20,AMGN,1.0531811,1.0785076,1.052906
2020-11-20,CRM,0.2530537,0.25574774,0.25024309
2020-11-20,CSCO,4.4790183,4.4070324,4.4387925
2020-11-20,IBM,8.6984394,8.7872684,8.6903829
2020-11-20,INTC,8.6836107,8.6943143,8.7006112
2020-11-20,MSFT,3.1264963,3.1253929,3.1160303
2020-11-20,NKE,0.51228937,0.51608698,0.51496391
2020-11-20,VZ,1.137268,1.1467493,1.1347703
2020-11-20,WMT,1.322992,1.324409,1.3161585
2020-11-23,AAPL,2.3190512,2.3418452,2.2934754
2020-11-23,AMGN,1.0283094,1.0420993,1.019427
2020-11-23,CRM,0.25348665,0.25415813,0.24675308
2020-11-23,CSCO,4.4042189,4.3461098,4.3474535
2020-11-23,IBM,8.4567782,8.5538295,8.4654078
2020-11-23,INTC,8.4981894,8.5043347,8.4142652
2020-11-23,MSFT,3.0531926,3.0460514,3.0263534
2020-11-23,NKE,0.50290806,0.50622067,0.50168299
2020-11-23,VZ,1.0977685,1.1107971,1.0941588
2020-11-23,WMT,1.2665307,1.2883881,1.267621
2020-11-24,AAPL,2.283211,2.3292587,2.2527708
2020-11-24,AMGN,1.0063909,1.0230251,1.0025274
2020-11-24,CRM,0.25005592,0.25294244,0.24619917
2020-11-24,CSCO,4.3648146,4.3314263,4.3123238
2020-11-24,IBM,8.2725208,8.4011981,8.2651147
2020-11-24,INTC,8.2865725,8.3437356,8.2789765
2020-11-24,MSFT,2.9590509,2.9781415,2.948987
2020-11-24,NKE,0.49153168,0.49743444,0.49005116
2020-11-24,VZ,1.0653784,1.0726227,1.0655294
2020-11-24,WMT,1.2482158,1.2557147,1.2405242
2020-11-25,AAPL,2.2723792,2.3054011,2.2618762
2020-11-25,AMGN,0.96391788,0.9975072,0.96143553
2020-11-25,CRM,0.23472743,0.24673994,0.23125388
2020-11-25,CSCO,4.2826058,4.313679,4.2403516
2020-11-25,IBM,8.0995924,8.2256948,8.051977
2020-11-25,INTC,8.171172,8.2581311,8.1462322
2020-11-25,MSFT,2.8866696,2.9361507,2.8643353
2020-11-25,NKE,0.4773548,0.48810446,0.47792914
2020-11-25,VZ,1.056904,1.0627222,1.053631
2020-11-25,WMT,1.2278835,1.2359944,1.2209085
2020-11-27,AAPL,2.2780323,2.2784155,2.2321682
2020-11-27,AMGN,0.93962907,0.96106781,0.92840894
2020-11-27,CRM,0.22154857,0.23085463,0.2147234
2020-11-27,CSCO,4.1945906,4.2085706,4.0909038
2020-11-27,IBM,8.0223134,8.1073229,7.9211247
2020-11-27,INTC,7.9829431,8.0297248,7.8716687
2020-11-27,MSFT,2.8154312,2.8571172,2.7625529
2020-11-27,NKE,0.46140024,0.46774772,0.45497413
2020-11-27,VZ,1.0327928,1.0416039,1.015521
2020-11-27,WMT,1.2033443,1.2163377,1.1887509
2020-11-30,AAPL,2.1731983,2.2547573,2.1727894
2020-11-30,AMGN,0.90832671,0.94377682,0.90732852
2020-11-30,CRM,0.21227848,0.22413379,0.20964267
2020-11-30,CSCO,4.0547743,4.1881013,4.0109049
2020-11-30,IBM,7.7885854,8.0311459,7.7728701
2020-11-30,INTC,7.6952495,7.9818603,7.6824393
2020-11-30,MSFT,2.7003259,2.78813,2.7046941
2020-11-30,NKE,0.44302407,0.45631641,0.44065241
2020-11-30,VZ,0.99706029,1.0246861,0.993328
2020-11-30,WMT,1.171009,1.1981798,1.1616234
2020-12-01,AAPL,2.1943732,2.2114919,2.1777119
2020-12-01,AMGN,0.89612808,0.89677128,0.89510975
2020-12-01,CRM,0.21306636,0.21468646,0.21264921
2020-12-01,CSCO,4.0744824,4.0562727,4.0303928
2020-12-01,IBM,7.75156,7.8235063,7.7366587
2020-12-01,INTC,7.679431,7.7139172,7.657871
2020-12-01,MSFT,2.681919,2.68763,2.6749407
2020-12-01,NKE,0.44013726,0.4440065,0.43960749
2020-12-01,VZ,0.98643001,0.99019435,0.98457882
2020-12-01,WMT,1.1661653,1.1689675,1.1602617
2020-12-02,AAPL,2.1416425,2.1826779,2.1431722
2020-12-02,AMGN,0.86859107,0.87953423,0.86992513
2020-12-02,CRM,0.2020886,0.20773838,0.20391736
2020-12-02,CSCO,4.0732012,4.0514244,4.0310897
2020-12-02,IBM,7.6658946,7.7313991,7.6362636
2020-12-02,INTC,7.6016763,7.5762083,7.5773841
2020-12-02,MSFT,2.6235503,2.6434767,2.6119551
2020-12-02,NKE,0.43076907,0.43646495,0.43332212
2020-12-02,VZ,0.97613252,0.97479201,0.96974565
2020-12-02,WMT,1.1644642,1.1607383,1.1516777
2020-12-03,AAPL,2.1369183,2.1576876,2.1125109
2020-12-03,AMGN,0.8352784,0.8523,0.83805649
2020-12-03,CRM,0.19763431,0.19932525,0.19622031
2020-12-03,CSCO,4.0598176,4.0040648,3.9957093
2020-12-03,IBM,7.6000835,7.6355679,7.5778212
2020-12-03,INTC,7.669765,7.5994877,7.5985387
2020-12-03,MSFT,2.5606637,2.5594446,2.5394838
2020-12-03,NKE,0.42271615,0.42740716,0.42400073
2020-12-03,VZ,0.96441162,0.96843328,0.95656485
2020-12-03,WMT,1.1468193,1.1448128,1.1395277
2020-12-04,AAPL,2.1155499,2.1411833,2.1078272
2020-12-04,AMGN,0.81895511,0.82076571,0.82155785
2020-12-04,CRM,0.19502663,0.19653133,0.19395262
2020-12-04,CSCO,4.0350164,3.9539612,3.9729116
2020-12-04,IBM,7.5046698,7.5413826,7.4709026
2020-12-04,INTC,7.6833211,7.6366754,7.6488888
2020-12-04,MSFT,2.4959929,2.5059372,2.4907921
2020-12-04,NKE,0.41387467,0.41939245,0.41811747
2020-12-04,VZ,0.95410107,0.95938964,0.94906072
2020-12-04,WMT,1.1256437,1.1270423,1.1170822
2020-12-07,AAPL,2.1029546,2.1303828,2.0851561
2020-12-07,AMGN,0.81122195,0.81302057,0.81423722
2020-12-07,CRM,0.19575409,0.1950513,0.19526862
2020-12-07,CSCO,4.0721241,3.980699,4.0126328
2020-12-07,IBM,7.3782426,7.4567315,7.3887938
2020-12-07,INTC,7.7912662,7.7199132,7.7710125
2020-12-07,MSFT,2.4534441,2.4528696,2.439386
2020-12-07,NKE,0.4006758,0.40643637,0.40727215
2020-12-07,VZ,0.93919312,0.94577662,0.9341812
2020-12-07,WMT,1.0980673,1.1027776,1.0918778
2020-12-08,AAPL,2.0815389,2.1031299,2.0598269
2020-12-08,AMGN,0.78474225,0.79277022,0.79097324
2020-12-08,CRM,0.19373263,0.19313284,0.19352465
2020-12-08,CSCO,4.0472562,3.9741655,3.9862627
2020-12-08,IBM,7.2212146,7.2919108,7.2190453
2020-12-08,INTC,7.7637725,7.7021722,7.7549676
2020-12-08,MSFT,2.3857659,2.3853407,2.3760176
2020-12-08,NKE,0.39366136,0.39691206,0.39740842
2020-12-08,VZ,0.91933216,0.92840394,0.91728935
2020-12-08,WMT,1.0705913,1.0747287,1.0651457
2020-12-09,AAPL,2.0545305,2.0889985,2.0393149
2020-12-09,AMGN,0.76633999,0.77145924,0.77033868
2020-12-09,CRM,0.1915731,0.19093147,0.19018423
2020-12-09,CSCO,4.0374656,3.9538299,3.9694776
2020-12-09,IBM,7.065555,7.1311197,7.0727177
2020-12-09,INTC,7.7112215,7.6703921,7.672215
2020-12-09,MSFT,2.3076886,2.3177899,2.2949316
2020-12-09,NKE,0.38555791,0.38877733,0.3884089
2020-12-09,VZ,0.89950244,0.90636467,0.89638224
2020-12-09,WMT,1.0325077,1.0404288,1.0299578
2020-12-10,AAPL,2.0368602,2.0642602,2.0229927
2020-12-10,AMGN,0.74449654,0.75359226,0.75137145
2020-12-10,CRM,0.19238141,0.19157685,0.19063953
2020-12-10,CSCO,4.0394317,3.9820793,3.9885343
2020-12-10,IBM,6.9188846,7.002956,6.9489938
2020-12-10,INTC,7.6504599,7.6644729,7.6641719
2020-12-10,MSFT,2.2308941,2.2393301,2.2242517
2020-12-10,NKE,0.37875427,0.38263211,0.38366937
2020-12-10,VZ,0.880174,0.89025718,0.87737324
2020-12-10,WMT,1.0097697,1.0122582,1.0025147
2020-12-11,AAPL,2.0225112,2.0386658,2.0107564
2020-12-11,AMGN,0.72864947,0.72943618,0.73101993
2020-12-11,CRM,0.1927816,0.19146017,0.19214618
2020-12-11,CSCO,4.0041626,3.9149929,3.9349798
2020-12-11,IBM,6.7487797,6.8061193,6.765467
2020-12-11,INTC,7.6071768,7.5793126,7.5786338
2020-12-11,MSFT,2.1684148,2.1672708,2.1559442
2020-12-11,NKE,0.37125073,0.37286021,0.3754644
2020-12-11,VZ,0.85763648,0.86676369,0.8572422
2020-12-11,WMT,0.96797419,0.97845728,0.96787536
2020-12-14,AAPL,2.0281663,2.0476118,2.0143877
2020-12-14,AMGN,0.70516987,0.71685528,0.70828869
2020-12-14,CRM,0.19148231,0.19154566,0.19100845
2020-12-14,CSCO,4.0292294,3.9464599,3.9709955
2020-12-14,IBM,6.6911952,6.7468451,6.6892577
2020-12-14,INTC,7.5929662,7.5893062,7.5803135
2020-12-14,MSFT,2.1238075,2.129524,2.1097317
2020-12-14,NKE,0.36384916,0.36817244,0.36880436
2020-12-14,VZ,0.84123436,0.84633074,0.83776933
2020-12-14,WMT,0.95194292,0.95259157,0.94558796
2020-12-15,AAPL,2.0467673,2.0489913,2.0229501
2020-12-15,AMGN,0.68636093,0.69322429,0.68637369
2020-12-15,CRM,0.19044271,0.18936597,0.19008602
2020-12-15,CSCO,4.0528581,3.9526987,3.9662055
2020-12-15,IBM,6.5966251,6.6164631,6.5935056
2020-12-15,INTC,7.6339428,7.5601379,7.5572935
2020-12-15,MSFT,2.0878789,2.0779886,2.0680883
2020-12-15,NKE,0.35699856,0.35991103,0.3592287
2020-12-15,VZ,0.82505354,0.82813251,0.82106361
2020-12-15,WMT,0.91934297,0.92641476,0.91817535
2020-12-16,AAPL,2.0187151,2.0530714,2.0034329
2020-12-16,AMGN,0.66115895,0.67587529,0.66061389
2020-12-16,CRM,0.18407819,0.18610885,0.18407485
2020-12-16,CSCO,4.0401436,3.9743286,3.9838062
2020-12-16,IBM,6.4894169,6.5409571,6.5023514
2020-12-16,INTC,7.5915085,7.5724881,7.5864967
2020-12-16,MSFT,2.0312337,2.0469891,2.0184448
2020-12-16,NKE,0.34516141,0.34963477,0.34907645
2020-12-16,VZ,0.81428346,0.81653558,0.80826632
2020-12-16,WMT,0.90460641,0.90382222,0.89662859
2020-12-17,AAPL,2.0092672,2.0387952,1.974152
2020-12-17,AMGN,0.63644579,0.6539008,0.63441163
2020-12-17,CRM,0.1761906,0.18019317,0.176492
2020-12-17,CSCO,4.0367631,3.9912091,3.963316
2020-12-17,IBM,6.3572127,6.4181096,6.3630693
2020-12-17,INTC,7.6185286,7.5968762,7.5710193
2020-12-17,MSFT,1.9975542,2.0009252,1.9770327
2020-12-17,NKE,0.33508168,0.34056,0.33878473
2020-12-17,VZ,0.79678182,0.80146794,0.79453655
2020-12-17,WMT,0.87926199,0.88522121,0.87546413
2020-12-18,AAPL,1.9892608,2.0227865,1.9593406
2020-12-18,AMGN,0.62190325,0.63357525,0.61613301
2020-12-18,CRM,0.17051862,0.1738015,0.16885554
2020-12-18,CSCO,4.0275495,3.985088,3.9503196
2020-12-18,IBM,6.2905942,6.3311021,6.269299
2020-12-18,INTC,7.6022026,7.5859734,7.5306059
2020-12-18,MSFT,1.9624736,1.9729803,1.9359207
2020-12-18,NKE,0.32727007,0.33037064,0.3289759
2020-12-18,VZ,0.78220164,0.78621848,0.77930804
2020-12-18,WMT,0.85515075,0.85729306,0.84981231
2020-12-21,AAPL,1.9716599,2.014527,1.9455781
2020-12-21,AMGN,0.6025593,0.62034688,0.60377734
2020-12-21,CRM,0.16943956,0.17232219,0.16702565
2020-12-21,CSCO,3.9835625,3.9796324,3.9357261
2020-12-21,IBM,6.2215071,6.294721,6.2078858
2020-12-21,INTC,7.4933402,7.5378325,7.4548007
2020-12-21,MSFT,1.9214698,1.9449346,1.8954953
2020-12-21,NKE,0.32004411,0.32436534,0.32121664
2020-12-21,VZ,0.76404424,0.77473671,0.75861994
2020-12-21,WMT,0.83288642,0.83951239,0.83086855
2020-12-22,AAPL,1.994347,2.0076331,1.9745692
2020-12-22,AMGN,0.57642921,0.59664221,0.58136286
2020-12-22,CRM,0.17393792,0.1742791,0.17135786
2020-12-22,CSCO,4.045018,4.0252674,3.9909456
2020-12-22,IBM,6.2196429,6.3073344,6.2034243
2020-12-22,INTC,7.5290823,7.5692775,7.4805269
2020-12-22,MSFT,1.9195567,1.9332882,1.90732
2020-12-22,NKE,0.31508918,0.31883497,0.3167062
2020-12-22,VZ,0.74993425,0.76109975,0.75112442
2020-12-22,WMT,0.80834409,0.82032922,0.80734953
2020-12-23,AAPL,1.9730886,1.9956424,1.959956
2020-12-23,AMGN,0.57743174,0.57803563,0.57041261
2020-12-23,CRM,0.17479982,0.1749253,0.17274122
2020-12-23,CSCO,3.9883526,3.9595166,3.9443907
2020-12-23,IBM,6.1372736,6.197366,6.0923386
2020-12-23,INTC,7.4122933,7.4168183,7.3284852
2020-12-23,MSFT,1.897954,1.8995532,1.8883729
2020-12-23,NKE,0.30908722,0.31210001,0.30739282
2020-12-23,VZ,0.73838848,0.74464804,0.73412039
2020-12-23,WMT,0.78152105,0.79418239,0.78125553
2020-12-24,AAPL,1.9825081,2.0032225,1.9527104
2020-12-24,AMGN,0.56296827,0.57233489,0.55915438
2020-12-24,CRM,0.17146702,0.17366699,0.16925261
2020-12-24,CSCO,3.9379631,3.9352258,3.8923746
2020-12-24,IBM,6.0571007,6.1055887,6.0135813
2020-12-24,INTC,7.2404604,7.3084457,7.1897959
2020-12-24,MSFT,1.8551113,1.8677242,1.8399748
2020-12-24,NKE,0.30413321,0.30879328,0.30260174
2020-12-24,VZ,0.72908063,0.73270639,0.72218199
2020-12-24,WMT,0.78303451,0.78736031,0.77394981
2020-12-28,AAPL,1.9408032,1.9847982,1.9231019
2020-12-28,AMGN,0.5549826,0.56506749,0.54908458
2020-12-28,CRM,0.16269402,0.17112937,0.16160401
2020-12-28,CSCO,3.8701761,3.9319602,3.8182991
2020-12-28,IBM,5.9641032,6.0591877,5.916718
2020-12-28,INTC,7.0919564,7.228175,7.033611
2020-12-28,MSFT,1.793186,1.838525,1.7894984
2020-12-28,NKE,0.29587104,0.30326552,0.29520776
2020-12-28,VZ,0.72372254,0.73209617,0.72081056
2020-12-28,WMT,0.77456728,0.78306391,0.76929714
2020-12-29,AAPL,1.920513,1.9474928,1.8186734
2020-12-29,AMGN,0.55576942,0.56374434,0.54103434
2020-12-29,CRM,0.15316416,0.1605236,0.14685267
2020-12-29,CSCO,3.7466898,3.8160512,3.606361
2020-12-29,IBM,5.9016193,5.978085,5.7725237
2020-12-29,INTC,6.959614,7.0916795,6.767681
2020-12-29,MSFT,1.7484239,1.7776439,1.6965521
2020-12-29,NKE,0.28744353,0.29354229,0.27862966
2020-12-29,VZ,0.71328108,0.71909312,0.68508076
2020-12-29,WMT,0.76166804,0.76873103,0.74662106
2020-12-30,AAPL,1.8548441,1.9309087,1.844435
2020-12-30,AMGN,0.5418329,0.56185627,0.54097163
2020-12-30,CRM,0.14842157,0.15643747,0.14608201
2020-12-30,CSCO,3.621215,3.7465247,3.5840333
2020-12-30,IBM,5.7221463,5.9004204,5.6991339
2020-12-30,INTC,6.7240529,6.9749057,6.6735985
2020-12-30,MSFT,1.6855948,1.7521402,1.6739976
2020-12-30,NKE,0.27796991,0.28720001,0.27585621
2020-12-30,VZ,0.69098673,0.712579,0.68885503
2020-12-30,WMT,0.74037066,0.76161117,0.73866841
2020-12-31,AAPL,1.8631043,1.8719901,1.8575283
2020-12-31,AMGN,0.53693669,0.53504183,0.53643183
2020-12-31,CRM,0.14921948,0.14995912,0.15002049
2020-12-31,CSCO,3.6453346,3.6267384,3.6371036
2020-12-31,IBM,5.6867737,5.7159526,5.6873018
2020-12-31,INTC,6.7594386,6.7416001,6.7553996
2020-12-31,MSFT,1.6760715,1.6665903,1.6726572
2020-12-31,NKE,0.27901578,0.27991101,0.27981099
2020-12-31,VZ,0.69270977,0.69273166,0.69143531
2020-12-31,WMT,0.73982752,0.73899095,0.73807457
2021-01-04,AAPL,1.8376828,1.8579257,1.8593323
2021-01-04,AMGN,0.51476066,0.52240603,0.52441522
2021-01-04,CRM,0.14755656,0.14766601,0.14953497
2021-01-04,CSCO,3.7013813,3.676545,3.6932183
2021-01-04,IBM,5.5862409,5.634457,5.6137066
2021-01-04,INTC,6.7193974,6.6832556,6.8011737
2021-01-04,MSFT,1.6568987,1.6607825,1.6567409
2021-01-04,NKE,0.27385817,0.27679997,0.27821506
2021-01-04,VZ,0.68928473,0.68886073,0.69288636
2021-01-04,WMT,0.72949798,0.72823719,0.73006289
2021-01-05,AAPL,1.8132842,1.8351741,1.804715
2021-01-05,AMGN,0.49067698,0.50060878,0.49519997
2021-01-05,CRM,0.14421859,0.14559655,0.14592696
2021-01-05,CSCO,3.7035163,3.6665801,3.6701531
2021-01-05,IBM,5.5037187,5.5343314,5.5136946
2021-01-05,INTC,6.6736724,6.6296666,6.696116
2021-01-05,MSFT,1.6141928,1.6116833,1.6116336
2021-01-05,NKE,0.26854049,0.27120944,0.27060969
2021-01-05,VZ,0.69231914,0.68971109,0.69023747
2021-01-05,WMT,0.71887667,0.71810502,0.71637578
2021-01-06,AAPL,1.7722105,1.8003183,1.7751827
2021-01-06,AMGN,0.47689072,0.48251123,0.47959739
2021-01-06,CRM,0.14092957,0.14273891,0.14098763
2021-01-06,CSCO,3.6795192,3.6333145,3.6480561
2021-01-06,IBM,5.4137531,5.4246708,5.4164333
2021-01-06,INTC,6.6223714,6.5869339,6.6597155
2021-01-06,MSFT,1.5846882,1.5830972,1.5818428
2021-01-06,NKE,0.26095591,0.26461814,0.26449822
2021-01-06,VZ,0.69323719,0.69254106,0.6923336
2021-01-06,WMT,0.70988568,0.71143406,0.70686584
2021-01-07,AAPL,1.74411,1.7656158,1.7275756
2021-01-07,AMGN,0.45498421,0.4642811,0.45758901
2021-01-07,CRM,0.13743766,0.13921929,0.13697535
2021-01-07,CSCO,3.6868751,3.6355454,3.6379337
2021-01-07,IBM,5.3090517,5.3496913,5.320967
2021-01-07,INTC,6.5864713,6.541074,6.6223668
2021-01-07,MSFT,1.5528405,1.5550097,1.5440496
2021-01-07,NKE,0.25278764,0.25591396,0.25590296
2021-01-07,VZ,0.68378537,0.68630014,0.68418063
2021-01-07,WMT,0.69444145,0.69900384,0.69239409
2021-01-08,AAPL,1.7131902,1.7414629,1.6998171
2021-01-08,AMGN,0.4442142,0.44926637,0.44459992
2021-01-08,CRM,0.1376585,0.13840505,0.1363568
2021-01-08,CSCO,3.6661851,3.627064,3.6322546
2021-01-08,IBM,5.1726525,5.2326732,5.201655
2021-01-08,INTC,6.5434399,6.5472878,6.5620165
2021-01-08,MSFT,1.5203208,1.523798,1.5126652
2021-01-08,NKE,0.24659555,0.24971346,0.24846496
2021-01-08,VZ,0.66527631,0.67266266,0.6661168
2021-01-08,WMT,0.66914701,0.678579,0.66974288
2021-01-11,AAPL,1.6990561,1.7220089,1.6814192
2021-01-11,AMGN,0.42457363,0.43418451,0.42698145
2021-01-11,CRM,0.13717643,0.13762117,0.13632767
2021-01-11,CSCO,3.6519774,3.5979395,3.5948472
2021-01-11,IBM,5.0467891,5.0974338,5.0471357
2021-01-11,INTC,6.4986817,6.4778193,6.4715121
2021-01-11,MSFT,1.4837444,1.4926791,1.4739058
2021-01-11,NKE,0.24196008,0.24501113,0.24341552
2021-01-11,VZ,0.65180523,0.65766499,0.65009285
2021-01-11,WMT,0.64672032,0.65405553,0.64353433
2021-01-12,AAPL,1.6952279,1.7155827,1.6825141
2021-01-12,AMGN,0.41377464,0.41994727,0.41463104
2021-01-12,CRM,0.13661127,0.13725949,0.13556219
2021-01-12,CSCO,3.6358284,3.5841869,3.5929783
2021-01-12,IBM,4.9614631,5.0199287,4.9734447
2021-01-12,INTC,6.4633822,6.4461123,6.4303661
2021-01-12,MSFT,1.4420154,1.4495379,1.4344336
2021-01-12,NKE,0.23755627,0.24064363,0.24033339
2021-01-12,VZ,0.63934687,0.646647,0.63570507
2021-01-12,WMT,0.6276875,0.63485877,0.62531525
2021-01-13,AAPL,1.6958937,1.7143066,1.6917264
2021-01-13,AMGN,0.40390846,0.41056481,0.40716925
2021-01-13,CRM,0.13791348,0.13808741,0.13742629
2021-01-13,CSCO,3.6374795,3.5881165,3.5973149
2021-01-13,IBM,4.8739161,4.9187758,4.8771965
2021-01-13,INTC,6.4356899,6.434129,6.4397545
2021-01-13,MSFT,1.412593,1.4147183,1.4052154
2021-01-13,NKE,0.23207045,0.2352627,0.2344677
2021-01-13,VZ,0.62976407,0.63619826,0.62691573
2021-01-13,WMT,0.60889161,0.61573897,0.60672936
2021-01-14,AAPL,1.6818503,1.7101714,1.6682377
2021-01-14,AMGN,0.39218669,0.40015613,0.39340716
2021-01-14,CRM,0.13330358,0.13513231,0.13284594
2021-01-14,CSCO,3.6153496,3.5721657,3.560411
2021-01-14,IBM,4.778849,4.8271815,4.772286
2021-01-14,INTC,6.359673,6.3392436,6.3452908
2021-01-14,MSFT,1.374258,1.3816471,1.369804
2021-01-14,NKE,0.22664289,0.22965439,0.22846701
2021-01-14,VZ,0.62129172,0.62542033,0.6156537
2021-01-14,WMT,0.5984218,0.59918404,0.59263965
2021-01-15,AAPL,1.6776056,1.6992561,1.6656219
2021-01-15,AMGN,0.37938153,0.38710737,0.38261215
2021-01-15,CRM,0.13294759,0.13299407,0.13264326
2021-01-15,CSCO,3.6760947,3.6325972,3.627189
2021-01-15,IBM,4.7034975,4.7470291,4.7149913
2021-01-15,INTC,6.3900632,6.3559286,6.3595256
2021-01-15,MSFT,1.3627932,1.3542781,1.3528499
2021-01-15,NKE,0.22122627,0.22376829,0.22394812
2021-01-15,VZ,0.61640916,0.62150387,0.61353695
2021-01-15,WMT,0.58175087,0.58749944,0.580506
2021-01-19,AAPL,1.6482236,1.6815183,1.644209
2021-01-19,AMGN,0.3693061,0.37624232,0.3698509
2021-01-19,CRM,0.13048554,0.13162596,0.12984421
2021-01-19,CSCO,3.6763165,3.6394657,3.6321958
2021-01-19,IBM,4.5989521,4.6463517,4.6075035
2021-01-19,INTC,6.3398585,6.3360505,6.3620555
2021-01-19,MSFT,1.3382168,1.3455547,1.3338845
2021-01-19,NKE,0.21484287,0.21800376,0.21791719
2021-01-19,VZ,0.61394979,0.61919411,0.61025121
2021-01-19,WMT,0.57084415,0.57293484,0.56702413
2021-01-20,AAPL,1.6138691,1.6435971,1.5975041
2021-01-20,AMGN,0.35719458,0.36434361,0.35726948
2021-01-20,CRM,0.1258573,0.12778696,0.12537027
2021-01-20,CSCO,3.6486073,3.6152774,3.6026848
2021-01-20,IBM,4.5049043,4.5561844,4.5075405
2021-01-20,INTC,6.288821,6.2616007,6.2824086
2021-01-20,MSFT,1.3149409,1.3204933,1.3045592
2021-01-20,NKE,0.20835648,0.211528,0.21079382
2021-01-20,VZ,0.60403033,0.61092058,0.60282394
2021-01-20,WMT,0.55306025,0.55886083,0.54995195
2021-01-21,AAPL,1.6061016,1.6236673,1.5930113
2021-01-21,AMGN,0.34675735,0.35282314,0.34706006
2021-01-21,CRM,0.12557419,0.12519737,0.12551752
2021-01-21,CSCO,3.7100716,3.6622402,3.6623696
2021-01-21,IBM,4.4493698,4.4785999,4.4530487
2021-01-21,INTC,6.278912,6.257193,6.2766635
2021-01-21,MSFT,1.2966842,1.297068,1.2848531
2021-01-21,NKE,0.20399085,0.20609092,0.20546021
2021-01-21,VZ,0.59581098,0.60036383,0.59390393
2021-01-21,WMT,0.53993499,0.54460038,0.53813711
2021-01-22,AAPL,1.5793405,1.6095606,1.5729988
2021-01-22,AMGN,0.33238819,0.34308684,0.3349352
2021-01-22,CRM,0.12357588,0.12477487,0.12415266
2021-01-22,CSCO,3.7290235,3.6916984,3.6830696
2021-01-22,IBM,4.412301,4.4430607,4.4040541
2021-01-22,INTC,6.2297599,6.2108038,6.2355109
2021-01-22,MSFT,1.2845318,1.2887924,1.2748435
2021-01-22,NKE,0.20008795,0.20221711,0.20257871
2021-01-22,VZ,0.5927016,0.59588746,0.589189
2021-01-22,WMT,0.53039481,0.53183533,0.52797912
2021-01-25,AAPL,1.5773554,1.5865804,1.5495206
2021-01-25,AMGN,0.31959973,0.32871299,0.32030258
2021-01-25,CRM,0.12345036,0.12341629,0.12261781
2021-01-25,CSCO,3.7532298,3.7057424,3.6941292
2021-01-25,IBM,4.3751441,4.4091042,4.3610589
2021-01-25,INTC,6.2306331,6.1981838,6.1996021
2021-01-25,MSFT,1.2770485,1.2723494,1.2633014
2021-01-25,NKE,0.19759671,0.19911241,0.1979158
2021-01-25,VZ,0.58582912,0.59001434,0.58214854
2021-01-25,WMT,0.51161205,0.51882601,0.5113566
2021-01-26,AAPL,1.5400963,1.5712925,1.5405942
2021-01-26,AMGN,0.31917332,0.3213175,0.31482872
2021-01-26,CRM,0.12624781,0.12495646,0.12516973
2021-01-26,CSCO,3.746255,3.7126503,3.7243969
2021-01-26,IBM,4.3256814,4.366644,4.3159011
2021-01-26,INTC,6.1747434,6.1776362,6.1646524
2021-01-26,MSFT,1.2687029,1.265913,1.2583096
2021-01-26,NKE,0.19438565,0.19629275,0.19488305
2021-01-26,VZ,0.57841543,0.5837254,0.57657754
2021-01-26,WMT,0.49513989,0.50205205,0.49595137
2021-01-27,AAPL,1.5291061,1.5466552,1.5065049
2021-01-27,AMGN,0.31092332,0.31627494,0.3095534
2021-01-27,CRM,0.12262584,0.1243955,0.12278892
2021-01-27,CSCO,3.7105323,3.6987227,3.6571092
2021-01-27,IBM,4.2547107,4.2945701,4.2492905
2021-01-27,INTC,6.0128336,6.0431859,6.0067492
2021-01-27,MSFT,1.2362303,1.2452379,1.2288508
2021-01-27,NKE,0.19144188,0.1926232,0.19085823
2021-01-27,VZ,0.57359596,0.57404124,0.56884599
2021-01-27,WMT,0.49536257,0.49796522,0.49015768
2021-01-28,AAPL,1.4989061,1.5384058,1.4965414
2021-01-28,AMGN,0.30645051,0.31279666,0.30376548
2021-01-28,CRM,0.1169594,0.12195984,0.11612089
2021-01-28,CSCO,3.6422488,3.672808,3.6073171
2021-01-28,IBM,4.1419611,4.2020408,4.1325174
2021-01-28,INTC,5.8929342,5.9672059,5.8858439
2021-01-28,MSFT,1.1993564,1.2214765,1.1955714
2021-01-28,NKE,0.18556819,0.19008132,0.1855906
2021-01-28,VZ,0.57198009,0.57517574,0.56770273
2021-01-28,WMT,0.48834008,0.4952933,0.48532523
2021-01-29,AAPL,1.4869532,1.5039656,1.4229821
2021-01-29,AMGN,0.30220882,0.30730443,0.29671938
2021-01-29,CRM,0.10838635,0.113314,0.10508476
2021-01-29,CSCO,3.5175644,3.563954,3.4109282
2021-01-29,IBM,4.0894051,4.1359969,4.0098373
2021-01-29,INTC,5.7326139,5.7988191,5.6114218
2021-01-29,MSFT,1.1654354,1.1889094,1.134887
2021-01-29,NKE,0.17880009,0.18247388,0.17462943
2021-01-29,VZ,0.56312775,0.56622144,0.54647453
2021-01-29,WMT,0.48053253,0.4870916,0.47165006
2021-02-01,AAPL,1.4248328,1.483302,1.4179537
2021-02-01,AMGN,0.29305976,0.30398872,0.2926089
2021-02-01,CRM,0.1032654,0.10918474,0.10180737
2021-02-01,CSCO,3.4084693,3.5285933,3.3750963
2021-02-01,IBM,3.9594421,4.0835924,3.9443213
2021-02-01,INTC,5.4991937,5.7106889,5.4869113
2021-02-01,MSFT,1.1170513,1.156674,1.1147326
2021-02-01,NKE,0.17151241,0.17717389,0.17108908
2021-02-01,VZ,0.54566961,0.56065518,0.54313394
2021-02-01,WMT,0.46950353,0.48196451,0.46713693
2021-02-02,AAPL,1.4272922,1.4407037,1.4184423
2021-02-02,AMGN,0.29096112,0.29040058,0.28820919
2021-02-02,CRM,0.10337368,0.10461848,0.1034356
2021-02-02,CSCO,3.4502601,3.4354699,3.4263486
2021-02-02,IBM,3.9464866,3.9587058,3.9468244
2021-02-02,INTC,5.5343989,5.536964,5.5132528
2021-02-02,MSFT,1.1161249,1.1151292,1.113755
2021-02-02,NKE,0.17175867,0.17284535,0.17176999
2021-02-02,VZ,0.54231153,0.54459084,0.54286505
2021-02-02,WMT,0.47068374,0.47056161,0.46768755
2021-02-03,AAPL,1.3981661,1.4287981,1.3906054
2021-02-03,AMGN,0.27888547,0.28509052,0.28104668
2021-02-03,CRM,0.10071388,0.10227147,0.10118159
2021-02-03,CSCO,3.416084,3.4026424,3.4020611
2021-02-03,IBM,3.8503045,3.8851416,3.8518289
2021-02-03,INTC,5.4942384,5.4988802,5.4934247
2021-02-03,MSFT,1.0947887,1.1034184,1.0904839
2021-02-03,NKE,0.16873296,0.17084526,0.17035147
2021-02-03,VZ,0.52820273,0.53431919,0.52863487
2021-02-03,WMT,0.45841216,0.46230199,0.45962057
2021-02-04,AAPL,1.4149873,1.4269767,1.4051918
2021-02-04,AMGN,0.26762601,0.27223112,0.26903589
2021-02-04,CRM,0.10117495,0.10150998,0.10212197
2021-02-04,CSCO,3.3929407,3.3465771,3.3641974
2021-02-04,IBM,3.7920045,3.827629,3.8044682
2021-02-04,INTC,5.5411733,5.5233984,5.5265502
2021-02-04,MSFT,1.0770448,1.0733953,1.074449
2021-02-04,NKE,0.16556835,0.16694368,0.16693217
2021-02-04,VZ,0.51920912,0.52391237,0.52068754
2021-02-04,WMT,0.4426736,0.44932246,0.44530286
2021-02-05,AAPL,1.4140538,1.4294132,1.4155496
2021-02-05,AMGN,0.26301216,0.26451694,0.26308133
2021-02-05,CRM,0.099095598,0.10074298,0.1001033
2021-02-05,CSCO,3.3744997,3.3149768,3.3590929
2021-02-05,IBM,3.7442994,3.7641819,3.7403597
2021-02-05,INTC,5.5575945,5.5346843,5.5692893
2021-02-05,MSFT,1.0610064,1.0637658,1.0582037
2021-02-05,NKE,0.16231671,0.16455595,0.16512301
2021-02-05,VZ,0.51428724,0.51989758,0.51459991
2021-02-05,WMT,0.43296809,0.4355175,0.43255987
2021-02-08,AAPL,1.4129168,1.4275613,1.4042283
2021-02-08,AMGN,0.25362873,0.25792012,0.25547557
2021-02-08,CRM,0.097046058,0.097820704,0.097078034
2021-02-08,CSCO,3.378838,3.3335297,3.3508111
2021-02-08,IBM,3.6961126,3.7262235,3.7001495
2021-02-08,INTC,5.5427514,5.5148804,5.5558871
2021-02-08,MSFT,1.0389017,1.0384827,1.0377988
2021-02-08,NKE,0.15792012,0.16023743,0.160537
2021-02-08,VZ,0.5049799,0.51127165,0.50439017
2021-02-08,WMT,0.42275516,0.42457532,0.42006757
2021-02-09,AAPL,1.4127784,1.4304413,1.3927569
2021-02-09,AMGN,0.24425772,0.24746432,0.2449023
2021-02-09,CRM,0.093824868,0.095111007,0.093959488
2021-02-09,CSCO,3.3858766,3.323135,3.3217114
2021-02-09,IBM,3.6540689,3.6721837,3.6513431
2021-02-09,INTC,5.5512641,5.4968037,5.5254193
2021-02-09,MSFT,1.0175195,1.0091428,1.0146955
2021-02-09,NKE,0.15502622,0.1553716,0.15634804
2021-02-09,VZ,0.49530385,0.49876057,0.49257457
2021-02-09,WMT,0.41746227,0.41685418,0.41476652
2021-02-10,AAPL,1.3894814,1.4194903,1.3726472
2021-02-10,AMGN,0.23529877,0.23772796,0.23677293
2021-02-10,CRM,0.091108104,0.092530984,0.090998762
2021-02-10,CSCO,3.3512859,3.297163,3.3019561
2021-02-10,IBM,3.6101783,3.6303423,3.6185347
2021-02-10,INTC,5.537865,5.4928711,5.5493954
2021-02-10,MSFT,0.98814837,0.99190479,0.98810237
2021-02-10,NKE,0.15182447,0.15347038,0.15357669
2021-02-10,VZ,0.48516708,0.49092204,0.48446119
2021-02-10,WMT,0.40844287,0.40952039,0.40662274
2021-02-11,AAPL,1.3767996,1.3986177,1.3524938
2021-02-11,AMGN,0.2273188,0.23004575,0.2274554
2021-02-11,CRM,0.08813808,0.08968547,0.088049944
2021-02-11,CSCO,3.3283685,3.2794933,3.28041
2021-02-11,IBM,3.5514351,3.5716567,3.5627707
2021-02-11,INTC,5.5208286,5.4776373,5.5091267
2021-02-11,MSFT,0.96215659,0.96283193,0.96138444
2021-02-11,NKE,0.14841783,0.15007637,0.1500638
2021-02-11,VZ,0.47206595,0.4787736,0.47067166
2021-02-11,WMT,0.39757448,0.39880356,0.39555118
2021-02-12,AAPL,1.3646881,1.3888598,1.3506576
2021-02-12,AMGN,0.21929964,0.22255667,0.21965903
2021-02-12,CRM,0.085613493,0.087070184,0.08576551
2021-02-12,CSCO,3.3073303,3.2461758,3.2715981
2021-02-12,IBM,3.5110431,3.5345069,3.5269973
2021-02-12,INTC,5.5231305,5.4830528,5.5090422
2021-02-12,MSFT,0.94010575,0.94065982,0.9379
2021-02-12,NKE,0.14505385,0.14668121,0.14685588
2021-02-12,VZ,0.46037802,0.46648664,0.45990645
2021-02-12,WMT,0.38785316,0.38969792,0.38688776
2021-02-16,AAPL,1.3447755,1.3666275,1.3280719
2021-02-16,AMGN,0.21509432,0.21674943,0.21400792
2021-02-16,CRM,0.084275928,0.084649165,0.083756546
2021-02-16,CSCO,3.2492614,3.1886505,3.2174074
2021-02-16,IBM,3.4456454,3.4750221,3.4575014
2021-02-16,INTC,5.4941755,5.4574472,5.4773192
2021-02-16,MSFT,0.91902909,0.92266419,0.91631192
2021-02-16,NKE,0.14106538,0.14214264,0.14287366
2021-02-16,VZ,0.44556862,0.45263457,0.44428448
2021-02-16,WMT,0.37510166,0.37683743,0.37483142
2021-02-17,AAPL,1.3179774,1.3432644,1.3042346
2021-02-17,AMGN,0.20683691,0.211527,0.20774221
2021-02-17,CRM,0.081535239,0.082445096,0.081352342
2021-02-17,CSCO,3.2114883,3.1721608,3.1800105
2021-02-17,IBM,3.3897914,3.425492,3.3953587
2021-02-17,INTC,5.477979,5.4464404,5.445744
2021-02-17,MSFT,0.89813201,0.89551469,0.89361218
2021-02-17,NKE,0.13742849,0.13891207,0.13897483
2021-02-17,VZ,0.43767959,0.44351708,0.43478317
2021-02-17,WMT,0.36665577,0.36638709,0.36375543
2021-02-18,AAPL,1.2960256,1.3242156,1.2922641
2021-02-18,AMGN,0.20417227,0.20534615,0.20393698
2021-02-18,CRM,0.079896499,0.080419246,0.080208775
2021-02-18,CSCO,3.1893154,3.1439485,3.1625981
2021-02-18,IBM,3.3199357,3.3585269,3.3302177
2021-02-18,INTC,5.4787562,5.4568326,5.4403254
2021-02-18,MSFT,0.87875493,0.87735786,0.87958512
2021-02-18,NKE,0.13423742,0.13569825,0.13560235
2021-02-18,VZ,0.42973261,0.43515014,0.42707517
2021-02-18,WMT,0.35640843,0.35806266,0.35568776
2021-02-19,AAPL,1.2614606,1.2925864,1.2472118
2021-02-19,AMGN,0.20210182,0.20309443,0.20052988
2021-02-19,CRM,0.077699953,0.078605498,0.077882944
2021-02-19,CSCO,3.1665556,3.1365296,3.1293522
2021-02-19,IBM,3.2476045,3.2771963,3.2349491
2021-02-19,INTC,5.3733651,5.372304,5.3775389
2021-02-19,MSFT,0.85766835,0.86118926,0.85580872
2021-02-19,NKE,0.13227591,0.13386309,0.13337472
2021-02-19,VZ,0.42642985,0.43001316,0.42354576
2021-02-19,WMT,0.35473952,0.35405963,0.35025686
2021-02-22,AAPL,1.2477455,1.2668455,1.2293694
2021-02-22,AMGN,0.19557552,0.19749873,0.19614857
2021-02-22,CRM,0.074885575,0.075548873,0.075239346
2021-02-22,CSCO,3.1747276,3.1201522,3.1367989
2021-02-22,IBM,3.1950879,3.2146215,3.193658
2021-02-22,INTC,5.3285994,5.2933893,5.3427877
2021-02-22,MSFT,0.83919062,0.83904481,0.83775576
2021-02-22,NKE,0.12921118,0.13026398,0.13080727
2021-02-22,VZ,0.4189466,0.42167425,0.41765392
2021-02-22,WMT,0.34864066,0.34805157,0.34742674
2021-02-23,AAPL,1.2424383,1.26109,1.2303555
2021-02-23,AMGN,0.18555981,0.19025649,0.18712848
2021-02-23,CRM,0.073350819,0.073879356,0.073596082
2021-02-23,CSCO,3.2117959,3.161872,3.1672123
2021-02-23,IBM,3.1671023,3.1833879,3.1611314
2021-02-23,INTC,5.3321226,5.2912043,5.3180235
2021-02-23,MSFT,0.83282519,0.83114005,0.82925605
2021-02-23,NKE,0.12675898,0.12767388,0.12830659
2021-02-23,VZ,0.41011997,0.41263317,0.40918637
2021-02-23,WMT,0.33865516,0.34029115,0.3396461
2021-02-24,AAPL,1.2265461,1.2389723,1.21573
2021-02-24,AMGN,0.17910755,0.18320503,0.17918191
2021-02-24,CRM,0.072022942,0.072665477,0.072419031
2021-02-24,CSCO,3.2133816,3.1760555,3.1761716
2021-02-24,IBM,3.1187858,3.1387772,3.1270767
2021-02-24,INTC,5.3279492,5.3094368,5.3349307
2021-02-24,MSFT,0.82026301,0.81991016,0.82094974
2021-02-24,NKE,0.12483549,0.12637811,0.12584387
2021-02-24,VZ,0.40439174,0.40806764,0.40340236
2021-02-24,WMT,0.3296514,0.33263357,0.33072084
2021-02-25,AAPL,1.1916724,1.2145898,1.1825761
2021-02-25,AMGN,0.17551387,0.17688513,0.1731378
2021-02-25,CRM,0.071039764,0.071814082,0.070838936
2021-02-25,CSCO,3.1439061,3.1232108,3.1261248
2021-02-25,IBM,3.0372695,3.0565769,3.0305641
2021-02-25,INTC,5.221865,5.2149311,5.2122472
2021-02-25,MSFT,0.79855251,0.80071991,0.79462177
2021-02-25,NKE,0.12145911,0.12285869,0.12235225
2021-02-25,VZ,0.39978336,0.4028847,0.39888932
2021-02-25,WMT,0.31868927,0.32254209,0.31955864
2021-02-26,AAPL,1.1973632,1.2150131,1.1739386
2021-02-26,AMGN,0.17274013,0.17557817,0.1711991
2021-02-26,CRM,0.06908513,0.070292254,0.068460906
2021-02-26,CSCO,3.1062344,3.0953197,3.0757697
2021-02-26,IBM,2.9916878,3.0252659,2.9848136
2021-02-26,INTC,5.1653484,5.1550074,5.1431051
2021-02-26,MSFT,0.78464963,0.78961217,0.77885601
2021-02-26,NKE,0.11762435,0.11894109,0.11816378
2021-02-26,VZ,0.39318572,0.39462355,0.39187152
2021-02-26,WMT,0.31293759,0.31470812,0.31178805
2021-03-01,AAPL,1.1842638,1.2104382,1.1912358
2021-03-01,AMGN,0.16717983,0.17279517,0.16733717
2021-03-01,CRM,0.06634694,0.069389479,0.06593849
2021-03-01,CSCO,3.0508887,3.0837881,3.0480552
2021-03-01,IBM,2.9202179,2.9748653,2.9170946
2021-03-01,INTC,5.0636853,5.1209465,5.0684058
2021-03-01,MSFT,0.76930804,0.78222915,0.76698946
2021-03-01,NKE,0.11442369,0.11762972,0.11523527
2021-03-01,VZ,0.39162711,0.39435313,0.39047769
2021-03-01,WMT,0.30609503,0.31029211,0.30654012
2021-03-02,AAPL,1.1752544,1.1836228,1.1428693
2021-03-02,AMGN,0.16478138,0.16834564,0.16260248
2021-03-02,CRM,0.061747435,0.064949184,0.060144164
2021-03-02,CSCO,2.9532816,2.9742966,2.8847785
2021-03-02,IBM,2.8848816,2.91694,2.8355942
2021-03-02,INTC,4.9459107,4.9760362,4.8758195
2021-03-02,MSFT,0.74257934,0.75454455,0.72980893
2021-03-02,NKE,0.11133296,0.11279092,0.10943739
2021-03-02,VZ,0.38634514,0.38863937,0.37745011
2021-03-02,WMT,0.30499314,0.30631893,0.29974964
2021-03-03,AAPL,1.1168463,1.1645152,1.1116162
2021-03-03,AMGN,0.15912936,0.16538841,0.15913957
2021-03-03,CRM,0.058229768,0.061828014,0.057554778
2021-03-03,CSCO,2.8434814,2.9478971,2.8161335
2021-03-03,IBM,2.7860303,2.8726467,2.776474
2021-03-03,INTC,4.7329057,4.9135019,4.7375068
2021-03-03,MSFT,0.70870421,0.73217888,0.71001684
2021-03-03,NKE,0.10665141,0.10983036,0.10622047
2021-03-03,VZ,0.37457591,0.38433919,0.37358303
2021-03-03,WMT,0.29689159,0.30389465,0.29528585
2021-03-04,AAPL,1.1208892,1.1295293,1.1126697
2021-03-04,AMGN,0.15780286,0.15788911,0.15689154
2021-03-04,CRM,0.058591568,0.059116877,0.058511538
2021-03-04,CSCO,2.8618454,2.8516891,2.8379394
2021-03-04,IBM,2.7742676,2.7913413,2.7709922
2021-03-04,INTC,4.7492879,4.756109,4.7351413
2021-03-04,MSFT,0.7089026,0.70790896,0.70592906
2021-03-04,NKE,0.10666142,0.1071539,0.10657196
2021-03-04,VZ,0.37106543,0.37314506,0.37090017
2021-03-04,WMT,0.29587068,0.29667707,0.29423716
2021-03-05,AAPL,1.1029896,1.127137,1.1056576
2021-03-05,AMGN,0.15124058,0.15462384,0.15286763
2021-03-05,CRM,0.056796809,0.057917903,0.057362773
2021-03-05,CSCO,2.8554905,2.8485116,2.845508
2021-03-05,IBM,2.7237468,2.7542166,2.7314892
2021-03-05,INTC,4.7054466,4.7042846,4.7366081
2021-03-05,MSFT,0.69751722,0.70417958,0.69689563
2021-03-05,NKE,0.10455886,0.1062941,0.10552585
2021-03-05,VZ,0.36341567,0.36695551,0.36440303
2021-03-05,WMT,0.28958352,0.29115371,0.2895154
2021-03-08,AAPL,1.1017291,1.1157866,1.0913533
2021-03-08,AMGN,0.14324181,0.1472174,0.14480935
2021-03-08,CRM,0.055071724,0.056204512,0.05558951
2021-03-08,CSCO,2.8678289,2.8430545,2.8341747
2021-03-08,IBM,2.6982097,2.713748,2.6905666
2021-03-08,INTC,4.7338162,4.7234845,4.7277603
2021-03-08,MSFT,0.6910124,0.68955737,0.68782733
2021-03-08,NKE,0.10337328,0.10411622,0.1037907
2021-03-08,VZ,0.35876013,0.36068616,0.35837391
2021-03-08,WMT,0.28412972,0.28443839,0.28312367
2021-03-09,AAPL,1.1011393,1.1124193,1.087878
2021-03-09,AMGN,0.13927149,0.14155922,0.1395702
2021-03-09,CRM,0.05388826,0.055068056,0.053635187
2021-03-09,CSCO,2.8525624,2.8209298,2.8237939
2021-03-09,IBM,2.6760734,2.6923638,2.6697118
2021-03-09,INTC,4.7430393,4.7269688,4.7614825
2021-03-09,MSFT,0.68123255,0.68454126,0.67869309
2021-03-09,NKE,0.1013672,0.10274192,0.10273295
2021-03-09,VZ,0.35369624,0.35735628,0.35283287
2021-03-09,WMT,0.27861769,0.28010344,0.27790172
2021-03-10,AAPL,1.0912024,1.1071673,1.0897108
2021-03-10,AMGN,0.13351734,0.13706297,0.134976
2021-03-10,CRM,0.053772546,0.054677222,0.053234459
2021-03-10,CSCO,2.8492898,2.8208467,2.8304408
2021-03-10,IBM,2.6377682,2.6688751,2.641673
2021-03-10,INTC,4.7654203,4.7576762,4.7831576
2021-03-10,MSFT,0.67638087,0.67856137,0.67495689
2021-03-10,NKE,0.098996416,0.10041878,0.10024456
2021-03-10,VZ,0.34609288,0.3508247,0.34546344
2021-03-10,WMT,0.26901873,0.27188944,0.26917902
2021-03-11,AAPL,1.074035,1.088334,1.0608444
2021-03-11,AMGN,0.12951327,0.13220551,0.12960393
2021-03-11,CRM,0.052466207,0.053583929,0.052105184
2021-03-11,CSCO,2.7946784,2.7624654,2.7714394
2021-03-11,IBM,2.55913,2.5974114,2.5662718
2021-03-11,INTC,4.6935229,4.6901563,4.7035348
2021-03-11,MSFT,0.65605119,0.65944203,0.65545815
2021-03-11,NKE,0.096895178,0.097693131,0.09742439
2021-03-11,VZ,0.33670304,0.34109648,0.33668552
2021-03-11,WMT,0.25955451,0.26277157,0.25975808
2021-03-12,AAPL,1.0710702,1.0833911,1.0685979
2021-03-12,AMGN,0.12430269,0.12713625,0.12543652
2021-03-12,CRM,0.051860594,0.05269936,0.051332529
2021-03-12,CSCO,2.7911574,2.7634979,2.7625157
2021-03-12,IBM,2.5300799,2.5580852,2.5279133
2021-03-12,INTC,4.6517435,4.6436629,4.6731323
2021-03-12,MSFT,0.64430229,0.64608843,0.64400946
2021-03-12,NKE,0.095679058,0.096705708,0.096832495
2021-03-12,VZ,0.33173403,0.33540348,0.33192954
2021-03-12,WMT,0.25240697,0.25460249,0.25271511
2021-03-15,AAPL,1.0820413,1.0916056,1.0731205
2021-03-15,AMGN,0.12044395,0.12295358,0.12128636
2021-03-15,CRM,0.051030577,0.051894847,0.050567257
2021-03-15,CSCO,2.7755925,2.732338,2.7410129
2021-03-15,IBM,2.4802785,2.5044485,2.489518
2021-03-15,INTC,4.6042831,4.5952121,4.6190851
2021-03-15,MSFT,0.6307964,0.63036495,0.63092957
2021-03-15,NKE,0.093908339,0.095063648,0.094930755
2021-03-15,VZ,0.32519937,0.32842066,0.32423815
2021-03-15,WMT,0.24594664,0.24736651,0.24557618
2021-03-16,AAPL,1.0783487,1.0904665,1.073061
2021-03-16,AMGN,0.11458243,0.11809512,0.11567524
2021-03-16,CRM,0.049641472,0.050712432,0.049460798
2021-03-16,CSCO,2.7566132,2.7194429,2.725721
2021-03-16,IBM,2.4370815,2.4598643,2.4401813
2021-03-16,INTC,4.5586871,4.5515874,4.5630009
2021-03-16,MSFT,0.61824213,0.61870283,0.6146925
2021-03-16,NKE,0.091693825,0.092938564,0.092508494
2021-03-16,VZ,0.31897758,0.3217752,0.31764371
2021-03-16,WMT,0.23811907,0.23987724,0.23769262
2021-03-17,AAPL,1.0791155,1.0891734,1.0681111
2021-03-17,AMGN,0.11283396,0.11459194,0.11277327
2021-03-17,CRM,0.04914611,0.050032597,0.048363965
2021-03-17,CSCO,2.7462917,2.7126398,2.7079446
2021-03-17,IBM,2.3986646,2.4190881,2.3964195
2021-03-17,INTC,4.5407606,4.5347879,4.5473234
2021-03-17,MSFT,0.60645199,0.60707184,0.60260956
2021-03-17,NKE,0.090143017,0.091282661,0.09083487
2021-03-17,VZ,0.31488279,0.31699938,0.31343155
2021-03-17,WMT,0.23133798,0.23286943,0.23064057
2021-03-18,AAPL,1.0821279,1.0872499,1.0693896
2021-03-18,AMGN,0.1087974,0.11053486,0.1091335
2021-03-18,CRM,0.047999451,0.048860403,0.047342611
2021-03-18,CSCO,2.7439983,2.7023416,2.7092932
2021-03-18,IBM,2.3581327,2.3750427,2.3645001
2021-03-18,INTC,4.5303057,4.5095279,4.5342059
2021-03-18,MSFT,0.59635587,0.59452499,0.59473887
2021-03-18,NKE,0.08853276,0.089657165,0.089309044
2021-03-18,VZ,0.31152118,0.31388843,0.31017566
2021-03-18,WMT,0.22656955,0.22752095,0.22571606
2021-03-19,AAPL,1.085732,1.0955198,1.0770569
2021-03-19,AMGN,0.10431078,0.10626555,0.10537364
2021-03-19,CRM,0.047683223,0.048267647,0.047213411
2021-03-19,CSCO,2.7303794,2.69225,2.6914359
2021-03-19,IBM,2.327447,2.3517405,2.3302726
2021-03-19,INTC,4.5041946,4.4875215,4.4954918
2021-03-19,MSFT,0.58619069,0.58627315,0.58304385
2021-03-19,NKE,0.086819467,0.087650785,0.087574911
2021-03-19,VZ,0.3059775,0.30892686,0.30546927
2021-03-19,WMT,0.21916595,0.22151418,0.21909486
2021-03-22,AAPL,1.0970618,1.1057027,1.0863028
2021-03-22,AMGN,0.10055784,0.10299393,0.10090089
2021-03-22,CRM,0.046759254,0.04745009,0.046357749
2021-03-22,CSCO,2.730789,2.7044201,2.6878815
2021-03-22,IBM,2.2821604,2.312815,2.285736
2021-03-22,INTC,4.4751244,4.4808603,4.4714306
2021-03-22,MSFT,0.57410952,0.57779908,0.57253932
2021-03-22,NKE,0.084907397,0.086346447,0.085422179
2021-03-22,VZ,0.29989529,0.30331313,0.29845682
2021-03-22,WMT,0.21316853,0.21541108,0.21208945
2021-03-23,AAPL,1.0890322,1.1042291,1.0814124
2021-03-23,AMGN,0.098423651,0.10033599,0.097855627
2021-03-23,CRM,0.045268998,0.04627254,0.045137214
2021-03-23,CSCO,2.7268039,2.7068058,2.6868203
2021-03-23,IBM,2.250567,2.2650755,2.2447105
2021-03-23,INTC,4.4449328,4.4418269,4.4342298
2021-03-23,MSFT,0.56549485,0.56788724,0.56069152
2021-03-23,NKE,0.082443927,0.08385802,0.083084816
2021-03-23,VZ,0.29503784,0.29745664,0.29314568
2021-03-23,WMT,0.20732819,0.20885212,0.20642079
2021-03-24,AAPL,1.0904872,1.1053675,1.072875
2021-03-24,AMGN,0.093975009,0.097336792,0.094088974
2021-03-24,CRM,0.044224523,0.045138183,0.043536573
2021-03-24,CSCO,2.732045,2.7217227,2.6811855
2021-03-24,IBM,2.2532621,2.2692489,2.2389685
2021-03-24,INTC,4.4162182,4.4265335,4.403657
2021-03-24,MSFT,0.5605641,0.56281368,0.55371176
2021-03-24,NKE,0.080891657,0.081851149,0.081198624
2021-03-24,VZ,0.29171499,0.2934871,0.28838877
2021-03-24,WMT,0.2046331,0.20510774,0.20299683
2021-03-25,AAPL,1.0973695,1.1033216,1.0804606
2021-03-25,AMGN,0.091522416,0.093790378,0.091461973
2021-03-25,CRM,0.044305908,0.044698849,0.043362667
2021-03-25,CSCO,2.7333368,2.6965662,2.688943
2021-03-25,IBM,2.2295943,2.2546177,2.2224501
2021-03-25,INTC,4.416667,4.4229293,4.3868103
2021-03-25,MSFT,0.55971817,0.5600696,0.55320014
2021-03-25,NKE,0.079575747,0.080449176,0.079438235
2021-03-25,VZ,0.28305176,0.28795176,0.28241695
2021-03-25,WMT,0.19582769,0.19962987,0.19637474
2021-03-26,AAPL,1.0899299,1.1046324,1.0782349
2021-03-26,AMGN,0.089990992,0.091343581,0.089558406
2021-03-26,CRM,0.044749325,0.045060211,0.044180439
2021-03-26,CSCO,2.7316842,2.7089734,2.7001339
2021-03-26,IBM,2.2106339,2.2307851,2.2035785
2021-03-26,INTC,4.394413,4.4031488,4.3692528
2021-03-26,MSFT,0.55612881,0.55588017,0.55031869
2021-03-26,NKE,0.077757286,0.078713832,0.077957144
2021-03-26,VZ,0.27839782,0.28130877,0.27661241
2021-03-26,WMT,0.19026729,0.19243058,0.19045415
2021-03-29,AAPL,1.0770864,1.1000412,1.0616925
2021-03-29,AMGN,0.087846859,0.089648584,0.087736692
2021-03-29,CRM,0.04341719,0.044570788,0.043090604
2021-03-29,CSCO,2.6819416,2.6781626,2.6447253
2021-03-29,IBM,2.1710155,2.1958243,2.1603923
2021-03-29,INTC,4.2907919,4.3095942,4.2757663
2021-03-29,MSFT,0.54221864,0.54700337,0.53840788
2021-03-29,NKE,0.076610819,0.077460975,0.07650029
2021-03-29,VZ,0.27440871,0.27535677,0.27285237
2021-03-29,WMT,0.18910521,0.18968464,0.18733447
2021-03-30,AAPL,1.0580952,1.0874073,1.0548945
2021-03-30,AMGN,0.085430924,0.088248585,0.085000439
2021-03-30,CRM,0.041296511,0.043437989,0.040563069
2021-03-30,CSCO,2.6309718,2.6681772,2.6055878
2021-03-30,IBM,2.1261355,2.1620851,2.1151804
2021-03-30,INTC,4.2055583,4.2491203,4.1957786
2021-03-30,MSFT,0.52795463,0.54000368,0.52518722
2021-03-30,NKE,0.074655972,0.076564918,0.074619785
2021-03-30,VZ,0.27180472,0.27451033,0.26991613
2021-03-30,WMT,0.18522426,0.18777166,0.18406501
2021-03-31,AAPL,1.05049,1.0645586,1.0189869
2021-03-31,AMGN,0.084349586,0.086135641,0.082856235
2021-03-31,CRM,0.03826857,0.040378207,0.037130123
2021-03-31,CSCO,2.5432896,2.5750753,2.4767277
2021-03-31,IBM,2.1019697,2.1304073,2.0673659
2021-03-31,INTC,4.1037721,4.1451141,4.0324828
2021-03-31,MSFT,0.51275659,0.52426392,0.50253145
2021-03-31,NKE,0.072397598,0.073718775,0.070990819
2021-03-31,VZ,0.2662594,0.26910113,0.25986
2021-03-31,WMT,0.18146068,0.18394499,0.17855932
2021-04-01,AAPL,1.0054478,1.0459979,0.99981382
2021-04-01,AMGN,0.082012427,0.085155706,0.081816058
2021-04-01,CRM,0.036373382,0.03846525,0.035807296
2021-04-01,CSCO,2.459577,2.5460872,2.428106
2021-04-01,IBM,2.0337499,2.0984767,2.0277118
2021-04-01,INTC,3.948258,4.0961107,3.9397867
2021-04-01,MSFT,0.49235826,0.50816435,0.49125001
2021-04-01,NKE,0.069722561,0.07201422,0.069248389
2021-04-01,VZ,0.25839009,0.26567882,0.25647419
2021-04-01,WMT,0.17730659,0.18146357,0.17595192
2021-04-05,AAPL,1.0021213,1.0165995,0.99844678
2021-04-05,AMGN,0.080983442,0.081704923,0.08077218
2021-04-05,CRM,0.036054818,0.036686565,0.036141187
2021-04-05,CSCO,2.4734116,2.468618,2.4605912
2021-04-05,IBM,2.0380329,2.0519341,2.0358914
2021-04-05,INTC,3.9512754,3.9673864,3.9449638
2021-04-05,MSFT,0.4942335,0.49478101,0.49325155
2021-04-05,NKE,0.069309041,0.069775248,0.069381195
2021-04-05,VZ,0.25555454,0.25711317,0.25545328
2021-04-05,WMT,0.17665485,0.17700977,0.17582585
2021-04-06,AAPL,0.97728779,1.0004308,0.97842986
2021-04-06,AMGN,0.078037408,0.079708328,0.078645187
2021-04-06,CRM,0.034599096,0.03527163,0.034927318
2021-04-06,CSCO,2.4721741,2.4649557,2.4607233
2021-04-06,IBM,2.0105969,2.0271733,2.0094529
2021-04-06,INTC,3.918105,3.9205875,3.9350416
2021-04-06,MSFT,0.48514353,0.488783,0.48415229
2021-04-06,NKE,0.068161856,0.068882882,0.068462159
2021-04-06,VZ,0.25047955,0.25291306,0.25167175
2021-04-06,WMT,0.17398839,0.17413787,0.17355157
2021-04-07,AAPL,0.96722299,0.98403125,0.95639562
2021-04-07,AMGN,0.075005762,0.076538396,0.075376391
2021-04-07,CRM,0.033808858,0.034282647,0.034059242
2021-04-07,CSCO,2.4767119,2.4555295,2.4534613
2021-04-07,IBM,1.9963806,2.0034064,1.9914862
2021-04-07,INTC,3.9174631,3.9112002,3.9225734
2021-04-07,MSFT,0.4789213,0.47750363,0.47747853
2021-04-07,NKE,0.066980934,0.067535571,0.067125825
2021-04-07,VZ,0.24731347,0.24842866,0.24658034
2021-04-07,WMT,0.17207234,0.17146151,0.17097976
2021-04-08,AAPL,0.94587801,0.96194132,0.93806634
2021-04-08,AMGN,0.073207251,0.073913028,0.073344125
2021-04-08,CRM,0.032955607,0.033542519,0.032984593
2021-04-08,CSCO,2.4519525,2.4278611,2.4339609
2021-04-08,IBM,1.9593707,1.9729024,1.956126
2021-04-08,INTC,3.9403944,3.9197325,3.9375147
2021-04-08,MSFT,0.47472959,0.47577825,0.47265105
2021-04-08,NKE,0.065108546,0.065870908,0.065857721
2021-04-08,VZ,0.24297995,0.24522547,0.24316605
2021-04-08,WMT,0.16851933,0.1693338,0.16785532
2021-04-09,AAPL,0.92797011,0.94367112,0.9195239
2021-04-09,AMGN,0.070420517,0.071580004,0.070974254
2021-04-09,CRM,0.032378623,0.032671534,0.032349632
2021-04-09,CSCO,2.451953,2.4199083,2.4348443
2021-04-09,IBM,1.9241466,1.9459493,1.9279834
2021-04-09,INTC,3.9386849,3.9172294,3.943985
2021-04-09,MSFT,0.4700072,0.46971899,0.46936314
2021-04-09,NKE,0.063891199,0.064433351,0.064756531
2021-04-09,VZ,0.23842918,0.24119655,0.23844742
2021-04-09,WMT,0.16393112,0.16537341,0.16379687
2021-04-12,AAPL,0.92505922,0.9353025,0.91724492
2021-04-12,AMGN,0.068340068,0.069273737,0.068698876
2021-04-12,CRM,0.031969617,0.032235527,0.032046974
2021-04-12,CSCO,2.4448844,2.4032836,2.4199225
2021-04-12,IBM,1.8935729,1.9071475,1.8944447
2021-04-12,INTC,3.9428323,3.9311882,3.9542069
2021-04-12,MSFT,0.46379171,0.46112637,0.4633682
2021-04-12,NKE,0.062805113,0.063239266,0.063668621
2021-04-12,VZ,0.23273444,0.23511594,0.23337439
2021-04-12,WMT,0.15934554,0.16059112,0.15932821
2021-04-13,AAPL,0.92790463,0.93565896,0.92676143
2021-04-13,AMGN,0.064861831,0.066381806,0.065800845
2021-04-13,CRM,0.031633218,0.031862999,0.031779057
2021-04-13,CSCO,2.4641985,2.4150732,2.4444712
2021-04-13,IBM,1.8855463,1.8983704,1.8862625
2021-04-13,INTC,3.9619679,3.9209193,3.9817074
2021-04-13,MSFT,0.45946002,0.45725175,0.45941533
2021-04-13,NKE,0.061676229,0.062204108,0.062723781
2021-04-13,VZ,0.23037481,0.23116272,0.23098312
2021-04-13,WMT,0.15556386,0.15602473,0.15542303
2021-04-14,AAPL,0.91879949,0.92573632,0.90955247
2021-04-14,AMGN,0.063088944,0.063725406,0.062897548
2021-04-14,CRM,0.03040011,0.030914729,0.03039234
2021-04-14,CSCO,2.4575564,2.4087514,2.4264573
2021-04-14,IBM,1.8496525,1.8580347,1.8500746
2021-04-14,INTC,3.958516,3.914634,3.9714925
2021-04-14,MSFT,0.44731274,0.44500054,0.44782481
2021-04-14,NKE,0.060246126,0.0606947,0.060903342
2021-04-14,VZ,0.22589871,0.22756709,0.22510437
2021-04-14,WMT,0.1522147,0.15232863,0.15149129
2021-04-15,AAPL,0.90632762,0.92004353,0.89776053
2021-04-15,AMGN,0.06109562,0.061970852,0.061105044
2021-04-15,CRM,0.029541781,0.030092825,0.029571553
2021-04-15,CSCO,2.4551622,2.4114486,2.4260315
2021-04-15,IBM,1.8320385,1.8380935,1.8289319
2021-04-15,INTC,3.9639433,3.9335122,3.9627515
2021-04-15,MSFT,0.44216566,0.43973398,0.43824367
2021-04-15,NKE,0.058612732,0.059152331,0.059537926
2021-04-15,VZ,0.22061033,0.22287594,0.22099211
2021-04-15,WMT,0.14835685,0.14851522,0.14816449
2021-04-16,AAPL,0.89706678,0.9094707,0.88655684
2021-04-16,AMGN,0.058430816,0.060001243,0.058576813
2021-04-16,CRM,0.028383648,0.029156708,0.028298819
2021-04-16,CSCO,2.4284884,2.3895134,2.4050904
2021-04-16,IBM,1.8065068,1.8266309,1.8092836
2021-04-16,INTC,3.9317684,3.9034677,3.9336747
2021-04-16,MSFT,0.43265014,0.43548599,0.42886111
2021-04-16,NKE,0.057188526,0.057716868,0.057724728
2021-04-16,VZ,0.21474605,0.21699734,0.21448936
2021-04-16,WMT,0.1450256,0.14491973,0.14453553
2021-04-19,AAPL,0.8848143,0.89907304,0.87214185
2021-04-19,AMGN,0.056671072,0.057686274,0.056611298
2021-04-19,CRM,0.027819026,0.028213051,0.027500446
2021-04-19,CSCO,2.4136969,2.3661417,2.3834802
2021-04-19,IBM,1.7766753,1.786422,1.7734337
2021-04-19,INTC,3.9487788,3.8939443,3.9231061
2021-04-19,MSFT,0.42425984,0.42229715,0.41892196
2021-04-19,NKE,0.055948819,0.056128331,0.056166775
2021-04-19,VZ,0.20975156,0.21127308,0.20942826
2021-04-19,WMT,0.14036563,0.14065449,0.14006252
2021-04-20,AAPL,0.87714664,0.89105251,0.86996231
2021-04-20,AMGN,0.054195172,0.05551128,0.054619489
2021-04-20,CRM,0.027013752,0.027370802,0.026980264
2021-04-20,CSCO,2.4075401,2.3685797,2.3737507
2021-04-20,IBM,1.747935,1.7609829,1.7476416
2021-04-20,INTC,3.9638615,3.9359952,3.9565706
2021-04-20,MSFT,0.4176644,0.41845028,0.41564788
2021-04-20,NKE,0.054350601,0.054941838,0.055071958
2021-04-20,VZ,0.20567783,0.20695474,0.2062713
2021-04-20,WMT,0.13730439,0.137198,0.13659346
2021-04-21,AAPL,0.86573155,0.88736419,0.86656925
2021-04-21,AMGN,0.052595838,0.05378541,0.052629326
2021-04-21,CRM,0.025854675,0.026545152,0.026135875
2021-04-21,CSCO,2.3994684,2.3809777,2.3736717
2021-04-21,IBM,1.7224398,1.7408194,1.7241843
2021-04-21,INTC,3.9509359,3.9524459,3.967745
2021-04-21,MSFT,0.41073018,0.41404418,0.41172187
2021-04-21,NKE,0.05242309,0.05350711,0.053395172
2021-04-21,VZ,0.20374198,0.2058832,0.20437023
2021-04-21,WMT,0.13534345,0.13510833,0.13503326
2021-04-22,AAPL,0.85170026,0.86676049,0.83770376
2021-04-22,AMGN,0.050414438,0.051681487,0.050469735
2021-04-22,CRM,0.024647021,0.025202878,0.024517892
2021-04-22,CSCO,2.4110764,2.3777261,2.3688689
2021-04-22,IBM,1.7013919,1.7133028,1.6963656
2021-04-22,INTC,3.9292837,3.896769,3.9162672
2021-04-22,MSFT,0.40463037,0.40397106,0.40258858
2021-04-22,NKE,0.050564638,0.05108416,0.050862048
2021-04-22,VZ,0.20196317,0.20293141,0.20040262
2021-04-22,WMT,0.13274213,0.13265196,0.13212269
2021-04-23,AAPL,0.83070168,0.85395618,0.81170076
2021-04-23,AMGN,0.048842994,0.050179348,0.048606773
2021-04-23,CRM,0.024076534,0.024417591,0.023909718
2021-04-23,CSCO,2.3817456,2.3788407,2.3416183
2021-04-23,IBM,1.6794506,1.6941733,1.6723828
2021-04-23,INTC,3.8851549,3.8843787,3.8512144
2021-04-23,MSFT,0.39706088,0.40032968,0.39321685
2021-04-23,NKE,0.049534242,0.050055483,0.049423274
2021-04-23,VZ,0.19742575,0.19922303,0.19531383
2021-04-23,WMT,0.12824561,0.12987919,0.12801381
2021-04-26,AAPL,0.83409902,0.84189541,0.81821728
2021-04-26,AMGN,0.047271722,0.048592343,0.047139026
2021-04-26,CRM,0.024360827,0.024314277,0.023879025
2021-04-26,CSCO,2.4163841,2.4058596,2.3716729
2021-04-26,IBM,1.6839194,1.698169,1.6746364
2021-04-26,INTC,3.9218339,3.9284778,3.8792307
2021-04-26,MSFT,0.39880433,0.39786532,0.3929344
2021-04-26,NKE,0.049368773,0.049615187,0.049178684
2021-04-26,VZ,0.19403419,0.19634846,0.19307608
2021-04-26,WMT,0.12431745,0.12613709,0.12403927
2021-04-27,AAPL,0.82234022,0.82980006,0.81690957
2021-04-27,AMGN,0.04749024,0.04751062,0.046828903
2021-04-27,CRM,0.02486479,0.024882083,0.024437101
2021-04-27,CSCO,2.4079445,2.3977586,2.3918781
2021-04-27,IBM,1.6660702,1.6803166,1.6578772
2021-04-27,INTC,3.8760389,3.8968574,3.844223
2021-04-27,MSFT,0.39645343,0.39708961,0.39305085
2021-04-27,NKE,0.049096546,0.049258609,0.049211805
2021-04-27,VZ,0.19136137,0.19338452,0.19083773
2021-04-27,WMT,0.1206257,0.12203681,0.12085386
2021-04-28,AAPL,0.82293531,0.83168597,0.81170484
2021-04-28,AMGN,0.04656068,0.047336513,0.046274123
2021-04-28,CRM,0.024249152,0.024837411,0.024025272
2021-04-28,CSCO,2.3633383,2.386444,2.3421281
2021-04-28,IBM,1.633403,1.6512323,1.6323006
2021-04-28,INTC,3.7647917,3.8151325,3.7605838
2021-04-28,MSFT,0.38681226,0.38998921,0.38360591
2021-04-28,NKE,0.048473292,0.04889189,0.048289976
2021-04-28,VZ,0.18808671,0.18905252,0.18684454
2021-04-28,WMT,0.12031492,0.12114802,0.11945756
2021-04-29,AAPL,0.80718607,0.8231991,0.80602209
2021-04-29,AMGN,0.04557098,0.046623072,0.045193349
2021-04-29,CRM,0.022859011,0.023925063,0.022623486
2021-04-29,CSCO,2.3093359,2.3519892,2.2899507
2021-04-29,IBM,1.5959625,1.6245533,1.5873257
2021-04-29,INTC,3.6602285,3.7286753,3.6342833
2021-04-29,MSFT,0.37287988,0.3820771,0.37298376
2021-04-29,NKE,0.0471031,0.048494236,0.046917972
2021-04-29,VZ,0.18646431,0.18829834,0.18555913
2021-04-29,WMT,0.11911478,0.12067189,0.11845238
2021-04-30,AAPL,0.80004611,0.81264115,0.75513385
2021-04-30,AMGN,0.045388337,0.046109618,0.044435324
2021-04-30,CRM,0.021488722,0.022466913,0.020728838
2021-04-30,CSCO,2.244063,2.2765517,2.1595449
2021-04-30,IBM,1.5784515,1.5936937,1.5407925
2021-04-30,INTC,3.6038401,3.6620026,3.509487
2021-04-30,MSFT,0.36530266,0.3719318,0.35476964
2021-04-30,NKE,0.04585056,0.046837336,0.044488526
2021-04-30,VZ,0.18331839,0.18476053,0.17696335
2021-04-30,WMT,0.11706309,0.11868271,0.11479354
2021-05-03,AAPL,0.77335565,0.80597944,0.76792896
2021-05-03,AMGN,0.044279406,0.045824882,0.044180247
2021-05-03,CRM,0.020626045,0.021714322,0.020303908
2021-05-03,CSCO,2.1683449,2.2472393,2.151813
2021-05-03,IBM,1.5285949,1.5740369,1.5253496
2021-05-03,INTC,3.4607753,3.6079771,3.4520714
2021-05-03,MSFT,0.35171024,0.36433915,0.35021093
2021-05-03,NKE,0.044366165,0.045875753,0.044126312
2021-05-03,VZ,0.17769217,0.18310776,0.17717987
2021-05-03,WMT,0.11438662,0.11748655,0.11394911
2021-05-04,AAPL,0.77547937,0.78395744,0.77336576
2021-05-04,AMGN,0.044200092,0.044258479,0.043908476
2021-05-04,CRM,0.020942827,0.021147491,0.021017105
2021-05-04,CSCO,2.1909691,2.1822252,2.1828803
2021-05-04,IBM,1.5278502,1.5343664,1.5277635
2021-05-04,INTC,3.4806059,3.492644,3.4790452
2021-05-04,MSFT,0.3527899,0.35173428,0.3526528
2021-05-04,NKE,0.044253397,0.04447095,0.044464498
2021-05-04,VZ,0.17667411,0.17729948,0.17616343
2021-05-04,WMT,0.11451793,0.11454534,0.11416572
2021-05-05,AAPL,0.75613826,0.77207596,0.75872831
2021-05-05,AMGN,0.042605355,0.043340757,0.04296048
2021-05-05,CRM,0.02006351,0.020507927,0.020398497
2021-05-05,CSCO,2.2024708,2.1940901,2.1915485
2021-05-05,IBM,1.5032618,1.5168034,1.5043986
2021-05-05,INTC,3.4433641,3.4384779,3.4794581
2021-05-05,MSFT,0.34912565,0.35027795,0.34852916
2021-05-05,NKE,0.043169709,0.043623421,0.043525045
2021-05-05,VZ,0.17450382,0.17473949,0.17473587
2021-05-05,WMT,0.11350809,0.11279963,0.11318208
2021-05-06,AAPL,0.73614139,0.75004747,0.72787102
2021-05-06,AMGN,0.040949221,0.041778773,0.040978525
2021-05-06,CRM,0.019002834,0.019463183,0.019148793
2021-05-06,CSCO,2.2021153,2.1792519,2.1769653
2021-05-06,IBM,1.4905268,1.4913837,1.4794527
2021-05-06,INTC,3.4367265,3.396583,3.4252541
2021-05-06,MSFT,0.34535172,0.34372412,0.34232756
2021-05-06,NKE,0.04162852,0.041990208,0.041847694
2021-05-06,VZ,0.17394763,0.17359033,0.17318345
2021-05-06,WMT,0.1123623,0.11187891,0.11175181
2021-05-07,AAPL,0.71397692,0.72663037,0.71115803
2021-05-07,AMGN,0.040208769,0.040585385,0.040206391
2021-05-07,CRM,0.01860382,0.018715319,0.018485851
2021-05-07,CSCO,2.1895759,2.1632367,2.1687882
2021-05-07,IBM,1.4704428,1.4734022,1.4634404
2021-05-07,INTC,3.4411425,3.4183025,3.4327283
2021-05-07,MSFT,0.3418785,0.34098739,0.33955876
2021-05-07,NKE,0.040662449,0.040996697,0.041122199
2021-05-07,VZ,0.17271168,0.17340498,0.17147785
2021-05-07,WMT,0.11096288,0.11143721,0.11037636
2021-05-10,AAPL,0.69149954,0.70549991,0.69110497
2021-05-10,AMGN,0.039662216,0.039936346,0.039741515
2021-05-10,CRM,0.018604299,0.018577625,0.018679514
2021-05-10,CSCO,2.2007585,2.1765185,2.185141
2021-05-10,IBM,1.4531529,1.4638134,1.4546797
2021-05-10,INTC,3.4160022,3.4124447,3.4428192
2021-05-10,MSFT,0.33822934,0.33800462,0.3382018
2021-05-10,NKE,0.039883132,0.040217631,0.04043111
2021-05-10,VZ,0.1727144,0.17347826,0.17191069
2021-05-10,WMT,0.11015806,0.11011066,0.10946829
2021-05-11,AAPL,0.67405143,0.6845286,0.66889026
2021-05-11,AMGN,0.038770497,0.039077662,0.038835055
2021-05-11,CRM,0.018309352,0.01834102,0.018426211
2021-05-11,CSCO,2.2063275,2.1734414,2.1874895
2021-05-11,IBM,1.4242501,1.4337098,1.4264712
2021-05-11,INTC,3.3906561,3.3610321,3.3943772
2021-05-11,MSFT,0.3340578,0.3331942,0.33290799
2021-05-11,NKE,0.039098466,0.039362329,0.039431133
2021-05-11,VZ,0.17117349,0.17173397,0.17104083
2021-05-11,WMT,0.10814266,0.10862738,0.1078241
2021-05-12,AAPL,0.65947177,0.67179461,0.65353153
2021-05-12,AMGN,0.03772739,0.038174297,0.037646968
2021-05-12,CRM,0.017977938,0.017943441,0.018049079
2021-05-12,CSCO,2.2047121,2.1778763,2.1788895
2021-05-12,IBM,1.3969104,1.4097368,1.3950403
2021-05-12,INTC,3.3568517,3.3302347,3.3474157
2021-05-12,MSFT,0.32833075,0.32851612,0.32642265
2021-05-12,NKE,0.0383937,0.038710517,0.038665247
2021-05-12,VZ,0.16902687,0.16968695,0.16836677
2021-05-12,WMT,0.10543157,0.10650069,0.1052187
2021-05-13,AAPL,0.64541639,0.65832924,0.64290031
2021-05-13,AMGN,0.036944473,0.037544861,0.036892654
2021-05-13,CRM,0.017394896,0.017579064,0.017571101
2021-05-13,CSCO,2.2135233,2.1909842,2.1968946
2021-05-13,IBM,1.3742013,1.3814201,1.3792664
2021-05-13,INTC,3.3188307,3.3062287,3.3411667
2021-05-13,MSFT,0.32103726,0.32085029,0.32106233
2021-05-13,NKE,0.037687328,0.038154657,0.037995441
2021-05-13,VZ,0.16841761,0.16892246,0.16703314
2021-05-13,WMT,0.1046539,0.10456155,0.10393248
2021-05-14,AAPL,0.63097419,0.64380969,0.62765234
2021-05-14,AMGN,0.035682224,0.03637035,0.035719048
2021-05-14,CRM,0.016911499,0.017096363,0.017049215
2021-05-14,CSCO,2.2093522,2.1829454,2.184362
2021-05-14,IBM,1.3526118,1.3578864,1.3508682
2021-05-14,INTC,3.3108789,3.2897343,3.3046109
2021-05-14,MSFT,0.31499392,0.31522688,0.31302411
2021-05-14,NKE,0.036605873,0.036921971,0.036803167
2021-05-14,VZ,0.16653892,0.16674373,0.16610104
2021-05-14,WMT,0.10284355,0.10293946,0.10232004
2021-05-17,AAPL,0.62226363,0.63451825,0.61304084
2021-05-17,AMGN,0.034953344,0.035454223,0.034702501
2021-05-17,CRM,0.016368567,0.016611036,0.016295542
2021-05-17,CSCO,2.2152929,2.1891952,2.1866303
2021-05-17,IBM,1.3340743,1.342214,1.328503
2021-05-17,INTC,3.3089173,3.2901052,3.2957479
2021-05-17,MSFT,0.31023227,0.31084629,0.30692191
2021-05-17,NKE,0.035776506,0.036095021,0.035907281
2021-05-17,VZ,0.16467726,0.16481081,0.163445
2021-05-17,WMT,0.10110553,0.10116695,0.10020983
2021-05-18,AAPL,0.61456135,0.62529635,0.60828259
2021-05-18,AMGN,0.034197355,0.034674428,0.034095657
2021-05-18,CRM,0.016363681,0.016393265,0.016291757
2021-05-18,CSCO,2.2522805,2.2167208,2.223155
2021-05-18,IBM,1.3228061,1.3282629,1.3192493
2021-05-18,INTC,3.3565225,3.3180531,3.3315706
2021-05-18,MSFT,0.30969735,0.30727694,0.3053442
2021-05-18,NKE,0.035037948,0.035354979,0.035352828
2021-05-18,VZ,0.16298154,0.16340221,0.16213744
2021-05-18,WMT,0.099083424,0.09933402,0.098573172
2021-05-19,AAPL,0.59882435,0.61240193,0.59491689
2021-05-19,AMGN,0.033523386,0.033901217,0.033443998
2021-05-19,CRM,0.016039713,0.016285909,0.016080947
2021-05-19,CSCO,2.2454342,2.2213564,2.222527
2021-05-19,IBM,1.3099029,1.3184938,1.30932
2021-05-19,INTC,3.3396458,3.3276318,3.3423948
2021-05-19,MSFT,0.30505444,0.30762274,0.30279912
2021-05-19,NKE,0.034165312,0.034653957,0.03446411
2021-05-19,VZ,0.16088874,0.16188584,0.16021963
2021-05-19,WMT,0.097672393,0.098047289,0.097112617
2021-05-20,AAPL,0.58101022,0.59815945,0.5762936
2021-05-20,AMGN,0.032601737,0.033243449,0.032520589
2021-05-20,CRM,0.015389507,0.015702105,0.015441488
2021-05-20,CSCO,2.2222159,2.2130451,2.1985625
2021-05-20,IBM,1.28513,1.2951627,1.282295
2021-05-20,INTC,3.3013542,3.2990903,3.3023589
2021-05-20,MSFT,0.29779056,0.3011269,0.29625692
2021-05-20,NKE,0.033075807,0.033643306,0.033222989
2021-05-20,VZ,0.15892026,0.15980445,0.15805876
2021-05-20,WMT,0.096348639,0.096393456,0.09555057
2021-05-21,AAPL,0.56645721,0.57932711,0.55490467
2021-05-21,AMGN,0.031903939,0.032399543,0.031652253
2021-05-21,CRM,0.014799436,0.015060655,0.014684478
2021-05-21,CSCO,2.2046338,2.1921785,2.173597
2021-05-21,IBM,1.2641096,1.2715145,1.258716
2021-05-21,INTC,3.2764337,3.2633752,3.2445109
2021-05-21,MSFT,0.29285898,0.29408288,0.2898365
2021-05-21,NKE,0.031867883,0.032243759,0.031918284
2021-05-21,VZ,0.15645943,0.15697937,0.15489028
2021-05-21,WMT,0.094685158,0.094920319,0.093756057
2021-05-24,AAPL,0.55117565,0.56762681,0.54759436
2021-05-24,AMGN,0.031301247,0.032093927,0.031178915
2021-05-24,CRM,0.014358764,0.01459169,0.014386577
2021-05-24,CSCO,2.2038434,2.204247,2.1754051
2021-05-24,IBM,1.2599728,1.2691954,1.2537538
2021-05-24,INTC,3.2638036,3.2603982,3.2501565
2021-05-24,MSFT,0.29242028,0.29407989,0.28948733
2021-05-24,NKE,0.031185902,0.031545581,0.03156241
2021-05-24,VZ,0.15567356,0.15614557,0.15420481
2021-05-24,WMT,0.093403404,0.093728778,0.092804349
2021-05-25,AAPL,0.54674637,0.55347599,0.5397144
2021-05-25,AMGN,0.030730858,0.031323428,0.030632719
2021-05-25,CRM,0.014350152,0.014393938,0.014289963
2021-05-25,CSCO,2.2212011,2.1955271,2.1925276
2021-05-25,IBM,1.2542416,1.2644806,1.2501543
2021-05-25,INTC,3.2717742,3.2707931,3.2603905
2021-05-25,MSFT,0.29534778,0.29488848,0.29187863
2021-05-25,NKE,0.030876754,0.03104077,0.031050749
2021-05-25,VZ,0.15433857,0.15502958,0.1533748
2021-05-25,WMT,0.090832408,0.091551836,0.09083387
2021-05-26,AAPL,0.54090607,0.54533411,0.53725315
2021-05-26,AMGN,0.03050436,0.030693958,0.030109239
2021-05-26,CRM,0.014511776,0.014431408,0.014390507
2021-05-26,CSCO,2.2338492,2.2130439,2.2173904
2021-05-26,IBM,1.246309,1.2577499,1.2401151
2021-05-26,INTC,3.2669009,3.2553919,3.2565822
2021-05-26,MSFT,0.29552372,0.29505846,0.29185465
2021-05-26,NKE,0.030587932,0.030679149,0.030555434
2021-05-26,VZ,0.15241904,0.15347854,0.15207756
2021-05-26,WMT,0.088171899,0.089062867,0.088387299
2021-05-27,AAPL,0.53775366,0.54459972,0.53243242
2021-05-27,AMGN,0.030148975,0.030518809,0.029953037
2021-05-27,CRM,0.014230945,0.014425157,0.014278549
2021-05-27,CSCO,2.2137084,2.2143307,2.1970225
2021-05-27,IBM,1.2221397,1.2375878,1.2242866
2021-05-27,INTC,3.1709863,3.190319,3.1915225
2021-05-27,MSFT,0.2898404,0.29138763,0.28863151
2021-05-27,NKE,0.030212029,0.030499033,0.030198255
2021-05-27,VZ,0.15000586,0.15033015,0.14951102
2021-05-27,WMT,0.088180552,0.088596815,0.087753436
2021-05-28,AAPL,0.52518916,0.53965411,0.52417026
2021-05-28,AMGN,0.02947305,0.030209338,0.029262555
2021-05-28,CRM,0.013653449,0.014231142,0.013513837
2021-05-28,CSCO,2.1708365,2.1955501,2.1500234
2021-05-28,IBM,1.1840487,1.2075407,1.1827002
2021-05-28,INTC,3.0800512,3.1213972,3.0795414
2021-05-28,MSFT,0.28178089,0.28738517,0.28122711
2021-05-28,NKE,0.029234873,0.030003129,0.029308468
2021-05-28,VZ,0.14914883,0.15040419,0.14864412
2021-05-28,WMT,0.086760302,0.0881554,0.086485292
2021-06-01,AAPL,0.52090337,0.52744003,0.49647948
2021-06-01,AMGN,0.029041887,0.029580241,0.028425752
2021-06-01,CRM,0.012767357,0.013334602,0.012366611
2021-06-01,CSCO,2.0896157,2.1164661,2.0192938
2021-06-01,IBM,1.1651539,1.1813569,1.1409577
2021-06-01,INTC,3.0083843,3.041283,2.9307253
2021-06-01,MSFT,0.27248704,0.27867228,0.26533628
2021-06-01,NKE,0.028171239,0.028734556,0.027492818
2021-06-01,VZ,0.14656704,0.1474656,0.14255983
2021-06-01,WMT,0.08426766,0.086065963,0.083074818
2021-06-02,AAPL,0.50248139,0.52236553,0.49872779
2021-06-02,AMGN,0.0280112,0.029136002,0.027952644
2021-06-02,CRM,0.012261304,0.012879765,0.012037324
2021-06-02,CSCO,2.0314886,2.1019167,2.0059647
2021-06-02,IBM,1.1265146,1.1600084,1.1213581
2021-06-02,INTC,2.8930755,3.0108949,2.8889618
2021-06-02,MSFT,0.26111148,0.26990686,0.26011632
2021-06-02,NKE,0.027095764,0.02789589,0.026916899
2021-06-02,VZ,0.14199797,0.14572403,0.140999
2021-06-02,WMT,0.082495416,0.084611327,0.0818931
2021-06-03,AAPL,0.50585935,0.50863184,0.50375603
2021-06-03,AMGN,0.028034238,0.027861439,0.027918102
2021-06-03,CRM,0.012374959,0.012475394,0.012391384
2021-06-03,CSCO,2.0410448,2.0323093,2.0323869
2021-06-03,IBM,1.1192866,1.1263541,1.118697
2021-06-03,INTC,2.8926515,2.8913716,2.8891297
2021-06-03,MSFT,0.26055006,0.26041623,0.25983988
2021-06-03,NKE,0.027154121,0.027279785,0.027218709
2021-06-03,VZ,0.14220261,0.14267058,0.1414724
2021-06-03,WMT,0.082299791,0.082546261,0.081947026
2021-06-04,AAPL,0.49139665,0.50005206,0.49634811
2021-06-04,AMGN,0.027302449,0.027552349,0.027527382
2021-06-04,CRM,0.011950013,0.012132274,0.012153109
2021-06-04,CSCO,2.0323602,2.0314859,2.0319681
2021-06-04,IBM,1.0864095,1.0997923,1.0908702
2021-06-04,INTC,2.8391746,2.8407501,2.874089
2021-06-04,MSFT,0.2547642,0.25636578,0.25507249
2021-06-04,NKE,0.026469076,0.026930191,0.026900833
2021-06-04,VZ,0.14035181,0.14122452,0.14075481
2021-06-04,WMT,0.081226284,0.081220038,0.081175008
2021-06-07,AAPL,0.47922943,0.48618221,0.47688887
2021-06-07,AMGN,0.026313183,0.026659182,0.026467506
2021-06-07,CRM,0.01153802,0.011699834,0.011605484
2021-06-07,CSCO,2.0186474,2.0053804,1.9982801
2021-06-07,IBM,1.0637158,1.0731737,1.0622305
2021-06-07,INTC,2.8047129,2.7866521,2.8087728
2021-06-07,MSFT,0.24911736,0.24935286,0.24816724
2021-06-07,NKE,0.026025604,0.026191249,0.026146768
2021-06-07,VZ,0.13970953,0.14016526,0.13919065
2021-06-07,WMT,0.079642498,0.079792515,0.079453997
2021-06-08,AAPL,0.4740003,0.47966207,0.47579864
2021-06-08,AMGN,0.025668956,0.025966117,0.025856518
2021-06-08,CRM,0.011327649,0.011421099,0.011385089
2021-06-08,CSCO,2.0226728,2.0031174,2.0094243
2021-06-08,IBM,1.0437989,1.0533201,1.0484107
2021-06-08,INTC,2.7881796,2.7810214,2.8114543
2021-06-08,MSFT,0.24542269,0.24535124,0.2454626
2021-06-08,NKE,0.025480394,0.025860091,0.02589354
2021-06-08,VZ,0.13920336,0.13980367,0.1389208
2021-06-08,WMT,0.078885189,0.079162546,0.078772456
2021-06-09,AAPL,0.46628306,0.47214158,0.46660078
2021-06-09,AMGN,0.024834423,0.025213736,0.025075585
2021-06-09,CRM,0.011298917,0.011335929,0.011334042
2021-06-09,CSCO,2.0325992,2.0123969,2.0123515
2021-06-09,IBM,1.023589,1.0338326,1.0263274
2021-06-09,INTC,2.7793574,2.7696681,2.7991044
2021-06-09,MSFT,0.24224209,0.24223432,0.24171857
2021-06-09,NKE,0.024808476,0.025075888,0.02522117
2021-06-09,VZ,0.13762982,0.13875357,0.13806325
2021-06-09,WMT,0.07688117,0.077509657,0.07677417
2021-06-10,AAPL,0.46179791,0.46577718,0.45705221
2021-06-10,AMGN,0.024033143,0.024227036,0.024087709
2021-06-10,CRM,0.011167515,0.011162487,0.011143641
2021-06-10,CSCO,2.0294697,1.9974728,2.0032283
2021-06-10,IBM,0.99937285,1.0093648,1.0025259
2021-06-10,INTC,2.7553314,2.7411075,2.7481356
2021-06-10,MSFT,0.23694061,0.23651087,0.23580235
2021-06-10,NKE,0.024246527,0.024446937,0.024380677
2021-06-10,VZ,0.13507255,0.13643009,0.13461209
2021-06-10,WMT,0.074192582,0.075270843,0.074018855
2021-06-11,AAPL,0.45948937,0.46689112,0.45903123
2021-06-11,AMGN,0.02320408,0.023593918,0.023356547
2021-06-11,CRM,0.011120381,0.011092307,0.011203387
2021-06-11,CSCO,2.0546983,2.024211,2.0295481
2021-06-11,IBM,0.98912114,0.99665823,0.9901135
2021-06-11,INTC,2.7557052,2.7421327,2.7575137
2021-06-11,MSFT,0.23413594,0.23372397,0.23259563
2021-06-11,NKE,0.023842019,0.024130413,0.024147785
2021-06-11,VZ,0.13449727,0.13539595,0.13363457
2021-06-11,WMT,0.07240797,0.073072931,0.072228129
2021-06-14,AAPL,0.45772201,0.46128923,0.45345193
2021-06-14,AMGN,0.022462236,0.022822899,0.022543596
2021-06-14,CRM,0.010957408,0.010943904,0.010954711
2021-06-14,CSCO,2.0677906,2.0400319,2.0388083
2021-06-14,IBM,0.96899624,0.97724863,0.97264322
2021-06-14,INTC,2.7453181,2.7299172,2.7410021
2021-06-14,MSFT,0.22910077,0.22925535,0.22789292
2021-06-14,NKE,0.023393052,0.023648413,0.023548818
2021-06-14,VZ,0.13282408,0.13387335,0.13175732
2021-06-14,WMT,0.070606934,0.071248815,0.070240824
2021-06-15,AAPL,0.44920205,0.45766291,0.44743485
2021-06-15,AMGN,0.021946254,0.022216415,0.021927698
2021-06-15,CRM,0.010706907,0.010801207,0.010728129
2021-06-15,CSCO,2.0781928,2.0524284,2.0450518
2021-06-15,IBM,0.95257526,0.9587008,0.95147382
2021-06-15,INTC,2.7229713,2.7152496,2.7248783
2021-06-15,MSFT,0.22486998,0.2250861,0.22316381
2021-06-15,NKE,0.022953109,0.02323876,0.023167284
2021-06-15,VZ,0.13258564,0.13384886,0.1311235
2021-06-15,WMT,0.069611789,0.069750172,0.069010845
2021-06-16,AAPL,0.44728224,0.45404383,0.44254829
2021-06-16,AMGN,0.021349626,0.021670819,0.02142102
2021-06-16,CRM,0.010517236,0.010557279,0.01047287
2021-06-16,CSCO,2.0879458,2.0576518,2.0567462
2021-06-16,IBM,0.93316904,0.94302022,0.93508641
2021-06-16,INTC,2.7225241,2.7081369,2.7166958
2021-06-16,MSFT,0.22238915,0.22246786,0.22099307
2021-06-16,NKE,0.022443157,0.02273441,0.022687012
2021-06-16,VZ,0.13108729,0.1323243,0.13055353
2021-06-16,WMT,0.067764852,0.068229655,0.067607383
2021-06-17,AAPL,0.43940387,0.44709078,0.43677279
2021-06-17,AMGN,0.020701453,0.021054342,0.02080176
2021-06-17,CRM,0.010428186,0.010457623,0.010412078
2021-06-17,CSCO,2.0882128,2.0603041,2.0640172
2021-06-17,IBM,0.915497,0.92511557,0.91723662
2021-06-17,INTC,2.7104033,2.6961209,2.7014589
2021-06-17,MSFT,0.21935345,0.21905402,0.2179811
2021-06-17,NKE,0.022067409,0.022280723,0.022302407
2021-06-17,VZ,0.12942614,0.13086855,0.12883273
2021-06-17,WMT,0.065813745,0.066419473,0.065639416
2021-06-18,AAPL,0.43355882,0.43952008,0.42862005
2021-06-18,AMGN,0.020012938,0.020313919,0.020072899
2021-06-18,CRM,0.010403077,0.010345972,0.010340867
2021-06-18,CSCO,2.082716,2.0476601,2.0527258
2021-06-18,IBM,0.89882881,0.9057383,0.89773713
2021-06-18,INTC,2.7054254,2.6861372,2.6888097
2021-06-18,MSFT,0.21483903,0.21527052,0.21283502
2021-06-18,NKE,0.02157339,0.021740898,0.021743969
2021-06-18,VZ,0.12762237,0.12897082,0.12717514
2021-06-18,WMT,0.063380347,0.064089599,0.063262862
2021-06-21,AAPL,0.42902583,0.43717274,0.42448701
2021-06-21,AMGN,0.019711105,0.019899872,0.019647507
2021-06-21,CRM,0.010255533,0.010302646,0.01028727
2021-06-21,CSCO,2.0755144,2.0623728,2.0434707
2021-06-21,IBM,0.88049664,0.89173979,0.88081762
2021-06-21,INTC,2.6766708,2.6766292,2.6643287
2021-06-21,MSFT,0.20967474,0.2107519,0.20807932
2021-06-21,NKE,0.021113092,0.021437588,0.021386166
2021-06-21,VZ,0.12616216,0.12751878,0.12548913
2021-06-21,WMT,0.061737764,0.062283443,0.061422537
2021-06-22,AAPL,0.42362998,0.42975141,0.42312404
2021-06-22,AMGN,0.019150735,0.019426652,0.019253566
2021-06-22,CRM,0.01030471,0.010238967,0.010299812
2021-06-22,CSCO,2.0951986,2.0833157,2.0768776
2021-06-22,IBM,0.86877296,0.87576324,0.87174695
2021-06-22,INTC,2.6489888,2.6550174,2.6579577
2021-06-22,MSFT,0.20649797,0.2067658,0.20556791
2021-06-22,NKE,0.020749401,0.021002499,0.020981954
2021-06-22,VZ,0.12502002,0.12613699,0.12473447
2021-06-22,WMT,0.060255907,0.060700495,0.060201951
2021-06-23,AAPL,0.42216196,0.42538748,0.41464865
2021-06-23,AMGN,0.018389423,0.018784245,0.018473469
2021-06-23,CRM,0.010134584,0.010108273,0.010107961
2021-06-23,CSCO,2.0914264,2.0718733,2.0635554
2021-06-23,IBM,0.85334273,0.85846658,0.85237119
2021-06-23,INTC,2.6114389,2.6064666,2.5984638
2021-06-23,MSFT,0.20394901,0.20441134,0.20192339
2021-06-23,NKE,0.020482662,0.020616864,0.020548977
2021-06-23,VZ,0.12315673,0.12391457,0.12222138
2021-06-23,WMT,0.058499712,0.058921754,0.058543765
2021-06-24,AAPL,0.41847659,0.42248386,0.41548636
2021-06-24,AMGN,0.017725509,0.018177244,0.017750654
2021-06-24,CRM,0.010180121,0.010180461,0.010211486
2021-06-24,CSCO,2.1205871,2.1059241,2.094432
2021-06-24,IBM,0.85234846,0.85697598,0.84914044
2021-06-24,INTC,2.6187452,2.621252,2.6065643
2021-06-24,MSFT,0.20377481,0.20340947,0.20181449
2021-06-24,NKE,0.020203667,0.020351558,0.020274305
2021-06-24,VZ,0.12224756,0.12309768,0.12144879
2021-06-24,WMT,0.056904901,0.057606446,0.056942
2021-06-25,AAPL,0.41465293,0.41818187,0.41228064
2021-06-25,AMGN,0.017483666,0.017678107,0.017315514
2021-06-25,CRM,0.010423324,0.010354207,0.010283892
2021-06-25,CSCO,2.118444,2.1125644,2.1026587
2021-06-25,IBM,0.84102758,0.84679915,0.83739868
2021-06-25,INTC,2.6104467,2.6202399,2.5935222
2021-06-25,MSFT,0.20295936,0.20284337,0.20088684
2021-06-25,NKE,0.019901139,0.020013816,0.019901922
2021-06-25,VZ,0.12101944,0.1217082,0.12072368
2021-06-25,WMT,0.054815821,0.05576724,0.055004285
2021-06-28,AAPL,0.41422367,0.41770867,0.41090173
2021-06-28,AMGN,0.017221161,0.017426962,0.01707746
2021-06-28,CRM,0.010212317,0.010374214,0.010205502
2021-06-28,CSCO,2.0859152,2.094831,2.062667
2021-06-28,IBM,0.8265768,0.83457316,0.82607067
2021-06-28,INTC,2.5269348,2.5453423,2.5340626
2021-06-28,MSFT,0.19779871,0.1998248,0.19695478
2021-06-28,NKE,0.019568996,0.019685961,0.019543528
2021-06-28,VZ,0.11964455,0.12002164,0.11896428
2021-06-28,WMT,0.055010767,0.055187959,0.054524979
2021-06-29,AAPL,0.40633447,0.41657541,0.40739679
2021-06-29,AMGN,0.016809324,0.017241851,0.016719843
2021-06-29,CRM,0.009739597,0.010148194,0.0096716692
2021-06-29,CSCO,2.0351884,2.0671559,2.0248953
2021-06-29,IBM,0.8048226,0.81913298,0.80390353
2021-06-29,INTC,2.4446447,2.4830133,2.4509086
2021-06-29,MSFT,0.19202543,0.19593447,0.19164099
2021-06-29,NKE,0.018968024,0.019479192,0.019016852
2021-06-29,VZ,0.11894499,0.11976305,0.11847422
2021-06-29,WMT,0.054052844,0.054957377,0.053945664
2021-06-30,AAPL,0.40163216,0.4055723,0.38380456
2021-06-30,AMGN,0.016770033,0.016947253,0.01637044
2021-06-30,CRM,0.0090694421,0.0094855218,0.0087797097
2021-06-30,CSCO,1.9642352,1.9870897,1.8995257
2021-06-30,IBM,0.79224868,0.80136483,0.77731661
2021-06-30,INTC,2.3789431,2.4064672,2.3184053
2021-06-30,MSFT,0.18622876,0.18982142,0.181902
2021-06-30,NKE,0.018453034,0.018734724,0.017933729
2021-06-30,VZ,0.1170437,0.11765756,0.11339601
2021-06-30,WMT,0.053026436,0.053888445,0.052123298
2021-07-01,AAPL,0.38870671,0.40418481,0.38658251
2021-07-01,AMGN,0.016266896,0.016860837,0.016253282
2021-07-01,CRM,0.0087115309,0.0091428108,0.0085814931
2021-07-01,CSCO,1.9082213,1.9687501,1.886279
2021-07-01,IBM,0.77055719,0.791686,0.766968
2021-07-01,INTC,2.2948077,2.3795831,2.2860904
2021-07-01,MSFT,0.17930353,0.18499333,0.17851739
2021-07-01,NKE,0.017816228,0.018330875,0.017759167
2021-07-01,VZ,0.11418409,0.11699396,0.11334475
2021-07-01,WMT,0.052021911,0.053270786,0.051761991
2021-07-02,AAPL,0.38930641,0.39214826,0.38843241
2021-07-02,AMGN,0.016319292,0.016328008,0.016188073
2021-07-02,CRM,0.008657242,0.0087506783,0.0087141416
2021-07-02,CSCO,1.9260844,1.9180807,1.9187
2021-07-02,IBM,0.76813079,0.77202501,0.76648376
2021-07-02,INTC,2.2987175,2.296057,2.2971414
2021-07-02,MSFT,0.17966643,0.17944297,0.17941415
2021-07-02,NKE,0.017897287,0.017977083,0.017916297
2021-07-02,VZ,0.11446139,0.11484804,0.11375398
2021-07-02,WMT,0.052041341,0.052093087,0.051780858
2021-07-06,AAPL,0.37823769,0.38542008,0.3801622
2021-07-06,AMGN,0.01588718,0.016078878,0.016000715
2021-07-06,CRM,0.0084027856,0.0084845666,0.0085366986
2021-07-06,CSCO,1.9272906,1.9239647,1.9218072
2021-07-06,IBM,0.74982632,0.75888767,0.75177994
2021-07-06,INTC,2.266681,2.2667855,2.2858007
2021-07-06,MSFT,0.17721204,0.17795042,0.17746069
2021-07-06,NKE,0.017584313,0.017809434,0.01772082
2021-07-06,VZ,0.11343507,0.11388746,0.1136065
2021-07-06,WMT,0.051504127,0.051553779,0.051391696
2021-07-07,AAPL,0.37097501,0.37675929,0.36819838
2021-07-07,AMGN,0.015357804,0.0155383,0.015419496
2021-07-07,CRM,0.0080579323,0.0081762144,0.0081768311
2021-07-07,CSCO,1.9271092,1.9165275,1.9094183
2021-07-07,IBM,0.74099486,0.74608526,0.73874479
2021-07-07,INTC,2.2407087,2.2223086,2.2490314
2021-07-07,MSFT,0.17534559,0.17542172,0.17467834
2021-07-07,NKE,0.017138471,0.017308754,0.017225844
2021-07-07,VZ,0.11350748,0.11343739,0.11321682
2021-07-07,WMT,0.050864365,0.050998568,0.050625426
2021-07-08,AAPL,0.36430902,0.37103983,0.36507746
2021-07-08,AMGN,0.014854364,0.015069013,0.014961417
2021-07-08,CRM,0.0078134874,0.0078843569,0.0079469777
2021-07-08,CSCO,1.952908,1.9425513,1.9402564
2021-07-08,IBM,0.73053082,0.73334222,0.73056435
2021-07-08,INTC,2.2232527,2.2139359,2.235833
2021-07-08,MSFT,0.17467908,0.17478361,0.17424369
2021-07-08,NKE,0.016753772,0.016990425,0.016918825
2021-07-08,VZ,0.1141345,0.11389299,0.11351868
2021-07-08,WMT,0.05050368,0.05071592,0.050258115
2021-07-09,AAPL,0.35412627,0.36085848,0.35298032
2021-07-09,AMGN,0.014378697,0.014632717,0.014471588
2021-07-09,CRM,0.0075272031,0.0076259281,0.0076019339
2021-07-09,CSCO,1.9666358,1.9567834,1.9541238
2021-07-09,IBM,0.71942423,0.72252847,0.72069582
2021-07-09,INTC,2.205069,2.1969911,2.2170493
2021-07-09,MSFT,0.17326301,0.1732395,0.17288279
2021-07-09,NKE,0.016372025,0.016556485,0.016566945
2021-07-09,VZ,0.11477843,0.11484037,0.1139726
2021-07-09,WMT,0.050056571,0.050062818,0.049697664
2021-07-12,AAPL,0.34688974,0.35185427,0.34417995
2021-07-12,AMGN,0.013947931,0.014176514,0.014034833
2021-07-12,CRM,0.0074770431,0.0074722339,0.007511691
2021-07-12,CSCO,1.9772889,1.952234,1.9630525
2021-07-12,IBM,0.70521903,0.71053965,0.70708165
2021-07-12,INTC,2.1961911,2.1843521,2.1990746
2021-07-12,MSFT,0.17302549,0.17270052,0.17202027
2021-07-12,NKE,0.016021604,0.016148258,0.016163604
2021-07-12,VZ,0.11402749,0.11462763,0.11382678
2021-07-12,WMT,0.048234125,0.049001065,0.048422562
2021-07-13,AAPL,0.33885583,0.34322937,0.3379356
2021-07-13,AMGN,0.013633822,0.013798594,0.013669105
2021-07-13,CRM,0.0074781627,0.0074488397,0.0075485271
2021-07-13,CSCO,1.9755105,1.9529903,1.9618274
2021-07-13,IBM,0.69073843,0.69724785,0.69190712
2021-07-13,INTC,2.1682291,2.1517877,2.1818132
2021-07-13,MSFT,0.17026517,0.17044977,0.16956094
2021-07-13,NKE,0.015805211,0.015938504,0.015961398
2021-07-13,VZ,0.11307427,0.11369458,0.11272405
2021-07-13,WMT,0.046968331,0.047584609,0.046990728
2021-07-14,AAPL,0.33431738,0.33876286,0.33331015
2021-07-14,AMGN,0.013359732,0.013489069,0.013400783
2021-07-14,CRM,0.0074101587,0.0073561788,0.007488306
2021-07-14,CSCO,1.9805463,1.9560436,1.9658256
2021-07-14,IBM,0.67756636,0.68352807,0.67981352
2021-07-14,INTC,2.1373335,2.1329893,2.1463841
2021-07-14,MSFT,0.16754363,0.16715438,0.16697233
2021-07-14,NKE,0.015497899,0.015691749,0.015687378
2021-07-14,VZ,0.11219154,0.11271936,0.11204237
2021-07-14,WMT,0.046084928,0.046421514,0.045907983
2021-07-15,AAPL,0.32896305,0.33357883,0.32762318
2021-07-15,AMGN,0.012932234,0.013117791,0.012998998
2021-07-15,CRM,0.0072408082,0.0072561399,0.0073309898
2021-07-15,CSCO,1.9999075,1.9742613,1.9762313
2021-07-15,IBM,0.66891647,0.67279436,0.66958972
2021-07-15,INTC,2.1101385,2.1014653,2.1172815
2021-07-15,MSFT,0.16512531,0.1652905,0.16447051
2021-07-15,NKE,0.015191621,0.015387128,0.015328741
2021-07-15,VZ,0.11190746,0.11185375,0.11129468
2021-07-15,WMT,0.045387606,0.045571789,0.045099349
2021-07-16,AAPL,0.32359036,0.32902141,0.31976151
2021-07-16,AMGN,0.012495657,0.01274986,0.012510559
2021-07-16,CRM,0.0069668653,0.0070057832,0.0069947357
2021-07-16,CSCO,2.0035071,1.9794667,1.9781583
2021-07-16,IBM,0.65839731,0.66044551,0.65790618
2021-07-16,INTC,2.0837122,2.0681128,2.0850396
2021-07-16,MSFT,0.16314784,0.16278584,0.16190089
2021-07-16,NKE,0.014845341,0.01501335,0.014885246
2021-07-16,VZ,0.11163899,0.11169995,0.11032128
2021-07-16,WMT,0.044532235,0.044697542,0.044181662
2021-07-19,AAPL,0.31358801,0.32039427,0.31172367
2021-07-19,AMGN,0.012066935,0.012308714,0.012105756
2021-07-19,CRM,0.0066932696,0.0068054839,0.0067395973
2021-07-19,CSCO,1.9981231,1.9832789,1.9738035
2021-07-19,IBM,0.64128033,0.64598806,0.64182088
2021-07-19,INTC,2.0596907,2.045268,2.0528416
2021-07-19,MSFT,0.16026486,0.16060176,0.15870428
2021-07-19,NKE,0.014456933,0.014611847,0.014532295
2021-07-19,VZ,0.11164708,0.11182279,0.1104729
2021-07-19,WMT,0.04361646,0.043823452,0.043410196
2021-07-20,AAPL,0.30263561,0.31066837,0.30168223
2021-07-20,AMGN,0.011858562,0.011994687,0.011810805
2021-07-20,CRM,0.0064951953,0.0065815485,0.0065019928
2021-07-20,CSCO,1.9922905,1.9839982,1.9730575
2021-07-20,IBM,0.62880548,0.63485336,0.62786811
2021-07-20,INTC,2.0356718,2.034525,2.0382827
2021-07-20,MSFT,0.15812523,0.15884801,0.15664979
2021-07-20,NKE,0.014146395,0.014297296,0.014270665
2021-07-20,VZ,0.1111137,0.11187058,0.11051044
2021-07-20,WMT,0.042762136,0.043089772,0.042585561
2021-07-21,AAPL,0.29855113,0.30452827,0.29689195
2021-07-21,AMGN,0.011608398,0.011741362,0.011651937
2021-07-21,CRM,0.0065067701,0.0065206429,0.0065356156
2021-07-21,CSCO,2.0057407,1.9916015,1.9867457
2021-07-21,IBM,0.61918459,0.62607906,0.62160971
2021-07-21,INTC,2.0248382,2.0289311,2.0382418
2021-07-21,MSFT,0.15684785,0.15757987,0.15647315
2021-07-21,NKE,0.013884837,0.014086954,0.014048267
2021-07-21,VZ,0.11015626,0.11107206,0.11046463
2021-07-21,WMT,0.041578174,0.042168523,0.041671312
2021-07-22,AAPL,0.29426912,0.29964297,0.29354752
2021-07-22,AMGN,0.011230803,0.011441706,0.011299349
2021-07-22,CRM,0.0064143835,0.0064203271,0.0064640195
2021-07-22,CSCO,1.9978005,1.9784091,1.9868216
2021-07-22,IBM,0.6071416,0.61413972,0.608704
2021-07-22,INTC,1.9820928,1.9858561,1.9946709
2021-07-22,MSFT,0.15335905,0.15429608,0.15313629
2021-07-22,NKE,0.013542889,0.01373513,0.01363027
2021-07-22,VZ,0.10848087,0.10945158,0.10851881
2021-07-22,WMT,0.040518668,0.041003534,0.040473226
2021-07-23,AAPL,0.29160389,0.29501271,0.28800271
2021-07-23,AMGN,0.01066451,0.010955598,0.010772798
2021-07-23,CRM,0.0062922436,0.0062967584,0.0063490677
2021-07-23,CSCO,2.0122405,1.9957041,1.9818511
2021-07-23,IBM,0.59616656,0.59952703,0.59413101
2021-07-23,INTC,1.962446,1.96079,1.9582671
2021-07-23,MSFT,0.15110734,0.15119627,0.14980612
2021-07-23,NKE,0.013217591,0.013322867,0.013256506
2021-07-23,VZ,0.1076401,0.10797558,0.10701188
2021-07-23,WMT,0.039189562,0.039654523,0.03917161
2021-07-26,AAPL,0.28635347,0.29176904,0.28310888
2021-07-26,AMGN,0.010322006,0.010574059,0.010297362
2021-07-26,CRM,0.00608113,0.0061588364,0.0061328101
2021-07-26,CSCO,2.0137374,2.0064503,1.993856
2021-07-26,IBM,0.59284388,0.59606824,0.59097325
2021-07-26,INTC,1.9397409,1.9406203,1.9314369
2021-07-26,MSFT,0.14869507,0.14954747,0.14787921
2021-07-26,NKE,0.013004818,0.013150955,0.013066626
2021-07-26,VZ,0.10756335,0.10804375,0.10661039
2021-07-26,WMT,0.038337471,0.038685307,0.038267638
2021-07-27,AAPL,0.28274822,0.28658901,0.28093829
2021-07-27,AMGN,0.010090853,0.010252181,0.010021045
2021-07-27,CRM,0.0061196198,0.0060996208,0.0060989055
2021-07-27,CSCO,2.0041275,1.9954298,1.9903064
2021-07-27,IBM,0.58596776,0.58897673,0.58360062
2021-07-27,INTC,1.9249104,1.9328376,1.9200979
2021-07-27,MSFT,0.14711185,0.14730811,0.1456151
2021-07-27,NKE,0.012783712,0.012926026,0.012842388
2021-07-27,VZ,0.10664972,0.10754489,0.10639927
2021-07-27,WMT,0.036897559,0.03754753,0.03707164
2021-07-28,AAPL,0.27838668,0.28330668,0.27555372
2021-07-28,AMGN,0.0098141104,0.010007499,0.0097690206
2021-07-28,CRM,0.0058864553,0.0059680878,0.0059544365
2021-07-28,CSCO,1.9806569,1.9783347,1.9598091
2021-07-28,IBM,0.57239301,0.57968087,0.57187208
2021-07-28,INTC,1.8833727,1.8901055,1.8881984
2021-07-28,MSFT,0.14344275,0.14551955,0.14304879
2021-07-28,NKE,0.012480068,0.012604972,0.01252209
2021-07-28,VZ,0.10544693,0.10575652,0.10511447
2021-07-28,WMT,0.036531475,0.03676427,0.036360082
2021-07-29,AAPL,0.27223534,0.27959775,0.27288271
2021-07-29,AMGN,0.009503565,0.0097849342,0.0094826271
2021-07-29,CRM,0.0056544686,0.0058387924,0.0056794818
2021-07-29,CSCO,1.9481568,1.9730778,1.9452206
2021-07-29,IBM,0.56021254,0.56792259,0.56052976
2021-07-29,INTC,1.8405844,1.8694793,1.8520414
2021-07-29,MSFT,0.14075172,0.14267972,0.13998787
2021-07-29,NKE,0.01212513,0.012459432,0.012222329
2021-07-29,VZ,0.10531261,0.10607881,0.10480229
2021-07-29,WMT,0.035962379,0.036589326,0.035922181
2021-07-30,AAPL,0.27048153,0.27206625,0.26260635
2021-07-30,AMGN,0.0092711707,0.0094682727,0.009115434
2021-07-30,CRM,0.0053381413,0.0054683983,0.0052010617
2021-07-30,CSCO,1.8933054,1.8993185,1.8502642
2021-07-30,IBM,0.55291125,0.55639952,0.54488767
2021-07-30,INTC,1.8001414,1.8039289,1.7685403
2021-07-30,MSFT,0.13730593,0.13925595,0.13503384
2021-07-30,NKE,0.01182934,0.011967804,0.011678542
2021-07-30,VZ,0.10409904,0.1043715,0.10189065
2021-07-30,WMT,0.035387061,0.035894306,0.034917191
2021-08-02,AAPL,0.25924484,0.26823128,0.25807514
2021-08-02,AMGN,0.0089147822,0.0092880197,0.008925367
2021-08-02,CRM,0.0051506769,0.0053786497,0.0051078259
2021-08-02,CSCO,1.8442408,1.8958721,1.8301199
2021-08-02,IBM,0.54080763,0.55222101,0.53937364
2021-08-02,INTC,1.7409952,1.7894843,1.7380571
2021-08-02,MSFT,0.13242837,0.13567614,0.13220542
2021-08-02,NKE,0.011460897,0.011729121,0.011409748
2021-08-02,VZ,0.1018297,0.1037891,0.10114923
2021-08-02,WMT,0.034587255,0.035404161,0.034487944
2021-08-03,AAPL,0.26092765,0.26150913,0.25991108
2021-08-03,AMGN,0.0089406215,0.0089276587,0.0088874746
2021-08-03,CRM,0.005126791,0.0051714749,0.0051468616
2021-08-03,CSCO,1.8632984,1.8518706,1.8559367
2021-08-03,IBM,0.53949689,0.54042628,0.53734662
2021-08-03,INTC,1.750658,1.7440549,1.7450765
2021-08-03,MSFT,0.13278126,0.13216703,0.13238646
2021-08-03,NKE,0.011489206,0.011532852,0.011481689
2021-08-03,VZ,0.10263771,0.10273106,0.10172005
2021-08-03,WMT,0.03477008,0.034697484,0.034537086
2021-08-04,AAPL,0.25356571,0.25834935,0.25687431
2021-08-04,AMGN,0.008786913,0.0088690953,0.0088712636
2021-08-04,CRM,0.0049738306,0.0050310747,0.0050834088
2021-08-04,CSCO,1.874705,1.8726152,1.8738972
2021-08-04,IBM,0.52962423,0.53498802,0.53120023
2021-08-04,INTC,1.7292422,1.7278433,1.7553713
2021-08-04,MSFT,0.13138961,0.13180217,0.13163694
2021-08-04,NKE,0.011229356,0.011392346,0.011381354
2021-08-04,VZ,0.10226107,0.10263666,0.10254869
2021-08-04,WMT,0.034636356,0.03457572,0.034558886
2021-08-05,AAPL,0.24659246,0.25055779,0.2447746
2021-08-05,AMGN,0.0084940524,0.0085807202,0.0085300371
2021-08-05,CRM,0.0047746998,0.0048572913,0.0048449547
2021-08-05,CSCO,1.8739279,1.8664451,1.8573525
2021-08-05,IBM,0.51929143,0.52320391,0.51974414
2021-08-05,INTC,1.7041833,1.6910014,1.7169412
2021-08-05,MSFT,0.13003999,0.13033369,0.13007312
2021-08-05,NKE,0.010941029,0.011064855,0.011019634
2021-08-05,VZ,0.1020646,0.10216404,0.10192364
2021-08-05,WMT,0.034212138,0.034268755,0.034111769
2021-08-06,AAPL,0.24191509,0.2461925,0.24239611
2021-08-06,AMGN,0.008176398,0.0082943711,0.0082565751
2021-08-06,CRM,0.0045826976,0.004613274,0.0046342689
2021-08-06,CSCO,1.8604291,1.8516117,1.8556897
2021-08-06,IBM,0.50805246,0.51183338,0.50915104
2021-08-06,INTC,1.6854845,1.6758524,1.6947317
2021-08-06,MSFT,0.12845623,0.12866795,0.12824375
2021-08-06,NKE,0.010622659,0.010771263,0.010756621
2021-08-06,VZ,0.10138377,0.10184732,0.10125595
2021-08-06,WMT,0.033443272,0.03381398,0.033414023
2021-08-09,AAPL,0.23604209,0.23881369,0.23682152
2021-08-09,AMGN,0.0079054593,0.0080243549,0.0079806207
2021-08-09,CRM,0.0044670762,0.0044989628,0.004542929
2021-08-09,CSCO,1.8775762,1.8639052,1.8681918
2021-08-09,IBM,0.49887219,0.50321839,0.49943109
2021-08-09,INTC,1.6767742,1.6698836,1.6912386
2021-08-09,MSFT,0.12716126,0.12702116,0.12686481
2021-08-09,NKE,0.010360546,0.010467846,0.010537141
2021-08-09,VZ,0.10143609,0.10183044,0.10100257
2021-08-09,WMT,0.032814974,0.033004933,0.0327878
2021-08-10,AAPL,0.23101944,0.23430446,0.23090659
2021-08-10,AMGN,0.0077671918,0.0078253971,0.007808211
2021-08-10,CRM,0.0044020963,0.0043996947,0.004447457
2021-08-10,CSCO,1.8980108,1.8770001,1.8882263
2021-08-10,IBM,0.48976018,0.49365713,0.49252583
2021-08-10,INTC,1.6645134,1.6564394,1.6812956
2021-08-10,MSFT,0.12655894,0.12594826,0.12608914
2021-08-10,NKE,0.010160116,0.010231977,0.010319408
2021-08-10,VZ,0.10129761,0.10166135,0.10122442
2021-08-10,WMT,0.032227343,0.03237927,0.032259783
2021-08-11,AAPL,0.22527322,0.22895253,0.22394364
2021-08-11,AMGN,0.007369893,0.0075570341,0.0074499421
2021-08-11,CRM,0.0042709204,0.0042848279,0.004323157
2021-08-11,CSCO,1.8940952,1.8759189,1.8787176
2021-08-11,IBM,0.4791658,0.48311898,0.4814286
2021-08-11,INTC,1.6360748,1.6262937,1.6464995
2021-08-11,MSFT,0.12501311,0.12495819,0.12437555
2021-08-11,NKE,0.0099756114,0.010065942,0.010052727
2021-08-11,VZ,0.100314,0.10074189,0.099996821
2021-08-11,WMT,0.031411159,0.031702051,0.031393757
2021-08-12,AAPL,0.22069344,0.22393502,0.21856834
2021-08-12,AMGN,0.0071208151,0.0072387924,0.0071645844
2021-08-12,CRM,0.0041714316,0.0041769563,0.0041999716
2021-08-12,CSCO,1.8928,1.8622503,1.8781353
2021-08-12,IBM,0.46950665,0.47352303,0.47077106
2021-08-12,INTC,1.6142777,1.6065097,1.6198491
2021-08-12,MSFT,0.1230042,0.12285214,0.12225512
2021-08-12,NKE,0.0098326578,0.0098975664,0.0098941391
2021-08-12,VZ,0.098817193,0.099409429,0.098659537
2021-08-12,WMT,0.030378209,0.030708209,0.030352236
2021-08-13,AAPL,0.21804377,0.22145975,0.21718841
2021-08-13,AMGN,0.0069551524,0.0070766614,0.0069662344
2021-08-13,CRM,0.0040985312,0.004117886,0.0041541418
2021-08-13,CSCO,1.905602,1.8812455,1.8882529
2021-08-13,IBM,0.4620837,0.4653733,0.46276917
2021-08-13,INTC,1.6060123,1.5988019,1.6186204
2021-08-13,MSFT,0.12205611,0.12197862,0.12132624
2021-08-13,NKE,0.0096611535,0.0097660249,0.0097927443
2021-08-13,VZ,0.098157793,0.098710154,0.097788798
2021-08-13,WMT,0.029766473,0.03004763,0.029670926
2021-08-16,AAPL,0.21572956,0.21934082,0.21519002
2021-08-16,AMGN,0.0067090584,0.00686613,0.0067393757
2021-08-16,CRM,0.0039742932,0.0040195735,0.0040221177
2021-08-16,CSCO,1.9210914,1.8944984,1.9048314
2021-08-16,IBM,0.45510204,0.45771983,0.45664867
2021-08-16,INTC,1.5888746,1.5788602,1.60502
2021-08-16,MSFT,0.12142974,0.12121719,0.12062235
2021-08-16,NKE,0.0094649159,0.0095850556,0.0095925882
2021-08-16,VZ,0.097796004,0.098106905,0.097256527
2021-08-16,WMT,0.029356229,0.029432788,0.029224676
2021-08-17,AAPL,0.21384101,0.21686241,0.21190766
2021-08-17,AMGN,0.0064676809,0.0066347405,0.0064906823
2021-08-17,CRM,0.0037955426,0.0038622145,0.0038394162
2021-08-17,CSCO,1.9367848,1.9106757,1.9119613
2021-08-17,IBM,0.44560272,0.44869415,0.44721996
2021-08-17,INTC,1.578926,1.5681628,1.5832223
2021-08-17,MSFT,0.12082,0.12053296,0.11976726
2021-08-17,NKE,0.0091881578,0.0092982061,0.0092808323
2021-08-17,VZ,0.09750396,0.097929178,0.096789122
2021-08-17,WMT,0.028713413,0.028843918,0.028619767
2021-08-18,AAPL,0.20904134,0.2134041,0.20798721
2021-08-18,AMGN,0.0062687501,0.0064062095,0.006269676
2021-08-18,CRM,0.0036266333,0.0036952654,0.0036392711
2021-08-18,CSCO,1.9321999,1.9153821,1.9121626
2021-08-18,IBM,0.43860372,0.44197332,0.43896679
2021-08-18,INTC,1.5687631,1.5672965,1.57113
2021-08-18,MSFT,0.11965555,0.11989314,0.11859184
2021-08-18,NKE,0.0089460112,0.009065946,0.0090315808
2021-08-18,VZ,0.096847778,0.097771748,0.096328385
2021-08-18,WMT,0.028013047,0.028239343,0.027919876
2021-08-19,AAPL,0.20480875,0.20865293,0.20345314
2021-08-19,AMGN,0.0062000443,0.0062791978,0.0061620611
2021-08-19,CRM,0.0035769819,0.0036023158,0.0035609035
2021-08-19,CSCO,1.9227925,1.906182,1.9064499
2021-08-19,IBM,0.42841468,0.43397386,0.4282264
2021-08-19,INTC,1.5546682,1.5564513,1.5545511
2021-08-19,MSFT,0.11823977,0.11906134,0.11716105
2021-08-19,NKE,0.008757974,0.0088612079,0.0088661326
2021-08-19,VZ,0.095192831,0.096441357,0.095025438
2021-08-19,WMT,0.026952706,0.027423245,0.026938798
2021-08-20,AAPL,0.20139526,0.20582244,0.20121306
2021-08-20,AMGN,0.0060210028,0.0061649746,0.0060172923
2021-08-20,CRM,0.0034920921,0.003522353,0.0035119395
2021-08-20,CSCO,1.9111875,1.9020793,1.899815
2021-08-20,IBM,0.42037424,0.42535687,0.42019581
2021-08-20,INTC,1.5248066,1.5321184,1.5294185
2021-08-20,MSFT,0.11603456,0.11690995,0.11522386
2021-08-20,NKE,0.0085806881,0.0087019005,0.0086594522
2021-08-20,VZ,0.09382351,0.094725159,0.093454987
2021-08-20,WMT,0.026327331,0.026585545,0.02621093
2021-08-23,AAPL,0.1979843,0.20040953,0.19643678
2021-08-23,AMGN,0.0057702759,0.0059365727,0.0057919349
2021-08-23,CRM,0.0034072447,0.0034278211,0.0034215567
2021-08-23,CSCO,1.9052821,1.8945658,1.8860487
2021-08-23,IBM,0.41451185,0.4179213,0.41287861
2021-08-23,INTC,1.5050991,1.506192,1.5040356
2021-08-23,MSFT,0.1142368,0.11488555,0.11349083
2021-08-23,NKE,0.0084965143,0.0085440966,0.0085360706
2021-08-23,VZ,0.093100087,0.093523247,0.092706516
2021-08-23,WMT,0.025632824,0.025868893,0.02561205
2021-08-24,AAPL,0.19605008,0.19826694,0.19405457
2021-08-24,AMGN,0.005610388,0.0057446637,0.0056002973
2021-08-24,CRM,0.0033921229,0.0033976531,0.0033941338
2021-08-24,CSCO,1.9128821,1.8974564,1.8923258
2021-08-24,IBM,0.41382615,0.41691758,0.41169762
2021-08-24,INTC,1.4955498,1.4984492,1.4936536
2021-08-24,MSFT,0.11325556,0.11361896,0.11229398
2021-08-24,NKE,0.0084067897,0.0084547635,0.0084301142
2021-08-24,VZ,0.0916452,0.092730781,0.091437484
2021-08-24,WMT,0.024711868,0.025121699,0.024847163
2021-08-25,AAPL,0.19163046,0.1956809,0.19131947
2021-08-25,AMGN,0.005516448,0.0055989093,0.0054736451
2021-08-25,CRM,0.003437556,0.0034275773,0.0034387219
2021-08-25,CSCO,1.906877,1.9010047,1.8999467
2021-08-25,IBM,0.40739756,0.41122321,0.40676642
2021-08-25,INTC,1.4764463,1.4902841,1.4791116
2021-08-25,MSFT,0.11198202,0.1123766,0.11118378
2021-08-25,NKE,0.0082811288,0.0083449465,0.0083099241
2021-08-25,VZ,0.090387232,0.091572687,0.090447993
2021-08-25,WMT,0.024032665,0.024400185,0.024125007
2021-08-26,AAPL,0.18802662,0.19242778,0.18638775
2021-08-26,AMGN,0.0053900215,0.0054877198,0.005349171
2021-08-26,CRM,0.0033195858,0.0033943609,0.0033374037
2021-08-26,CSCO,1.8784284,1.8944183,1.8574573
2021-08-26,IBM,0.39921101,0.40332604,0.39928297
2021-08-26,INTC,1.4291682,1.4469079,1.436131
2021-08-26,MSFT,0.10867751,0.11022507,0.10846936
2021-08-26,NKE,0.008131078,0.0082038686,0.008142414
2021-08-26,VZ,0.089129574,0.089525464,0.088705782
2021-08-26,WMT,0.023871079,0.024030999,0.023720394
2021-08-27,AAPL,0.18621429,0.19155966,0.1853739
2021-08-27,AMGN,0.0052076932,0.0053838548,0.0051817519
2021-08-27,CRM,0.0031618819,0.0032795717,0.0031543643
2021-08-27,CSCO,1.8389938,1.8665875,1.8288079
2021-08-27,IBM,0.38749483,0.39341395,0.38708085
2021-08-27,INTC,1.3924806,1.4113053,1.3956331
2021-08-27,MSFT,0.105587,0.10791769,0.10492691
2021-08-27,NKE,0.0079209815,0.008128642,0.007969485
2021-08-27,VZ,0.088239542,0.089077631,0.087847205
2021-08-27,WMT,0.023282209,0.023755571,0.023271168
2021-08-30,AAPL,0.18535331,0.18785893,0.180648
2021-08-30,AMGN,0.0051142976,0.0052267022,0.0050173028
2021-08-30,CRM,0.002971214,0.0030880198,0.002903891
2021-08-30,CSCO,1.7817659,1.7990065,1.7413738
2021-08-30,IBM,0.38244515,0.38560866,0.37749431
2021-08-30,INTC,1.3585049,1.3690439,1.3367396
2021-08-30,MSFT,0.10260458,0.10454099,0.10078208
2021-08-30,NKE,0.0076939538,0.0078087586,0.0075865003
2021-08-30,VZ,0.08707785,0.087631254,0.084883181
2021-08-30,WMT,0.022874247,0.023209701,0.022579121
2021-08-31,AAPL,0.178889,0.18548219,0.17889685
2021-08-31,AMGN,0.0049485771,0.0051398828,0.0049514676
2021-08-31,CRM,0.0028701345,0.0029976252,0.0028442658
2021-08-31,CSCO,1.7442295,1.7930648,1.7299346
2021-08-31,IBM,0.37289065,0.38205683,0.37241866
2021-08-31,INTC,1.3177114,1.359301,1.3138247
2021-08-31,MSFT,0.099240197,0.10188044,0.09919216
2021-08-31,NKE,0.007410205,0.0076100222,0.0073897502
2021-08-31,VZ,0.084888193,0.086925979,0.084378779
2021-08-31,WMT,0.022423092,0.022969683,0.022350662
2021-09-01,AAPL,0.17897738,0.18047564,0.17825089
2021-09-01,AMGN,0.0049576702,0.0049788694,0.0049214995
2021-09-01,CRM,0.002864496,0.0028944064,0.0028565603
2021-09-01,CSCO,1.7579307,1.7549978,1.7533541
2021-09-01,IBM,0.37387717,0.37506923,0.37165383
2021-09-01,INTC,1.3209414,1.3214142,1.3145192
2021-09-01,MSFT,0.099437676,0.099371336,0.099059122
2021-09-01,NKE,0.0074698343,0.0075090285,0.0074537621
2021-09-01,VZ,0.085212307,0.08542518,0.084488501
2021-09-01,WMT,0.022519733,0.02251204,0.022377884
2021-09-02,AAPL,0.17419355,0.17732333,0.17486941
2021-09-02,AMGN,0.0048380857,0.0049038,0.0048813583
2021-09-02,CRM,0.0027853793,0.0028088079,0.0028400306
2021-09-02,CSCO,1.747757,1.7508174,1.7519044
2021-09-02,IBM,0.36626763,0.37095423,0.36704727
2021-09-02,INTC,1.2914192,1.2994886,1.3096582
2021-09-02,MSFT,0.098061464,0.098596718,0.098269274
2021-09-02,NKE,0.0073881536,0.0074677149,0.007417786
2021-09-02,VZ,0.084279129,0.084991019,0.084571935
2021-09-02,WMT,0.022279446,0.022384243,0.022275583
2021-09-03,AAPL,0.16950315,0.17325347,0.16882259
2021-09-03,AMGN,0.004724623,0.0047852913,0.0047427716
2021-09-03,CRM,0.0026829423,0.0027223433,0.0027344742
2021-09-03,CSCO,1.7591371,1.7598046,1.7472952
2021-09-03,IBM,0.3605957,0.36418785,0.36055164
2021-09-03,INTC,1.2757374,1.2723807,1.285629
2021-09-03,MSFT,0.097829589,0.098264729,0.097455798
2021-09-03,NKE,0.0072646203,0.0073381428,0.0073147614
2021-09-03,VZ,0.084218035,0.084180377,0.083924247
2021-09-03,WMT,0.022052225,0.022116758,0.022014142
2021-09-07,AAPL,0.16598292,0.17000152,0.16618512
2021-09-07,AMGN,0.0045583822,0.0046270269,0.0045865961
2021-09-07,CRM,0.002584389,0.002616577,0.0026310467
2021-09-07,CSCO,1.7478363,1.7521723,1.7474852
2021-09-07,IBM,0.35029583,0.3547941,0.35321951
2021-09-07,INTC,1.2569,1.2645373,1.2701993
2021-09-07,MSFT,0.096712793,0.097010139,0.096752326
2021-09-07,NKE,0.0070762504,0.0072162012,0.0071746469
2021-09-07,VZ,0.083459547,0.084100153,0.083625847
2021-09-07,WMT,0.021640859,0.021915695,0.021667036
2021-09-08,AAPL,0.16290725,0.16489165,0.16265693
2021-09-08,AMGN,0.0043670584,0.004444604,0.0044018159
2021-09-08,CRM,0.0025077247,0.0025226103,0.0025309216
2021-09-08,CSCO,1.7573129,1.7433887,1.7430343
2021-09-08,IBM,0.34601754,0.34839931,0.34599108
2021-09-08,INTC,1.2501998,1.2474978,1.2570026
2021-09-08,MSFT,0.095704502,0.095724228,0.095238826
2021-09-08,NKE,0.0069420637,0.0070052908,0.0070045261
2021-09-08,VZ,0.082619562,0.083012863,0.082577014
2021-09-08,WMT,0.021084505,0.021265595,0.021111351
2021-09-09,AAPL,0.15997747,0.16234725,0.1589333
2021-09-09,AMGN,0.0042088648,0.0042864597,0.0042328989
2021-09-09,CRM,0.0024448744,0.0024433032,0.002473732
2021-09-09,CSCO,1.7552198,1.7427833,1.7433465
2021-09-09,IBM,0.33957437,0.34237728,0.34048227
2021-09-09,INTC,1.2360766,1.2371477,1.2406194
2021-09-09,MSFT,0.094630014,0.094734779,0.094068181
2021-09-09,NKE,0.0068055337,0.0068854775,0.0068524324
2021-09-09,VZ,0.081546934,0.082167455,0.08166875
2021-09-09,WMT,0.020272274,0.020613195,0.020339044
2021-09-10,AAPL,0.15657398,0.15956105,0.15576801
2021-09-10,AMGN,0.0040525076,0.0041409539,0.0040688025
2021-09-10,CRM,0.002368079,0.0023864006,0.0023977077
2021-09-10,CSCO,1.7512043,1.7475439,1.730914
2021-09-10,IBM,0.33453158,0.3373077,0.33468488
2021-09-10,INTC,1.2221932,1.2201004,1.224599
2021-09-10,MSFT,0.093183588,0.093529946,0.092711611
2021-09-10,NKE,0.0067229827,0.0068161824,0.0067764469
2021-09-10,VZ,0.081387342,0.081798004,0.080761177
2021-09-10,WMT,0.019971641,0.020106019,0.019879505
2021-09-13,AAPL,0.15426983,0.15675266,0.15299385
2021-09-13,AMGN,0.0039455039,0.0040092548,0.0039477587
2021-09-13,CRM,0.0022899999,0.0023090158,0.0023104042
2021-09-13,CSCO,1.7418194,1.7330228,1.7300215
2021-09-13,IBM,0.32800705,0.330772,0.32937224
2021-09-13,INTC,1.2051102,1.2064794,1.2104252
2021-09-13,MSFT,0.091736311,0.092074534,0.091316157
2021-09-13,NKE,0.0065706081,0.0066630513,0.0066298388
2021-09-13,VZ,0.080527355,0.081462164,0.080273973
2021-09-13,WMT,0.01946036,0.019675784,0.019470076
2021-09-14,AAPL,0.1510418,0.15396952,0.15019166
2021-09-14,AMGN,0.003814538,0.0038905554,0.0038339485
2021-09-14,CRM,0.0022306165,0.0022397625,0.0022418031
2021-09-14,CSCO,1.7320066,1.7195358,1.7187162
2021-09-14,IBM,0.32408966,0.32603873,0.32382068
2021-09-14,INTC,1.1886706,1.1879691,1.1902608
2021-09-14,MSFT,0.09004417,0.09039582,0.089684905
2021-09-14,NKE,0.0064537,0.0065356679,0.0065010468
2021-09-14,VZ,0.079861981,0.080481961,0.079338408
2021-09-14,WMT,0.018968834,0.01918279,0.018904271
2021-09-15,AAPL,0.14908589,0.15187734,0.14694358
2021-09-15,AMGN,0.0036855807,0.0037605765,0.0036848347
2021-09-15,CRM,0.0021640255,0.0021729666,0.0021730262
2021-09-15,CSCO,1.7328777,1.7253354,1.7128463
2021-09-15,IBM,0.31797749,0.32063241,0.31727176
2021-09-15,INTC,1.1745868,1.1750518,1.1733822
2021-09-15,MSFT,0.088716705,0.089023892,0.087939459
2021-09-15,NKE,0.0063353592,0.0064167364,0.0063498657
2021-09-15,VZ,0.0791596,0.079573497,0.078432097
2021-09-15,WMT,0.018460924,0.01865331,0.01838124
2021-09-16,AAPL,0.14495095,0.14835558,0.14351932
2021-09-16,AMGN,0.0035920971,0.0036595125,0.0035889744
2021-09-16,CRM,0.0020709623,0.0021048399,0.0020869924
2021-09-16,CSCO,1.7325923,1.732868,1.7145535
2021-09-16,IBM,0.31213625,0.31478598,0.31247002
2021-09-16,INTC,1.1601901,1.160304,1.1587739
2021-09-16,MSFT,0.087746116,0.088030779,0.086849268
2021-09-16,NKE,0.0062058287,0.0062788173,0.0062571903
2021-09-16,VZ,0.079183154,0.079371715,0.078294168
2021-09-16,WMT,0.018234176,0.018327388,0.018117043
2021-09-17,AAPL,0.14184125,0.14518417,0.14185598
2021-09-17,AMGN,0.0034902501,0.0035467279,0.0034990296
2021-09-17,CRM,0.0020267619,0.0020419966,0.002033548
2021-09-17,CSCO,1.7276585,1.7277726,1.7120127
2021-09-17,IBM,0.30648688,0.30975795,0.30692831
2021-09-17,INTC,1.1503858,1.1541233,1.1579977
2021-09-17,MSFT,0.087433163,0.088030476,0.086654603
2021-09-17,NKE,0.0060961483,0.0061701652,0.0061635804
2021-09-17,VZ,0.078507173,0.079434769,0.078637625
2021-09-17,WMT,0.017746257,0.018004469,0.017795455
2021-09-20,AAPL,0.14046864,0.1426812,0.1389039
2021-09-20,AMGN,0.0034105136,0.0034560465,0.0034078998
2021-09-20,CRM,0.0019911484,0.0020108866,0.0020099077
2021-09-20,CSCO,1.7307089,1.7242713,1.7081568
2021-09-20,IBM,0.30177047,0.30487181,0.30241714
2021-09-20,INTC,1.1287885,1.1334326,1.13604
2021-09-20,MSFT,0.086068856,0.086788487,0.085991068
2021-09-20,NKE,0.0059972766,0.0060741282,0.0060337424
2021-09-20,VZ,0.077439919,0.078053264,0.077455807
2021-09-20,WMT,0.017347088,0.017574178,0.017366512
2021-09-21,AAPL,0.13853404,0.14076517,0.13821473
2021-09-21,AMGN,0.0032827411,0.0033573163,0.0032834142
2021-09-21,CRM,0.0019634068,0.0019663639,0.0019848457
2021-09-21,CSCO,1.7462571,1.7383595,1.7341526
2021-09-21,IBM,0.2989255,0.30160755,0.29963192
2021-09-21,INTC,1.1158897,1.121349,1.1205959
2021-09-21,MSFT,0.08522056,0.085296144,0.084929375
2021-09-21,NKE,0.0058519336,0.0059250726,0.0058861735
2021-09-21,VZ,0.076753896,0.077389979,0.076540834
2021-09-21,WMT,0.016861337,0.017150166,0.016872123
2021-09-22,AAPL,0.13778307,0.13886502,0.13368205
2021-09-22,AMGN,0.0030698299,0.0031855075,0.0030767241
2021-09-22,CRM,0.0018794102,0.0018880688,0.0018721465
2021-09-22,CSCO,1.7334896,1.7273873,1.6957576
2021-09-22,IBM,0.29719954,0.29723904,0.29415332
2021-09-22,INTC,1.1080498,1.1103414,1.0948474
2021-09-22,MSFT,0.084189171,0.084573224,0.083368647
2021-09-22,NKE,0.005818639,0.0058319277,0.0057475306
2021-09-22,VZ,0.076223444,0.076474024,0.074978911
2021-09-22,WMT,0.016501491,0.016609673,0.016358314
2021-09-23,AAPL,0.13523574,0.1379862,0.13387406
2021-09-23,AMGN,0.0029824123,0.0030593223,0.0029659971
2021-09-23,CRM,0.0018764176,0.001893375,0.0018630276
2021-09-23,CSCO,1.7348327,1.7403795,1.7164199
2021-09-23,IBM,0.29862521,0.29970574,0.29680619
2021-09-23,INTC,1.113984,1.1233436,1.1081729
2021-09-23,MSFT,0.084177917,0.084597953,0.083304203
2021-09-23,NKE,0.0057745698,0.0058263265,0.0057645173
2021-09-23,VZ,0.075452077,0.076259989,0.075100834
2021-09-23,WMT,0.015818922,0.016163117,0.015905676
2021-09-24,AAPL,0.13307748,0.13566786,0.1322125
2021-09-24,AMGN,0.0029454347,0.0029992142,0.0029230222
2021-09-24,CRM,0.0019190424,0.0019265197,0.0018863932
2021-09-24,CSCO,1.7312981,1.7388967,1.7160334
2021-09-24,IBM,0.29908604,0.30084445,0.29701762
2021-09-24,INTC,1.1098015,1.1211989,1.105562
2021-09-24,MSFT,0.083838396,0.084369613,0.082668336
2021-09-24,NKE,0.0057484319,0.0057807895,0.0057305937
2021-09-24,VZ,0.074948234,0.075542594,0.074618519
2021-09-24,WMT,0.015603293,0.015753602,0.015615016
2021-09-27,AAPL,0.13176278,0.13434749,0.12932058
2021-09-27,AMGN,0.0029127109,0.0029491209,0.0028739322
2021-09-27,CRM,0.0018889535,0.0019339041,0.0018673727
2021-09-27,CSCO,1.6896684,1.7085163,1.6683888
2021-09-27,IBM,0.29249282,0.29478217,0.29283864
2021-09-27,INTC,1.0770333,1.090716,1.0785017
2021-09-27,MSFT,0.081613879,0.082651666,0.081458232
2021-09-27,NKE,0.0056780259,0.0057402123,0.0056590027
2021-09-27,VZ,0.073431059,0.073923103,0.073111537
2021-09-27,WMT,0.015555962,0.015690661,0.015450229
2021-09-28,AAPL,0.13019846,0.13471373,0.12990313
2021-09-28,AMGN,0.0028037031,0.0029054981,0.0027878887
2021-09-28,CRM,0.0017819556,0.0018639538,0.0017653945
2021-09-28,CSCO,1.6386807,1.6745632,1.6280756
2021-09-28,IBM,0.28419905,0.28910329,0.28285187
2021-09-28,INTC,1.0514378,1.0697716,1.0465047
2021-09-28,MSFT,0.078985891,0.081372404,0.078552357
2021-09-28,NKE,0.0054764525,0.0056670353,0.0054882331
2021-09-28,VZ,0.072567462,0.073671181,0.072194568
2021-09-28,WMT,0.015306613,0.015529413,0.015177874
2021-09-29,AAPL,0.12996791,0.13151521,0.1241754
2021-09-29,AMGN,0.0027938459,0.0028327973,0.0027175529
2021-09-29,CRM,0.0016677987,0.0017344215,0.0016015034
2021-09-29,CSCO,1.5804112,1.6019202,1.522564
2021-09-29,IBM,0.27845774,0.28113178,0.27376013
2021-09-29,INTC,1.0329624,1.0449875,1.0049407
2021-09-29,MSFT,0.076587513,0.078093507,0.07497638
2021-09-29,NKE,0.005320675,0.0053968925,0.0051647626
2021-09-29,VZ,0.071227741,0.071891007,0.068961049
2021-09-29,WMT,0.014875958,0.015211937,0.014652218
2021-09-30,AAPL,0.12738931,0.13183106,0.12640546
2021-09-30,AMGN,0.0027399022,0.0028146859,0.0027227054
2021-09-30,CRM,0.0016181346,0.0016791654,0.0015892794
2021-09-30,CSCO,1.5447195,1.5840506,1.5236713
2021-09-30,IBM,0.27198417,0.27842066,0.27064969
2021-09-30,INTC,1.0089641,1.0438593,0.99881915
2021-09-30,MSFT,0.074792281,0.076772805,0.07424067
2021-09-30,NKE,0.0051559529,0.0053136861,0.0051267432
2021-09-30,VZ,0.068982359,0.070821361,0.068573705
2021-09-30,WMT,0.014545401,0.014900243,0.014480763
2021-10-01,AAPL,0.12819624,0.12925252,0.12769293
2021-10-01,AMGN,0.0027565844,0.0027517123,0.0027282963
2021-10-01,CRM,0.0016207261,0.0016364786,0.0016244117
2021-10-01,CSCO,1.5582778,1.5585962,1.5517664
2021-10-01,IBM,0.27109076,0.27297394,0.27037353
2021-10-01,INTC,1.0091522,1.0125212,1.0084993
2021-10-01,MSFT,0.074925221,0.074976186,0.07465403
2021-10-01,NKE,0.0051875085,0.0052198762,0.0051764642
2021-10-01,VZ,0.069307087,0.069438916,0.068894203
2021-10-01,WMT,0.014615844,0.014623949,0.014544886
2021-10-04,AAPL,0.12527089,0.12692476,0.12546141
2021-10-04,AMGN,0.0026911622,0.0027220146,0.0026898313
2021-10-04,CRM,0.0015674602,0.0015879377,0.0015901256
2021-10-04,CSCO,1.5487896,1.5489425,1.5446285
2021-10-04,IBM,0.26616758,0.26898133,0.26622307
2021-10-04,INTC,0.98797922,0.99150651,0.99496713
2021-10-04,MSFT,0.073727807,0.074120932,0.073785138
2021-10-04,NKE,0.0050816499,0.0051434152,0.0051077281
2021-10-04,VZ,0.068608557,0.06871066,0.068815758
2021-10-04,WMT,0.014439868,0.014459624,0.014424164
2021-10-05,AAPL,0.12343605,0.12524277,0.1233171
2021-10-05,AMGN,0.0025958914,0.0026448985,0.0025983636
2021-10-05,CRM,0.0015347655,0.0015566799,0.0015479396
2021-10-05,CSCO,1.547252,1.5478131,1.5355569
2021-10-05,IBM,0.26261153,0.26522995,0.2617189
2021-10-05,INTC,0.97857505,0.98095132,0.98039896
2021-10-05,MSFT,0.072933655,0.073323259,0.072715848
2021-10-05,NKE,0.0049931475,0.0050514919,0.0050144799
2021-10-05,VZ,0.068040464,0.068218939,0.06822499
2021-10-05,WMT,0.014042783,0.014228363,0.014081227
2021-10-06,AAPL,0.12252284,0.12434367,0.12235791
2021-10-06,AMGN,0.0025397145,0.0025723009,0.0025357215
2021-10-06,CRM,0.0015159954,0.0015319243,0.0015248767
2021-10-06,CSCO,1.5470079,1.5454871,1.5401027
2021-10-06,IBM,0.25827139,0.26117399,0.25859119
2021-10-06,INTC,0.96050905,0.9654041,0.96492148
2021-10-06,MSFT,0.071930709,0.072169809,0.071828643
2021-10-06,NKE,0.0048950444,0.0049682278,0.0049152026
2021-10-06,VZ,0.06749607,0.067572492,0.067522654
2021-10-06,WMT,0.013837389,0.013987145,0.013855303
2021-10-07,AAPL,0.12010818,0.12201386,0.12035744
2021-10-07,AMGN,0.0024354927,0.0025005071,0.0024414692
2021-10-07,CRM,0.0014785109,0.0015072364,0.0014877725
2021-10-07,CSCO,1.5379159,1.5373112,1.5248596
2021-10-07,IBM,0.25304515,0.2555286,0.25288844
2021-10-07,INTC,0.94270441,0.94905147,0.94874018
2021-10-07,MSFT,0.070285146,0.070937114,0.07000367
2021-10-07,NKE,0.0048026232,0.004877789,0.0048342216
2021-10-07,VZ,0.066797061,0.067055073,0.066683145
2021-10-07,WMT,0.013603205,0.013732505,0.013551931
2021-10-08,AAPL,0.11951112,0.12046963,0.1188045
2021-10-08,AMGN,0.0023507569,0.0024069693,0.0023398593
2021-10-08,CRM,0.001445314,0.0014590968,0.0014506926
2021-10-08,CSCO,1.5244381,1.5202487,1.5083867
2021-10-08,IBM,0.24757807,0.25010276,0.24751435
2021-10-08,INTC,0.92360992,0.92742862,0.92245395
2021-10-08,MSFT,0.06851959,0.068943264,0.067947107
2021-10-08,NKE,0.004720736,0.0047805395,0.0047172472
2021-10-08,VZ,0.065693679,0.066000463,0.065542183
2021-10-08,WMT,0.013072491,0.013332877,0.013085151
2021-10-11,AAPL,0.1190604,0.12048841,0.11889761
2021-10-11,AMGN,0.0022488974,0.002320814,0.0022497491
2021-10-11,CRM,0.0014151818,0.0014347927,0.0014246484
2021-10-11,CSCO,1.5250236,1.5202253,1.5064523
2021-10-11,IBM,0.24560149,0.24783917,0.24479088
2021-10-11,INTC,0.90990999,0.91520504,0.91034853
2021-10-11,MSFT,0.06731004,0.067731131,0.066544593
2021-10-11,NKE,0.0046530069,0.0047161136,0.0046706991
2021-10-11,VZ,0.065265234,0.065529653,0.064894375
2021-10-11,WMT,0.012699017,0.012877576,0.012691441
2021-10-12,AAPL,0.11882181,0.11986187,0.11869445
2021-10-12,AMGN,0.0021800428,0.0022331036,0.0021711143
2021-10-12,CRM,0.0013984224,0.001419476,0.0014036661
2021-10-12,CSCO,1.5259115,1.5216211,1.5122113
2021-10-12,IBM,0.24159466,0.24456717,0.24159797
2021-10-12,INTC,0.89645097,0.90281405,0.89921996
2021-10-12,MSFT,0.066034746,0.066602928,0.06563343
2021-10-12,NKE,0.0045577646,0.0046415126,0.0045887055
2021-10-12,VZ,0.06453247,0.065066302,0.064328475
2021-10-12,WMT,0.012368159,0.012544114,0.012363412
2021-10-13,AAPL,0.11804985,0.11956477,0.11801282
2021-10-13,AMGN,0.0021006657,0.002162986,0.0020955425
2021-10-13,CRM,0.0013565496,0.0013747297,0.0013610339
2021-10-13,CSCO,1.5228397,1.515889,1.5065931
2021-10-13,IBM,0.2375299,0.23964409,0.23764568
2021-10-13,INTC,0.88302716,0.88694544,0.88768483
2021-10-13,MSFT,0.065170172,0.065583508,0.064475909
2021-10-13,NKE,0.0044318964,0.0045131187,0.0044672381
2021-10-13,VZ,0.063600694,0.064068226,0.063526366
2021-10-13,WMT,0.012026759,0.012173201,0.012026402
2021-10-14,AAPL,0.11703003,0.11900544,0.11608667
2021-10-14,AMGN,0.0019906408,0.0020666792,0.0019893699
2021-10-14,CRM,0.001296712,0.0013245832,0.0012964532
2021-10-14,CSCO,1.508471,1.5041026,1.4899819
2021-10-14,IBM,0.23364351,0.23571039,0.23283089
2021-10-14,INTC,0.86260357,0.86774057,0.86315649
2021-10-14,MSFT,0.063889853,0.064398696,0.063201777
2021-10-14,NKE,0.0043280636,0.0043983509,0.0043256299
2021-10-14,VZ,0.062412703,0.063056456,0.06217615
2021-10-14,WMT,0.011652911,0.011810374,0.011626933
2021-10-15,AAPL,0.11562908,0.11803601,0.11433391
2021-10-15,AMGN,0.0019164538,0.0019795656,0.0019114064
2021-10-15,CRM,0.0012366837,0.0012701465,0.0012340164
2021-10-15,CSCO,1.4954968,1.4953755,1.4728678
2021-10-15,IBM,0.23119923,0.23342892,0.23030093
2021-10-15,INTC,0.84849919,0.85543285,0.84589824
2021-10-15,MSFT,0.062479319,0.06317586,0.061754607
2021-10-15,NKE,0.0041995782,0.0042734454,0.0042020407
2021-10-15,VZ,0.061275768,0.061971243,0.060923217
2021-10-15,WMT,0.011307192,0.011463633,0.01126514
2021-10-18,AAPL,0.11382063,0.11671196,0.11331869
2021-10-18,AMGN,0.0018598642,0.0019190519,0.0018570937
2021-10-18,CRM,0.0012133552,0.0012451538,0.0012039348
2021-10-18,CSCO,1.4879324,1.4969589,1.4714771
2021-10-18,IBM,0.22897841,0.2319069,0.22854011
2021-10-18,INTC,0.83637704,0.84679171,0.83848498
2021-10-18,MSFT,0.061403378,0.062321046,0.060899209
2021-10-18,NKE,0.004101763,0.0041815733,0.0041388424
2021-10-18,VZ,0.060054721,0.061193917,0.059973237
2021-10-18,WMT,0.010930665,0.011136727,0.010949476
2021-10-19,AAPL,0.11261427,0.11496812,0.11157067
2021-10-19,AMGN,0.0018086624,0.0018554738,0.0018009959
2021-10-19,CRM,0.001175338,0.0012038439,0.0011712623
2021-10-19,CSCO,1.4641999,1.4755697,1.4470659
2021-10-19,IBM,0.22636825,0.22924795,0.22587493
2021-10-19,INTC,0.81583137,0.82601238,0.81632912
2021-10-19,MSFT,0.059920001,0.060792386,0.059513013
2021-10-19,NKE,0.0040301995,0.004096901,0.004043056
2021-10-19,VZ,0.058652171,0.059647711,0.058502909
2021-10-19,WMT,0.010556201,0.010730757,0.01056648
2021-10-20,AAPL,0.11108979,0.11325517,0.11086329
2021-10-20,AMGN,0.0017491263,0.0018039356,0.0017424993
2021-10-20,CRM,0.0011310274,0.0011626617,0.0011268905
2021-10-20,CSCO,1.4406823,1.4540312,1.4286906
2021-10-20,IBM,0.22218157,0.2252484,0.22235243
2021-10-20,INTC,0.7920725,0.80564317,0.79435252
2021-10-20,MSFT,0.058304678,0.059217273,0.058009665
2021-10-20,NKE,0.0039458539,0.0040143204,0.0039526363
2021-10-20,VZ,0.057499555,0.05846969,0.057222658
2021-10-20,WMT,0.010298949,0.010429938,0.010278744
2021-10-21,AAPL,0.10987098,0.11215979,0.10908042
2021-10-21,AMGN,0.0017065871,0.0017532833,0.0017001838
2021-10-21,CRM,0.00109214,0.0011243888,0.0010823507
2021-10-21,CSCO,1.426284,1.4374655,1.4094654
2021-10-21,IBM,0.22099351,0.22253785,0.22026
2021-10-21,INTC,0.77627257,0.78926522,0.77464477
2021-10-21,MSFT,0.057369629,0.058095294,0.057006909
2021-10-21,NKE,0.00391218,0.0039543182,0.0039133772
2021-10-21,VZ,0.056419746,0.057317171,0.056127475
2021-10-21,WMT,0.010082495,0.010179706,0.010055088
2021-10-22,AAPL,0.1087618,0.1110399,0.10800125
2021-10-22,AMGN,0.0016509321,0.0017003097,0.0016466335
2021-10-22,CRM,0.0010837173,0.0011108876,0.0010706256
2021-10-22,CSCO,1.424395,1.4325436,1.408689
2021-10-22,IBM,0.22088565,0.22316492,0.22032001
2021-10-22,INTC,0.76768758,0.77933064,0.76438209
2021-10-22,MSFT,0.056933086,0.057481234,0.056502328
2021-10-22,NKE,0.0038784529,0.0039197979,0.003881294
2021-10-22,VZ,0.054981672,0.0561049,0.054800668
2021-10-22,WMT,0.0097484598,0.0099171339,0.0097754684
2021-10-25,AAPL,0.10632143,0.10879974,0.10594223
2021-10-25,AMGN,0.001630068,0.0016640211,0.0016165004
2021-10-25,CRM,0.0011051949,0.0011169298,0.0010795614
2021-10-25,CSCO,1.4134941,1.4191003,1.3997453
2021-10-25,IBM,0.21990177,0.22197776,0.21909762
2021-10-25,INTC,0.75649637,0.76839283,0.75510167
2021-10-25,MSFT,0.056141793,0.056617773,0.055724348
2021-10-25,NKE,0.0038441989,0.0038718212,0.003824936
2021-10-25,VZ,0.053651606,0.054795944,0.053653934
2021-10-25,WMT,0.0094682406,0.0096296371,0.0094885234
2021-10-26,AAPL,0.10443607,0.10718842,0.10362576
2021-10-26,AMGN,0.0016044993,0.0016297056,0.0015920512
2021-10-26,CRM,0.0010983097,0.0011204505,0.0010807001
2021-10-26,CSCO,1.3939057,1.4119951,1.3785714
2021-10-26,IBM,0.21725757,0.22067165,0.21652989
2021-10-26,INTC,0.73439047,0.75087751,0.73442584
2021-10-26,MSFT,0.05476995,0.055698465,0.054586319
2021-10-26,NKE,0.0038379751,0.0038848821,0.0038302029
2021-10-26,VZ,0.052846769,0.053379841,0.052443255
2021-10-26,WMT,0.0094187613,0.0095241454,0.0093409251
2021-10-27,AAPL,0.1033858,0.10617704,0.10289785
2021-10-27,AMGN,0.0015727334,0.0016176402,0.0015554056
2021-10-27,CRM,0.0010671916,0.0011076687,0.0010530252
2021-10-27,CSCO,1.375093,1.4023544,1.3618557
2021-10-27,IBM,0.21248643,0.21595168,0.21201919
2021-10-27,INTC,0.72089074,0.73277744,0.72024523
2021-10-27,MSFT,0.053499424,0.05456216,0.05307056
2021-10-27,NKE,0.0037570465,0.0038389919,0.0037599362
2021-10-27,VZ,0.052649951,0.053062565,0.052184069
2021-10-27,WMT,0.0093088424,0.0094328558,0.0092487504
2021-10-28,AAPL,0.10186865,0.10372462,0.09973084
2021-10-28,AMGN,0.0015395115,0.0015834092,0.0015104897
2021-10-28,CRM,0.00097813306,0.0010380635,0.00095705913
2021-10-28,CSCO,1.3248582,1.3451979,1.2944001
2021-10-28,IBM,0.21022773,0.21226475,0.20629953
2021-10-28,INTC,0.69722716,0.70774416,0.68511708
2021-10-28,MSFT,0.051698964,0.052921234,0.050571477
2021-10-28,NKE,0.0036557276,0.0037229135,0.0035948185
2021-10-28,VZ,0.051891337,0.052304755,0.050443294
2021-10-28,WMT,0.0092392904,0.0093249272,0.0090660095
2021-10-29,AAPL,0.098238049,0.10203422,0.09790779
2021-10-29,AMGN,0.0014964609,0.0015539322,0.0014941146
2021-10-29,CRM,0.00093811886,0.00098655575,0.00092720519
2021-10-29,CSCO,1.2900676,1.3351931,1.2754071
2021-10-29,IBM,0.20440906,0.2100876,0.20366095
2021-10-29,INTC,0.67753292,0.70143563,0.67329344
2021-10-29,MSFT,0.050165637,0.051709381,0.05002823
2021-10-29,NKE,0.0035194728,0.0036307167,0.0035086615
2021-10-29,VZ,0.050191818,0.051596333,0.049968299
2021-10-29,WMT,0.0090207454,0.0092740758,0.0089853527
2021-11-01,AAPL,0.098658422,0.099100929,0.098088531
2021-11-01,AMGN,0.0014990963,0.0015000744,0.0014863535
2021-11-01,CRM,0.00093210115,0.00094345278,0.00093547449
2021-11-01,CSCO,1.2976018,1.2908819,1.2929035
2021-11-01,IBM,0.20357982,0.20462398,0.20293156
2021-11-01,INTC,0.67497292,0.67373681,0.67491776
2021-11-01,MSFT,0.050331303,0.050258196,0.050216397
2021-11-01,NKE,0.003530223,0.0035408899,0.0035290703
2021-11-01,VZ,0.050263119,0.050475014,0.049875633
2021-11-01,WMT,0.0090301617,0.00902778,0.0089866639
2021-11-02,AAPL,0.096676967,0.098121842,0.097278342
2021-11-02,AMGN,0.0014458016,0.0014718281,0.0014620445
2021-11-02,CRM,0.00091117691,0.00091748506,0.00092395918
2021-11-02,CSCO,1.3017128,1.2977238,1.2994267
2021-11-02,IBM,0.20030133,0.20246561,0.20056771
2021-11-02,INTC,0.67222446,0.67123174,0.67788554
2021-11-02,MSFT,0.050017638,0.050125746,0.050010618
2021-11-02,NKE,0.0034505872,0.0034951224,0.0034858339
2021-11-02,VZ,0.049585659,0.049878659,0.04973843
2021-11-02,WMT,0.0088616448,0.0088999368,0.0088642625
2021-11-03,AAPL,0.094454108,0.096056007,0.094245599
2021-11-03,AMGN,0.0013920097,0.0014184285,0.0014021072
2021-11-03,CRM,0.00087565884,0.00089341898,0.00089271761
2021-11-03,CSCO,1.2945059,1.2934389,1.2870294
2021-11-03,IBM,0.19705089,0.19852883,0.19725166
2021-11-03,INTC,0.6627547,0.66208903,0.66809372
2021-11-03,MSFT,0.049234862,0.049543732,0.049295961
2021-11-03,NKE,0.0033674604,0.0034015324,0.0033878347
2021-11-03,VZ,0.049618941,0.04973655,0.049524723
2021-11-03,WMT,0.0087836394,0.0087937836,0.0087574852
2021-11-04,AAPL,0.091623525,0.094080481,0.091922296
2021-11-04,AMGN,0.0013521306,0.0013777687,0.0013600094
2021-11-04,CRM,0.00083339647,0.00085453249,0.0008482164
2021-11-04,CSCO,1.2898596,1.2898445,1.2864039
2021-11-04,IBM,0.19362607,0.1951799,0.19403873
2021-11-04,INTC,0.65594352,0.65704724,0.66184643
2021-11-04,MSFT,0.048817391,0.049004232,0.048848962
2021-11-04,NKE,0.0032789266,0.0033346033,0.0033253806
2021-11-04,VZ,0.049752606,0.04976515,0.049649784
2021-11-04,WMT,0.0087683646,0.0087806246,0.0087296854
2021-11-05,AAPL,0.090119588,0.091315445,0.089045719
2021-11-05,AMGN,0.0012989568,0.0013279981,0.0012997665
2021-11-05,CRM,0.00080446524,0.0008166937,0.00080390619
2021-11-05,CSCO,1.2773242,1.2706128,1.2659667
2021-11-05,IBM,0.1890364,0.19041596,0.188845
2021-11-05,INTC,0.64500071,0.64467281,0.64696978
2021-11-05,MSFT,0.047813907,0.048092853,0.0475627
2021-11-05,NKE,0.0031965533,0.0032360725,0.0032120167
2021-11-05,VZ,0.048861245,0.049148841,0.048784624
2021-11-05,WMT,0.0084986149,0.0085978382,0.0085107733
2021-11-08,AAPL,0.089082196,0.090326559,0.089225898
2021-11-08,AMGN,0.0012688701,0.0012893561,0.0012689763
2021-11-08,CRM,0.00079815533,0.00080403573,0.00080502536
2021-11-08,CSCO,1.2801043,1.2685394,1.2745664
2021-11-08,IBM,0.1870653,0.18941758,0.18742444
2021-11-08,INTC,0.64220273,0.64241625,0.64404966
2021-11-08,MSFT,0.047442906,0.047523137,0.047115914
2021-11-08,NKE,0.0031444479,0.0031767635,0.0031714411
2021-11-08,VZ,0.04827834,0.048636868,0.048390682
2021-11-08,WMT,0.0081477609,0.0083145215,0.0081949588
2021-11-09,AAPL,0.088913722,0.090038736,0.088475816
2021-11-09,AMGN,0.0012203104,0.001250049,0.0012298456
2021-11-09,CRM,0.00079251298,0.00080233364,0.00079991698
2021-11-09,CSCO,1.2860027,1.2778964,1.2729196
2021-11-09,IBM,0.18506789,0.18661526,0.18557346
2021-11-09,INTC,0.63471029,0.6355749,0.63951764
2021-11-09,MSFT,0.046547819,0.046654691,0.046334909
2021-11-09,NKE,0.0031207098,0.0031626247,0.0031472998
2021-11-09,VZ,0.048052851,0.048239343,0.047851265
2021-11-09,WMT,0.0080136585,0.0080853005,0.0080078684
2021-11-10,AAPL,0.08799576,0.089270085,0.087785443
2021-11-10,AMGN,0.0011784498,0.0012014795,0.001181314
2021-11-10,CRM,0.00076343626,0.00077687161,0.00076972861
2021-11-10,CSCO,1.2786788,1.2671863,1.2656309
2021-11-10,IBM,0.18132408,0.18262918,0.18146246
2021-11-10,INTC,0.62490875,0.62487478,0.62648074
2021-11-10,MSFT,0.045485978,0.045680532,0.045264101
2021-11-10,NKE,0.0030467911,0.0030939893,0.0030677077
2021-11-10,VZ,0.047685538,0.048006898,0.047454612
2021-11-10,WMT,0.0078261627,0.0078808094,0.0078120789
2021-11-11,AAPL,0.087514409,0.088672514,0.086956566
2021-11-11,AMGN,0.0011360765,0.0011670834,0.0011363958
2021-11-11,CRM,0.00073781975,0.00074746418,0.00074352055
2021-11-11,CSCO,1.278119,1.2673189,1.2649768
2021-11-11,IBM,0.17858631,0.18031679,0.17871132
2021-11-11,INTC,0.61939501,0.61988197,0.62151607
2021-11-11,MSFT,0.044903176,0.044977356,0.044532214
2021-11-11,NKE,0.0029547304,0.003006948,0.0029860723
2021-11-11,VZ,0.047132818,0.047485957,0.046900489
2021-11-11,WMT,0.0075689525,0.0076843896,0.0075813941
2021-11-12,AAPL,0.086844728,0.08830684,0.086263553
2021-11-12,AMGN,0.0011072253,0.0011313836,0.0011020607
2021-11-12,CRM,0.00072552447,0.00073050773,0.00071783463
2021-11-12,CSCO,1.2752757,1.2629628,1.2596318
2021-11-12,IBM,0.17667759,0.17764193,0.17601393
2021-11-12,INTC,0.61583302,0.61486052,0.61317932
2021-11-12,MSFT,0.04446672,0.044681955,0.044007926
2021-11-12,NKE,0.0029000659,0.0029424862,0.0029083123
2021-11-12,VZ,0.046566687,0.046905626,0.046118365
2021-11-12,WMT,0.007311118,0.0074063936,0.0072896294
2021-11-15,AAPL,0.08567221,0.087234501,0.084825604
2021-11-15,AMGN,0.0010754299,0.0011054868,0.0010686884
2021-11-15,CRM,0.00069841647,0.00071268176,0.00069924064
2021-11-15,CSCO,1.2559017,1.2522799,1.2452777
2021-11-15,IBM,0.17358598,0.17579112,0.17292603
2021-11-15,INTC,0.6051592,0.60665222,0.60370438
2021-11-15,MSFT,0.043449118,0.043788466,0.042974784
2021-11-15,NKE,0.002826973,0.0028753452,0.0028423531
2021-11-15,VZ,0.046353395,0.046694848,0.045826865
2021-11-15,WMT,0.0071121354,0.0071958071,0.0070803561
2021-11-16,AAPL,0.083841024,0.085645454,0.08397862
2021-11-16,AMGN,0.0010782221,0.0010876949,0.001071696
2021-11-16,CRM,0.00068465835,0.00069166866,0.00068722776
2021-11-16,CSCO,1.2565418,1.2549491,1.2474634
2021-11-16,IBM,0.17138881,0.17297594,0.17086196
2021-11-16,INTC,0.59984513,0.60146698,0.60075791
2021-11-16,MSFT,0.04292122,0.043318729,0.042577775
2021-11-16,NKE,0.0027813829,0.0028118668,0.0028076764
2021-11-16,VZ,0.0463095,0.046531779,0.046034898
2021-11-16,WMT,0.0070501498,0.0070872722,0.0070190929
2021-11-17,AAPL,0.08139263,0.08361263,0.081132785
2021-11-17,AMGN,0.0010513535,0.0010697671,0.0010496515
2021-11-17,CRM,0.00066373295,0.00067555252,0.0006702167
2021-11-17,CSCO,1.2411062,1.241076,1.236556
2021-11-17,IBM,0.16698465,0.16910804,0.16766675
2021-11-17,INTC,0.58056045,0.58607593,0.58483669
2021-11-17,MSFT,0.041924196,0.042432222,0.041983954
2021-11-17,NKE,0.0027295896,0.0027768376,0.0027667156
2021-11-17,VZ,0.045511254,0.046072427,0.045593443
2021-11-17,WMT,0.0069033644,0.0069944365,0.0069202085
2021-11-18,AAPL,0.081376014,0.081731654,0.080680424
2021-11-18,AMGN,0.0009992155,0.0010238018,0.0010038975
2021-11-18,CRM,0.00064995535,0.00064887771,0.00065620805
2021-11-18,CSCO,1.2432389,1.2301125,1.2302466
2021-11-18,IBM,0.16384421,0.16525206,0.16442354
2021-11-18,INTC,0.56742747,0.56742747,0.56800101
2021-11-18,MSFT,0.040820215,0.040935596,0.040597662
2021-11-18,NKE,0.0026867177,0.0027094504,0.0026864423
2021-11-18,VZ,0.044681306,0.044908025,0.044592989
2021-11-18,WMT,0.0066594772,0.0067769098,0.0066758484
2021-11-19,AAPL,0.080275619,0.081137773,0.080050274
2021-11-19,AMGN,0.00096260729,0.00098852775,0.00095999537
2021-11-19,CRM,0.00062883409,0.00063163381,0.00063802844
2021-11-19,CSCO,1.2488624,1.2358375,1.2376043
2021-11-19,IBM,0.16253167,0.16347006,0.16172227
2021-11-19,INTC,0.55779929,0.55690667,0.5578856
2021-11-19,MSFT,0.040316412,0.040256077,0.040042494
2021-11-19,NKE,0.0026582618,0.0026673207,0.0026676582
2021-11-19,VZ,0.044507322,0.044499608,0.044143795
2021-11-19,WMT,0.0064754507,0.0065379966,0.0064621348
2021-11-22,AAPL,0.079638603,0.080433279,0.079066638
2021-11-22,AMGN,0.00093179145,0.00095691379,0.00093097536
2021-11-22,CRM,0.00062843307,0.00063298918,0.00063379504
2021-11-22,CSCO,1.2613949,1.2523416,1.2499222
2021-11-22,IBM,0.16240779,0.16321121,0.16202975
2021-11-22,INTC,0.5611182,0.56071103,0.5614572
2021-11-22,MSFT,0.040403126,0.04044868,0.039997937
2021-11-22,NKE,0.0026192115,0.0026511852,0.0026380401
2021-11-22,VZ,0.04447505,0.044639328,0.044277278
2021-11-22,WMT,0.0063349126,0.0064068888,0.0063509972
2021-11-23,AAPL,0.077372929,0.079033836,0.077395323
2021-11-23,AMGN,0.00091631976,0.00093301134,0.00090775309
2021-11-23,CRM,0.00062608994,0.00062698915,0.00062471997
2021-11-23,CSCO,1.2465448,1.2436425,1.2444487
2021-11-23,IBM,0.15873611,0.1602994,0.15864914
2021-11-23,INTC,0.548157,0.55035156,0.54876831
2021-11-23,MSFT,0.039851157,0.040033315,0.039546326
2021-11-23,NKE,0.0025808237,0.002612766,0.0025837517
2021-11-23,VZ,0.044028058,0.044372384,0.044010743
2021-11-23,WMT,0.0061734349,0.0062778782,0.0062004598
2021-11-24,AAPL,0.076707023,0.078065017,0.076004379
2021-11-24,AMGN,0.00089586435,0.00091577303,0.00088978486
2021-11-24,CRM,0.00060641869,0.00061654648,0.00061094959
2021-11-24,CSCO,1.2297843,1.2335987,1.2202921
2021-11-24,IBM,0.15507754,0.15676005,0.15541464
2021-11-24,INTC,0.53443406,0.53694976,0.53585516
2021-11-24,MSFT,0.038707592,0.039134355,0.038487374
2021-11-24,NKE,0.0025323041,0.0025546673,0.0025390909
2021-11-24,VZ,0.043601314,0.043617801,0.043430612
2021-11-24,WMT,0.0061288231,0.0061747136,0.0061063612
2021-11-26,AAPL,0.075534291,0.077725563,0.075852317
2021-11-26,AMGN,0.00086048432,0.00089283672,0.00085562819
2021-11-26,CRM,0.00057130387,0.00059534791,0.000572017
2021-11-26,CSCO,1.1943404,1.2127325,1.1932159
2021-11-26,IBM,0.15055809,0.15318025,0.15056857
2021-11-26,INTC,0.51871147,0.52648626,0.51930917
2021-11-26,MSFT,0.037501518,0.038418419,0.037215467
2021-11-26,NKE,0.002468654,0.0025324904,0.0024862736
2021-11-26,VZ,0.043108117,0.043543304,0.042852519
2021-11-26,WMT,0.0059840349,0.0061113947,0.0059757311
2021-11-29,AAPL,0.076153038,0.076653807,0.074659314
2021-11-29,AMGN,0.00084590052,0.00086461668,0.00083234552
2021-11-29,CRM,0.00054138781,0.00055744175,0.00052689586
2021-11-29,CSCO,1.1690833,1.1775976,1.1459429
2021-11-29,IBM,0.14866688,0.15013246,0.14689198
2021-11-29,INTC,0.50899952,0.51223387,0.50093621
2021-11-29,MSFT,0.036514451,0.037135356,0.035948033
2021-11-29,NKE,0.0024008318,0.0024395528,0.0023717158
2021-11-29,VZ,0.042586233,0.04289786,0.041687068
2021-11-29,WMT,0.0058626429,0.0059677344,0.0057992016
2021-11-30,AAPL,0.073792142,0.076270896,0.073913026
2021-11-30,AMGN,0.0008217072,0.00085156706,0.00082055182
2021-11-30,CRM,0.00052537047,0.00054739335,0.00052159572
2021-11-30,CSCO,1.1426154,1.1698728,1.133844
2021-11-30,IBM,0.14570411,0.14907823,0.14544217
2021-11-30,INTC,0.49504455,0.50939691,0.49346428
2021-11-30,MSFT,0.035429449,0.036291039,0.035390874
2021-11-30,NKE,0.0023312464,0.0023871759,0.0023207566
2021-11-30,VZ,0.041795328,0.042722915,0.041526884
2021-11-30,WMT,0.0057877586,0.0059067716,0.0057634211
2021-12-01,AAPL,0.074013022,0.074497451,0.073522902
2021-12-01,AMGN,0.00081870519,0.00081768423,0.00081324101
2021-12-01,CRM,0.00052527483,0.00053224824,0.00052493353
2021-12-01,CSCO,1.1475395,1.147796,1.1443477
2021-12-01,IBM,0.14450606,0.14543668,0.14423308
2021-12-01,INTC,0.4951598,0.49564353,0.49650805
2021-12-01,MSFT,0.035437692,0.035493464,0.035271156
2021-12-01,NKE,0.0023415069,0.0023475832,0.0023386409
2021-12-01,VZ,0.041767197,0.041997244,0.041550995
2021-12-01,WMT,0.0057857546,0.0057817742,0.0057661077
2021-12-02,AAPL,0.0720354,0.073049748,0.072576141
2021-12-02,AMGN,0.00079411203,0.00080814657,0.0008013973
2021-12-02,CRM,0.00049681489,0.00050992966,0.00050557485
2021-12-02,CSCO,1.1372943,1.1378938,1.1360992
2021-12-02,IBM,0.14158712,0.14288546,0.14227959
2021-12-02,INTC,0.4879012,0.48907905,0.49269797
2021-12-02,MSFT,0.034821202,0.035116675,0.034901395
2021-12-02,NKE,0.0022941716,0.0023172957,0.0023235416
2021-12-02,VZ,0.041220131,0.041479222,0.041329326
2021-12-02,WMT,0.0057254047,0.0057077933,0.0057121549
2021-12-03,AAPL,0.070716889,0.071958788,0.070683397
2021-12-03,AMGN,0.00075198997,0.00077507325,0.00076278976
2021-12-03,CRM,0.00048497764,0.00049600424,0.00048790713
2021-12-03,CSCO,1.1354537,1.1346434,1.1303939
2021-12-03,IBM,0.1396626,0.14143466,0.13998203
2021-12-03,INTC,0.48408334,0.48667186,0.48712134
2021-12-03,MSFT,0.034379409,0.03456163,0.034380798
2021-12-03,NKE,0.0022512426,0.002285468,0.0022696664
2021-12-03,VZ,0.040940212,0.041168934,0.040911463
2021-12-03,WMT,0.0056072435,0.0056303761,0.0056166858
2021-12-06,AAPL,0.07022417,0.071102997,0.070349239
2021-12-06,AMGN,0.00073312778,0.00074408431,0.00073670252
2021-12-06,CRM,0.00047982377,0.00048731593,0.0004785941
2021-12-06,CSCO,1.1331779,1.1263972,1.1278064
2021-12-06,IBM,0.1370713,0.13846696,0.13785524
2021-12-06,INTC,0.48286261,0.4819673,0.48743468
2021-12-06,MSFT,0.034153369,0.034235123,0.034222294
2021-12-06,NKE,0.0022063947,0.0022348527,0.002232162
2021-12-06,VZ,0.040550167,0.040776086,0.040747025
2021-12-06,WMT,0.0054935425,0.0055294621,0.0055083546
2021-12-07,AAPL,0.068830591,0.069521628,0.068690667
2021-12-07,AMGN,0.0007015189,0.00071664228,0.00070630357
2021-12-07,CRM,0.00046852227,0.00047553736,0.00046877718
2021-12-07,CSCO,1.1181323,1.1062665,1.1134186
2021-12-07,IBM,0.13426636,0.13541652,0.13447298
2021-12-07,INTC,0.47711901,0.47520294,0.47997526
2021-12-07,MSFT,0.033502175,0.03361432,0.033361195
2021-12-07,NKE,0.0021429127,0.0021686672,0.0021674193
2021-12-07,VZ,0.039888534,0.04022914,0.040072598
2021-12-07,WMT,0.0053080976,0.0053717219,0.0053220585
2021-12-08,AAPL,0.067735786,0.068605855,0.067413632
2021-12-08,AMGN,0.00067466862,0.00069078622,0.00067880746
2021-12-08,CRM,0.00046051127,0.00046197171,0.00046141197
2021-12-08,CSCO,1.1041836,1.0964897,1.0950888
2021-12-08,IBM,0.13068128,0.13211742,0.13102561
2021-12-08,INTC,0.46677334,0.46775222,0.46757082
2021-12-08,MSFT,0.032709375,0.032725475,0.032474946
2021-12-08,NKE,0.0020936094,0.0021181372,0.0020999639
2021-12-08,VZ,0.039065571,0.039396738,0.038941295
2021-12-08,WMT,0.005086248,0.005196211,0.0051071966
2021-12-09,AAPL,0.066410522,0.067671027,0.066524262
2021-12-09,AMGN,0.0006527436,0.00066733659,0.00065374537
2021-12-09,CRM,0.00044724492,0.00045575475,0.00045201167
2021-12-09,CSCO,1.0941389,1.0931355,1.0860552
2021-12-09,IBM,0.12811011,0.12994559,0.12837755
2021-12-09,INTC,0.45708626,0.45965781,0.45951183
2021-12-09,MSFT,0.031736859,0.032029193,0.031730112
2021-12-09,NKE,0.0020615676,0.002089509,0.0020819933
2021-12-09,VZ,0.038782916,0.039076611,0.038639047
2021-12-09,WMT,0.0049823891,0.0050309003,0.0049732515
2021-12-10,AAPL,0.06604773,0.066791508,0.065760131
2021-12-10,AMGN,0.00063560413,0.00064654212,0.00063583234
2021-12-10,CRM,0.00044067863,0.00044526497,0.00044055528
2021-12-10,CSCO,1.0894023,1.0802528,1.0805874
2021-12-10,IBM,0.12565146,0.12713288,0.12619293
2021-12-10,INTC,0.45019528,0.45106856,0.45296152
2021-12-10,MSFT,0.031213377,0.031268663,0.031083323
2021-12-10,NKE,0.0020277876,0.0020506691,0.0020483531
2021-12-10,VZ,0.038143685,0.038573621,0.038182631
2021-12-10,WMT,0.0048313314,0.0048848736,0.0048394803
2021-12-13,AAPL,0.065905053,0.066717375,0.065766421
2021-12-13,AMGN,0.0006138161,0.00062830164,0.00061514155
2021-12-13,CRM,0.00043271845,0.00043926142,0.00043602973
2021-12-13,CSCO,1.0840118,1.0736981,1.0726219
2021-12-13,IBM,0.12370596,0.12532751,0.12386224
2021-12-13,INTC,0.44441874,0.44454298,0.44617208
2021-12-13,MSFT,0.03063813,0.030711747,0.030438918
2021-12-13,NKE,0.0019788654,0.002011148,0.0020012237
2021-12-13,VZ,0.037504074,0.037863695,0.037484807
2021-12-13,WMT,0.0046790126,0.0047486633,0.0046848654
2021-12-14,AAPL,0.06585228,0.066532359,0.065652646
2021-12-14,AMGN,0.00058311072,0.00060166228,0.00058511788
2021-12-14,CRM,0.00041931276,0.00042613834,0.00042193392
2021-12-14,CSCO,1.0879942,1.0743753,1.0760157
2021-12-14,IBM,0.12207319,0.12306225,0.12188531
2021-12-14,INTC,0.43869166,0.43846823,0.44063661
2021-12-14,MSFT,0.030206455,0.030219926,0.029905356
2021-12-14,NKE,0.0019398783,0.001970339,0.0019551266
2021-12-14,VZ,0.037217807,0.037419802,0.037003459
2021-12-14,WMT,0.0045882588,0.004624313,0.0045693716
2021-12-15,AAPL,0.06549013,0.066548599,0.065328071
2021-12-15,AMGN,0.00056399866,0.00058026523,0.0005635208
2021-12-15,CRM,0.00040633161,0.00041597054,0.00040698437
2021-12-15,CSCO,1.0950354,1.0847811,1.0813616
2021-12-15,IBM,0.12057394,0.12147862,0.12095268
2021-12-15,INTC,0.43453509,0.43454074,0.43655604
2021-12-15,MSFT,0.02995687,0.029970894,0.02973203
2021-12-15,NKE,0.0018848355,0.0019175645,0.0019029176
2021-12-15,VZ,0.037127727,0.037276821,0.036863776
2021-12-15,WMT,0.0044857433,0.0045204374,0.0044706962
2021-12-16,AAPL,0.065441396,0.065945815,0.064770686
2021-12-16,AMGN,0.00053496186,0.00055386649,0.00053453714
2021-12-16,CRM,0.00038816756,0.00039767258,0.00038685377
2021-12-16,CSCO,1.0910769,1.0822952,1.0766565
2021-12-16,IBM,0.11867364,0.11986518,0.11854982
2021-12-16,INTC,0.42904402,0.4287509,0.42925371
2021-12-16,MSFT,0.029494962,0.02959548,0.029131196
2021-12-16,NKE,0.0018320479,0.001863952,0.0018387311
2021-12-16,VZ,0.036632481,0.036926214,0.036438454
2021-12-16,WMT,0.0043268799,0.0043944244,0.0043227055
2021-12-17,AAPL,0.064625463,0.065845754,0.064160591
2021-12-17,AMGN,0.00053204811,0.00053925504,0.00052574968
2021-12-17,CRM,0.00037948784,0.00038639942,0.00037675116
2021-12-17,CSCO,1.091024,1.0826305,1.0760678
2021-12-17,IBM,0.116514,0.11768216,0.11615286
2021-12-17,INTC,0.42508913,0.42587291,0.42445453
2021-12-17,MSFT,0.029108416,0.02927043,0.028736037
2021-12-17,NKE,0.0017958849,0.0018172864,0.0018021032
2021-12-17,VZ,0.036128215,0.036430369,0.035934832
2021-12-17,WMT,0.0041916446,0.0042531906,0.0041851233
2021-12-20,AAPL,0.064039891,0.065029452,0.06352441
2021-12-20,AMGN,0.00051519502,0.0005313685,0.00051366029
2021-12-20,CRM,0.00036612228,0.00037541216,0.0003661105
2021-12-20,CSCO,1.0808242,1.0831702,1.0725361
2021-12-20,IBM,0.11450984,0.11635603,0.11459492
2021-12-20,INTC,0.41492601,0.41923473,0.41715358
2021-12-20,MSFT,0.028461356,0.028829943,0.028225666
2021-12-20,NKE,0.0017437365,0.0017816344,0.0017593641
2021-12-20,VZ,0.035627339,0.036033927,0.035462982
2021-12-20,WMT,0.0041211848,0.0041611689,0.0041107571
2021-12-21,AAPL,0.063404601,0.064213345,0.062590409
2021-12-21,AMGN,0.00049444757,0.00051072137,0.00049573423
2021-12-21,CRM,0.00035929463,0.00036552293,0.00035580988
2021-12-21,CSCO,1.0730677,1.0669792,1.0573553
2021-12-21,IBM,0.11400293,0.11455824,0.1135466
2021-12-21,INTC,0.41081108,0.4124449,0.40965046
2021-12-21,MSFT,0.028139916,0.028335341,0.027813997
2021-12-21,NKE,0.0017168563,0.0017304279,0.0017208446
2021-12-21,VZ,0.034833377,0.035230489,0.034803913
2021-12-21,WMT,0.0039677108,0.0040307307,0.0039759427
2021-12-22,AAPL,0.062774811,0.063920593,0.061969671
2021-12-22,AMGN,0.00047773601,0.00049262869,0.00047697387
2021-12-22,CRM,0.0003625646,0.00036680584,0.00035868224
2021-12-22,CSCO,1.0733151,1.0741829,1.0624112
2021-12-22,IBM,0.11382365,0.1152357,0.11309594
2021-12-22,INTC,0.40731065,0.41115176,0.40631017
2021-12-22,MSFT,0.02786597,0.028152546,0.027637901
2021-12-22,NKE,0.001694057,0.0017152721,0.0016916846
2021-12-22,VZ,0.033998101,0.034696175,0.033872828
2021-12-22,WMT,0.0038216786,0.0039040296,0.0038404808
2021-12-23,AAPL,0.061109389,0.062645907,0.061041738
2021-12-23,AMGN,0.00046608747,0.00047863209,0.00046657125
2021-12-23,CRM,0.00036554452,0.00036995226,0.00036026457
2021-12-23,CSCO,1.0631469,1.0683176,1.0553389
2021-12-23,IBM,0.11241449,0.11368669,0.11217894
2021-12-23,INTC,0.40067629,0.40627111,0.40086601
2021-12-23,MSFT,0.027361365,0.027582504,0.02715311
2021-12-23,NKE,0.0016770789,0.0016973178,0.0016744885
2021-12-23,VZ,0.033466555,0.034026081,0.033278145
2021-12-23,WMT,0.0037531297,0.0037973193,0.0037478905
2021-12-27,AAPL,0.05952453,0.061391817,0.059139231
2021-12-27,AMGN,0.00045729138,0.0004667778,0.00045460027
2021-12-27,CRM,0.00035705114,0.00036669985,0.00035346301
2021-12-27,CSCO,1.0426598,1.0558647,1.0319993
2021-12-27,IBM,0.10978554,0.11175266,0.10963431
2021-12-27,INTC,0.38904606,0.39647325,0.38812499
2021-12-27,MSFT,0.026547326,0.027007965,0.026434251
2021-12-27,NKE,0.0016540366,0.0016745751,0.0016507219
2021-12-27,VZ,0.032846166,0.033193559,0.032590238
2021-12-27,WMT,0.0037136302,0.0037527577,0.0036911382
2021-12-28,AAPL,0.059380236,0.060848361,0.058995485
2021-12-28,AMGN,0.00044713429,0.00046108495,0.00044296192
2021-12-28,CRM,0.00034662468,0.00035732944,0.00034120927
2021-12-28,CSCO,1.0251654,1.0443893,1.016716
2021-12-28,IBM,0.10712026,0.10920865,0.10698969
2021-12-28,INTC,0.3815416,0.38687724,0.38064887
2021-12-28,MSFT,0.02596891,0.026452692,0.025771498
2021-12-28,NKE,0.0016155804,0.0016549859,0.001621717
2021-12-28,VZ,0.032548095,0.032847909,0.032355855
2021-12-28,WMT,0.0036464555,0.0037117205,0.0036301848
2021-12-29,AAPL,0.058602434,0.059470139,0.057494053
2021-12-29,AMGN,0.00043911196,0.00044889903,0.00043093341
2021-12-29,CRM,0.00032202509,0.00033701003,0.00031421939
2021-12-29,CSCO,0.98785486,0.99915879,0.96779296
2021-12-29,IBM,0.10531274,0.1065932,0.10378156
2021-12-29,INTC,0.36943919,0.37367541,0.3639976
2021-12-29,MSFT,0.025092303,0.025615383,0.024704799
2021-12-29,NKE,0.0015754052,0.0015982961,0.0015492355
2021-12-29,VZ,0.032013335,0.032268011,0.031314388
2021-12-29,WMT,0.0035948596,0.0036370721,0.0035370282
2021-12-30,AAPL,0.056588973,0.058653187,0.056302055
2021-12-30,AMGN,0.00042890479,0.00044376019,0.00042738113
2021-12-30,CRM,0.00030944668,0.0003247368,0.00030602942
2021-12-30,CSCO,0.96120851,0.99122725,0.95165029
2021-12-30,IBM,0.10273943,0.10539034,0.10244844
2021-12-30,INTC,0.36023882,0.3720457,0.35775877
2021-12-30,MSFT,0.02434905,0.024991612,0.024302077
2021-12-30,NKE,0.0015280948,0.0015683164,0.0015209664
2021-12-30,VZ,0.031273713,0.032053434,0.031050356
2021-12-30,WMT,0.0035319915,0.0036130977,0.0035116335
2021-12-31,AAPL,0.056471154,0.057226606,0.056266512
2021-12-31,AMGN,0.0004304689,0.00043201166,0.00042641987
2021-12-31,CRM,0.00031474333,0.00031661965,0.00031492208
2021-12-31,CSCO,0.97565265,0.97488741,0.97304615
2021-12-31,IBM,0.10286776,0.10337174,0.10288641
2021-12-31,INTC,0.361278,0.36198142,0.36166466
2021-12-31,MSFT,0.024476773,0.024464836,0.024484167
2021-12-31,NKE,0.0015480607,0.0015467035,0.00155109
2021-12-31,VZ,0.031026967,0.031228535,0.030973325
2021-12-31,WMT,0.0035514466,0.003548914,0.0035319603
2022-01-03,AAPL,0.054676273,0.055988996,0.054421348
2022-01-03,AMGN,0.00041527649,0.00042290112,0.00041733212
2022-01-03,CRM,0.00030119324,0.00030415264,0.00030633459
2022-01-03,CSCO,0.95742802,0.95522711,0.9545168
2022-01-03,IBM,0.099596043,0.10051123,0.099882402
2022-01-03,INTC,0.35118986,0.35270533,0.35359195
2022-01-03,MSFT,0.023654549,0.023846507,0.02376132
2022-01-03,NKE,0.0015325212,0.0015382206,0.0015299542
2022-01-03,VZ,0.030266171,0.0305349,0.03033192
2022-01-03,WMT,0.0034972936,0.0034897553,0.0034844226
2022-01-04,AAPL,0.053829033,0.055220517,0.053211344
2022-01-04,AMGN,0.00039970238,0.00040887733,0.00040131813
2022-01-04,CRM,0.00029078672,0.0002956611,0.00029575241
2022-01-04,CSCO,0.96518929,0.9585652,0.95458736
2022-01-04,IBM,0.09936872,0.099712825,0.098914095
2022-01-04,INTC,0.35427844,0.35257099,0.35351997
2022-01-04,MSFT,0.02350642,0.023455087,0.02334022
2022-01-04,NKE,0.0015010918,0.0015120038,0.0015132662
2022-01-04,VZ,0.030245976,0.030227344,0.030081986
2022-01-04,WMT,0.0034874985,0.003472099,0.0034579319
2022-01-05,AAPL,0.053076579,0.053954836,0.05291669
2022-01-05,AMGN,0.00039492026,0.00039808405,0.00039480776
2022-01-05,CRM,0.00028513795,0.00028680837,0.00028644348
2022-01-05,CSCO,0.96633555,0.9549627,0.95904957
2022-01-05,IBM,0.098536492,0.098697054,0.098526872
2022-01-05,INTC,0.35667676,0.35397719,0.35681384
2022-01-05,MSFT,0.023550109,0.023519331,0.023447133
2022-01-05,NKE,0.0014728487,0.0014859924,0.0014976114
2022-01-05,VZ,0.029953941,0.030045464,0.029997005
2022-01-05,WMT,0.0034514667,0.0034564867,0.0034427475
2022-01-06,AAPL,0.051205873,0.052524237,0.050594209
2022-01-06,AMGN,0.00038120558,0.00038863415,0.00038250567
2022-01-06,CRM,0.00027563737,0.00028062674,0.00027660496
2022-01-06,CSCO,0.96201506,0.95263392,0.95406468
2022-01-06,IBM,0.097078238,0.097493417,0.097048647
2022-01-06,INTC,0.35493163,0.3531055,0.35806016
2022-01-06,MSFT,0.023306351,0.023288193,0.023204126
2022-01-06,NKE,0.0014455008,0.0014550054,0.0014599723
2022-01-06,VZ,0.029750058,0.029869018,0.02955262
2022-01-06,WMT,0.0034365288,0.0034217573,0.0034071088
2022-01-07,AAPL,0.050435371,0.051313002,0.049731967
2022-01-07,AMGN,0.00037078247,0.0003775138,0.00037259404
2022-01-07,CRM,0.00026997063,0.00027411287,0.00027060524
2022-01-07,CSCO,0.95890143,0.9455861,0.9474865
2022-01-07,IBM,0.09515156,0.095915496,0.095296738
2022-01-07,INTC,0.35304972,0.3528421,0.35450744
2022-01-07,MSFT,0.023000556,0.022987762,0.022929882
2022-01-07,NKE,0.0014183347,0.0014292763,0.0014304222
2022-01-07,VZ,0.029068048,0.029381495,0.029116204
2022-01-07,WMT,0.0033508987,0.0033771659,0.0033577059
2022-01-10,AAPL,0.049447646,0.050504051,0.049212669
2022-01-10,AMGN,0.00036249528,0.00036643819,0.00036112103
2022-01-10,CRM,0.00027041098,0.00027292864,0.00026904542
2022-01-10,CSCO,0.95590709,0.94467537,0.94430815
2022-01-10,IBM,0.093620287,0.094709599,0.093537527
2022-01-10,INTC,0.35075709,0.34947383,0.35175534
2022-01-10,MSFT,0.022599071,0.02272275,0.022550295
2022-01-10,NKE,0.0013935544,0.0014078281,0.0014058599
2022-01-10,VZ,0.028377516,0.02876569,0.028403162
2022-01-10,WMT,0.0032603088,0.0032967739,0.0032650197
2022-01-11,AAPL,0.048947475,0.049721837,0.048224682
2022-01-11,AMGN,0.00035153621,0.00035671357,0.00035101881
2022-01-11,CRM,0.00026454678,0.00026711731,0.00026444178
2022-01-11,CSCO,0.94956436,0.93414814,0.93644728
2022-01-11,IBM,0.09139394,0.092019575,0.09135346
2022-01-11,INTC,0.34717863,0.34672761,0.34713014
2022-01-11,MSFT,0.022114377,0.02221869,0.022059126
2022-01-11,NKE,0.0013724296,0.0013823269,0.001378556
2022-01-11,VZ,0.027562963,0.027860909,0.027571456
2022-01-11,WMT,0.0031970537,0.0032103734,0.0031741611
2022-01-12,AAPL,0.048460111,0.049348961,0.047882834
2022-01-12,AMGN,0.00034022702,0.00034731404,0.0003403246
2022-01-12,CRM,0.00025932161,0.00026132348,0.00025940152
2022-01-12,CSCO,0.95101853,0.93784808,0.93472649
2022-01-12,IBM,0.090457448,0.091130869,0.0900788
2022-01-12,INTC,0.34708366,0.34642068,0.3464339
2022-01-12,MSFT,0.022011444,0.021975375,0.021810289
2022-01-12,NKE,0.0013430458,0.001357112,0.0013531065
2022-01-12,VZ,0.026908588,0.027185619,0.026853575
2022-01-12,WMT,0.0031021326,0.0031236126,0.0030917495
2022-01-13,AAPL,0.047885462,0.048844912,0.047147621
2022-01-13,AMGN,0.00032989428,0.00033896945,0.00032868109
2022-01-13,CRM,0.00024726382,0.0002542537,0.00024712266
2022-01-13,CSCO,0.95337952,0.94111332,0.93811876
2022-01-13,IBM,0.090033614,0.090383794,0.089724615
2022-01-13,INTC,0.34675163,0.34463444,0.34694376
2022-01-13,MSFT,0.021804585,0.021792903,0.021536093
2022-01-13,NKE,0.0013249414,0.001335322,0.0013291214
2022-01-13,VZ,0.026532737,0.026677207,0.026296177
2022-01-13,WMT,0.0030919306,0.0030780822,0.0030563421
2022-01-14,AAPL,0.047321265,0.048159864,0.04665391
2022-01-14,AMGN,0.00031989154,0.0003258859,0.00032050218
2022-01-14,CRM,0.00024008043,0.00024501806,0.00023795363
2022-01-14,CSCO,0.95775723,0.94431529,0.94174644
2022-01-14,IBM,0.088585174,0.089007603,0.088564973
2022-01-14,INTC,0.35004381,0.34697681,0.34735341
2022-01-14,MSFT,0.021744447,0.021595933,0.021443838
2022-01-14,NKE,0.0012863185,0.0012966311,0.0012961944
2022-01-14,VZ,0.02617536,0.026363586,0.026021549
2022-01-14,WMT,0.0030405831,0.003044301,0.0030244309
2022-01-18,AAPL,0.046634375,0.047608594,0.046439612
2022-01-18,AMGN,0.00031002406,0.00031621737,0.00030935381
2022-01-18,CRM,0.00023659468,0.00024026222,0.00023563397
2022-01-18,CSCO,0.96372352,0.95131263,0.95418009
2022-01-18,IBM,0.087462906,0.088081243,0.087462114
2022-01-18,INTC,0.3526434,0.35162742,0.35221873
2022-01-18,MSFT,0.021651599,0.021729206,0.021475768
2022-01-18,NKE,0.0012531749,0.0012735511,0.0012698664
2022-01-18,VZ,0.025729436,0.02599065,0.025758758
2022-01-18,WMT,0.0029919589,0.0030025552,0.0029711517
2022-01-19,AAPL,0.045844197,0.046887684,0.045179086
2022-01-19,AMGN,0.00030244955,0.00030795212,0.00030011675
2022-01-19,CRM,0.00023022612,0.00023367967,0.00022871044
2022-01-19,CSCO,0.95604517,0.94681929,0.94217697
2022-01-19,IBM,0.086186164,0.086853124,0.085794625
2022-01-19,INTC,0.35171057,0.35075182,0.34925353
2022-01-19,MSFT,0.021461297,0.021536841,0.021236085
2022-01-19,NKE,0.0012239806,0.0012364305,0.0012315204
2022-01-19,VZ,0.025324574,0.02552334,0.025215168
2022-01-19,WMT,0.0029366868,0.0029449021,0.002918511
2022-01-20,AAPL,0.044625112,0.045611523,0.043509605
2022-01-20,AMGN,0.00029157638,0.00029834816,0.00028918229
2022-01-20,CRM,0.00021857343,0.00022268394,0.00021679266
2022-01-20,CSCO,0.94814773,0.93871984,0.93022996
2022-01-20,IBM,0.08470234,0.08509778,0.084352034
2022-01-20,INTC,0.34748492,0.34744911,0.34384502
2022-01-20,MSFT,0.021155345,0.021238954,0.020902574
2022-01-20,NKE,0.0011983428,0.001206979,0.0011960273
2022-01-20,VZ,0.024949872,0.025027786,0.024648675
2022-01-20,WMT,0.0028828953,0.0028973465,0.0028556399
2022-01-21,AAPL,0.043420994,0.04471737,0.04283775
2022-01-21,AMGN,0.00028168124,0.0002921548,0.00028155286
2022-01-21,CRM,0.00021122224,0.00021720266,0.00021083756
2022-01-21,CSCO,0.93072474,0.94011608,0.92253001
2022-01-21,IBM,0.083692897,0.084459846,0.083404792
2022-01-21,INTC,0.34303607,0.3469407,0.34216595
2022-01-21,MSFT,0.020924576,0.021240458,0.020787615
2022-01-21,NKE,0.0011757253,0.001196652,0.0011823761
2022-01-21,VZ,0.02446247,0.024736979,0.024288957
2022-01-21,WMT,0.0028258657,0.0028533481,0.0028211545
2022-01-24,AAPL,0.043487426,0.043985427,0.042885129
2022-01-24,AMGN,0.000270992,0.00027962641,0.00027116964
2022-01-24,CRM,0.00021436382,0.0002160679,0.0002122208
2022-01-24,CSCO,0.93983771,0.93801234,0.9252319
2022-01-24,IBM,0.083283401,0.084141432,0.082963159
2022-01-24,INTC,0.34510823,0.34794419,0.34240854
2022-01-24,MSFT,0.021111309,0.021147305,0.020937131
2022-01-24,NKE,0.0011645748,0.0011728358,0.0011602327
2022-01-24,VZ,0.024036808,0.024362207,0.023928579
2022-01-24,WMT,0.0027235863,0.0027802193,0.0027310662
2022-01-25,AAPL,0.042457922,0.043155061,0.042419714
2022-01-25,AMGN,0.00027267577,0.0002740842,0.00026888361
2022-01-25,CRM,0.00021645425,0.00021786817,0.00021470877
2022-01-25,CSCO,0.93305678,0.93225115,0.92499919
2022-01-25,IBM,0.08280222,0.083563929,0.082108585
2022-01-25,INTC,0.34006738,0.34304122,0.33872655
2022-01-25,MSFT,0.02099606,0.021034902,0.020891157
2022-01-25,NKE,0.0011579953,0.0011603738,0.0011549993
2022-01-25,VZ,0.023892676,0.024007419,0.023817169
2022-01-25,WMT,0.0026651315,0.0026890044,0.0026696744
2022-01-26,AAPL,0.042718615,0.043067963,0.041967865
2022-01-26,AMGN,0.00026442257,0.00026993158,0.00026316401
2022-01-26,CRM,0.00021125327,0.00021663465,0.00020909742
2022-01-26,CSCO,0.91070242,0.92491857,0.90322707
2022-01-26,IBM,0.08130901,0.082246932,0.081248604
2022-01-26,INTC,0.32806343,0.33376866,0.32903406
2022-01-26,MSFT,0.020521756,0.020749896,0.020421441
2022-01-26,NKE,0.0011461623,0.0011616636,0.0011427399
2022-01-26,VZ,0.02347018,0.023642184,0.023357237
2022-01-26,WMT,0.002656448,0.0026874551,0.0026420855
2022-01-27,AAPL,0.042002573,0.042937859,0.041695933
2022-01-27,AMGN,0.00026091883,0.0002656958,0.00025920995
2022-01-27,CRM,0.00020204599,0.00021037176,0.00019914605
2022-01-27,CSCO,0.89270975,0.90790281,0.88404286
2022-01-27,IBM,0.079902066,0.081122408,0.07956474
2022-01-27,INTC,0.32159447,0.3269551,0.31849814
2022-01-27,MSFT,0.019925683,0.020395137,0.019936065
2022-01-27,NKE,0.0011173725,0.0011475418,0.0011135695
2022-01-27,VZ,0.023325641,0.023560535,0.023179531
2022-01-27,WMT,0.0026277064,0.0026567654,0.00261035
2022-01-28,AAPL,0.041787875,0.042554647,0.038896967
2022-01-28,AMGN,0.00025972249,0.00026329948,0.00025336346
2022-01-28,CRM,0.00018995114,0.00019866645,0.00018272664
2022-01-28,CSCO,0.86449369,0.87762494,0.82630022
2022-01-28,IBM,0.078852014,0.079674326,0.076862715
2022-01-28,INTC,0.3194531,0.32387108,0.30845621
2022-01-28,MSFT,0.019583324,0.019909327,0.018943528
2022-01-28,NKE,0.0010868466,0.0011095214,0.0010503933
2022-01-28,VZ,0.023022097,0.023174722,0.022054039
2022-01-28,WMT,0.0025721975,0.0026098583,0.0025224038
2022-01-31,AAPL,0.04072745,0.042315108,0.040284457
2022-01-31,AMGN,0.00025404254,0.00026240692,0.00025379795
2022-01-31,CRM,0.00018451879,0.00019324778,0.0001818754
2022-01-31,CSCO,0.84194005,0.87000218,0.83401577
2022-01-31,IBM,0.076785974,0.078874322,0.07654393
2022-01-31,INTC,0.30941145,0.32170295,0.30804695
2022-01-31,MSFT,0.018997775,0.019651425,0.018859424
2022-01-31,NKE,0.0010580513,0.0010936283,0.0010512787
2022-01-31,VZ,0.022398144,0.023049857,0.022280073
2022-01-31,WMT,0.0025145563,0.0025828742,0.00251106
2022-02-01,AAPL,0.040656514,0.0413154,0.040355233
2022-02-01,AMGN,0.0002507572,0.00025300596,0.00024891998
2022-02-01,CRM,0.00018665166,0.00018909635,0.00018660988
2022-02-01,CSCO,0.84894463,0.84793894,0.84105669
2022-02-01,IBM,0.076237196,0.077013463,0.076392813
2022-02-01,INTC,0.30889531,0.31114631,0.30801533
2022-02-01,MSFT,0.018893921,0.018990115,0.018873465
2022-02-01,NKE,0.0010489668,0.0010602965,0.001051823
2022-02-01,VZ,0.022234843,0.02235118,0.022235299
2022-02-01,WMT,0.0025062153,0.0025185506,0.0024909643
2022-02-02,AAPL,0.03941647,0.040632151,0.03955251
2022-02-02,AMGN,0.00024081002,0.0002460356,0.00024089278
2022-02-02,CRM,0.0001818812,0.00018403118,0.00018330696
2022-02-02,CSCO,0.83591963,0.83670496,0.8312506
2022-02-02,IBM,0.075048443,0.075851747,0.074734914
2022-02-02,INTC,0.30425562,0.30562877,0.30360323
2022-02-02,MSFT,0.018323815,0.018606817,0.01825769
2022-02-02,NKE,0.001028374,0.0010402595,0.0010306044
2022-02-02,VZ,0.021574759,0.021744184,0.021589545
2022-02-02,WMT,0.0024749109,0.0024743135,0.0024621679
2022-02-03,AAPL,0.039912808,0.040179583,0.038894428
2022-02-03,AMGN,0.00023122675,0.00023628492,0.00023058257
2022-02-03,CRM,0.00018328761,0.00018262037,0.00018115469
2022-02-03,CSCO,0.8434023,0.8294657,0.825584
2022-02-03,IBM,0.074641489,0.075051569,0.074326163
2022-02-03,INTC,0.30720653,0.3059012,0.30210714
2022-02-03,MSFT,0.018052552,0.018015815,0.017739057
2022-02-03,NKE,0.0010099464,0.0010140784,0.0010045021
2022-02-03,VZ,0.021171451,0.021295341,0.021034971
2022-02-03,WMT,0.0024267198,0.0024322528,0.0024081635
2022-02-04,AAPL,0.039328421,0.04030968,0.039298261
2022-02-04,AMGN,0.00022960813,0.00023249338,0.00022911699
2022-02-04,CRM,0.00017876144,0.00018272936,0.00017868069
2022-02-04,CSCO,0.83515325,0.82939934,0.82788939
2022-02-04,IBM,0.073929755,0.074361465,0.07359673
2022-02-04,INTC,0.30871098,0.30923231,0.30782367
2022-02-04,MSFT,0.017764743,0.018019852,0.017616416
2022-02-04,NKE,0.00098546486,0.0010052988,0.00099461663
2022-02-04,VZ,0.02088825,0.021029816,0.020874218
2022-02-04,WMT,0.0024146347,0.0024106632,0.002386609
2022-02-07,AAPL,0.039199193,0.039371366,0.038457053
2022-02-07,AMGN,0.00022394857,0.00022722565,0.00022358168
2022-02-07,CRM,0.000175781,0.00017785747,0.00017472789
2022-02-07,CSCO,0.84448319,0.83036676,0.82947431
2022-02-07,IBM,0.073496547,0.073851395,0.072966417
2022-02-07,INTC,0.31243055,0.31000125,0.3093051
2022-02-07,MSFT,0.017806265,0.017715759,0.017524932
2022-02-07,NKE,0.00096352747,0.00097082393,0.00096547322
2022-02-07,VZ,0.020429589,0.020537784,0.020341422
2022-02-07,WMT,0.002376048,0.002373737,0.00234692
2022-02-08,AAPL,0.038589815,0.039605719,0.038349867
2022-02-08,AMGN,0.00021817412,0.00022298015,0.00021824647
2022-02-08,CRM,0.00017347878,0.00017649293,0.00017299856
2022-02-08,CSCO,0.84345298,0.83557413,0.83597622
2022-02-08,IBM,0.072483546,0.073317798,0.072505701
2022-02-08,INTC,0.3116057,0.31241489,0.31038542
2022-02-08,MSFT,0.017546862,0.017656631,0.017402817
2022-02-08,NKE,0.00093046649,0.00094690243,0.00094056467
2022-02-08,VZ,0.019986965,0.0201854,0.019998788
2022-02-08,WMT,0.002344173,0.0023488454,0.002326141
2022-02-09,AAPL,0.038172959,0.038806544,0.037945544
2022-02-09,AMGN,0.00020785171,0.00021292024,0.00020976228
2022-02-09,CRM,0.00017387001,0.00017450029,0.0001733235
2022-02-09,CSCO,0.84368794,0.83293774,0.83289952
2022-02-09,IBM,0.071468038,0.07218852,0.071571561
2022-02-09,INTC,0.31348947,0.3119625,0.31118072
2022-02-09,MSFT,0.017202815,0.017286172,0.017154572
2022-02-09,NKE,0.00090446945,0.00091530278,0.00091156042
2022-02-09,VZ,0.01950746,0.019680905,0.019525966
2022-02-09,WMT,0.0022666397,0.0022872649,0.0022588645
2022-02-10,AAPL,0.03797639,0.038393294,0.037373029
2022-02-10,AMGN,0.0002044543,0.00020576049,0.00020267607
2022-02-10,CRM,0.00017087852,0.00017103322,0.00017018106
2022-02-10,CSCO,0.84147871,0.82560317,0.82880016
2022-02-10,IBM,0.070543733,0.071025217,0.070240836
2022-02-10,INTC,0.31493714,0.31261155,0.31006246
2022-02-10,MSFT,0.01686553,0.016884777,0.01673867
2022-02-10,NKE,0.00088602684,0.00089247774,0.00088357354
2022-02-10,VZ,0.019010218,0.01912024,0.018957869
2022-02-10,WMT,0.0021992086,0.0022092815,0.0021792581
2022-02-11,AAPL,0.03771188,0.038293166,0.03737482
2022-02-11,AMGN,0.00020011314,0.00020292934,0.00019776718
2022-02-11,CRM,0.00016880191,0.00016908896,0.00016725588
2022-02-11,CSCO,0.84339561,0.8285896,0.83186823
2022-02-11,IBM,0.069764108,0.069973984,0.069557613
2022-02-11,INTC,0.31574626,0.31468514,0.31150863
2022-02-11,MSFT,0.016626081,0.01665497,0.016478967
2022-02-11,NKE,0.00086602065,0.00087828591,0.00086819577
2022-02-11,VZ,0.018586811,0.018692574,0.018512415
2022-02-11,WMT,0.002155541,0.0021578333,0.0021318623
2022-02-14,AAPL,0.036903124,0.037645163,0.036253889
2022-02-14,AMGN,0.00019588117,0.00019945586,0.00019308471
2022-02-14,CRM,0.00016103181,0.00016510037,0.00015962546
2022-02-14,CSCO,0.83555436,0.82850127,0.81945925
2022-02-14,IBM,0.069174473,0.069617123,0.06867854
2022-02-14,INTC,0.31389186,0.31393762,0.31034368
2022-02-14,MSFT,0.016420537,0.016546305,0.016163733
2022-02-14,NKE,0.00084315478,0.00085256832,0.00084086849
2022-02-14,VZ,0.018215233,0.018284085,0.018136516
2022-02-14,WMT,0.0021402559,0.0021333476,0.0021073748
2022-02-15,AAPL,0.036135987,0.036816473,0.035137624
2022-02-15,AMGN,0.00018951609,0.000193439,0.00018778872
2022-02-15,CRM,0.00015277099,0.00015837929,0.00015039875
2022-02-15,CSCO,0.81724313,0.81619993,0.80296112
2022-02-15,IBM,0.068573469,0.069081913,0.068010371
2022-02-15,INTC,0.31232806,0.31232458,0.3075222
2022-02-15,MSFT,0.016119282,0.016281293,0.015836038
2022-02-15,NKE,0.00081602205,0.00082856695,0.00081149228
2022-02-15,VZ,0.017765912,0.017927177,0.017582142
2022-02-15,WMT,0.0021209367,0.0021126415,0.0020894961
2022-02-16,AAPL,0.035269182,0.036163032,0.034849771
2022-02-16,AMGN,0.00018367566,0.0001872939,0.00018398077
2022-02-16,CRM,0.00014972358,0.00015350361,0.00014714886
2022-02-16,CSCO,0.80651962,0.8067545,0.79662422
2022-02-16,IBM,0.067700022,0.068314661,0.067363915
2022-02-16,INTC,0.31331407,0.31373493,0.30861307
2022-02-16,MSFT,0.015837248,0.015984394,0.015597295
2022-02-16,NKE,0.00079566071,0.00080951244,0.0007957457
2022-02-16,VZ,0.017486265,0.017666582,0.017350897
2022-02-16,WMT,0.0020707645,0.0020864262,0.0020567776
2022-02-17,AAPL,0.034586602,0.035454796,0.034334697
2022-02-17,AMGN,0.00018222542,0.00018413754,0.00018092291
2022-02-17,CRM,0.0001490112,0.00015284643,0.0001476025
2022-02-17,CSCO,0.80199009,0.80522258,0.79412646
2022-02-17,IBM,0.067160489,0.0678209,0.066812217
2022-02-17,INTC,0.31176252,0.31488649,0.31061516
2022-02-17,MSFT,0.015542368,0.015830217,0.015462088
2022-02-17,NKE,0.00078379818,0.0007988794,0.00078452118
2022-02-17,VZ,0.017261395,0.017425154,0.017240772
2022-02-17,WMT,0.00205858,0.0020617555,0.002034416
2022-02-18,AAPL,0.034522544,0.035272379,0.034035915
2022-02-18,AMGN,0.00018197587,0.00018282386,0.00018011097
2022-02-18,CRM,0.00014802922,0.0001489775,0.00014592875
2022-02-18,CSCO,0.80602419,0.8023974,0.79621981
2022-02-18,IBM,0.066213001,0.066982344,0.065993862
2022-02-18,INTC,0.31103727,0.31177083,0.31053599
2022-02-18,MSFT,0.015464198,0.015581049,0.015352667
2022-02-18,NKE,0.00076809951,0.00077923038,0.0007693447
2022-02-18,VZ,0.016885189,0.017029639,0.016898873
2022-02-18,WMT,0.0020243427,0.0020326878,0.0020137322
2022-02-22,AAPL,0.033729952,0.034727611,0.03324256
2022-02-22,AMGN,0.00017486185,0.00018000273,0.00017530463
2022-02-22,CRM,0.00014410218,0.00014616599,0.00014385382
2022-02-22,CSCO,0.8027846,0.80259679,0.79095917
2022-02-22,IBM,0.065252954,0.066016408,0.064954095
2022-02-22,INTC,0.30726398,0.30780374,0.30358406
2022-02-22,MSFT,0.015180751,0.015335805,0.015015987
2022-02-22,NKE,0.00074908106,0.00075805581,0.00074786149
2022-02-22,VZ,0.016621847,0.016712131,0.016545573
2022-02-22,WMT,0.0019942415,0.0020085637,0.0019834197
2022-02-23,AAPL,0.033538391,0.034257903,0.033135997
2022-02-23,AMGN,0.00016939011,0.00017351008,0.00016948643
2022-02-23,CRM,0.00014544281,0.00014699779,0.00014379328
2022-02-23,CSCO,0.80579804,0.80674518,0.79433714
2022-02-23,IBM,0.064880606,0.065606577,0.064513444
2022-02-23,INTC,0.3068938,0.30890343,0.30393694
2022-02-23,MSFT,0.015138304,0.015201915,0.014958026
2022-02-23,NKE,0.00073166092,0.00074255226,0.00073324083
2022-02-23,VZ,0.016311145,0.016523244,0.016288098
2022-02-23,WMT,0.0019198346,0.0019523957,0.0019197342
2022-02-24,AAPL,0.033720141,0.033929313,0.033152276
2022-02-24,AMGN,0.00016907556,0.00016942262,0.00016746116
2022-02-24,CRM,0.00015061436,0.00015028057,0.00014662361
2022-02-24,CSCO,0.81176294,0.80599933,0.79895987
2022-02-24,IBM,0.064278315,0.064740161,0.063972433
2022-02-24,INTC,0.30724304,0.30763139,0.30369793
2022-02-24,MSFT,0.015160047,0.015172298,0.014974552
2022-02-24,NKE,0.00072572965,0.00073136931,0.0007215795
2022-02-24,VZ,0.016001401,0.016108027,0.015946426
2022-02-24,WMT,0.001853513,0.0018855017,0.001860126
2022-02-25,AAPL,0.033826207,0.034237983,0.033400482
2022-02-25,AMGN,0.00016430337,0.00016686847,0.0001634991
2022-02-25,CRM,0.00014770488,0.00015048582,0.00014552333
2022-02-25,CSCO,0.80177297,0.79958928,0.78845339
2022-02-25,IBM,0.063374362,0.063780501,0.062896124
2022-02-25,INTC,0.30268005,0.30435322,0.3006943
2022-02-25,MSFT,0.014962139,0.015063561,0.014779693
2022-02-25,NKE,0.00071605197,0.00072346002,0.00071227675
2022-02-25,VZ,0.015814821,0.015831033,0.015765966
2022-02-25,WMT,0.0018401274,0.0018494465,0.0018257064
2022-02-28,AAPL,0.033397924,0.034015339,0.033037545
2022-02-28,AMGN,0.00016223362,0.0001655866,0.0001608717
2022-02-28,CRM,0.00014101466,0.00014856825,0.00013828367
2022-02-28,CSCO,0.7830206,0.79696983,0.7754632
2022-02-28,IBM,0.062055165,0.062948019,0.061704421
2022-02-28,INTC,0.29532666,0.30130581,0.29297708
2022-02-28,MSFT,0.014560183,0.014879585,0.01450186
2022-02-28,NKE,0.00070104534,0.00071970059,0.00069735639
2022-02-28,VZ,0.015652217,0.015842077,0.015566636
2022-02-28,WMT,0.0018155371,0.0018406476,0.0018034735
2022-03-01,AAPL,0.033246199,0.033662487,0.032063837
2022-03-01,AMGN,0.00015963724,0.00016322117,0.00015748787
2022-03-01,CRM,0.00013281458,0.00013934977,0.00012804447
2022-03-01,CSCO,0.76567143,0.77616378,0.74436261
2022-03-01,IBM,0.061736843,0.062371955,0.060526122
2022-03-01,INTC,0.28986016,0.29470709,0.28409301
2022-03-01,MSFT,0.014331373,0.014570308,0.013987351
2022-03-01,NKE,0.00068699758,0.00070012444,0.00067442819
2022-03-01,VZ,0.015401112,0.01556409,0.015040037
2022-03-01,WMT,0.0017902642,0.0018115713,0.0017622447
2022-03-02,AAPL,0.031883174,0.033227678,0.031609487
2022-03-02,AMGN,0.00015385231,0.0001599813,0.00015365881
2022-03-02,CRM,0.00012570026,0.00013391821,0.00012339854
2022-03-02,CSCO,0.73370859,0.762937,0.72432366
2022-03-02,IBM,0.059596509,0.061586808,0.0592955
2022-03-02,INTC,0.27791698,0.28981059,0.27687835
2022-03-02,MSFT,0.013692644,0.014231719,0.013644403
2022-03-02,NKE,0.0006658647,0.00068897356,0.0006585325
2022-03-02,VZ,0.014873442,0.0153543,0.014769967
2022-03-02,WMT,0.0017371357,0.0017857544,0.0017292848
2022-03-03,AAPL,0.0319493,0.032306677,0.03181897
2022-03-03,AMGN,0.00015239247,0.00015320139,0.00015206475
2022-03-03,CRM,0.00012787217,0.00012928124,0.00012699491
2022-03-03,CSCO,0.73714974,0.73278727,0.73254284
2022-03-03,IBM,0.059604607,0.060033959,0.059630044
2022-03-03,INTC,0.27790228,0.27877081,0.27527011
2022-03-03,MSFT,0.013631108,0.013608132,0.013593577
2022-03-03,NKE,0.00066195183,0.00066579376,0.000664432
2022-03-03,VZ,0.014681954,0.014729252,0.014688255
2022-03-03,WMT,0.0017290831,0.0017319315,0.0017251848
2022-03-04,AAPL,0.031541504,0.032147469,0.031663544
2022-03-04,AMGN,0.00014700808,0.0001489658,0.00014764396
2022-03-04,CRM,0.00012512725,0.00012566185,0.00012531054
2022-03-04,CSCO,0.72922717,0.72813646,0.72595736
2022-03-04,IBM,0.058694125,0.058984307,0.058679236
2022-03-04,INTC,0.27249713,0.27308295,0.27309149
2022-03-04,MSFT,0.013064143,0.013255922,0.01306934
2022-03-04,NKE,0.000653329,0.00065751894,0.00065254819
2022-03-04,VZ,0.014399057,0.014508041,0.014410537
2022-03-04,WMT,0.0017063216,0.0017068637,0.001699827
2022-03-07,AAPL,0.031761537,0.03196369,0.031216259
2022-03-07,AMGN,0.0001435246,0.00014476752,0.00014186852
2022-03-07,CRM,0.00011874669,0.00012197241,0.00011852812
2022-03-07,CSCO,0.71957522,0.71446985,0.70649111
2022-03-07,IBM,0.058766489,0.058797033,0.058265521
2022-03-07,INTC,0.27181921,0.2711352,0.26826961
2022-03-07,MSFT,0.012814819,0.012791476,0.012650109
2022-03-07,NKE,0.00063403481,0.00063769755,0.00062887057
2022-03-07,VZ,0.01421729,0.014248514,0.014133259
2022-03-07,WMT,0.0017045732,0.0016879393,0.0016751414
2022-03-08,AAPL,0.031516668,0.031833236,0.031281197
2022-03-08,AMGN,0.00014200611,0.00014307944,0.00014136569
2022-03-08,CRM,0.00011317184,0.00011697964,0.00011314218
2022-03-08,CSCO,0.71193096,0.70326463,0.70206076
2022-03-08,IBM,0.058849491,0.059014634,0.058226369
2022-03-08,INTC,0.27269822,0.27137574,0.26997474
2022-03-08,MSFT,0.01268207,0.012776973,0.012566468
2022-03-08,NKE,0.00061601924,0.00062379082,0.0006162698
2022-03-08,VZ,0.014015553,0.01407202,0.014013085
2022-03-08,WMT,0.0017105742,0.0016986026,0.0016833226
2022-03-09,AAPL,0.030725152,0.031285102,0.030400411
2022-03-09,AMGN,0.00013867343,0.00014060103,0.00013874033
2022-03-09,CRM,0.00010848687,0.00011252323,0.00010771126
2022-03-09,CSCO,0.7032462,0.69917328,0.69245884
2022-03-09,IBM,0.058421846,0.058874505,0.058081699
2022-03-09,INTC,0.27260997,0.27202196,0.27038078
2022-03-09,MSFT,0.012450625,0.012569261,0.012318377
2022-03-09,NKE,0.00059058884,0.00060006954,0.00059308444
2022-03-09,VZ,0.013753337,0.013897821,0.013693216
2022-03-09,WMT,0.001692315,0.0016890008,0.0016744537
2022-03-10,AAPL,0.03051921,0.030979275,0.030257032
2022-03-10,AMGN,0.00013570751,0.00013771298,0.0001353904
2022-03-10,CRM,0.00010885831,0.0001107391,0.00010751429
2022-03-10,CSCO,0.70442155,0.69692271,0.6943713
2022-03-10,IBM,0.057994494,0.058635761,0.057810536
2022-03-10,INTC,0.27607736,0.27549505,0.27381417
2022-03-10,MSFT,0.01237837,0.012413077,0.012266045
2022-03-10,NKE,0.00057445761,0.00058163801,0.00057535847
2022-03-10,VZ,0.013340772,0.013495635,0.013350117
2022-03-10,WMT,0.0016609079,0.0016661017,0.0016483933
2022-03-11,AAPL,0.030072412,0.030575647,0.030004038
2022-03-11,AMGN,0.00013145836,0.00013375533,0.00013191268
2022-03-11,CRM,0.00010792869,0.00010926081,0.00010735598
2022-03-11,CSCO,0.70334249,0.6962241,0.69581808
2022-03-11,IBM,0.057244054,0.057869974,0.057157426
2022-03-11,INTC,0.27528008,0.27490214,0.27454113
2022-03-11,MSFT,0.012160293,0.012272516,0.012102329
2022-03-11,NKE,0.00056203556,0.00056915697,0.00056508057
2022-03-11,VZ,0.012960864,0.013128169,0.01298458
2022-03-11,WMT,0.001629448,0.0016313802,0.0016158055
2022-03-14,AAPL,0.029632155,0.030138532,0.029261787
2022-03-14,AMGN,0.0001295292,0.00013060753,0.00012839106
2022-03-14,CRM,0.00010500698,0.00010666412,0.00010439161
2022-03-14,CSCO,0.6927863,0.68501684,0.68272077
2022-03-14,IBM,0.0558745,0.056614637,0.055863713
2022-03-14,INTC,0.27514295,0.27559146,0.27168791
2022-03-14,MSFT,0.011871092,0.011916507,0.011787773
2022-03-14,NKE,0.0005452446,0.00055220616,0.00054562158
2022-03-14,VZ,0.012576363,0.012717603,0.012541933
2022-03-14,WMT,0.0015878979,0.001596242,0.0015719408
2022-03-15,AAPL,0.029388351,0.029900536,0.029042645
2022-03-15,AMGN,0.00012780044,0.00012886122,0.00012674909
2022-03-15,CRM,0.00010343629,0.00010497917,0.0001024553
2022-03-15,CSCO,0.69195888,0.68354288,0.68308895
2022-03-15,IBM,0.055533895,0.056074801,0.055366868
2022-03-15,INTC,0.27620652,0.27524059,0.27258727
2022-03-15,MSFT,0.011746762,0.011772744,0.011619811
2022-03-15,NKE,0.00053113901,0.00053752766,0.00053291808
2022-03-15,VZ,0.012191837,0.012284888,0.012163351
2022-03-15,WMT,0.001553797,0.0015535303,0.0015396615
2022-03-16,AAPL,0.029311993,0.029740648,0.029050427
2022-03-16,AMGN,0.00012510919,0.00012670405,0.00012480327
2022-03-16,CRM,0.00010188793,0.00010327387,0.00010162347
2022-03-16,CSCO,0.68810399,0.67976113,0.67888543
2022-03-16,IBM,0.054957429,0.055547215,0.05476938
2022-03-16,INTC,0.2746827,0.27440301,0.27199295
2022-03-16,MSFT,0.011505208,0.011565056,0.011399302
2022-03-16,NKE,0.00052318126,0.00052745385,0.00052201501
2022-03-16,VZ,0.011902124,0.012014541,0.011853823
2022-03-16,WMT,0.001539754,0.0015338416,0.0015218192
2022-03-17,AAPL,0.028987245,0.029513819,0.02858342
2022-03-17,AMGN,0.0001219442,0.00012369072,0.00012135902
2022-03-17,CRM,9.8726711e-05,0.00010120397,9.8014578e-05
2022-03-17,CSCO,0.68582571,0.68065492,0.67392094
2022-03-17,IBM,0.054348451,0.054853723,0.054179052
2022-03-17,INTC,0.27445857,0.27481853,0.27149978
2022-03-17,MSFT,0.011298992,0.011382707,0.011139596
2022-03-17,NKE,0.00050765324,0.00051376206,0.00050929185
2022-03-17,VZ,0.011602575,0.01173031,0.011552998
2022-03-17,WMT,0.0015157248,0.0015211066,0.001500433
2022-03-18,AAPL,0.029030526,0.029486201,0.028741001
2022-03-18,AMGN,0.00011866301,0.00012049399,0.00011884271
2022-03-18,CRM,9.9273178e-05,0.00010023086,9.8004241e-05
2022-03-18,CSCO,0.68938114,0.6811706,0.68036663
2022-03-18,IBM,0.053784194,0.054314534,0.053625992
2022-03-18,INTC,0.27654615,0.27571604,0.27449106
2022-03-18,MSFT,0.011178318,0.011203735,0.011093829
2022-03-18,NKE,0.00049668149,0.00050252086,0.00049758762
2022-03-18,VZ,0.011340807,0.011445715,0.011295475
2022-03-18,WMT,0.0014911202,0.001491785,0.0014764127
2022-03-21,AAPL,0.028929652,0.02931516,0.028580561
2022-03-21,AMGN,0.00011563042,0.00011705965,0.00011519473
2022-03-21,CRM,9.5843936e-05,9.796213e-05,9.6091104e-05
2022-03-21,CSCO,0.68514226,0.67599258,0.67426286
2022-03-21,IBM,0.052681053,0.053365342,0.052533007
2022-03-21,INTC,0.27880365,0.27794785,0.27471705
2022-03-21,MSFT,0.0110204,0.011057277,0.010896068
2022-03-21,NKE,0.00047950604,0.00048655051,0.00048214021
2022-03-21,VZ,0.01104764,0.011128052,0.011064001
2022-03-21,WMT,0.0014534687,0.0014622364,0.0014444142
2022-03-22,AAPL,0.028443845,0.02915136,0.02844395
2022-03-22,AMGN,0.00011341393,0.00011584484,0.00011318311
2022-03-22,CRM,9.5806086e-05,9.7271762e-05,9.5093457e-05
2022-03-22,CSCO,0.69023867,0.68522872,0.6846253
2022-03-22,IBM,0.052395807,0.052985061,0.052310655
2022-03-22,INTC,0.27929559,0.28100164,0.27962198
2022-03-22,MSFT,0.010914271,0.011010718,0.010830296
2022-03-22,NKE,0.00046732525,0.00047472052,0.0004731377
2022-03-22,VZ,0.010786792,0.010904241,0.010846295
2022-03-22,WMT,0.001442019,0.0014389456,0.0014326499
2022-03-23,AAPL,0.028110357,0.028389098,0.027387699
2022-03-23,AMGN,0.00010824119,0.00011102666,0.00010834128
2022-03-23,CRM,9.4418762e-05,9.4786369e-05,9.2956773e-05
2022-03-23,CSCO,0.68645033,0.67681229,0.67410993
2022-03-23,IBM,0.051915948,0.052243023,0.051634939
2022-03-23,INTC,0.2803879,0.27862499,0.27607927
2022-03-23,MSFT,0.010762906,0.010799441,0.010576713
2022-03-23,NKE,0.00045574452,0.00045792871,0.00045486054
2022-03-23,VZ,0.010422474,0.010502381,0.010419043
2022-03-23,WMT,0.0013908674,0.0014065304,0.0013877354
2022-03-24,AAPL,0.028146345,0.028695277,0.027806096
2022-03-24,AMGN,0.00010431903,0.0001077025,0.00010382067
2022-03-24,CRM,9.2976393e-05,9.423902e-05,9.2442006e-05
2022-03-24,CSCO,0.69384714,0.68617704,0.68331293
2022-03-24,IBM,0.05185585,0.05241245,0.051609556
2022-03-24,INTC,0.28228412,0.2822598,0.27961939
2022-03-24,MSFT,0.010668196,0.010738233,0.010498024
2022-03-24,NKE,0.00044236854,0.0004492806,0.00044553419
2022-03-24,VZ,0.010243534,0.010338797,0.010202661
2022-03-24,WMT,0.0013615366,0.0013675751,0.0013494894
2022-03-25,AAPL,0.028134469,0.028318896,0.027775528
2022-03-25,AMGN,0.00010271121,0.00010464471,0.00010165627
2022-03-25,CRM,9.29287e-05,9.3782767e-05,9.0922553e-05
2022-03-25,CSCO,0.69247252,0.68341048,0.68320076
2022-03-25,IBM,0.051506949,0.051666874,0.051199551
2022-03-25,INTC,0.2831106,0.2821106,0.279507
2022-03-25,MSFT,0.010634279,0.010655909,0.010467679
2022-03-25,NKE,0.00043372801,0.00043939156,0.00043320406
2022-03-25,VZ,0.010034088,0.010115441,0.0099894069
2022-03-25,WMT,0.0013403205,0.0013418258,0.0013306164
2022-03-28,AAPL,0.028156264,0.028538984,0.027442063
2022-03-28,AMGN,0.00010049519,0.00010241356,9.931706e-05
2022-03-28,CRM,8.8920721e-05,9.1537205e-05,8.7445542e-05
2022-03-28,CSCO,0.68230774,0.67454778,0.6663702
2022-03-28,IBM,0.050983617,0.051194265,0.050413934
2022-03-28,INTC,0.28400446,0.28237592,0.27888559
2022-03-28,MSFT,0.010626543,0.01063234,0.010449602
2022-03-28,NKE,0.00042011545,0.00042453812,0.00041612384
2022-03-28,VZ,0.0098837449,0.0098885651,0.0097900459
2022-03-28,WMT,0.001323801,0.0013258155,0.0013049897
2022-03-29,AAPL,0.027471716,0.028119992,0.02731221
2022-03-29,AMGN,9.8356789e-05,0.00010104518,9.7796338e-05
2022-03-29,CRM,8.3600865e-05,8.8801423e-05,8.2196601e-05
2022-03-29,CSCO,0.66865627,0.67569411,0.66260552
2022-03-29,IBM,0.049855165,0.050575475,0.049535445
2022-03-29,INTC,0.27989391,0.2845141,0.27843382
2022-03-29,MSFT,0.01046366,0.010663269,0.010399016
2022-03-29,NKE,0.0004085528,0.00042032838,0.00040898738
2022-03-29,VZ,0.0097702087,0.009871908,0.0097269401
2022-03-29,WMT,0.0013154486,0.0013276071,0.0013048113
2022-03-30,AAPL,0.027351438,0.027539878,0.026655579
2022-03-30,AMGN,9.6668405e-05,9.886698e-05,9.585727e-05
2022-03-30,CRM,7.9475517e-05,8.2838837e-05,7.6782489e-05
2022-03-30,CSCO,0.65838859,0.6618003,0.6451053
2022-03-30,IBM,0.049555084,0.050351181,0.048720504
2022-03-30,INTC,0.27588956,0.27849131,0.2720009
2022-03-30,MSFT,0.010327346,0.010501878,0.010114945
2022-03-30,NKE,0.00039757947,0.00040513625,0.00039397637
2022-03-30,VZ,0.0096085766,0.0097245996,0.0094958558
2022-03-30,WMT,0.0012961566,0.0013089273,0.0012782867
2022-03-31,AAPL,0.025946336,0.027033523,0.025874398
2022-03-31,AMGN,9.3148271e-05,9.6760059e-05,9.3064524e-05
2022-03-31,CRM,7.4435111e-05,7.9517787e-05,7.3441033e-05
2022-03-31,CSCO,0.62692205,0.65093095,0.62027868
2022-03-31,IBM,0.047810314,0.049435154,0.047657238
2022-03-31,INTC,0.26362625,0.27462198,0.26316852
2022-03-31,MSFT,0.0098315174,0.010213255,0.0098297776
2022-03-31,NKE,0.00038186009,0.00039563756,0.00037969747
2022-03-31,VZ,0.0092493908,0.0095445064,0.0091892047
2022-03-31,WMT,0.0012535254,0.0012873178,0.0012458888
2022-04-01,AAPL,0.026273484,0.026410583,0.025943479
2022-04-01,AMGN,9.3041023e-05,9.3291188e-05,9.2085741e-05
2022-04-01,CRM,7.6793765e-05,7.6840261e-05,7.5416447e-05
2022-04-01,CSCO,0.63998577,0.6354365,0.63220663
2022-04-01,IBM,0.048255036,0.048565088,0.047987271
2022-04-01,INTC,0.26790483,0.26730035,0.26461316
2022-04-01,MSFT,0.009946251,0.0098892041,0.0098491143
2022-04-01,NKE,0.00038035142,0.00038201477,0.00038058139
2022-04-01,VZ,0.009232664,0.0092290996,0.009171081
2022-04-01,WMT,0.001245533,0.0012500311,0.0012396192
2022-04-04,AAPL,0.025729791,0.026454164,0.025851444
2022-04-04,AMGN,8.971336e-05,9.1659179e-05,9.0093074e-05
2022-04-04,CRM,7.3005992e-05,7.4884707e-05,7.3934592e-05
2022-04-04,CSCO,0.63003994,0.6315963,0.62851934
2022-04-04,IBM,0.047409583,0.047934407,0.04735566
2022-04-04,INTC,0.26290944,0.26460989,0.26406847
2022-04-04,MSFT,0.0095319795,0.0097316866,0.0095503046
2022-04-04,NKE,0.00036964487,0.00037629257,0.00037143924
2022-04-04,VZ,0.0091302277,0.0091531572,0.0091251894
2022-04-04,WMT,0.0012459644,0.0012424539,0.0012310915
2022-04-05,AAPL,0.025723938,0.026053931,0.025368961
2022-04-05,AMGN,8.6281508e-05,8.826479e-05,8.6114198e-05
2022-04-05,CRM,7.060742e-05,7.2046998e-05,7.0597622e-05
2022-04-05,CSCO,0.63489905,0.63065417,0.62456017
2022-04-05,IBM,0.047536368,0.047756233,0.047114689
2022-04-05,INTC,0.26534444,0.26407309,0.2626386
2022-04-05,MSFT,0.00943751,0.0094621933,0.0093169514
2022-04-05,NKE,0.00035615177,0.00036105814,0.00035551639
2022-04-05,VZ,0.0090329405,0.0090295055,0.0089804148
2022-04-05,WMT,0.0012351275,0.0012281429,0.0012205949
2022-04-06,AAPL,0.025427021,0.025777987,0.025014544
2022-04-06,AMGN,8.4479307e-05,8.5854806e-05,8.41408e-05
2022-04-06,CRM,6.8231471e-05,6.9864247e-05,6.7900429e-05
2022-04-06,CSCO,0.63241841,0.62462616,0.6216196
2022-04-06,IBM,0.047396086,0.047704776,0.046938205
2022-04-06,INTC,0.26738998,0.26514036,0.26340336
2022-04-06,MSFT,0.0093259501,0.009450973,0.0092351526
2022-04-06,NKE,0.00034409373,0.00034941547,0.00034364908
2022-04-06,VZ,0.0088683961,0.0089088402,0.0088392561
2022-04-06,WMT,0.001219823,0.0012190598,0.0012022734
2022-04-07,AAPL,0.024925469,0.025399251,0.024538735
2022-04-07,AMGN,8.27479e-05,8.3997896e-05,8.2601923e-05
2022-04-07,CRM,6.642296e-05,6.7829832e-05,6.5992287e-05
2022-04-07,CSCO,0.62828852,0.62272155,0.61716732
2022-04-07,IBM,0.04697077,0.047404238,0.046636707
2022-04-07,INTC,0.26576241,0.2650157,0.26177442
2022-04-07,MSFT,0.0090961891,0.0091705115,0.0089676752
2022-04-07,NKE,0.00033514624,0.00033926443,0.00033503134
2022-04-07,VZ,0.0087478152,0.0087993702,0.0086689049
2022-04-07,WMT,0.001204312,0.0012058022,0.0011843171
2022-04-08,AAPL,0.02494365,0.025184728,0.024571506
2022-04-08,AMGN,8.2419715e-05,8.287527e-05,8.1755649e-05
2022-04-08,CRM,6.7382494e-05,6.7788198e-05,6.6722904e-05
2022-04-08,CSCO,0.63638487,0.62786129,0.62625963
2022-04-08,IBM,0.046918813,0.047278637,0.046590662
2022-04-08,INTC,0.27076478,0.26933372,0.26772486
2022-04-08,MSFT,0.0090352111,0.0090773282,0.0089323445
2022-04-08,NKE,0.00032905091,0.00033233737,0.00033100138
2022-04-08,VZ,0.0086005957,0.0086361439,0.0085966822
2022-04-08,WMT,0.0011833376,0.0011865973,0.0011714454
2022-04-11,AAPL,0.02436231,0.025084301,0.024422169
2022-04-11,AMGN,8.037107e-05,8.1603223e-05,8.0484021e-05
2022-04-11,CRM,6.6213941e-05,6.7190218e-05,6.6457923e-05
2022-04-11,CSCO,0.63223207,0.62844438,0.62692601
2022-04-11,IBM,0.046112053,0.046795224,0.045935556
2022-04-11,INTC,0.26824281,0.26931158,0.26756288
2022-04-11,MSFT,0.0088613494,0.0089783133,0.0087950061
2022-04-11,NKE,0.00031980577,0.00032614355,0.00032235641
2022-04-11,VZ,0.0084344946,0.0085186031,0.0084595378
2022-04-11,WMT,0.0011641621,0.001169251,0.0011510833
2022-04-12,AAPL,0.024412233,0.024660345,0.024028434
2022-04-12,AMGN,7.8724083e-05,7.9646105e-05,7.8501399e-05
2022-04-12,CRM,6.5759206e-05,6.5933979e-05,6.518563e-05
2022-04-12,CSCO,0.63876194,0.63125993,0.62526782
2022-04-12,IBM,0.045233835,0.045829225,0.045085509
2022-04-12,INTC,0.26771121,0.26677292,0.26453571
2022-04-12,MSFT,0.0086555239,0.0086992503,0.0085779471
2022-04-12,NKE,0.00031165208,0.00031482005,0.00031163068
2022-04-12,VZ,0.0082214887,0.0082831189,0.0081812644
2022-04-12,WMT,0.0011362186,0.0011438024,0.001123243
2022-04-13,AAPL,0.024065271,0.024621082,0.024009685
2022-04-13,AMGN,7.786266e-05,7.8894182e-05,7.7383344e-05
2022-04-13,CRM,6.6167475e-05,6.6427496e-05,6.6074813e-05
2022-04-13,CSCO,0.6404809,0.634104,0.63289872
2022-04-13,IBM,0.044851979,0.045326425,0.044563925
2022-04-13,INTC,0.26830879,0.26760129,0.26611679
2022-04-13,MSFT,0.0085307972,0.0086349329,0.0084626366
2022-04-13,NKE,0.00030495369,0.00030859618,0.00030561369
2022-04-13,VZ,0.0080473377,0.0081026548,0.0080542591
2022-04-13,WMT,0.0011101258,0.0011142374,0.0011004902
2022-04-14,AAPL,0.024038527,0.024136047,0.023349193
2022-04-14,AMGN,7.6060133e-05,7.7048353e-05,7.5429228e-05
2022-04-14,CRM,6.5848821e-05,6.5563916e-05,6.4779506e-05
2022-04-14,CSCO,0.63467113,0.62650506,0.61959542
2022-04-14,IBM,0.044180914,0.044612458,0.043862419
2022-04-14,INTC,0.26796179,0.26768813,0.26198843
2022-04-14,MSFT,0.008336114,0.0083969479,0.0081713873
2022-04-14,NKE,0.00029850881,0.00030063149,0.0002952407
2022-04-14,VZ,0.0078207437,0.0078909994,0.0077469312
2022-04-14,WMT,0.001088953,0.0010930119,0.0010728878
2022-04-18,AAPL,0.023926318,0.024401179,0.023713608
2022-04-18,AMGN,7.5279396e-05,7.5944056e-05,7.4725171e-05
2022-04-18,CRM,6.6298162e-05,6.6232627e-05,6.5859332e-05
2022-04-18,CSCO,0.63933911,0.63420271,0.63071053
2022-04-18,IBM,0.043656303,0.044093755,0.043632436
2022-04-18,INTC,0.26838992,0.26922255,0.2660419
2022-04-18,MSFT,0.008178334,0.0082682853,0.0080642561
2022-04-18,NKE,0.00029146846,0.00029679234,0.00029223815
2022-04-18,VZ,0.0076533378,0.0077575654,0.0076364694
2022-04-18,WMT,0.0010681882,0.0010766424,0.0010577196
2022-04-19,AAPL,0.023854063,0.024239877,0.02352405
2022-04-19,AMGN,7.4051677e-05,7.4657484e-05,7.36502e-05
2022-04-19,CRM,6.5106303e-05,6.547234e-05,6.4904595e-05
2022-04-19,CSCO,0.6390481,0.63274893,0.62945923
2022-04-19,IBM,0.043137551,0.043391997,0.042762146
2022-04-19,INTC,0.2696563,0.26913815,0.26729988
2022-04-19,MSFT,0.0080924476,0.0081556419,0.0079943145
2022-04-19,NKE,0.00028294475,0.00028745798,0.00028391151
2022-04-19,VZ,0.0074948015,0.0075683548,0.0074470573
2022-04-19,WMT,0.0010518741,0.0010512736,0.0010377548
2022-04-20,AAPL,0.023726293,0.024196171,0.023377358
2022-04-20,AMGN,7.287623e-05,7.3646292e-05,7.2219692e-05
2022-04-20,CRM,6.1826806e-05,6.3494033e-05,6.1771797e-05
2022-04-20,CSCO,0.63765703,0.63417446,0.62526843
2022-04-20,IBM,0.042697318,0.043114294,0.042296693
2022-04-20,INTC,0.27290352,0.27189112,0.26825837
2022-04-20,MSFT,0.0080089838,0.0080706899,0.0078772456
2022-04-20,NKE,0.00027463488,0.00027893037,0.00027536277
2022-04-20,VZ,0.0073323847,0.0073810548,0.0073181886
2022-04-20,WMT,0.0010388692,0.0010391483,0.0010247078
2022-04-21,AAPL,0.023538547,0.024070081,0.023314895
2022-04-21,AMGN,7.1080255e-05,7.2319595e-05,7.1018742e-05
2022-04-21,CRM,6.1128413e-05,6.209116e-05,6.0296029e-05
2022-04-21,CSCO,0.64429855,0.64124119,0.63412666
2022-04-21,IBM,0.042268291,0.04273791,0.042248189
2022-04-21,INTC,0.27606312,0.27556539,0.27453204
2022-04-21,MSFT,0.0080117187,0.0080520848,0.0078976421
2022-04-21,NKE,0.00026734101,0.00027146318,0.00027035498
2022-04-21,VZ,0.0071825036,0.0072501716,0.0071888927
2022-04-21,WMT,0.0010186562,0.0010249554,0.0010125772
2022-04-22,AAPL,0.023150398,0.023693378,0.022769474
2022-04-22,AMGN,6.872142e-05,7.0240596e-05,6.8433959e-05
2022-04-22,CRM,6.1080693e-05,6.1646435e-05,5.9877779e-05
2022-04-22,CSCO,0.64257665,0.64172887,0.63403961
2022-04-22,IBM,0.041706725,0.042333469,0.041643513
2022-04-22,INTC,0.27525043,0.27717403,0.27403506
2022-04-22,MSFT,0.0079775851,0.0081116935,0.0078537227
2022-04-22,NKE,0.00026218695,0.00026604855,0.00026233704
2022-04-22,VZ,0.0069494762,0.0070694347,0.0069287151
2022-04-22,WMT,0.00098803684,0.0010029396,0.00098452137
2022-04-25,AAPL,0.02316829,0.023486477,0.0227134
2022-04-25,AMGN,6.6242778e-05,6.8407957e-05,6.5838677e-05
2022-04-25,CRM,6.0647969e-05,6.1260962e-05,5.9486014e-05
2022-04-25,CSCO,0.64663272,0.64558773,0.63172194
2022-04-25,IBM,0.041627727,0.042099905,0.041305425
2022-04-25,INTC,0.27562711,0.27690312,0.27155715
2022-04-25,MSFT,0.0080464819,0.0080768554,0.0078877236
2022-04-25,NKE,0.00026084044,0.00026292968,0.00025907162
2022-04-25,VZ,0.0067781347,0.0068824271,0.0067568003
2022-04-25,WMT,0.00094578836,0.00096585976,0.00094214404
2022-04-26,AAPL,0.023217301,0.023331132,0.022910981
2022-04-26,AMGN,6.6255158e-05,6.6923624e-05,6.5354361e-05
2022-04-26,CRM,6.1422531e-05,6.1628078e-05,6.0077992e-05
2022-04-26,CSCO,0.64127886,0.64215257,0.63377607
2022-04-26,IBM,0.040896753,0.041399993,0.040763936
2022-04-26,INTC,0.27178383,0.27370322,0.2687553
2022-04-26,MSFT,0.0079764815,0.0079982592,0.0079038877
2022-04-26,NKE,0.00025860824,0.00026123319,0.00025671229
2022-04-26,VZ,0.0066397342,0.00674733,0.0066279936
2022-04-26,WMT,0.00091581756,0.00093054731,0.00091521531
2022-04-27,AAPL,0.023323803,0.023607308,0.023164243
2022-04-27,AMGN,6.5625867e-05,6.6612921e-05,6.495787e-05
2022-04-27,CRM,6.0474529e-05,6.211498e-05,5.9783757e-05
2022-04-27,CSCO,0.63005956,0.63650901,0.62484489
2022-04-27,IBM,0.040378063,0.040754821,0.040135254
2022-04-27,INTC,0.265463,0.26964941,0.26565275
2022-04-27,MSFT,0.0078394682,0.0079017467,0.0077490531
2022-04-27,NKE,0.00025647147,0.00025986595,0.0002571044
2022-04-27,VZ,0.0065365833,0.006585001,0.0065220769
2022-04-27,WMT,0.0009163706,0.00092566397,0.00091107318
2022-04-28,AAPL,0.022885272,0.023194473,0.022691414
2022-04-28,AMGN,6.4583915e-05,6.5826026e-05,6.4039715e-05
2022-04-28,CRM,5.8076311e-05,6.0358666e-05,5.7270768e-05
2022-04-28,CSCO,0.61881065,0.62839982,0.61322652
2022-04-28,IBM,0.039497678,0.04023258,0.039325411
2022-04-28,INTC,0.2581146,0.26220361,0.25623505
2022-04-28,MSFT,0.0075684194,0.0077481049,0.0075891851
2022-04-28,NKE,0.0002500107,0.00025635002,0.00024972997
2022-04-28,VZ,0.0064530528,0.0065380126,0.0064490926
2022-04-28,WMT,0.0009071605,0.000915665,0.00090044034
2022-04-29,AAPL,0.022440852,0.02287414,0.020722059
2022-04-29,AMGN,6.3878441e-05,6.4800202e-05,6.2063421e-05
2022-04-29,CRM,5.4431407e-05,5.6738131e-05,5.224491e-05
2022-04-29,CSCO,0.59719372,0.60789416,0.56859408
2022-04-29,IBM,0.038758832,0.039256423,0.037796768
2022-04-29,INTC,0.25373791,0.25820728,0.24543685
2022-04-29,MSFT,0.0074101226,0.0075525116,0.0071377744
2022-04-29,NKE,0.00024457466,0.00025021364,0.00023506279
2022-04-29,VZ,0.0063001422,0.0063691121,0.0060222306
2022-04-29,WMT,0.00088329013,0.00089663982,0.00086558886
2022-05-02,AAPL,0.021789848,0.022808241,0.021552948
2022-05-02,AMGN,6.27238e-05,6.4807406e-05,6.2637853e-05
2022-05-02,CRM,5.2388526e-05,5.5309868e-05,5.1722601e-05
2022-05-02,CSCO,0.57659618,0.59654793,0.57082208
2022-05-02,IBM,0.037600755,0.03874689,0.037475357
2022-05-02,INTC,0.24505279,0.25472323,0.243268
2022-05-02,MSFT,0.0071335076,0.0074196733,0.0070773838
2022-05-02,NKE,0.000237732,0.00024606511,0.0002353524
2022-05-02,VZ,0.0061449568,0.0063430711,0.0060991685
2022-05-02,WMT,0.00086280243,0.00088642976,0.00086072164
2022-05-03,AAPL,0.021861844,0.022101747,0.021710721
2022-05-03,AMGN,6.251169e-05,6.24731e-05,6.197814e-05
2022-05-03,CRM,5.3702439e-05,5.3757463e-05,5.3204457e-05
2022-05-03,CSCO,0.58430746,0.58208502,0.57856174
2022-05-03,IBM,0.037594984,0.037832759,0.037498886
2022-05-03,INTC,0.24674194,0.24748761,0.24458437
2022-05-03,MSFT,0.0071204303,0.0071504107,0.0070998073
2022-05-03,NKE,0.00023737724,0.00023931118,0.00023712997
2022-05-03,VZ,0.0061203171,0.0061324263,0.0060719921
2022-05-03,WMT,0.00085882742,0.00086121687,0.0008537467
2022-05-04,AAPL,0.021048486,0.021690539,0.020962016
2022-05-04,AMGN,6.1224317e-05,6.2180005e-05,6.1124802e-05
2022-05-04,CRM,5.0537811e-05,5.1705543e-05,5.1127991e-05
2022-05-04,CSCO,0.56939291,0.57180933,0.56618186
2022-05-04,IBM,0.036710686,0.03718673,0.036680503
2022-05-04,INTC,0.24053432,0.24278568,0.24025415
2022-05-04,MSFT,0.0068418548,0.0070122959,0.0068278601
2022-05-04,NKE,0.00023024271,0.00023344216,0.00023166658
2022-05-04,VZ,0.0060219493,0.0060446319,0.0059992879
2022-05-04,WMT,0.00085348845,0.00085129211,0.00084528175
2022-05-05,AAPL,0.020831972,0.021266491,0.020487763
2022-05-05,AMGN,5.9119606e-05,6.0394306e-05,5.9036719e-05
2022-05-05,CRM,4.8487151e-05,4.9745102e-05,4.858087e-05
2022-05-05,CSCO,0.56129337,0.56124064,0.55175846
2022-05-05,IBM,0.036561899,0.036729802,0.036225916
2022-05-05,INTC,0.24029886,0.23973853,0.23650709
2022-05-05,MSFT,0.0066808839,0.0067360059,0.0065820195
2022-05-05,NKE,0.00022390672,0.00022678478,0.00022210266
2022-05-05,VZ,0.0059759356,0.0059775641,0.0059149599
2022-05-05,WMT,0.00084562226,0.00084142253,0.00083380739
2022-05-06,AAPL,0.020486757,0.020943301,0.020440873
2022-05-06,AMGN,5.8059901e-05,5.8806631e-05,5.8245834e-05
2022-05-06,CRM,4.7480856e-05,4.8203703e-05,4.7180766e-05
2022-05-06,CSCO,0.55412201,0.55143791,0.54906116
2022-05-06,IBM,0.036243066,0.036600062,0.036015693
2022-05-06,INTC,0.24078539,0.24093296,0.23889025
2022-05-06,MSFT,0.006536948,0.0066460014,0.0065041515
2022-05-06,NKE,0.00021867673,0.00022161377,0.00021902127
2022-05-06,VZ,0.0058855258,0.0059241235,0.0058631217
2022-05-06,WMT,0.00084247249,0.00084082683,0.00083208712
2022-05-09,AAPL,0.020251804,0.020667544,0.020045168
2022-05-09,AMGN,5.6699315e-05,5.7575008e-05,5.7048063e-05
2022-05-09,CRM,4.7617395e-05,4.7943603e-05,4.7315497e-05
2022-05-09,CSCO,0.55648707,0.55179012,0.54822761
2022-05-09,IBM,0.035794444,0.036209417,0.035633887
2022-05-09,INTC,0.24096962,0.24102294,0.23932157
2022-05-09,MSFT,0.0064470333,0.0065038435,0.0063808127
2022-05-09,NKE,0.00021459239,0.00021698482,0.00021536122
2022-05-09,VZ,0.0058437805,0.0058706942,0.0058174603
2022-05-09,WMT,0.0008299722,0.00083276796,0.00081985203
2022-05-10,AAPL,0.019849931,0.020337667,0.019747907
2022-05-10,AMGN,5.5614844e-05,5.5978324e-05,5.5515735e-05
2022-05-10,CRM,4.6581278e-05,4.725477e-05,4.6201125e-05
2022-05-10,CSCO,0.55245638,0.54713305,0.54451164
2022-05-10,IBM,0.035209691,0.035698112,0.035121983
2022-05-10,INTC,0.24029689,0.24050193,0.23921497
2022-05-10,MSFT,0.0062817326,0.0063487441,0.0062518482
2022-05-10,NKE,0.00020781363,0.00021031286,0.0002091686
2022-05-10,VZ,0.0057318772,0.0057756687,0.0057106192
2022-05-10,WMT,0.00081426996,0.00081867736,0.00080816906
2022-05-11,AAPL,0.019772032,0.020218618,0.019622173
2022-05-11,AMGN,5.3498411e-05,5.4404584e-05,5.3941864e-05
2022-05-11,CRM,4.6266586e-05,4.6688371e-05,4.6130645e-05
2022-05-11,CSCO,0.55241216,0.54501935,0.545393
2022-05-11,IBM,0.034663231,0.035152117,0.034713271
2022-05-11,INTC,0.23965852,0.23961427,0.23837478
2022-05-11,MSFT,0.0061702703,0.0062249226,0.0061584426
2022-05-11,NKE,0.00020099867,0.0002040912,0.00020228251
2022-05-11,VZ,0.0056128976,0.0056701741,0.0056211712
2022-05-11,WMT,0.00079109985,0.00080125363,0.00078628975
2022-05-12,AAPL,0.019643271,0.01993634,0.019399536
2022-05-12,AMGN,5.2102812e-05,5.2856298e-05,5.2018154e-05
2022-05-12,CRM,4.562163e-05,4.6188547e-05,4.5359812e-05
2022-05-12,CSCO,0.54825359,0.53921271,0.53980294
2022-05-12,IBM,0.033962458,0.034244604,0.033932124
2022-05-12,INTC,0.23789373,0.23759047,0.23624761
2022-05-12,MSFT,0.0059952144,0.006051944,0.0059795435
2022-05-12,NKE,0.00019625776,0.00019845628,0.00019680908
2022-05-12,VZ,0.0054776014,0.0055230841,0.0054669937
2022-05-12,WMT,0.00077050318,0.00077565144,0.00076347
2022-05-13,AAPL,0.019561128,0.019769476,0.019278362
2022-05-13,AMGN,5.0584076e-05,5.1532019e-05,5.0238616e-05
2022-05-13,CRM,4.4575135e-05,4.4820365e-05,4.4113459e-05
2022-05-13,CSCO,0.54478502,0.53730025,0.53405237
2022-05-13,IBM,0.033679474,0.033786483,0.03346678
2022-05-13,INTC,0.23895149,0.23784638,0.23506166
2022-05-13,MSFT,0.0058789147,0.0059103612,0.0057879737
2022-05-13,NKE,0.0001912352,0.00019253589,0.00019109218
2022-05-13,VZ,0.0053156895,0.0053532091,0.0052894416
2022-05-13,WMT,0.00074350072,0.00074720749,0.0007359972
2022-05-16,AAPL,0.019512929,0.019740766,0.019177666
2022-05-16,AMGN,4.9940339e-05,5.0819792e-05,4.9139456e-05
2022-05-16,CRM,4.3849797e-05,4.4196253e-05,4.3001174e-05
2022-05-16,CSCO,0.54409734,0.53862812,0.5355269
2022-05-16,IBM,0.033418446,0.033614222,0.033248014
2022-05-16,INTC,0.23954583,0.23933686,0.23616379
2022-05-16,MSFT,0.0057803627,0.0058244633,0.0056815537
2022-05-16,NKE,0.00018728384,0.00018867498,0.00018703499
2022-05-16,VZ,0.0051883544,0.0052101256,0.0051538972
2022-05-16,WMT,0.00073620082,0.0007352666,0.00072700846
2022-05-17,AAPL,0.019356445,0.019655557,0.019086785
2022-05-17,AMGN,4.8380713e-05,4.9451177e-05,4.8195605e-05
2022-05-17,CRM,4.3083928e-05,4.365856e-05,4.2562524e-05
2022-05-17,CSCO,0.54059681,0.53599814,0.53279858
2022-05-17,IBM,0.033041524,0.033276406,0.032925777
2022-05-17,INTC,0.23913499,0.23914497,0.236547
2022-05-17,MSFT,0.0056784998,0.0057362893,0.0056014953
2022-05-17,NKE,0.0001837035,0.00018549744,0.00018353172
2022-05-17,VZ,0.0050832687,0.0051343207,0.0050622344
2022-05-17,WMT,0.00073003708,0.00073118862,0.00071866889
2022-05-18,AAPL,0.019087271,0.019533605,0.018901263
2022-05-18,AMGN,4.7015649e-05,4.792105e-05,4.6994464e-05
2022-05-18,CRM,4.1498345e-05,4.2335029e-05,4.1124796e-05
2022-05-18,CSCO,0.53487937,0.53038621,0.52716495
2022-05-18,IBM,0.032409969,0.032838006,0.032246838
2022-05-18,INTC,0.23829221,0.23902337,0.23608017
2022-05-18,MSFT,0.0055851176,0.0056768539,0.0055252494
2022-05-18,NKE,0.00017609769,0.00017948091,0.00017667415
2022-05-18,VZ,0.0049931616,0.0050399807,0.0049548689
2022-05-18,WMT,0.00071716948,0.00071969136,0.00070823723
2022-05-19,AAPL,0.018990587,0.019333733,0.018722684
2022-05-19,AMGN,4.5470329e-05,4.6703923e-05,4.5440202e-05
2022-05-19,CRM,4.0027527e-05,4.1077496e-05,3.9673332e-05
2022-05-19,CSCO,0.53374151,0.53358559,0.52540746
2022-05-19,IBM,0.031993731,0.03243195,0.031865462
2022-05-19,INTC,0.24111986,0.24096475,0.23880666
2022-05-19,MSFT,0.0055105341,0.0055720364,0.0054528222
2022-05-19,NKE,0.000168863,0.00017289877,0.00017018166
2022-05-19,VZ,0.0048943395,0.0049406316,0.004867927
2022-05-19,WMT,0.00070498835,0.00070851295,0.00069787351
2022-05-20,AAPL,0.018768156,0.019060384,0.01852576
2022-05-20,AMGN,4.4737464e-05,4.5330715e-05,4.4430447e-05
2022-05-20,CRM,3.9464539e-05,3.9895531e-05,3.8953842e-05
2022-05-20,CSCO,0.53098672,0.52728898,0.52243158
2022-05-20,IBM,0.031819952,0.032051222,0.031574909
2022-05-20,INTC,0.2419115,0.24251909,0.23933326
2022-05-20,MSFT,0.0054653314,0.0055028413,0.0054022465
2022-05-20,NKE,0.0001647829,0.000166408,0.00016520176
2022-05-20,VZ,0.0047977522,0.0048280894,0.0047966263
2022-05-20,WMT,0.00068808223,0.00069128066,0.00068246711
2022-05-23,AAPL,0.018574728,0.018978105,0.018327536
2022-05-23,AMGN,4.3053727e-05,4.4176897e-05,4.334748e-05
2022-05-23,CRM,3.9855963e-05,3.9895812e-05,3.9069853e-05
2022-05-23,CSCO,0.52875295,0.5266722,0.52272578
2022-05-23,IBM,0.03170264,0.031994946,0.031525977
2022-05-23,INTC,0.23950977,0.2403981,0.23791092
2022-05-23,MSFT,0.0053574701,0.0054382778,0.0052868333
2022-05-23,NKE,0.00016323818,0.00016428339,0.00016372395
2022-05-23,VZ,0.0047251588,0.0047711745,0.0047123162
2022-05-23,WMT,0.00067915389,0.00068230904,0.00067566462
2022-05-24,AAPL,0.018622723,0.018908768,0.01846376
2022-05-24,AMGN,4.157482e-05,4.2623824e-05,4.178938e-05
2022-05-24,CRM,4.0791942e-05,4.0499215e-05,4.0232329e-05
2022-05-24,CSCO,0.53149177,0.52647204,0.5258555
2022-05-24,IBM,0.03146157,0.031764675,0.031396108
2022-05-24,INTC,0.2386735,0.2394398,0.23719342
2022-05-24,MSFT,0.0053062103,0.0053364082,0.0052628281
2022-05-24,NKE,0.00016110977,0.0001625754,0.00016182987
2022-05-24,VZ,0.0046167219,0.0046757294,0.0046318017
2022-05-24,WMT,0.00065340267,0.00066274539,0.00065285046
2022-05-25,AAPL,0.018606728,0.018798935,0.018392037
2022-05-25,AMGN,4.1084657e-05,4.1294355e-05,4.0768771e-05
2022-05-25,CRM,4.0932071e-05,4.0836682e-05,4.0513944e-05
2022-05-25,CSCO,0.52629766,0.51995789,0.51853235
2022-05-25,IBM,0.030963998,0.03118723,0.030861264
2022-05-25,INTC,0.23582235,0.23630321,0.23359683
2022-05-25,MSFT,0.0052146372,0.0052359375,0.0051708637
2022-05-25,NKE,0.00015763017,0.00015975123,0.00015690187
2022-05-25,VZ,0.0044997615,0.0045318009,0.0044733485
2022-05-25,WMT,0.0006328256,0.00063980496,0.00063167138
2022-05-26,AAPL,0.018594223,0.018799565,0.018381065
2022-05-26,AMGN,4.031326e-05,4.0799166e-05,4.0008856e-05
2022-05-26,CRM,3.9881782e-05,4.0225298e-05,3.9703078e-05
2022-05-26,CSCO,0.52276771,0.51702245,0.51393203
2022-05-26,IBM,0.030584582,0.030698558,0.030302379
2022-05-26,INTC,0.23498722,0.23489095,0.23255056
2022-05-26,MSFT,0.0051586794,0.0051617665,0.0051029241
2022-05-26,NKE,0.00015455876,0.0001563941,0.00015426917
2022-05-26,VZ,0.004451738,0.0044464842,0.0044205911
2022-05-26,WMT,0.00063022378,0.00063117356,0.00062460852
2022-05-27,AAPL,0.018268659,0.018643673,0.018140815
2022-05-27,AMGN,3.9569859e-05,4.0404785e-05,3.9222384e-05
2022-05-27,CRM,3.7945183e-05,3.9844032e-05,3.7248812e-05
2022-05-27,CSCO,0.5122821,0.51728718,0.50681086
2022-05-27,IBM,0.030120351,0.030490814,0.029957728
2022-05-27,INTC,0.23059484,0.23379528,0.22938621
2022-05-27,MSFT,0.0050252427,0.0051388637,0.0050036551
2022-05-27,NKE,0.00015096129,0.00015485724,0.0001508217
2022-05-27,VZ,0.0044078954,0.0044494867,0.0043834094
2022-05-27,WMT,0.0006263973,0.00063083725,0.00061956161
2022-05-31,AAPL,0.018153616,0.018306156,0.017412523
2022-05-31,AMGN,3.8827419e-05,3.9560079e-05,3.8328562e-05
2022-05-31,CRM,3.5993439e-05,3.7360331e-05,3.4564436e-05
2022-05-31,CSCO,0.49860489,0.5047397,0.48483639
2022-05-31,IBM,0.029727362,0.030132799,0.02916652
2022-05-31,INTC,0.22522668,0.22859944,0.22023645
2022-05-31,MSFT,0.0048956254,0.0049821255,0.0047813132
2022-05-31,NKE,0.00014758992,0.00015003437,0.000143717
2022-05-31,VZ,0.0042905707,0.0043468228,0.0041898946
2022-05-31,WMT,0.0006102068,0.00062053323,0.0006017995
2022-06-01,AAPL,0.017364578,0.018073682,0.017230067
2022-06-01,AMGN,3.7653145e-05,3.9064035e-05,3.7521427e-05
2022-06-01,CRM,3.4341676e-05,3.6356623e-05,3.3745301e-05
2022-06-01,CSCO,0.48135374,0.49793302,0.47511608
2022-06-01,IBM,0.028786849,0.029751441,0.028685584
2022-06-01,INTC,0.21688136,0.22574185,0.21542052
2022-06-01,MSFT,0.0046732648,0.0048544638,0.0046506244
2022-06-01,NKE,0.00014299339,0.00014761139,0.00014148138
2022-06-01,VZ,0.0041423197,0.0042702616,0.0041091927
2022-06-01,WMT,0.00059250024,0.00060894807,0.00058895712
2022-06-02,AAPL,0.017517618,0.017753479,0.017383785
2022-06-02,AMGN,3.7157022e-05,3.7416779e-05,3.7001333e-05
2022-06-02,CRM,3.4411407e-05,3.492215e-05,3.411702e-05
2022-06-02,CSCO,0.48057513,0.4805024,0.47600186
2022-06-02,IBM,0.028787069,0.029091913,0.028723966
2022-06-02,INTC,0.21687246,0.21868252,0.21498842
2022-06-02,MSFT,0.004651208,0.0046844771,0.0046337287
2022-06-02,NKE,0.00014142766,0.00014374076,0.00014107478
2022-06-02,VZ,0.0041042007,0.0041250749,0.0040891631
2022-06-02,WMT,0.00058963164,0.00059298586,0.00058759236
2022-06-03,AAPL,0.017435069,0.017741603,0.017252213
2022-06-03,AMGN,3.5972596e-05,3.6687013e-05,3.5859946e-05
2022-06-03,CRM,3.2907035e-05,3.3816855e-05,3.2892604e-05
2022-06-03,CSCO,0.47593913,0.47545982,0.47060072
2022-06-03,IBM,0.028449166,0.028723209,0.028329699
2022-06-03,INTC,0.21267818,0.21333799,0.21155905
2022-06-03,MSFT,0.0044664493,0.0045381123,0.0044441682
2022-06-03,NKE,0.0001375116,0.00013941633,0.00013734369
2022-06-03,VZ,0.0040435855,0.0040641577,0.0040435287
2022-06-03,WMT,0.00058430375,0.00058464777,0.00058088445
2022-06-06,AAPL,0.017479653,0.017556174,0.017239242
2022-06-06,AMGN,3.4750711e-05,3.5312776e-05,3.4535034e-05
2022-06-06,CRM,3.1459431e-05,3.2504568e-05,3.1175777e-05
2022-06-06,CSCO,0.47047932,0.4664238,0.4601249
2022-06-06,IBM,0.02867369,0.028659954,0.028318084
2022-06-06,INTC,0.21144484,0.21155859,0.20705854
2022-06-06,MSFT,0.0043926934,0.0044066979,0.0043042034
2022-06-06,NKE,0.00013282299,0.00013398312,0.00013198283
2022-06-06,VZ,0.0039894086,0.0040123099,0.0039651786
2022-06-06,WMT,0.00058076108,0.00057823864,0.00057105768
2022-06-07,AAPL,0.017609138,0.017613884,0.017364258
2022-06-07,AMGN,3.3957305e-05,3.4425682e-05,3.3844677e-05
2022-06-07,CRM,3.0910292e-05,3.1478071e-05,3.0424681e-05
2022-06-07,CSCO,0.46524889,0.45806462,0.4573648
2022-06-07,IBM,0.028388481,0.028636037,0.028118316
2022-06-07,INTC,0.2125393,0.21150173,0.20905871
2022-06-07,MSFT,0.0043182569,0.0043486389,0.0042844909
2022-06-07,NKE,0.00012885818,0.00013129553,0.00012815569
2022-06-07,VZ,0.0039334283,0.0039618812,0.0039160334
2022-06-07,WMT,0.00057364309,0.00057240053,0.00056536912
2022-06-08,AAPL,0.017313812,0.017529736,0.017344188
2022-06-08,AMGN,3.2922183e-05,3.3647164e-05,3.2894903e-05
2022-06-08,CRM,2.9285073e-05,3.0623811e-05,2.9472598e-05
2022-06-08,CSCO,0.45893356,0.45648131,0.45241623
2022-06-08,IBM,0.028311485,0.028528831,0.028136137
2022-06-08,INTC,0.21119917,0.21269876,0.20933491
2022-06-08,MSFT,0.0042625582,0.004327618,0.0042329423
2022-06-08,NKE,0.0001235883,0.00012652819,0.00012465551
2022-06-08,VZ,0.0038811204,0.0039159179,0.0038894752
2022-06-08,WMT,0.00057369236,0.00056947208,0.00056460525
2022-06-09,AAPL,0.017163469,0.017264509,0.016619348
2022-06-09,AMGN,3.2029982e-05,3.2624425e-05,3.1748249e-05
2022-06-09,CRM,2.8353899e-05,2.9136969e-05,2.7744485e-05
2022-06-09,CSCO,0.45751722,0.45361394,0.4466225
2022-06-09,IBM,0.028037338,0.028359905,0.027671337
2022-06-09,INTC,0.21106728,0.20995382,0.20676592
2022-06-09,MSFT,0.0042133557,0.0042288568,0.0041539689
2022-06-09,NKE,0.00011942249,0.00012119539,0.00011751504
2022-06-09,VZ,0.0037850039,0.0038184235,0.0037750119
2022-06-09,WMT,0.00056213754,0.00056316115,0.00055500106
2022-06-10,AAPL,0.016719893,0.017170071,0.016538661
2022-06-10,AMGN,3.0998874e-05,3.1703748e-05,3.0920755e-05
2022-06-10,CRM,2.7137705e-05,2.8516969e-05,2.6883364e-05
2022-06-10,CSCO,0.44989558,0.45044799,0.44272177
2022-06-10,IBM,0.027835736,0.028109667,0.027601646
2022-06-10,INTC,0.21028773,0.21141181,0.20756354
2022-06-10,MSFT,0.0041304949,0.004208783,0.0040744625
2022-06-10,NKE,0.00011461104,0.00011756978,0.00011460767
2022-06-10,VZ,0.0037179883,0.0037635698,0.0036940755
2022-06-10,WMT,0.00055577395,0.00055631584,0.00054773887
2022-06-13,AAPL,0.016678726,0.016881196,0.01653253
2022-06-13,AMGN,3.0048464e-05,3.0729327e-05,3.0188254e-05
2022-06-13,CRM,2.6813539e-05,2.7415071e-05,2.6639895e-05
2022-06-13,CSCO,0.44978104,0.44620297,0.44226223
2022-06-13,IBM,0.027694209,0.027942917,0.027520178
2022-06-13,INTC,0.21399137,0.21307858,0.21130681
2022-06-13,MSFT,0.004092567,0.0041127347,0.0040590807
2022-06-13,NKE,0.00011137389,0.00011354368,0.00011141825
2022-06-13,VZ,0.0036755202,0.0036953906,0.0036839858
2022-06-13,WMT,0.00054669847,0.00054799375,0.00054168381
2022-06-14,AAPL,0.01670171,0.016949926,0.016515017
2022-06-14,AMGN,2.9512467e-05,2.9872435e-05,2.9324275e-05
2022-06-14,CRM,2.6238455e-05,2.6874303e-05,2.6099071e-05
2022-06-14,CSCO,0.44773706,0.44299619,0.44151489
2022-06-14,IBM,0.02761933,0.027813247,0.027376954
2022-06-14,INTC,0.21466976,0.21402687,0.21240015
2022-06-14,MSFT,0.0040423151,0.0040864025,0.0039863692
2022-06-14,NKE,0.00010784098,0.00010990525,0.0001082551
2022-06-14,VZ,0.0036080436,0.0036441554,0.0036133052
2022-06-14,WMT,0.00054048486,0.00053866402,0.00053278287
2022-06-15,AAPL,0.016682115,0.016935307,0.016495813
2022-06-15,AMGN,2.8509772e-05,2.9216245e-05,2.8489805e-05
2022-06-15,CRM,2.607034e-05,2.6367495e-05,2.5815681e-05
2022-06-15,CSCO,0.44539642,0.4426126,0.44017043
2022-06-15,IBM,0.027283341,0.02763405,0.027178767
2022-06-15,INTC,0.2149462,0.21327286,0.21279659
2022-06-15,MSFT,0.0039668636,0.0039955404,0.0039265384
2022-06-15,NKE,0.00010480274,0.00010614599,0.00010457972
2022-06-15,VZ,0.003537978,0.0035623755,0.0035519268
2022-06-15,WMT,0.00052938134,0.00052893029,0.00052523123
2022-06-16,AAPL,0.016303431,0.016552641,0.015920296
2022-06-16,AMGN,2.7754977e-05,2.8214893e-05,2.7404563e-05
2022-06-16,CRM,2.449409e-05,2.5550296e-05,2.4411676e-05
2022-06-16,CSCO,0.43701777,0.43598235,0.42680074
2022-06-16,IBM,0.027139682,0.027362225,0.026910739
2022-06-16,INTC,0.21485994,0.21504594,0.20976043
2022-06-16,MSFT,0.0038847843,0.0039204339,0.0038060254
2022-06-16,NKE,0.00010024104,0.00010173389,9.97331e-05
2022-06-16,VZ,0.0034678471,0.0034925171,0.0034436527
2022-06-16,WMT,0.00052292802,0.00052212408,0.00051459102
2022-06-17,AAPL,0.016238041,0.016533011,0.016074937
2022-06-17,AMGN,2.6997476e-05,2.7729763e-05,2.6901503e-05
2022-06-17,CRM,2.4453454e-05,2.5006651e-05,2.4134091e-05
2022-06-17,CSCO,0.44285071,0.43821273,0.43542864
2022-06-17,IBM,0.027171975,0.027468183,0.027014339
2022-06-17,INTC,0.22010031,0.22009791,0.21726634
2022-06-17,MSFT,0.0038905681,0.003921157,0.0038254584
2022-06-17,NKE,9.7351998e-05,9.95046e-05,9.7755687e-05
2022-06-17,VZ,0.0034293191,0.003466673,0.0034228264
2022-06-17,WMT,0.00051682733,0.00051856543,0.00051154028
2022-06-21,AAPL,0.016188439,0.016391984,0.015891071
2022-06-21,AMGN,2.6184001e-05,2.6651508e-05,2.5914044e-05
2022-06-21,CRM,2.3538354e-05,2.4031232e-05,2.3227442e-05
2022-06-21,CSCO,0.44176581,0.43523918,0.43080731
2022-06-21,IBM,0.026979911,0.027151492,0.026687396
2022-06-21,INTC,0.2218383,0.22125799,0.21823057
2022-06-21,MSFT,0.0038914846,0.0039220046,0.003839349
2022-06-21,NKE,9.4685988e-05,9.5652961e-05,9.4476318e-05
2022-06-21,VZ,0.0033594734,0.0033754385,0.0033601241
2022-06-21,WMT,0.00050997277,0.00050786223,0.00050213005
2022-06-22,AAPL,0.016209975,0.016389489,0.015836727
2022-06-22,AMGN,2.5234397e-05,2.5904537e-05,2.5010547e-05
2022-06-22,CRM,2.2236687e-05,2.2916174e-05,2.1873448e-05
2022-06-22,CSCO,0.43726853,0.43433615,0.42913711
2022-06-22,IBM,0.02682692,0.027029665,0.026621137
2022-06-22,INTC,0.22062871,0.2196933,0.21720289
2022-06-22,MSFT,0.0038126295,0.0038579324,0.0037644736
2022-06-22,NKE,9.2026527e-05,9.3773665e-05,9.1909264e-05
2022-06-22,VZ,0.0032595682,0.0032862552,0.0032628302
2022-06-22,WMT,0.00050340742,0.00050269921,0.00049625446
2022-06-23,AAPL,0.015977758,0.016369568,0.015621587
2022-06-23,AMGN,2.399619e-05,2.499198e-05,2.3946167e-05
2022-06-23,CRM,2.1811208e-05,2.2378628e-05,2.1481777e-05
2022-06-23,CSCO,0.43762726,0.4380503,0.43036702
2022-06-23,IBM,0.0268916,0.02709167,0.026746783
2022-06-23,INTC,0.22145971,0.22182823,0.21879904
2022-06-23,MSFT,0.0037668208,0.0038149184,0.0037173808
2022-06-23,NKE,8.9753053e-05,9.1028325e-05,8.9464865e-05
2022-06-23,VZ,0.0031658025,0.0032107375,0.0031597253
2022-06-23,WMT,0.00049513934,0.000498191,0.0004889377
2022-06-24,AAPL,0.015863673,0.016134091,0.015398368
2022-06-24,AMGN,2.2889596e-05,2.3681677e-05,2.2904587e-05
2022-06-24,CRM,2.1401319e-05,2.2180156e-05,2.1090719e-05
2022-06-24,CSCO,0.43010992,0.43329844,0.42032578
2022-06-24,IBM,0.026555044,0.026917997,0.026393204
2022-06-24,INTC,0.21959479,0.22176739,0.21514553
2022-06-24,MSFT,0.0037238234,0.0037791702,0.003677251
2022-06-24,NKE,8.8372018e-05,8.9992613e-05,8.7207895e-05
2022-06-24,VZ,0.0030685329,0.0031278444,0.0030373894
2022-06-24,WMT,0.000482618,0.00048931756,0.00047688615
2022-06-27,AAPL,0.015751812,0.016036013,0.01552919
2022-06-27,AMGN,2.2846305e-05,2.304262e-05,2.2653758e-05
2022-06-27,CRM,2.1322764e-05,2.1809385e-05,2.0763029e-05
2022-06-27,CSCO,0.42748032,0.42848877,0.42000669
2022-06-27,IBM,0.026207278,0.026616798,0.025981813
2022-06-27,INTC,0.21859406,0.22038417,0.21511428
2022-06-27,MSFT,0.003690154,0.0037203263,0.0036475107
2022-06-27,NKE,8.5921106e-05,8.7436047e-05,8.542456e-05
2022-06-27,VZ,0.0030126821,0.0030534663,0.0029888848
2022-06-27,WMT,0.0004731024,0.00047768577,0.00047080736
2022-06-28,AAPL,0.015831572,0.016024568,0.015653403
2022-06-28,AMGN,2.2504871e-05,2.2857881e-05,2.2456937e-05
2022-06-28,CRM,2.1049338e-05,2.1608269e-05,2.0708194e-05
2022-06-28,CSCO,0.42520704,0.42690278,0.42017315
2022-06-28,IBM,0.025916185,0.026187744,0.025658288
2022-06-28,INTC,0.21716026,0.21949726,0.21538241
2022-06-28,MSFT,0.0036757041,0.0037020877,0.0036461435
2022-06-28,NKE,8.4512502e-05,8.6149788e-05,8.4548821e-05
2022-06-28,VZ,0.0029748811,0.0029985667,0.0029613
2022-06-28,WMT,0.00047064173,0.00047373288,0.00046677754
2022-06-29,AAPL,0.015608438,0.015898844,0.015444919
2022-06-29,AMGN,2.2146017e-05,2.240071e-05,2.1985886e-05
2022-06-29,CRM,2.0103472e-05,2.1199269e-05,1.9767212e-05
2022-06-29,CSCO,0.41929106,0.42510508,0.41357171
2022-06-29,IBM,0.02562698,0.025946161,0.025434544
2022-06-29,INTC,0.21331497,0.2158665,0.21086637
2022-06-29,MSFT,0.0035531887,0.0036231706,0.0035672369
2022-06-29,NKE,8.2316725e-05,8.4578612e-05,8.2080233e-05
2022-06-29,VZ,0.0029558237,0.0029885524,0.0029492417
2022-06-29,WMT,0.00046640501,0.00046935263,0.00046279814
2022-06-30,AAPL,0.015305375,0.015567007,0.014362715
2022-06-30,AMGN,2.1987468e-05,2.2299514e-05,2.1487556e-05
2022-06-30,CRM,1.8870322e-05,1.9810353e-05,1.8160444e-05
2022-06-30,CSCO,0.40951491,0.41506488,0.39305673
2022-06-30,IBM,0.02537588,0.02569834,0.024753594
2022-06-30,INTC,0.20937183,0.21205688,0.20366524
2022-06-30,MSFT,0.0034935977,0.0035500417,0.0033945084
2022-06-30,NKE,8.0320955e-05,8.2138262e-05,7.818739e-05
2022-06-30,VZ,0.002906007,0.0029441073,0.0028009897
2022-06-30,WMT,0.00045957973,0.00046326608,0.00044985749
2022-07-01,AAPL,0.014673821,0.015328774,0.014515513
2022-07-01,AMGN,2.1506864e-05,2.2219165e-05,2.14517e-05
2022-07-01,CRM,1.8093375e-05,1.9175264e-05,1.7852514e-05
2022-07-01,CSCO,0.39260754,0.40695217,0.38953009
2022-07-01,IBM,0.02456905,0.025352292,0.024477614
2022-07-01,INTC,0.20144216,0.20947864,0.20049379
2022-07-01,MSFT,0.0033464478,0.0034847935,0.0033263075
2022-07-01,NKE,7.8253399e-05,8.1036799e-05,7.764919e-05
2022-07-01,VZ,0.0028212143,0.0029142726,0.0028090753
2022-07-01,WMT,0.00044681935,0.00045923729,0.00044580459
2022-07-05,AAPL,0.014655207,0.014880632,0.014539922
2022-07-05,AMGN,2.1416768e-05,2.1450985e-05,2.123495e-05
2022-07-05,CRM,1.8131359e-05,1.8457261e-05,1.8090216e-05
2022-07-05,CSCO,0.3904495,0.39131123,0.38717211
2022-07-05,IBM,0.024327296,0.024656059,0.024267371
2022-07-05,INTC,0.19978523,0.20141321,0.19879259
2022-07-05,MSFT,0.0033004937,0.0033281665,0.0032900718
2022-07-05,NKE,7.7506451e-05,7.8540646e-05,7.7440144e-05
2022-07-05,VZ,0.0027832532,0.0027984883,0.0027867031
2022-07-05,WMT,0.00044436441,0.00044564296,0.00044132279
2022-07-06,AAPL,0.014424407,0.014703115,0.014371736
2022-07-06,AMGN,2.0824662e-05,2.1238779e-05,2.0787406e-05
2022-07-06,CRM,1.7485981e-05,1.7805711e-05,1.7446423e-05
2022-07-06,CSCO,0.39385876,0.39236835,0.38692819
2022-07-06,IBM,0.024114854,0.024367243,0.02394375
2022-07-06,INTC,0.19896278,0.19871675,0.19821247
2022-07-06,MSFT,0.0032371468,0.0032767682,0.0032036631
2022-07-06,NKE,7.5785278e-05,7.6570486e-05,7.5798748e-05
2022-07-06,VZ,0.0027520608,0.002756305,0.0027472888
2022-07-06,WMT,0.00044501025,0.0004425698,0.00044008592
2022-07-07,AAPL,0.01447686,0.014697628,0.014120049
2022-07-07,AMGN,2.0014089e-05,2.0453417e-05,1.9999685e-05
2022-07-07,CRM,1.6867983e-05,1.7323548e-05,1.6652491e-05
2022-07-07,CSCO,0.39249817,0.38986694,0.38285382
2022-07-07,IBM,0.024071543,0.024234869,0.023848569
2022-07-07,INTC,0.20079021,0.1999788,0.19732791
2022-07-07,MSFT,0.0031788766,0.0032032072,0.0031184586
2022-07-07,NKE,7.3831591e-05,7.4880711e-05,7.3138317e-05
2022-07-07,VZ,0.0026983599,0.00270813,0.0026819518
2022-07-07,WMT,0.000439939,0.00043828929,0.00043259127
2022-07-08,AAPL,0.014414109,0.014556085,0.014221997
2022-07-08,AMGN,1.9582148e-05,1.9875784e-05,1.9581975e-05
2022-07-08,CRM,1.660552e-05,1.6884236e-05,1.6334663e-05
2022-07-08,CSCO,0.39216012,0.38605367,0.3839707
2022-07-08,IBM,0.023989775,0.024043444,0.023768896
2022-07-08,INTC,0.20382902,0.20185866,0.19989802
2022-07-08,MSFT,0.0031436817,0.0031549892,0.0030978243
2022-07-08,NKE,7.2122176e-05,7.279519e-05,7.1626609e-05
2022-07-08,VZ,0.0026687653,0.0026775527,0.0026533241
2022-07-08,WMT,0.0004318884,0.00043094223,0.00042756589
2022-07-11,AAPL,0.014270464,0.014569231,0.01414781
2022-07-11,AMGN,1.8898789e-05,1.9336814e-05,1.898868e-05
2022-07-11,CRM,1.6130669e-05,1.6582741e-05,1.6091862e-05
2022-07-11,CSCO,0.3851754,0.38309531,0.38056745
2022-07-11,IBM,0.023619468,0.023947971,0.0235179
2022-07-11,INTC,0.20343976,0.20403541,0.20110825
2022-07-11,MSFT,0.0030755859,0.0031189764,0.0030263756
2022-07-11,NKE,6.9801358e-05,7.1263385e-05,7.015955e-05
2022-07-11,VZ,0.0026333048,0.0026604747,0.0026265865
2022-07-11,WMT,0.00042755304,0.00042796721,0.00042149375
2022-07-12,AAPL,0.014264219,0.0144241,0.014139434
2022-07-12,AMGN,1.8580574e-05,1.8862003e-05,1.8558771e-05
2022-07-12,CRM,1.6470794e-05,1.6520384e-05,1.6144035e-05
2022-07-12,CSCO,0.38871221,0.38280156,0.38359554
2022-07-12,IBM,0.023287545,0.023531322,0.023263525
2022-07-12,INTC,0.20516424,0.20496326,0.2047626
2022-07-12,MSFT,0.0030358027,0.0030563816,0.0030122818
2022-07-12,NKE,6.7576934e-05,6.8537418e-05,6.7811631e-05
2022-07-12,VZ,0.0025611499,0.0025846285,0.0025787176
2022-07-12,WMT,0.00041641146,0.00041901613,0.00041425269
2022-07-13,AAPL,0.014207239,0.014338525,0.01393045
2022-07-13,AMGN,1.7810511e-05,1.8160258e-05,1.7833335e-05
2022-07-13,CRM,1.6173307e-05,1.6343746e-05,1.5983401e-05
2022-07-13,CSCO,0.38378844,0.37720961,0.37654237
2022-07-13,IBM,0.022801805,0.023036586,0.022702776
2022-07-13,INTC,0.20622875,0.20429697,0.20264238
2022-07-13,MSFT,0.0029956939,0.0030137257,0.0029580355
2022-07-13,NKE,6.5731713e-05,6.6448903e-05,6.5655243e-05
2022-07-13,VZ,0.0024949993,0.0025083312,0.0024913722
2022-07-13,WMT,0.00040142336,0.00040559513,0.00039947932
2022-07-14,AAPL,0.014136919,0.014343906,0.01392373
2022-07-14,AMGN,1.7102412e-05,1.7508165e-05,1.7031598e-05
2022-07-14,CRM,1.5577292e-05,1.6041123e-05,1.549332e-05
2022-07-14,CSCO,0.37849873,0.37381163,0.37254257
2022-07-14,IBM,0.022620368,0.022821879,0.022543535
2022-07-14,INTC,0.20731034,0.20655108,0.20304119
2022-07-14,MSFT,0.0029117922,0.0029261644,0.0028849282
2022-07-14,NKE,6.3935417e-05,6.4882908e-05,6.3884028e-05
2022-07-14,VZ,0.0024569644,0.0024674456,0.0024328303
2022-07-14,WMT,0.0003919692,0.00039295148,0.00038709765
2022-07-15,AAPL,0.014105515,0.014204145,0.013936935
2022-07-15,AMGN,1.6653645e-05,1.7032167e-05,1.660326e-05
2022-07-15,CRM,1.5903593e-05,1.6020181e-05,1.5690208e-05
2022-07-15,CSCO,0.38092021,0.37514433,0.37661975
2022-07-15,IBM,0.022442303,0.022570082,0.022427294
2022-07-15,INTC,0.20757218,0.20710383,0.20563987
2022-07-15,MSFT,0.002886511,0.0028931493,0.0028489527
2022-07-15,NKE,6.2959737e-05,6.3306726e-05,6.2884001e-05
2022-07-15,VZ,0.0023841188,0.0024057599,0.0023926095
2022-07-15,WMT,0.00038406393,0.00038561047,0.0003803858
2022-07-18,AAPL,0.014153902,0.0141929,0.013866516
2022-07-18,AMGN,1.611561e-05,1.6377915e-05,1.5978344e-05
2022-07-18,CRM,1.5704646e-05,1.5790384e-05,1.5414267e-05
2022-07-18,CSCO,0.37547839,0.36960426,0.36859796
2022-07-18,IBM,0.021843229,0.022106514,0.021776688
2022-07-18,INTC,0.20606951,0.20653264,0.20255595
2022-07-18,MSFT,0.0028219987,0.0028445088,0.002778434
2022-07-18,NKE,6.1455372e-05,6.1832004e-05,6.1025669e-05
2022-07-18,VZ,0.0023200015,0.0023432621,0.0023046875
2022-07-18,WMT,0.00037514529,0.00037622923,0.00037099535
2022-07-19,AAPL,0.014049435,0.014200809,0.013899779
2022-07-19,AMGN,1.5814429e-05,1.6100637e-05,1.5631317e-05
2022-07-19,CRM,1.5021879e-05,1.549455e-05,1.4819676e-05
2022-07-19,CSCO,0.37227155,0.36900218,0.3669658
2022-07-19,IBM,0.02181939,0.021983013,0.021633188
2022-07-19,INTC,0.20779233,0.20719517,0.20507857
2022-07-19,MSFT,0.0027756553,0.0028025541,0.002749191
2022-07-19,NKE,6.0082449e-05,6.097128e-05,6.0044875e-05
2022-07-19,VZ,0.0022864132,0.002293874,0.0022744217
2022-07-19,WMT,0.00037548064,0.00037357215,0.00036961539
2022-07-20,AAPL,0.014231241,0.014302586,0.013850178
2022-07-20,AMGN,1.5178624e-05,1.5515926e-05,1.5140474e-05
2022-07-20,CRM,1.4453897e-05,1.4674656e-05,1.4252289e-05
2022-07-20,CSCO,0.37116902,0.36500544,0.36286379
2022-07-20,IBM,0.02162656,0.021654383,0.021394566
2022-07-20,INTC,0.20887864,0.20809047,0.20563718
2022-07-20,MSFT,0.0027623749,0.0027790151,0.0027173953
2022-07-20,NKE,5.7666716e-05,5.848332e-05,5.7353831e-05
2022-07-20,VZ,0.00222959,0.0022470057,0.0022149489
2022-07-20,WMT,0.00036916299,0.00037000961,0.00036365939
2022-07-21,AAPL,0.013850483,0.014314989,0.013698724
2022-07-21,AMGN,1.4573605e-05,1.5009025e-05,1.4521518e-05
2022-07-21,CRM,1.3388644e-05,1.412287e-05,1.3335942e-05
2022-07-21,CSCO,0.36183915,0.36484317,0.35612183
2022-07-21,IBM,0.021544608,0.021825405,0.021300916
2022-07-21,INTC,0.20813254,0.20972106,0.20463561
2022-07-21,MSFT,0.0026913684,0.0027579275,0.0026645095
2022-07-21,NKE,5.4738463e-05,5.6393059e-05,5.4911659e-05
2022-07-21,VZ,0.0021964392,0.0022198046,0.002179831
2022-07-21,WMT,0.00036813111,0.00036801815,0.00036179538
2022-07-22,AAPL,0.013629303,0.013906153,0.013295213
2022-07-22,AMGN,1.4209992e-05,1.4609466e-05,1.4147039e-05
2022-07-22,CRM,1.3007373e-05,1.3483329e-05,1.2727503e-05
2022-07-22,CSCO,0.36037933,0.36162922,0.3534029
2022-07-22,IBM,0.02141251,0.021584048,0.021281592
2022-07-22,INTC,0.21060262,0.21060754,0.20824525
2022-07-22,MSFT,0.0026758079,0.0026989621,0.0026329354
2022-07-22,NKE,5.2731558e-05,5.3722529e-05,5.2758437e-05
2022-07-22,VZ,0.0021398452,0.0021693624,0.0021373502
2022-07-22,WMT,0.0003622334,0.00036408533,0.00035784661
2022-07-25,AAPL,0.013312374,0.013723518,0.012996427
2022-07-25,AMGN,1.3697897e-05,1.4103922e-05,1.3651542e-05
2022-07-25,CRM,1.2665312e-05,1.3016113e-05,1.2398118e-05
2022-07-25,CSCO,0.35406708,0.35595341,0.34740158
2022-07-25,IBM,0.021216358,0.02146003,0.021001329
2022-07-25,INTC,0.20949837,0.21112421,0.20588395
2022-07-25,MSFT,0.002640687,0.002685323,0.00259305
2022-07-25,NKE,5.1853466e-05,5.2562579e-05,5.1318464e-05
2022-07-25,VZ,0.0020878451,0.0021152539,0.0020742464
2022-07-25,WMT,0.00035615256,0.00035976219,0.00035241884
2022-07-26,AAPL,0.013458035,0.013683575,0.013229869
2022-07-26,AMGN,1.3208841e-05,1.3686309e-05,1.3191412e-05
2022-07-26,CRM,1.2770734e-05,1.292496e-05,1.2528437e-05
2022-07-26,CSCO,0.35747867,0.3557591,0.35034894
2022-07-26,IBM,0.021256316,0.021520407,0.021040554
2022-07-26,INTC,0.21089576,0.21121442,0.20800893
2022-07-26,MSFT,0.0026536732,0.0026783647,0.0026160384
2022-07-26,NKE,5.130594e-05,5.1858766e-05,5.1137333e-05
2022-07-26,VZ,0.0020449725,0.0020755181,0.0020395669
2022-07-26,WMT,0.00034710158,0.00035156181,0.00034456066
2022-07-27,AAPL,0.013392049,0.013617845,0.013186839
2022-07-27,AMGN,1.316568e-05,1.3283804e-05,1.306165e-05
2022-07-27,CRM,1.2897042e-05,1.2927696e-05,1.2685115e-05
2022-07-27,CSCO,0.35870672,0.35683271,0.35227184
2022-07-27,IBM,0.021110255,0.021258021,0.020912256
2022-07-27,INTC,0.21060776,0.21083859,0.20801708
2022-07-27,MSFT,0.0026587905,0.0026649416,0.0026256005
2022-07-27,NKE,5.09074e-05,5.1711603e-05,5.0499488e-05
2022-07-27,VZ,0.0020197471,0.0020393315,0.0020094893
2022-07-27,WMT,0.00033921719,0.00034418692,0.00033710903
2022-07-28,AAPL,0.013330109,0.013517018,0.013146102
2022-07-28,AMGN,1.2830755e-05,1.3095898e-05,1.2719366e-05
2022-07-28,CRM,1.2564471e-05,1.2790359e-05,1.2400636e-05
2022-07-28,CSCO,0.35447455,0.35557048,0.35012647
2022-07-28,IBM,0.020777601,0.02099736,0.020641085
2022-07-28,INTC,0.20680571,0.20866801,0.20576494
2022-07-28,MSFT,0.0026203973,0.002635718,0.0025947425
2022-07-28,NKE,4.9965241e-05,5.0945056e-05,4.9926752e-05
2022-07-28,VZ,0.0019842493,0.0019912653,0.0019747933
2022-07-28,WMT,0.00033970084,0.00034115236,0.00033638827
2022-07-29,AAPL,0.013037744,0.013305244,0.01287849
2022-07-29,AMGN,1.2575916e-05,1.2815709e-05,1.2463336e-05
2022-07-29,CRM,1.2119188e-05,1.2665004e-05,1.1948485e-05
2022-07-29,CSCO,0.35079113,0.35434755,0.34654171
2022-07-29,IBM,0.020607338,0.020857701,0.020458756
2022-07-29,INTC,0.20452632,0.20668429,0.20237832
2022-07-29,MSFT,0.0025476235,0.0026015239,0.0025519184
2022-07-29,NKE,4.8740912e-05,4.9865445e-05,4.8502806e-05
2022-07-29,VZ,0.0019646568,0.0019807106,0.0019567923
2022-07-29,WMT,0.00033702354,0.00033838886,0.0003334632
2022-08-01,AAPL,0.012810579,0.01301603,0.011921859
2022-08-01,AMGN,1.234927e-05,1.2636152e-05,1.2070199e-05
2022-08-01,CRM,1.1472575e-05,1.1906211e-05,1.1032349e-05
2022-08-01,CSCO,0.342202,0.34817599,0.32738595
2022-08-01,IBM,0.020278586,0.020527641,0.019812651
2022-08-01,INTC,0.20120551,0.2047961,0.19448713
2022-08-01,MSFT,0.0024911984,0.0025472288,0.0024073478
2022-08-01,NKE,4.778492e-05,4.9010171e-05,4.6117205e-05
2022-08-01,VZ,0.0019115432,0.0019364487,0.0018361547
2022-08-01,WMT,0.00032840269,0.00033359693,0.00032205217
2022-08-02,AAPL,0.012361239,0.012953621,0.012232942
2022-08-02,AMGN,1.2079132e-05,1.255154e-05,1.2045031e-05
2022-08-02,CRM,1.1048903e-05,1.1676307e-05,1.0918844e-05
2022-08-02,CSCO,0.33073513,0.34306611,0.32759237
2022-08-02,IBM,0.019654304,0.020276115,0.019592464
2022-08-02,INTC,0.19431056,0.20213947,0.19325697
2022-08-02,MSFT,0.0023906268,0.0024908936,0.0023739979
2022-08-02,NKE,4.640275e-05,4.8158984e-05,4.6038823e-05
2022-08-02,VZ,0.0018584064,0.0019234742,0.0018457024
2022-08-02,WMT,0.00031873226,0.00032907689,0.00031805105
2022-08-03,AAPL,0.012324949,0.012518503,0.012349819
2022-08-03,AMGN,1.1868749e-05,1.1983312e-05,1.1884575e-05
2022-08-03,CRM,1.1085908e-05,1.1310341e-05,1.1185402e-05
2022-08-03,CSCO,0.33114304,0.33164785,0.33115543
2022-08-03,IBM,0.019593088,0.019807253,0.019663903
2022-08-03,INTC,0.1929531,0.1949132,0.19407128
2022-08-03,MSFT,0.0023599176,0.0023693414,0.0023728867
2022-08-03,NKE,4.5929945e-05,4.6389802e-05,4.6191252e-05
2022-08-03,VZ,0.0018422233,0.0018515324,0.001843541
2022-08-03,WMT,0.00031858788,0.0003195604,0.0003177285
2022-08-04,AAPL,0.012096007,0.012361575,0.012067916
2022-08-04,AMGN,1.1444671e-05,1.1591734e-05,1.1479157e-05
2022-08-04,CRM,1.0679571e-05,1.081505e-05,1.076519e-05
2022-08-04,CSCO,0.32407701,0.323432,0.32164806
2022-08-04,IBM,0.019159833,0.019365286,0.019119881
2022-08-04,INTC,0.18849468,0.1891784,0.18851204
2022-08-04,MSFT,0.0022625153,0.0022904683,0.0022739862
2022-08-04,NKE,4.4640158e-05,4.4987291e-05,4.4431773e-05
2022-08-04,VZ,0.0017934696,0.0018026392,0.0017926355
2022-08-04,WMT,0.00031344862,0.00031472725,0.00031206332
2022-08-05,AAPL,0.012151633,0.012260358,0.012002432
2022-08-05,AMGN,1.1118991e-05,1.1266909e-05,1.1114882e-05
2022-08-05,CRM,1.0644187e-05,1.0735341e-05,1.0643295e-05
2022-08-05,CSCO,0.32684513,0.32146914,0.3219764
2022-08-05,IBM,0.019204544,0.019281617,0.019110999
2022-08-05,INTC,0.19074914,0.18950211,0.18830469
2022-08-05,MSFT,0.0022363032,0.002221832,0.0022117858
2022-08-05,NKE,4.3597381e-05,4.3967605e-05,4.3678666e-05
2022-08-05,VZ,0.0017672044,0.0017656795,0.0017671055
2022-08-05,WMT,0.00030938378,0.00030865834,0.00030677739
2022-08-08,AAPL,0.012132641,0.012251007,0.012045304
2022-08-08,AMGN,1.1114752e-05,1.111023e-05,1.1036047e-05
2022-08-08,CRM,1.0636028e-05,1.0758314e-05,1.0583422e-05
2022-08-08,CSCO,0.32581815,0.3204654,0.32309685
2022-08-08,IBM,0.01907471,0.019212426,0.018989748
2022-08-08,INTC,0.19385477,0.19269145,0.19207168
2022-08-08,MSFT,0.0022220216,0.0022252672,0.0021935508
2022-08-08,NKE,4.2154197e-05,4.2800042e-05,4.2594277e-05
2022-08-08,VZ,0.0017359958,0.0017487748,0.0017428926
2022-08-08,WMT,0.00030217049,0.00030281477,0.00030037139
2022-08-09,AAPL,0.011924545,0.012127617,0.011884251
2022-08-09,AMGN,1.0838801e-05,1.0993531e-05,1.0820137e-05
2022-08-09,CRM,1.0367396e-05,1.0664323e-05,1.0390649e-05
2022-08-09,CSCO,0.32575054,0.32243153,0.3229133
2022-08-09,IBM,0.019041102,0.019231182,0.018960391
2022-08-09,INTC,0.19387018,0.19333956,0.1933826
2022-08-09,MSFT,0.002193041,0.0022022112,0.0021702436
2022-08-09,NKE,4.1064716e-05,4.1659627e-05,4.1350665e-05
2022-08-09,VZ,0.001713931,0.0017226635,0.0017171923
2022-08-09,WMT,0.00030012798,0.000298656,0.00029602978
2022-08-10,AAPL,0.011929085,0.012021526,0.011791879
2022-08-10,AMGN,1.0540752e-05,1.0684813e-05,1.0494593e-05
2022-08-10,CRM,1.019641e-05,1.0318499e-05,1.0143427e-05
2022-08-10,CSCO,0.3303573,0.32420453,0.32583332
2022-08-10,IBM,0.018878696,0.019044739,0.018841003
2022-08-10,INTC,0.19627777,0.19413517,0.19468077
2022-08-10,MSFT,0.0021802639,0.0021760759,0.0021532793
2022-08-10,NKE,3.9844924e-05,4.0320535e-05,3.9956822e-05
2022-08-10,VZ,0.0016778113,0.0016850531,0.0016808569
2022-08-10,WMT,0.00029335701,0.0002939811,0.00029175787
2022-08-11,AAPL,0.011842043,0.012035499,0.011739782
2022-08-11,AMGN,1.0153584e-05,1.0341598e-05,1.0139122e-05
2022-08-11,CRM,1.0064517e-05,1.0178312e-05,1.0044726e-05
2022-08-11,CSCO,0.33024834,0.32585586,0.3259332
2022-08-11,IBM,0.018708251,0.018971974,0.018705283
2022-08-11,INTC,0.1964611,0.1955217,0.19444122
2022-08-11,MSFT,0.0021431975,0.0021504324,0.00212042
2022-08-11,NKE,3.8703417e-05,3.9186395e-05,3.8686314e-05
2022-08-11,VZ,0.0016369705,0.0016487623,0.0016345882
2022-08-11,WMT,0.00028789923,0.00028782767,0.00028475252
2022-08-12,AAPL,0.011646592,0.011856552,0.011565563
2022-08-12,AMGN,9.8726814e-06,9.996447e-06,9.8394907e-06
2022-08-12,CRM,9.6858216e-06,9.9530699e-06,9.6810315e-06
2022-08-12,CSCO,0.32624486,0.32286022,0.32148809
2022-08-12,IBM,0.018531778,0.018735401,0.018472942
2022-08-12,INTC,0.19554033,0.19550729,0.19402852
2022-08-12,MSFT,0.0020910863,0.0020968989,0.0020672154
2022-08-12,NKE,3.7495077e-05,3.7992092e-05,3.7558919e-05
2022-08-12,VZ,0.0016019029,0.0016134912,0.0016010591
2022-08-12,WMT,0.00028294801,0.00028267584,0.0002800139
2022-08-15,AAPL,0.011583011,0.011723538,0.011466189
2022-08-15,AMGN,9.6862699e-06,9.8186336e-06,9.6738547e-06
2022-08-15,CRM,9.6296942e-06,9.7640111e-06,9.5836121e-06
2022-08-15,CSCO,0.32983834,0.32399878,0.32627396
2022-08-15,IBM,0.018454496,0.01862803,0.018447337
2022-08-15,INTC,0.1988486,0.19677115,0.19712058
2022-08-15,MSFT,0.0020756505,0.0020726514,0.0020539597
2022-08-15,NKE,3.6490882e-05,3.702064e-05,3.6761664e-05
2022-08-15,VZ,0.0015646069,0.0015753896,0.0015711119
2022-08-15,WMT,0.00027498457,0.00027624459,0.00027267458
2022-08-16,AAPL,0.01148678,0.011589848,0.011256527
2022-08-16,AMGN,9.5290258e-06,9.5727621e-06,9.4189058e-06
2022-08-16,CRM,9.4982456e-06,9.6384127e-06,9.4017669e-06
2022-08-16,CSCO,0.32729043,0.32150867,0.32236127
2022-08-16,IBM,0.018264108,0.018482876,0.018107343
2022-08-16,INTC,0.20012905,0.19894849,0.19675124
2022-08-16,MSFT,0.0020488992,0.0020517743,0.0020163978
2022-08-16,NKE,3.5541226e-05,3.5921097e-05,3.5391527e-05
2022-08-16,VZ,0.0015258199,0.0015386493,0.0015222579
2022-08-16,WMT,0.00026765692,0.00026845282,0.00026493789
2022-08-17,AAPL,0.011414346,0.011530888,0.011271281
2022-08-17,AMGN,9.3346347e-06,9.4397741e-06,9.2777635e-06
2022-08-17,CRM,9.360285e-06,9.5251102e-06,9.3206896e-06
2022-08-17,CSCO,0.32864316,0.32341879,0.32473614
2022-08-17,IBM,0.018163829,0.018342531,0.018114644
2022-08-17,INTC,0.20248782,0.20019798,0.19993741
2022-08-17,MSFT,0.0020199348,0.0020202851,0.0019904317
2022-08-17,NKE,3.4828278e-05,3.525486e-05,3.4889568e-05
2022-08-17,VZ,0.001499076,0.0015090278,0.0014982154
2022-08-17,WMT,0.00026288403,0.00026294812,0.00025963663
2022-08-18,AAPL,0.011322819,0.011490506,0.011266601
2022-08-18,AMGN,8.9790173e-06,9.1729781e-06,8.9977298e-06
2022-08-18,CRM,9.1745328e-06,9.35453e-06,9.2261429e-06
2022-08-18,CSCO,0.32914372,0.32510478,0.32582623
2022-08-18,IBM,0.018091116,0.018244429,0.017973279
2022-08-18,INTC,0.20361775,0.20195366,0.20207346
2022-08-18,MSFT,0.0020004574,0.002007537,0.0019784454
2022-08-18,NKE,3.3645551e-05,3.4104907e-05,3.3825065e-05
2022-08-18,VZ,0.0014749429,0.0014839933,0.0014799623
2022-08-18,WMT,0.00026036033,0.00025891919,0.00025704173
2022-08-19,AAPL,0.011312437,0.011443584,0.01122839
2022-08-19,AMGN,8.6851848e-06,8.868658e-06,8.6760385e-06
2022-08-19,CRM,9.0426372e-06,9.1932582e-06,9.0778867e-06
2022-08-19,CSCO,0.33130937,0.32701717,0.32585064
2022-08-19,IBM,0.01792238,0.018144148,0.017877109
2022-08-19,INTC,0.20526651,0.2039394,0.20345939
2022-08-19,MSFT,0.0019715217,0.0019836142,0.0019445248
2022-08-19,NKE,3.2690536e-05,3.3376481e-05,3.2815747e-05
2022-08-19,VZ,0.0014490065,0.0014585629,0.0014513947
2022-08-19,WMT,0.00025527581,0.00025552502,0.00025355202
2022-08-22,AAPL,0.011169324,0.011348596,0.011115348
2022-08-22,AMGN,8.5697498e-06,8.6778416e-06,8.5019712e-06
2022-08-22,CRM,8.8687173e-06,9.0361493e-06,8.8429145e-06
2022-08-22,CSCO,0.33263702,0.32829687,0.32931973
2022-08-22,IBM,0.017928808,0.018082143,0.017896625
2022-08-22,INTC,0.20628788,0.20433877,0.20532489
2022-08-22,MSFT,0.0019459827,0.0019559849,0.0019360378
2022-08-22,NKE,3.1621757e-05,3.2084197e-05,3.1845313e-05
2022-08-22,VZ,0.0014270178,0.001429602,0.0014328996
2022-08-22,WMT,0.00025235496,0.00025067074,0.00025002802
2022-08-23,AAPL,0.011116679,0.011214616,0.010811678
2022-08-23,AMGN,8.2809199e-06,8.3833113e-06,8.2866474e-06
2022-08-23,CRM,8.5304266e-06,8.7403099e-06,8.4563216e-06
2022-08-23,CSCO,0.33047611,0.32512895,0.3244818
2022-08-23,IBM,0.017790031,0.017955703,0.0176345
2022-08-23,INTC,0.20591087,0.20498961,0.20237075
2022-08-23,MSFT,0.0019140069,0.0019202404,0.0018902754
2022-08-23,NKE,3.060259e-05,3.107081e-05,3.0468543e-05
2022-08-23,VZ,0.0013957462,0.0014003897,0.0013894267
2022-08-23,WMT,0.00024784477,0.00024860518,0.00024516815
2022-08-24,AAPL,0.010990037,0.011242007,0.010887257
2022-08-24,AMGN,8.0652133e-06,8.2098497e-06,8.068112e-06
2022-08-24,CRM,8.2469153e-06,8.5051024e-06,8.2600045e-06
2022-08-24,CSCO,0.33155829,0.32849851,0.32663203
2022-08-24,IBM,0.017728604,0.017914542,0.017678571
2022-08-24,INTC,0.20631155,0.20603002,0.20502048
2022-08-24,MSFT,0.0018752887,0.0018843392,0.0018616361
2022-08-24,NKE,2.9440135e-05,3.0137593e-05,2.9653252e-05
2022-08-24,VZ,0.0013716418,0.0013866617,0.0013719477
2022-08-24,WMT,0.00024479711,0.00024544918,0.00024265445
2022-08-25,AAPL,0.010774697,0.010930069,0.010650609
2022-08-25,AMGN,7.9028543e-06,7.9810415e-06,7.8499798e-06
2022-08-25,CRM,7.883548e-06,8.1983154e-06,7.8446368e-06
2022-08-25,CSCO,0.32412476,0.32272694,0.3202975
2022-08-25,IBM,0.017552798,0.017667479,0.017356561
2022-08-25,INTC,0.20425714,0.2036335,0.20273098
2022-08-25,MSFT,0.0018242638,0.0018412896,0.0018126009
2022-08-25,NKE,2.8308469e-05,2.8879723e-05,2.8370998e-05
2022-08-25,VZ,0.001345135,0.0013581092,0.0013409738
2022-08-25,WMT,0.00024244378,0.00024124921,0.00023935129
2022-08-26,AAPL,0.010837673,0.010924752,0.010573683
2022-08-26,AMGN,7.7816673e-06,7.8306211e-06,7.7155251e-06
2022-08-26,CRM,7.6477335e-06,7.8760594e-06,7.450464e-06
2022-08-26,CSCO,0.31971836,0.31665271,0.31237448
2022-08-26,IBM,0.017297337,0.01742136,0.017060921
2022-08-26,INTC,0.20374615,0.20295417,0.19971261
2022-08-26,MSFT,0.0018221913,0.001825537,0.0017974506
2022-08-26,NKE,2.7284053e-05,2.7830843e-05,2.7055507e-05
2022-08-26,VZ,0.0013153541,0.0013261449,0.0012996732
2022-08-26,WMT,0.00023599137,0.00023736071,0.00023405114
2022-08-29,AAPL,0.010576891,0.010786923,0.010586563
2022-08-29,AMGN,7.8841699e-06,7.9307817e-06,7.8233691e-06
2022-08-29,CRM,7.2893667e-06,7.7417039e-06,7.1838614e-06
2022-08-29,CSCO,0.31543361,0.3192802,0.31269491
2022-08-29,IBM,0.017154955,0.017413136,0.017051389
2022-08-29,INTC,0.20281221,0.20561654,0.20198011
2022-08-29,MSFT,0.0018008643,0.0018241796,0.0018023769
2022-08-29,NKE,2.6404164e-05,2.7176096e-05,2.6600727e-05
2022-08-29,VZ,0.0013102773,0.0013185573,0.0013044304
2022-08-29,WMT,0.00023598619,0.00023701078,0.00023450657
2022-08-30,AAPL,0.010534781,0.010583547,0.010138162
2022-08-30,AMGN,7.806642e-06,7.9072769e-06,7.749424e-06
2022-08-30,CRM,6.848823e-06,7.2210052e-06,6.6256506e-06
2022-08-30,CSCO,0.30880366,0.3104153,0.30302393
2022-08-30,IBM,0.016986379,0.017254464,0.016659208
2022-08-30,INTC,0.19985469,0.20187032,0.19593376
2022-08-30,MSFT,0.0017783921,0.0018018364,0.001733346
2022-08-30,NKE,2.5697422e-05,2.6178672e-05,2.5389543e-05
2022-08-30,VZ,0.0012863148,0.0013040124,0.0012673811
2022-08-30,WMT,0.0002331059,0.00023462695,0.00022881719
2022-08-31,AAPL,0.0099653832,0.01037858,0.0099261726
2022-08-31,AMGN,7.5841573e-06,7.8284918e-06,7.5725735e-06
2022-08-31,CRM,6.4611748e-06,6.8745537e-06,6.3826323e-06
2022-08-31,CSCO,0.29445564,0.30590748,0.29177142
2022-08-31,IBM,0.016310035,0.016888393,0.016257468
2022-08-31,INTC,0.19056004,0.19871412,0.19045335
2022-08-31,MSFT,0.0016865022,0.0017511822,0.0016854329
2022-08-31,NKE,2.4539529e-05,2.5488904e-05,2.4467361e-05
2022-08-31,VZ,0.0012406887,0.0012866857,0.0012408867
2022-08-31,WMT,0.00022463844,0.00023123606,0.0002239044
2022-09-01,AAPL,0.0099758907,0.010100893,0.0099698732
2022-09-01,AMGN,7.5177061e-06,7.5562839e-06,7.4815586e-06
2022-09-01,CRM,6.5185732e-06,6.5952386e-06,6.5476879e-06
2022-09-01,CSCO,0.29648825,0.29637112,0.29478799
2022-09-01,IBM,0.016234707,0.016367724,0.016227541
2022-09-01,INTC,0.19098678,0.19156243,0.19056015
2022-09-01,MSFT,0.0016768443,0.001679858,0.0016759918
2022-09-01,NKE,2.442396e-05,2.4641305e-05,2.4534171e-05
2022-09-01,VZ,0.0012350153,0.0012362038,0.0012368856
2022-09-01,WMT,0.00022384589,0.00022440156,0.0002227477
2022-09-02,AAPL,0.0098095366,0.0099586066,0.0098966747
2022-09-02,AMGN,7.1502912e-06,7.3284628e-06,7.2228792e-06
2022-09-02,CRM,6.3169214e-06,6.3780205e-06,6.3777516e-06
2022-09-02,CSCO,0.30037181,0.29763489,0.29783775
2022-09-02,IBM,0.015981533,0.016089277,0.015961977
2022-09-02,INTC,0.19093507,0.1901088,0.19153442
2022-09-02,MSFT,0.0016450937,0.0016552741,0.0016407981
2022-09-02,NKE,2.3948861e-05,2.4161105e-05,2.4125076e-05
2022-09-02,VZ,0.0012278116,0.001221984,0.0012288868
2022-09-02,WMT,0.00022279635,0.00022265184,0.00022069742
2022-09-06,AAPL,0.009755316,0.0099051797,0.0097276163
2022-09-06,AMGN,6.8632909e-06,7.0548159e-06,6.8669637e-06
2022-09-06,CRM,6.1166294e-06,6.2108309e-06,6.1226157e-06
2022-09-06,CSCO,0.30278569,0.29961387,0.29767331
2022-09-06,IBM,0.015901308,0.015974587,0.015835655
2022-09-06,INTC,0.1925095,0.1914941,0.19206465
2022-09-06,MSFT,0.0016031538,0.0016099025,0.0015918309
2022-09-06,NKE,2.3305126e-05,2.3547467e-05,2.340703e-05
2022-09-06,VZ,0.001226032,0.0012175643,0.001220481
2022-09-06,WMT,0.0002213372,0.00022005602,0.00021892756
2022-09-07,AAPL,0.0096414242,0.0097612448,0.0095790319
2022-09-07,AMGN,6.6827395e-06,6.8217373e-06,6.7005995e-06
2022-09-07,CRM,6.0072425e-06,6.0794924e-06,5.982556e-06
2022-09-07,CSCO,0.30339208,0.29941655,0.29868046
2022-09-07,IBM,0.01581794,0.015865588,0.015754963
2022-09-07,INTC,0.19454798,0.19330778,0.19362762
2022-09-07,MSFT,0.001575182,0.0015839589,0.0015621302
2022-09-07,NKE,2.2695485e-05,2.2963491e-05,2.2790584e-05
2022-09-07,VZ,0.0012165095,0.0012138334,0.0012133667
2022-09-07,WMT,0.00021909928,0.00021864142,0.00021649279
2022-09-08,AAPL,0.0095115753,0.009665719,0.0093642025
2022-09-08,AMGN,6.4909725e-06,6.6159858e-06,6.4991003e-06
2022-09-08,CRM,5.9610844e-06,6.0430292e-06,5.8874123e-06
2022-09-08,CSCO,0.30278624,0.29890389,0.29766084
2022-09-08,IBM,0.0156536,0.01581498,0.015585699
2022-09-08,INTC,0.1949445,0.1942212,0.19378069
2022-09-08,MSFT,0.0015511353,0.0015585126,0.0015328851
2022-09-08,NKE,2.2113322e-05,2.2326665e-05,2.2155225e-05
2022-09-08,VZ,0.0011961505,0.0011994283,0.0011882403
2022-09-08,WMT,0.00021458876,0.00021578032,0.00021271126
2022-09-09,AAPL,0.0093883801,0.0095331788,0.0093421987
2022-09-09,AMGN,6.3918624e-06,6.4690788e-06,6.3775743e-06
2022-09-09,CRM,5.9440198e-06,5.9893691e-06,5.8688417e-06
2022-09-09,CSCO,0.30120682,0.29783851,0.29836636
2022-09-09,IBM,0.015240496,0.015470046,0.015273506
2022-09-09,INTC,0.1950319,0.19500556,0.19462703
2022-09-09,MSFT,0.0015099741,0.0015235399,0.0014994463
2022-09-09,NKE,2.1299421e-05,2.1663334e-05,2.1534251e-05
2022-09-09,VZ,0.0011623778,0.0011739389,0.0011658267
2022-09-09,WMT,0.00020630836,0.00020938648,0.00020555619
2022-09-12,AAPL,0.0092449154,0.0094010063,0.0091710403
2022-09-12,AMGN,6.1739142e-06,6.2859124e-06,6.190086e-06
2022-09-12,CRM,5.818455e-06,5.8827051e-06,5.8106934e-06
2022-09-12,CSCO,0.29864727,0.29567052,0.29503955
2022-09-12,IBM,0.014983252,0.015133052,0.014959845
2022-09-12,INTC,0.19281449,0.19303692,0.19275691
2022-09-12,MSFT,0.0014775384,0.0014871355,0.0014706971
2022-09-12,NKE,2.0785694e-05,2.1042763e-05,2.0934808e-05
2022-09-12,VZ,0.0011388023,0.0011462074,0.0011379567
2022-09-12,WMT,0.00020216486,0.00020286935,0.00019984653
2022-09-13,AAPL,0.0092526333,0.0092994711,0.0091144947
2022-09-13,AMGN,5.9690408e-06,6.0852443e-06,5.9848489e-06
2022-09-13,CRM,5.7746189e-06,5.7702084e-06,5.7164497e-06
2022-09-13,CSCO,0.29838692,0.29292671,0.29279689
2022-09-13,IBM,0.014640269,0.01478782,0.014620062
2022-09-13,INTC,0.19303843,0.19207684,0.19100984
2022-09-13,MSFT,0.0014514828,0.0014536198,0.0014365276
2022-09-13,NKE,2.0343732e-05,2.0500451e-05,2.0371265e-05
2022-09-13,VZ,0.0011125599,0.0011203645,0.0011063781
2022-09-13,WMT,0.00019545199,0.00019760789,0.00019431521
2022-09-14,AAPL,0.0090698039,0.0092874494,0.0090433895
2022-09-14,AMGN,5.8301789e-06,5.9622484e-06,5.7970397e-06
2022-09-14,CRM,5.7470499e-06,5.8182279e-06,5.7332085e-06
2022-09-14,CSCO,0.29727209,0.29498476,0.29458417
2022-09-14,IBM,0.014386556,0.014492907,0.014409779
2022-09-14,INTC,0.19188164,0.19194361,0.19126023
2022-09-14,MSFT,0.0014173104,0.0014379251,0.001409692
2022-09-14,NKE,1.9798148e-05,2.0053995e-05,1.9903596e-05
2022-09-14,VZ,0.0010944039,0.0011010823,0.0010870866
2022-09-14,WMT,0.00019234824,0.00019255777,0.00019021931
2022-09-15,AAPL,0.0090704527,0.009193947,0.0089441443
2022-09-15,AMGN,5.6149723e-06,5.7731326e-06,5.6088474e-06
2022-09-15,CRM,5.7659457e-06,5.7619515e-06,5.6394138e-06
2022-09-15,CSCO,0.29543097,0.29162388,0.29222471
2022-09-15,IBM,0.014135539,0.014257533,0.014149013
2022-09-15,INTC,0.19162864,0.19144031,0.19042601
2022-09-15,MSFT,0.0014004723,0.0014081309,0.0013782431
2022-09-15,NKE,1.9188438e-05,1.9367391e-05,1.9273944e-05
2022-09-15,VZ,0.0010579019,0.0010683799,0.0010556331
2022-09-15,WMT,0.00018599095,0.00018793932,0.00018464815
2022-09-16,AAPL,0.0091070052,0.009214946,0.0090642522
2022-09-16,AMGN,5.4338679e-06,5.565197e-06,5.4452434e-06
2022-09-16,CRM,5.6809936e-06,5.7212676e-06,5.617318e-06
2022-09-16,CSCO,0.29616865,0.29159237,0.29164937
2022-09-16,IBM,0.013936111,0.014073359,0.013965734
2022-09-16,INTC,0.19274648,0.19082334,0.19067446
2022-09-16,MSFT,0.0013787705,0.0013810392,0.001367855
2022-09-16,NKE,1.8715305e-05,1.8944279e-05,1.8840404e-05
2022-09-16,VZ,0.0010387262,0.0010438994,0.0010336801
2022-09-16,WMT,0.00018118208,0.00018255512,0.00018017201
2022-09-19,AAPL,0.0090049566,0.0091809076,0.0089667361
2022-09-19,AMGN,5.3502153e-06,5.418851e-06,5.3408004e-06
2022-09-19,CRM,5.4723067e-06,5.5765157e-06,5.4978899e-06
2022-09-19,CSCO,0.2927383,0.28957102,0.28988906
2022-09-19,IBM,0.013734112,0.013832142,0.013650604
2022-09-19,INTC,0.19161756,0.19208707,0.19128415
2022-09-19,MSFT,0.0013438739,0.0013551071,0.0013393471
2022-09-19,NKE,1.8295177e-05,1.8548426e-05,1.8407411e-05
2022-09-19,VZ,0.0010306428,0.0010297015,0.0010251809
2022-09-19,WMT,0.00018080254,0.0001802972,0.00017830557
2022-09-20,AAPL,0.0089234684,0.0091260584,0.0087919658
2022-09-20,AMGN,5.2213058e-06,5.3325107e-06,5.2081744e-06
2022-09-20,CRM,5.2949051e-06,5.4182281e-06,5.2502132e-06
2022-09-20,CSCO,0.29435527,0.29329902,0.28990986
2022-09-20,IBM,0.013570208,0.013738154,0.013564258
2022-09-20,INTC,0.191009,0.19147727,0.19179767
2022-09-20,MSFT,0.0013338712,0.0013402278,0.0013258795
2022-09-20,NKE,1.7728218e-05,1.8039008e-05,1.7940574e-05
2022-09-20,VZ,0.0010223113,0.0010248001,0.0010189014
2022-09-20,WMT,0.00017954236,0.00017940405,0.00017732448
2022-09-21,AAPL,0.0087428075,0.0089396513,0.008608494
2022-09-21,AMGN,4.9665503e-06,5.1261688e-06,4.976697e-06
2022-09-21,CRM,5.0786844e-06,5.2014183e-06,5.0045321e-06
2022-09-21,CSCO,0.28965822,0.28837229,0.28607091
2022-09-21,IBM,0.013312929,0.013459408,0.01327622
2022-09-21,INTC,0.18960553,0.18949635,0.18753983
2022-09-21,MSFT,0.0013040288,0.0013197433,0.0012918803
2022-09-21,NKE,1.7204964e-05,1.7449012e-05,1.7173561e-05
2022-09-21,VZ,0.00099330847,0.001000217,0.00099293974
2022-09-21,WMT,0.00017340564,0.00017579562,0.00017245246
2022-09-22,AAPL,0.0086382973,0.0088191066,0.0084998155
2022-09-22,AMGN,4.8056999e-06,4.9210214e-06,4.7982676e-06
2022-09-22,CRM,5.0640786e-06,5.1405824e-06,4.983407e-06
2022-09-22,CSCO,0.28861001,0.28800368,0.28319107
2022-09-22,IBM,0.01318662,0.013318171,0.01311472
2022-09-22,INTC,0.1863618,0.18710737,0.18459843
2022-09-22,MSFT,0.0012680902,0.0012821937,0.0012515342
2022-09-22,NKE,1.6876037e-05,1.7042566e-05,1.6824959e-05
2022-09-22,VZ,0.00096783924,0.00097887998,0.0009603095
2022-09-22,WMT,0.00016783536,0.00017036484,0.00016690682
2022-09-23,AAPL,0.0087239508,0.0087927192,0.0086297259
2022-09-23,AMGN,4.6980845e-06,4.7923435e-06,4.6947625e-06
2022-09-23,CRM,5.2334767e-06,5.2530772e-06,5.1305716e-06
2022-09-23,CSCO,0.29420134,0.29091849,0.29011333
2022-09-23,IBM,0.013235,0.013388124,0.013166986
2022-09-23,INTC,0.18720454,0.18785509,0.18601552
2022-09-23,MSFT,0.0012666409,0.0012711458,0.0012535829
2022-09-23,NKE,1.6750904e-05,1.690748e-05,1.6819025e-05
2022-09-23,VZ,0.00094912684,0.00096274652,0.00094942758
2022-09-23,WMT,0.00016331001,0.00016508997,0.00016295623
2022-09-26,AAPL,0.0086578696,0.0087480606,0.0085563746
2022-09-26,AMGN,4.6556683e-06,4.6957686e-06,4.6108399e-06
2022-09-26,CRM,5.2841503e-06,5.2709689e-06,5.1974976e-06
2022-09-26,CSCO,0.2923647,0.28839422,0.28805713
2022-09-26,IBM,0.013044281,0.013130061,0.012992641
2022-09-26,INTC,0.18511869,0.18546551,0.18341506
2022-09-26,MSFT,0.0012528708,0.0012551344,0.0012391836
2022-09-26,NKE,1.6411863e-05,1.6607698e-05,1.6376976e-05
2022-09-26,VZ,0.00092489098,0.00093240137,0.00092070541
2022-09-26,WMT,0.00015766477,0.00016008962,0.0001575299
2022-09-27,AAPL,0.0085558349,0.0087052339,0.0083899491
2022-09-27,AMGN,4.5108017e-06,4.6052528e-06,4.4761418e-06
2022-09-27,CRM,5.0564443e-06,5.146907e-06,5.013858e-06
2022-09-27,CSCO,0.28729821,0.28563032,0.28216405
2022-09-27,IBM,0.012803286,0.012915401,0.012686948
2022-09-27,INTC,0.18123855,0.18202081,0.17962925
2022-09-27,MSFT,0.0012211967,0.001230551,0.0012095387
2022-09-27,NKE,1.607294e-05,1.6284304e-05,1.5959296e-05
2022-09-27,VZ,0.00090857843,0.00091065886,0.00089863282
2022-09-27,WMT,0.00015691506,0.00015774065,0.00015468167
2022-09-28,AAPL,0.0083574555,0.0085657402,0.0082654415
2022-09-28,AMGN,4.4633198e-06,4.5652142e-06,4.4054402e-06
2022-09-28,CRM,4.7722657e-06,5.0331585e-06,4.6880386e-06
2022-09-28,CSCO,0.28342215,0.28655588,0.2804277
2022-09-28,IBM,0.012653676,0.012819466,0.012530114
2022-09-28,INTC,0.17935962,0.18134403,0.1776764
2022-09-28,MSFT,0.0011918071,0.0012171289,0.0011826304
2022-09-28,NKE,1.567875e-05,1.6056351e-05,1.5609961e-05
2022-09-28,VZ,0.0009030765,0.00091043752,0.00089580213
2022-09-28,WMT,0.00015622686,0.0001574498,0.000154264
2022-09-29,AAPL,0.0083036072,0.008365858,0.0079684273
2022-09-29,AMGN,4.4008243e-06,4.4842231e-06,4.3358107e-06
2022-09-29,CRM,4.4939677e-06,4.6859868e-06,4.3241303e-06
2022-09-29,CSCO,0.27640412,0.28019221,0.26835343
2022-09-29,IBM,0.012491118,0.012664205,0.012282512
2022-09-29,INTC,0.17663095,0.17908042,0.1724413
2022-09-29,MSFT,0.0011720784,0.0011943803,0.0011411969
2022-09-29,NKE,1.5221952e-05,1.5542073e-05,1.4895303e-05
2022-09-29,VZ,0.00087639609,0.00088993391,0.00085604555
2022-09-29,WMT,0.00015224359,0.00015459577,0.00014978325
2022-09-30,AAPL,0.0079551656,0.0082752619,0.0079265957
2022-09-30,AMGN,4.2998962e-06,4.451129e-06,4.2699834e-06
2022-09-30,CRM,4.3007468e-06,4.543117e-06,4.2277758e-06
2022-09-30,CSCO,0.2671948,0.27640726,0.26407973
2022-09-30,IBM,0.012115202,0.01249688,0.012059018
2022-09-30,INTC,0.17023457,0.17685217,0.1691722
2022-09-30,MSFT,0.0011245236,0.0011643565,0.0011200388
2022-09-30,NKE,1.4768444e-05,1.5265678e-05,1.4643177e-05
2022-09-30,VZ,0.00085138597,0.00087752948,0.00084472822
2022-09-30,WMT,0.00014822948,0.00015216318,0.00014720509
2022-10-03,AAPL,0.007981481,0.0080737305,0.0079347721
2022-10-03,AMGN,4.3039986e-06,4.2936773e-06,4.2673486e-06
2022-10-03,CRM,4.3382249e-06,4.3821884e-06,4.3260505e-06
2022-10-03,CSCO,0.26937776,0.26970409,0.2671017
2022-10-03,IBM,0.011955389,0.01208818,0.011964831
2022-10-03,INTC,0.16954275,0.17065754,0.16958873
2022-10-03,MSFT,0.001117228,0.0011193039,0.0011146888
2022-10-03,NKE,1.4736959e-05,1.486766e-05,1.4750303e-05
2022-10-03,VZ,0.00084986241,0.00085125098,0.00084697979
2022-10-03,WMT,0.00014791445,0.00014813879,0.00014730758
2022-10-04,AAPL,0.0077631062,0.00792511,0.0077282266
2022-10-04,AMGN,4.0942343e-06,4.2054324e-06,4.1197941e-06
2022-10-04,CRM,4.0602555e-06,4.1854977e-06,4.1150248e-06
2022-10-04,CSCO,0.26626621,0.26644129,0.26356961
2022-10-04,IBM,0.011655234,0.011781157,0.011649147
2022-10-04,INTC,0.16627213,0.16667567,0.16645693
2022-10-04,MSFT,0.0010862917,0.0010995576,0.0010834298
2022-10-04,NKE,1.4220632e-05,1.4486841e-05,1.4323821e-05
2022-10-04,VZ,0.00083849339,0.00083874877,0.00083679148
2022-10-04,WMT,0.00014674168,0.00014674927,0.00014528878
2022-10-05,AAPL,0.0077862239,0.0078748717,0.0076604987
2022-10-05,AMGN,3.8228609e-06,3.959264e-06,3.8696666e-06
2022-10-05,CRM,3.9828397e-06,4.0307462e-06,3.9798965e-06
2022-10-05,CSCO,0.26745597,0.26514743,0.26313433
2022-10-05,IBM,0.011570545,0.011644626,0.011512035
2022-10-05,INTC,0.16734681,0.1670333,0.16582646
2022-10-05,MSFT,0.0010669605,0.0010681879,0.0010592634
2022-10-05,NKE,1.396649e-05,1.4117607e-05,1.3974989e-05
2022-10-05,VZ,0.00082947113,0.00082906532,0.00082773176
2022-10-05,WMT,0.00014307362,0.0001444916,0.00014241935
2022-10-06,AAPL,0.0077951767,0.0078640719,0.0077475267
2022-10-06,AMGN,3.7110434e-06,3.7683573e-06,3.7348095e-06
2022-10-06,CRM,4.0397461e-06,4.0558836e-06,3.9976569e-06
2022-10-06,CSCO,0.26846158,0.26473974,0.26500011
2022-10-06,IBM,0.011418742,0.011494125,0.011394787
2022-10-06,INTC,0.16793788,0.16819747,0.1681214
2022-10-06,MSFT,0.0010474108,0.0010515142,0.0010442025
2022-10-06,NKE,1.3711004e-05,1.3854016e-05,1.3816534e-05
2022-10-06,VZ,0.000818424,0.00081963242,0.00081963242
2022-10-06,WMT,0.00014007932,0.00014075688,0.00013960286
2022-10-07,AAPL,0.0076728313,0.0077651218,0.0075947503
2022-10-07,AMGN,3.5844025e-06,3.6574177e-06,3.6038072e-06
2022-10-07,CRM,4.0034571e-06,4.0501044e-06,3.9579158e-06
2022-10-07,CSCO,0.26653171,0.26344766,0.26378995
2022-10-07,IBM,0.011172506,0.01128075,0.011176192
2022-10-07,INTC,0.16635795,0.16610981,0.16561978
2022-10-07,MSFT,0.0010173748,0.001026276,0.0010126621
2022-10-07,NKE,1.3434031e-05,1.359079e-05,1.35255e-05
2022-10-07,VZ,0.00080227129,0.00080593634,0.00079992648
2022-10-07,WMT,0.00013565421,0.00013687823,0.00013492968
2022-10-10,AAPL,0.0076369724,0.0076820489,0.0075168526
2022-10-10,AMGN,3.4896753e-06,3.5474591e-06,3.477475e-06
2022-10-10,CRM,3.9693634e-06,3.9725583e-06,3.9094605e-06
2022-10-10,CSCO,0.26056915,0.25866231,0.25781905
2022-10-10,IBM,0.010920235,0.011025345,0.010910662
2022-10-10,INTC,0.16345916,0.16339457,0.16258399
2022-10-10,MSFT,0.0009819257,0.00098510783,0.00097328379
2022-10-10,NKE,1.3197583e-05,1.3315677e-05,1.3181863e-05
2022-10-10,VZ,0.0007801149,0.00078557931,0.00077922213
2022-10-10,WMT,0.00012979841,0.00013176159,0.00012935541
2022-10-11,AAPL,0.0075684846,0.0076679026,0.0075355061
2022-10-11,AMGN,3.3622414e-06,3.4329587e-06,3.3910027e-06
2022-10-11,CRM,3.8912899e-06,3.931901e-06,3.8622351e-06
2022-10-11,CSCO,0.25775664,0.25627603,0.25452755
2022-10-11,IBM,0.01069932,0.010809356,0.010675729
2022-10-11,INTC,0.16130939,0.16174657,0.16086238
2022-10-11,MSFT,0.00095205907,0.00095971505,0.00094859068
2022-10-11,NKE,1.2913592e-05,1.3111703e-05,1.2986893e-05
2022-10-11,VZ,0.00076755909,0.00077281523,0.00076484112
2022-10-11,WMT,0.00012661413,0.00012725822,0.00012567224
2022-10-12,AAPL,0.0074763157,0.0075782618,0.007454199
2022-10-12,AMGN,3.2922516e-06,3.3339182e-06,3.3150704e-06
2022-10-12,CRM,3.8482444e-06,3.9097266e-06,3.8416649e-06
2022-10-12,CSCO,0.25629658,0.25502139,0.25486525
2022-10-12,IBM,0.010391252,0.01054968,0.010462969
2022-10-12,INTC,0.15887955,0.16041865,0.15910524
2022-10-12,MSFT,0.0009226292,0.00093483346,0.00092636916
2022-10-12,NKE,1.2645994e-05,1.2841194e-05,1.2780631e-05
2022-10-12,VZ,0.00075558063,0.00076330036,0.00075475728
2022-10-12,WMT,0.00012471062,0.00012565783,0.0001242066
2022-10-13,AAPL,0.0073951987,0.0075109946,0.007375
2022-10-13,AMGN,3.196253e-06,3.2430323e-06,3.2001931e-06
2022-10-13,CRM,3.8491473e-06,3.8708529e-06,3.8066406e-06
2022-10-13,CSCO,0.25355294,0.25273708,0.25130923
2022-10-13,IBM,0.010117671,0.010250133,0.010162583
2022-10-13,INTC,0.15598215,0.15661719,0.15620426
2022-10-13,MSFT,0.00089893366,0.00090505353,0.00089415459
2022-10-13,NKE,1.2289327e-05,1.2444437e-05,1.239181e-05
2022-10-13,VZ,0.00073591915,0.00074027074,0.00073737719
2022-10-13,WMT,0.000120968,0.000122705,0.00012054745
2022-10-14,AAPL,0.0073796364,0.0074402791,0.0073025328
2022-10-14,AMGN,2.9916715e-06,3.0990807e-06,3.0115008e-06
2022-10-14,CRM,3.7380649e-06,3.7718303e-06,3.7021548e-06
2022-10-14,CSCO,0.25137137,0.24838462,0.24733598
2022-10-14,IBM,0.0099009163,0.010004096,0.0099219241
2022-10-14,INTC,0.15236882,0.15183563,0.15126797
2022-10-14,MSFT,0.00086816767,0.0008772601,0.00086284328
2022-10-14,NKE,1.196834e-05,1.2069935e-05,1.1918318e-05
2022-10-14,VZ,0.00071275364,0.00071581151,0.0007080444
2022-10-14,WMT,0.00011697459,0.00011834123,0.00011618159
2022-10-17,AAPL,0.0073979785,0.0074705772,0.007322634
2022-10-17,AMGN,2.8655344e-06,2.9470029e-06,2.8915652e-06
2022-10-17,CRM,3.6982658e-06,3.7215128e-06,3.6704563e-06
2022-10-17,CSCO,0.25229505,0.24876805,0.24870192
2022-10-17,IBM,0.0098285439,0.0098956726,0.0098265866
2022-10-17,INTC,0.1540222,0.15357869,0.15209569
2022-10-17,MSFT,0.00085604986,0.00085363018,0.00084778108
2022-10-17,NKE,1.1792298e-05,1.19299e-05,1.1831796e-05
2022-10-17,VZ,0.00070429468,0.00070668817,0.00070072431
2022-10-17,WMT,0.00011339805,0.00011460632,0.00011271134
2022-10-18,AAPL,0.0074136076,0.0074700912,0.0073407858
2022-10-18,AMGN,2.7996883e-06,2.8362538e-06,2.8025535e-06
2022-10-18,CRM,3.701632e-06,3.7246715e-06,3.6762718e-06
2022-10-18,CSCO,0.25339739,0.2496087,0.25074724
2022-10-18,IBM,0.0097489699,0.0098122511,0.0097604672
2022-10-18,INTC,0.15495407,0.15529931,0.15490455
2022-10-18,MSFT,0.00084678041,0.00084780782,0.00084055817
2022-10-18,NKE,1.1509303e-05,1.165754e-05,1.165601e-05
2022-10-18,VZ,0.00069904578,0.0007016001,0.00069805954
2022-10-18,WMT,0.000111401,0.00011186983,0.00011060787
2022-10-19,AAPL,0.0073215718,0.0074597203,0.007272836
2022-10-19,AMGN,2.7027449e-06,2.7630341e-06,2.7163675e-06
2022-10-19,CRM,3.6380972e-06,3.6917705e-06,3.6264792e-06
2022-10-19,CSCO,0.25400442,0.25147864,0.25152895
2022-10-19,IBM,0.0095661544,0.0096754878,0.0096265943
2022-10-19,INTC,0.15313705,0.15357041,0.15395998
2022-10-19,MSFT,0.00082959484,0.00083704384,0.00082526703
2022-10-19,NKE,1.1177369e-05,1.136844e-05,1.1369746e-05
2022-10-19,VZ,0.00068517996,0.00068960072,0.00068521664
2022-10-19,WMT,0.00010955774,0.00010999848,0.00010911525
2022-10-20,AAPL,0.007157522,0.0072641339,0.0070056964
2022-10-20,AMGN,2.5703097e-06,2.6464742e-06,2.5670339e-06
2022-10-20,CRM,3.4955956e-06,3.5367984e-06,3.4357964e-06
2022-10-20,CSCO,0.24859628,0.24683217,0.24454928
2022-10-20,IBM,0.0093689499,0.0094466,0.0093725507
2022-10-20,INTC,0.15047035,0.14995364,0.14860625
2022-10-20,MSFT,0.00080187006,0.00080675875,0.00079671296
2022-10-20,NKE,1.0855755e-05,1.0972905e-05,1.0801364e-05
2022-10-20,VZ,0.00066158262,0.0006659826,0.00065950231
2022-10-20,WMT,0.00010525429,0.00010684589,0.0001045415
2022-10-21,AAPL,0.007113704,0.00725008,0.0069660825
2022-10-21,AMGN,2.4741209e-06,2.5375382e-06,2.4671664e-06
2022-10-21,CRM,3.4909778e-06,3.5148207e-06,3.3961887e-06
2022-10-21,CSCO,0.24576258,0.24523062,0.24127827
2022-10-21,IBM,0.0093094277,0.009365672,0.0092478626
2022-10-21,INTC,0.14806945,0.14878477,0.14615906
2022-10-21,MSFT,0.00078207069,0.00078778486,0.00077001469
2022-10-21,NKE,1.0759222e-05,1.0826154e-05,1.0667479e-05
2022-10-21,VZ,0.00064200865,0.00064789078,0.00063891995
2022-10-21,WMT,0.0001013627,0.00010303092,0.00010083633
2022-10-24,AAPL,0.0071727737,0.0071895064,0.0070705601
2022-10-24,AMGN,2.4056232e-06,2.4591272e-06,2.4051692e-06
2022-10-24,CRM,3.557822e-06,3.5837343e-06,3.4710022e-06
2022-10-24,CSCO,0.2467645,0.24508894,0.24313308
2022-10-24,IBM,0.0093147558,0.009388037,0.0092648925
2022-10-24,INTC,0.14840676,0.14895271,0.14672105
2022-10-24,MSFT,0.00078101685,0.00078152641,0.00077351561
2022-10-24,NKE,1.0735638e-05,1.0819677e-05,1.0705614e-05
2022-10-24,VZ,0.00062791388,0.0006375897,0.00062629383
2022-10-24,WMT,9.9758968e-05,0.00010027755,9.9022966e-05
2022-10-25,AAPL,0.0069973347,0.007142956,0.0069432607
2022-10-25,AMGN,2.3827497e-06,2.4068081e-06,2.3749539e-06
2022-10-25,CRM,3.5675803e-06,3.6079644e-06,3.5060114e-06
2022-10-25,CSCO,0.2440847,0.24286235,0.24098269
2022-10-25,IBM,0.0091665323,0.0092562569,0.0090924558
2022-10-25,INTC,0.14614822,0.14736507,0.14503839
2022-10-25,MSFT,0.00076998549,0.00077403148,0.00076320992
2022-10-25,NKE,1.0523274e-05,1.066076e-05,1.0476946e-05
2022-10-25,VZ,0.00061398338,0.00062066301,0.0006103855
2022-10-25,WMT,9.7184682e-05,9.8249372e-05,9.6873917e-05
2022-10-26,AAPL,0.0068743344,0.0070075596,0.0067519648
2022-10-26,AMGN,2.3082907e-06,2.3534367e-06,2.3052084e-06
2022-10-26,CRM,3.4391703e-06,3.536597e-06,3.3794408e-06
2022-10-26,CSCO,0.23815088,0.23896447,0.2339072
2022-10-26,IBM,0.0089762223,0.0090931958,0.0089154655
2022-10-26,INTC,0.14241363,0.14393377,0.14083474
2022-10-26,MSFT,0.00074779663,0.00075885872,0.00074151619
2022-10-26,NKE,1.0250272e-05,1.0453211e-05,1.0189463e-05
2022-10-26,VZ,0.0005977819,0.00060188184,0.00059318531
2022-10-26,WMT,9.6194895e-05,9.7143541e-05,9.5432266e-05
2022-10-27,AAPL,0.0067935721,0.0069355344,0.0067101613
2022-10-27,AMGN,2.2836622e-06,2.3295698e-06,2.260297e-06
2022-10-27,CRM,3.2791017e-06,3.4244068e-06,3.2303456e-06
2022-10-27,CSCO,0.23491347,0.23783609,0.2322065
2022-10-27,IBM,0.0088773759,0.0090054027,0.0087986266
2022-10-27,INTC,0.14123085,0.14230115,0.13995132
2022-10-27,MSFT,0.000725912,0.00074275197,0.00072375333
2022-10-27,NKE,9.9260578e-06,1.020349e-05,9.8863795e-06
2022-10-27,VZ,0.00059296699,0.00059947552,0.00058959758
2022-10-27,WMT,9.5311132e-05,9.6167472e-05,9.4506591e-05
2022-10-28,AAPL,0.0067281156,0.0067877426,0.0063974837
2022-10-28,AMGN,2.2478113e-06,2.2998928e-06,2.2046243e-06
2022-10-28,CRM,3.0543024e-06,3.2110844e-06,2.9301812e-06
2022-10-28,CSCO,0.22764957,0.231861,0.21953563
2022-10-28,IBM,0.0087449476,0.0088505976,0.0085768442
2022-10-28,INTC,0.13863018,0.14090037,0.13481098
2022-10-28,MSFT,0.00070839196,0.0007201745,0.00068910644
2022-10-28,NKE,9.6572141e-06,9.8630125e-06,9.3818619e-06
2022-10-28,VZ,0.0005793425,0.00058665468,0.0005584287
2022-10-28,WMT,9.3533003e-05,9.4501125e-05,9.1492558e-05
2022-10-31,AAPL,0.0064372218,0.0067403448,0.0063873546
2022-10-31,AMGN,2.2047173e-06,2.2773068e-06,2.1926297e-06
2022-10-31,CRM,2.9153368e-06,3.0865621e-06,2.8718962e-06
2022-10-31,CSCO,0.21940678,0.2272263,0.21703742
2022-10-31,IBM,0.0084476979,0.0087085324,0.0084181563
2022-10-31,INTC,0.13393057,0.13915721,0.13279484
2022-10-31,MSFT,0.00067988578,0.00070592592,0.00067491494
2022-10-31,NKE,9.3569519e-06,9.6956338e-06,9.2746221e-06
2022-10-31,VZ,0.00056127661,0.00057986163,0.00055740517
2022-10-31,WMT,9.1118841e-05,9.3675219e-05,9.0714783e-05
2022-11-01,AAPL,0.0063939344,0.0065145536,0.0063769252
2022-11-01,AMGN,2.1743277e-06,2.1885806e-06,2.1736031e-06
2022-11-01,CRM,2.9348579e-06,2.9904899e-06,2.954481e-06
2022-11-01,CSCO,0.21957129,0.22008102,0.2188197
2022-11-01,IBM,0.00837471,0.0084845447,0.0083972686
2022-11-01,INTC,0.13272842,0.1342087,0.13337554
2022-11-01,MSFT,0.00067403987,0.00067734498,0.00067735463
2022-11-01,NKE,9.2565873e-06,9.3605033e-06,9.2943778e-06
2022-11-01,VZ,0.00055583369,0.00055882549,0.00055538444
2022-11-01,WMT,9.0981736e-05,9.1273023e-05,9.0650579e-05
2022-11-02,AAPL,0.0062298409,0.0063811086,0.006284654
2022-11-02,AMGN,2.0675287e-06,2.1174933e-06,2.0912089e-06
2022-11-02,CRM,2.8271344e-06,2.8669328e-06,2.8581386e-06
2022-11-02,CSCO,0.21658698,0.21658249,0.21545861
2022-11-02,IBM,0.0081540569,0.0082674171,0.0081928519
2022-11-02,INTC,0.12984048,0.13035171,0.13040658
2022-11-02,MSFT,0.00065077161,0.00065969238,0.0006543412
2022-11-02,NKE,8.9693792e-06,9.0871735e-06,8.9916695e-06
2022-11-02,VZ,0.00053821848,0.00054285627,0.00054017332
2022-11-02,WMT,8.9365907e-05,8.9944325e-05,8.9239405e-05
2022-11-03,AAPL,0.0062720111,0.0063607221,0.006173058
2022-11-03,AMGN,1.9800311e-06,2.0309176e-06,1.98983e-06
2022-11-03,CRM,2.8125317e-06,2.8412142e-06,2.787815e-06
2022-11-03,CSCO,0.21880142,0.21555245,0.21515484
2022-11-03,IBM,0.0081488092,0.0081932145,0.008115276
2022-11-03,INTC,0.13102722,0.13019717,0.1298493
2022-11-03,MSFT,0.00063805793,0.00063640308,0.0006320811
2022-11-03,NKE,8.7513664e-06,8.8580465e-06,8.7459061e-06
2022-11-03,VZ,0.00053039085,0.00052902173,0.00052793753
2022-11-03,WMT,8.7523653e-05,8.7702152e-05,8.6920438e-05
2022-11-04,AAPL,0.0062238252,0.0063190352,0.0061980748
2022-11-04,AMGN,1.9616643e-06,1.9797577e-06,1.9649801e-06
2022-11-04,CRM,2.7816e-06,2.817528e-06,2.7536172e-06
2022-11-04,CSCO,0.21586043,0.21360181,0.21387083
2022-11-04,IBM,0.0080648636,0.0080965967,0.0080222161
2022-11-04,INTC,0.1322836,0.13140912,0.13122818
2022-11-04,MSFT,0.00062753473,0.00062826276,0.00062300286
2022-11-04,NKE,8.5748339e-06,8.6980152e-06,8.6150493e-06
2022-11-04,VZ,0.00052316984,0.00052391905,0.00052348161
2022-11-04,WMT,8.525362e-05,8.5454757e-05,8.4688891e-05
2022-11-07,AAPL,0.0061733181,0.006240249,0.0061186362
2022-11-07,AMGN,1.9145528e-06,1.939982e-06,1.9250597e-06
2022-11-07,CRM,2.7097116e-06,2.7697134e-06,2.7101402e-06
2022-11-07,CSCO,0.21575103,0.21291335,0.2136838
2022-11-07,IBM,0.0079375813,0.0080290386,0.007935501
2022-11-07,INTC,0.13172321,0.13154984,0.13142979
2022-11-07,MSFT,0.00061804198,0.00062026781,0.00061048286
2022-11-07,NKE,8.3288036e-06,8.434314e-06,8.4098208e-06
2022-11-07,VZ,0.00051738293,0.0005207059,0.00051869776
2022-11-07,WMT,8.4312319e-05,8.4031932e-05,8.3262396e-05
2022-11-08,AAPL,0.0060402252,0.0061931446,0.0060475438
2022-11-08,AMGN,1.8688009e-06,1.9038029e-06,1.8724569e-06
2022-11-08,CRM,2.6761816e-06,2.7113478e-06,2.6392261e-06
2022-11-08,CSCO,0.2148847,0.21368437,0.21333444
2022-11-08,IBM,0.0077727268,0.0078957054,0.0077717997
2022-11-08,INTC,0.13073572,0.13135123,0.13078701
2022-11-08,MSFT,0.0006014522,0.00060825297,0.00060019633
2022-11-08,NKE,8.0302144e-06,8.1915824e-06,8.1150358e-06
2022-11-08,VZ,0.00050506966,0.00051216367,0.000508226
2022-11-08,WMT,8.1949387e-05,8.2688695e-05,8.1584691e-05
2022-11-09,AAPL,0.0060180134,0.0060675128,0.0058859789
2022-11-09,AMGN,1.7928292e-06,1.8312139e-06,1.7954586e-06
2022-11-09,CRM,2.6366315e-06,2.6436423e-06,2.6033869e-06
2022-11-09,CSCO,0.21378508,0.21057963,0.20963398
2022-11-09,IBM,0.0076627454,0.0077493342,0.0076372861
2022-11-09,INTC,0.13006244,0.12924674,0.12827711
2022-11-09,MSFT,0.00059026643,0.00059250876,0.00058437281
2022-11-09,NKE,7.8333255e-06,7.9004521e-06,7.7625832e-06
2022-11-09,VZ,0.00049073394,0.00049328344,0.00048955994
2022-11-09,WMT,7.8868365e-05,7.9586647e-05,7.8301481e-05
2022-11-10,AAPL,0.0059500577,0.0060554756,0.0059087831
2022-11-10,AMGN,1.7520202e-06,1.7756074e-06,1.749827e-06
2022-11-10,CRM,2.6202181e-06,2.6378115e-06,2.6101646e-06
2022-11-10,CSCO,0.21307878,0.21096919,0.21015251
2022-11-10,IBM,0.0075605473,0.0076487798,0.007536629
2022-11-10,INTC,0.13038894,0.13001726,0.12912869
2022-11-10,MSFT,0.00058124325,0.0005820071,0.00057553632
2022-11-10,NKE,7.659503e-06,7.7650491e-06,7.6926543e-06
2022-11-10,VZ,0.00048330739,0.00048651774,0.0004817899
2022-11-10,WMT,7.6604663e-05,7.7213748e-05,7.6112175e-05
2022-11-11,AAPL,0.0059372583,0.0059945457,0.0058858699
2022-11-11,AMGN,1.7224775e-06,1.7415874e-06,1.7211398e-06
2022-11-11,CRM,2.6154848e-06,2.6338309e-06,2.6004318e-06
2022-11-11,CSCO,0.21576287,0.21295335,0.21329055
2022-11-11,IBM,0.0075056897,0.0075557857,0.0074957061
2022-11-11,INTC,0.1316746,0.13140658,0.13087845
2022-11-11,MSFT,0.0005767056,0.00057710503,0.00057076186
2022-11-11,NKE,7.51607e-06,7.6123203e-06,7.5757211e-06
2022-11-11,VZ,0.00047816205,0.00047844318,0.00047746356
2022-11-11,WMT,7.5400397e-05,7.5579582e-05,7.4546739e-05
2022-11-14,AAPL,0.0058621138,0.0059561105,0.005835862
2022-11-14,AMGN,1.6647318e-06,1.6921232e-06,1.6698524e-06
2022-11-14,CRM,2.5782084e-06,2.5883259e-06,2.5810591e-06
2022-11-14,CSCO,0.21530019,0.21173974,0.21276928
2022-11-14,IBM,0.0073457264,0.0074275498,0.0073237954
2022-11-14,INTC,0.13161026,0.1309667,0.13117573
2022-11-14,MSFT,0.00057016404,0.00057156522,0.00056376779
2022-11-14,NKE,7.3435707e-06,7.4193945e-06,7.4003777e-06
2022-11-14,VZ,0.00047012349,0.00047157647,0.00047092357
2022-11-14,WMT,7.3172073e-05,7.3732547e-05,7.2585535e-05
2022-11-15,AAPL,0.0058487283,0.0058992414,0.0057552112
2022-11-15,AMGN,1.58965e-06,1.6228583e-06,1.5963581e-06
2022-11-15,CRM,2.5129902e-06,2.5344797e-06,2.498262e-06
2022-11-15,CSCO,0.21756973,0.21365433,0.21335339
2022-11-15,IBM,0.0072842883,0.0073430864,0.0072469595
2022-11-15,INTC,0.13259139,0.1309377,0.13103813
2022-11-15,MSFT,0.00055952603,0.00055940193,0.00055344653
2022-11-15,NKE,7.1693409e-06,7.2360696e-06,7.1961932e-06
2022-11-15,VZ,0.00046099088,0.0004622052,0.00045933389
2022-11-15,WMT,7.1246946e-05,7.1635973e-05,7.0551778e-05
2022-11-16,AAPL,0.0058488512,0.005907431,0.0058387018
2022-11-16,AMGN,1.5254658e-06,1.5573659e-06,1.5383791e-06
2022-11-16,CRM,2.5508218e-06,2.5342518e-06,2.5532976e-06
2022-11-16,CSCO,0.22119753,0.21615025,0.2183063
2022-11-16,IBM,0.0071879669,0.0072351985,0.0072034745
2022-11-16,INTC,0.13415325,0.13335505,0.13410401
2022-11-16,MSFT,0.00055401191,0.00055490052,0.00055054952
2022-11-16,NKE,7.0000315e-06,7.0855053e-06,7.0724033e-06
2022-11-16,VZ,0.00045242817,0.0004531196,0.00045579675
2022-11-16,WMT,6.9045815e-05,6.9600883e-05,6.8840541e-05
2022-11-17,AAPL,0.0058077421,0.0058647865,0.0056991259
2022-11-17,AMGN,1.4566789e-06,1.4870657e-06,1.4491952e-06
2022-11-17,CRM,2.4889674e-06,2.5129418e-06,2.4696473e-06
2022-11-17,CSCO,0.22026917,0.21637962,0.21558189
2022-11-17,IBM,0.0070635689,0.007128903,0.0070548399
2022-11-17,INTC,0.13388945,0.1331409,0.13287937
2022-11-17,MSFT,0.00054339891,0.0005461849,0.00053600792
2022-11-17,NKE,6.8133091e-06,6.8818872e-06,6.8582949e-06
2022-11-17,VZ,0.00043986424,0.00044223833,0.0004400421
2022-11-17,WMT,6.7052849e-05,6.7234521e-05,6.6510794e-05
2022-11-18,AAPL,0.0057641287,0.0058506476,0.0057005327
2022-11-18,AMGN,1.3914767e-06,1.4313792e-06,1.3915805e-06
2022-11-18,CRM,2.4294609e-06,2.4500009e-06,2.3953057e-06
2022-11-18,CSCO,0.22027738,0.21666693,0.2160928
2022-11-18,IBM,0.0069796642,0.0070448571,0.0069846223
2022-11-18,INTC,0.13452114,0.1337233,0.13309345
2022-11-18,MSFT,0.00053193456,0.00053375834,0.00052631937
2022-11-18,NKE,6.6170001e-06,6.6898852e-06,6.6765858e-06
2022-11-18,VZ,0.0004250607,0.00042888481,0.00042484902
2022-11-18,WMT,6.4928396e-05,6.5209755e-05,6.4540054e-05
2022-11-21,AAPL,0.0057237404,0.0058217486,0.0056145182
2022-11-21,AMGN,1.3297864e-06,1.3785809e-06,1.3318688e-06
2022-11-21,CRM,2.4350837e-06,2.4492693e-06,2.3931808e-06
2022-11-21,CSCO,0.21902397,0.21755695,0.2157005
2022-11-21,IBM,0.0069246484,0.0070021637,0.0069207806
2022-11-21,INTC,0.13466746,0.13479937,0.13404445
2022-11-21,MSFT,0.00052660645,0.00053061611,0.00051933657
2022-11-21,NKE,6.5551326e-06,6.5984935e-06,6.5452592e-06
2022-11-21,VZ,0.00041091568,0.00041618186,0.00041053431
2022-11-21,WMT,6.2978128e-05,6.3598501e-05,6.2798607e-05
2022-11-22,AAPL,0.0057874119,0.0058159171,0.0056274235
2022-11-22,AMGN,1.2591798e-06,1.3083621e-06,1.2604244e-06
2022-11-22,CRM,2.4121827e-06,2.4401756e-06,2.3625259e-06
2022-11-22,CSCO,0.2193186,0.21688473,0.21419465
2022-11-22,IBM,0.0069359704,0.0069639305,0.0068678262
2022-11-22,INTC,0.13532655,0.13567167,0.13327347
2022-11-22,MSFT,0.00052947633,0.000529105,0.00052073789
2022-11-22,NKE,6.4894986e-06,6.5197761e-06,6.4334085e-06
2022-11-22,VZ,0.00040142591,0.00040595153,0.00039854739
2022-11-22,WMT,6.0831699e-05,6.1320914e-05,6.0453226e-05
2022-11-23,AAPL,0.0057466082,0.005812129,0.0056455953
2022-11-23,AMGN,1.245227e-06,1.2655991e-06,1.2357331e-06
2022-11-23,CRM,2.4033423e-06,2.440967e-06,2.3520645e-06
2022-11-23,CSCO,0.21586361,0.21581735,0.21364013
2022-11-23,IBM,0.0068678905,0.0069265368,0.0068134836
2022-11-23,INTC,0.1351529,0.13481389,0.13352941
2022-11-23,MSFT,0.0005271768,0.00052819035,0.00052065829
2022-11-23,NKE,6.3667364e-06,6.4376709e-06,6.3377634e-06
2022-11-23,VZ,0.00039637779,0.00039986295,0.00039553011
2022-11-23,WMT,5.9236886e-05,5.993164e-05,5.899842e-05
2022-11-25,AAPL,0.005675354,0.0057685048,0.0056380673
2022-11-25,AMGN,1.2204482e-06,1.2435382e-06,1.2167564e-06
2022-11-25,CRM,2.3416721e-06,2.4175337e-06,2.3258607e-06
2022-11-25,CSCO,0.2129442,0.21498363,0.21194412
2022-11-25,IBM,0.0067610405,0.0068346329,0.006762094
2022-11-25,INTC,0.13195656,0.133728,0.13196694
2022-11-25,MSFT,0.00051852673,0.00052309392,0.00051453842
2022-11-25,NKE,6.2681364e-06,6.3556478e-06,6.2697736e-06
2022-11-25,VZ,0.00039177963,0.00039367156,0.00038959787
2022-11-25,WMT,5.9204864e-05,5.9602916e-05,5.8913788e-05
2022-11-28,AAPL,0.005512663,0.0056401626,0.0055015205
2022-11-28,AMGN,1.1933551e-06,1.2208656e-06,1.1857487e-06
2022-11-28,CRM,2.2177865e-06,2.32442e-06,2.1883983e-06
2022-11-28,CSCO,0.20803181,0.21198455,0.20697354
2022-11-28,IBM,0.0065820109,0.0067168938,0.0065680886
2022-11-28,INTC,0.12733727,0.12973407,0.12725053
2022-11-28,MSFT,0.00049892581,0.00051150457,0.00050018505
2022-11-28,NKE,6.0630157e-06,6.2396131e-06,6.0556803e-06
2022-11-28,VZ,0.0003877526,0.00039261145,0.00038741618
2022-11-28,WMT,5.8845168e-05,5.9508103e-05,5.8454614e-05
2022-11-29,AAPL,0.00539636,0.0054900007,0.0050601328
2022-11-29,AMGN,1.1790292e-06,1.1968316e-06,1.1459952e-06
2022-11-29,CRM,2.0751326e-06,2.1548688e-06,1.9988446e-06
2022-11-29,CSCO,0.20095704,0.20386707,0.1926918
2022-11-29,IBM,0.0064563465,0.0065422448,0.0063054288
2022-11-29,INTC,0.12407425,0.12658886,0.12085557
2022-11-29,MSFT,0.00048532739,0.00049346408,0.0004709231
2022-11-29,NKE,5.9008496e-06,6.0215578e-06,5.6846094e-06
2022-11-29,VZ,0.00037905144,0.00038363398,0.00036417698
2022-11-29,WMT,5.7226091e-05,5.8199191e-05,5.6122433e-05
2022-11-30,AAPL,0.0052059319,0.0054407553,0.0051506114
2022-11-30,AMGN,1.1587526e-06,1.1956396e-06,1.1527124e-06
2022-11-30,CRM,1.9832502e-06,2.0907144e-06,1.9596696e-06
2022-11-30,CSCO,0.19420649,0.20078697,0.19293948
2022-11-30,IBM,0.0062580521,0.0064302659,0.0062295937
2022-11-30,INTC,0.12013991,0.12480667,0.11922234
2022-11-30,MSFT,0.00046875463,0.00048686179,0.00046527125
2022-11-30,NKE,5.7398989e-06,5.921487e-06,5.6876814e-06
2022-11-30,VZ,0.00036933759,0.0003806511,0.00036668595
2022-11-30,WMT,5.6076123e-05,5.7534224e-05,5.5836884e-05
2022-12-01,AAPL,0.0052145331,0.0052793532,0.0051835487
2022-12-01,AMGN,1.1520334e-06,1.1566335e-06,1.1404476e-06
2022-12-01,CRM,2.0220153e-06,2.0366151e-06,2.0086505e-06
2022-12-01,CSCO,0.19695248,0.19615711,0.19509729
2022-12-01,IBM,0.0062729487,0.0063123649,0.0062690018
2022-12-01,INTC,0.12075509,0.12121243,0.12001965
2022-12-01,MSFT,0.00047265602,0.00047160766,0.00047049699
2022-12-01,NKE,5.7019366e-06,5.7482944e-06,5.7126191e-06
2022-12-01,VZ,0.00036713743,0.00036806912,0.00036713406
2022-12-01,WMT,5.6027423e-05,5.6125958e-05,5.5837877e-05
2022-12-02,AAPL,0.0051331405,0.0052247067,0.0050944887
2022-12-02,AMGN,1.1019966e-06,1.1278537e-06,1.1054514e-06
2022-12-02,CRM,1.9947909e-06,2.0112764e-06,1.9921392e-06
2022-12-02,CSCO,0.19609119,0.19552356,0.19499619
2022-12-02,IBM,0.0062140674,0.0062674158,0.0062033292
2022-12-02,INTC,0.11973125,0.11970283,0.11913108
2022-12-02,MSFT,0.00046549104,0.00047048977,0.00046198571
2022-12-02,NKE,5.6163424e-06,5.6555756e-06,5.6071438e-06
2022-12-02,VZ,0.00035902347,0.00036070084,0.00035934108
2022-12-02,WMT,5.5683106e-05,5.5575469e-05,5.5350774e-05
2022-12-05,AAPL,0.0051545339,0.0051858742,0.005030669
2022-12-05,AMGN,1.0698593e-06,1.080655e-06,1.0608587e-06
2022-12-05,CRM,1.9436855e-06,1.9678987e-06,1.9300383e-06
2022-12-05,CSCO,0.19513523,0.19257716,0.19086593
2022-12-05,IBM,0.0061774037,0.0062061286,0.006115724
2022-12-05,INTC,0.12052171,0.11973466,0.1178708
2022-12-05,MSFT,0.00045810429,0.00045568956,0.00044815085
2022-12-05,NKE,5.4986647e-06,5.5078351e-06,5.4537547e-06
2022-12-05,VZ,0.00035334915,0.00035456388,0.000350203
2022-12-05,WMT,5.4300274e-05,5.4601286e-05,5.3912892e-05
2022-12-06,AAPL,0.005107388,0.005186215,0.005084085
2022-12-06,AMGN,1.071863e-06,1.0795151e-06,1.0678265e-06
2022-12-06,CRM,1.9155343e-06,1.960243e-06,1.9119609e-06
2022-12-06,CSCO,0.19591792,0.19405727,0.19375071
2022-12-06,IBM,0.0061783348,0.0062262672,0.006153069
2022-12-06,INTC,0.12135344,0.12141672,0.12090089
2022-12-06,MSFT,0.00045258807,0.00045549768,0.00044869319
2022-12-06,NKE,5.4022859e-06,5.4940853e-06,5.4403291e-06
2022-12-06,VZ,0.00035034806,0.00035287495,0.00035018864
2022-12-06,WMT,5.4225237e-05,5.4166013e-05,5.3664433e-05
2022-12-07,AAPL,0.0051076605,0.0051605905,0.005037487
2022-12-07,AMGN,1.0481583e-06,1.0548254e-06,1.0444638e-06
2022-12-07,CRM,1.8611768e-06,1.896557e-06,1.8647061e-06
2022-12-07,CSCO,0.19534767,0.19267258,0.19290247
2022-12-07,IBM,0.0061410505,0.006196469,0.0061262148
2022-12-07,INTC,0.12206769,0.12143218,0.12100102
2022-12-07,MSFT,0.00044822311,0.00044828375,0.00044318513
2022-12-07,NKE,5.2129568e-06,5.2710701e-06,5.2544754e-06
2022-12-07,VZ,0.00034125905,0.00034525191,0.00034154984
2022-12-07,WMT,5.3080311e-05,5.3031436e-05,5.2567086e-05
2022-12-08,AAPL,0.005074369,0.0051298775,0.0050035462
2022-12-08,AMGN,1.0296198e-06,1.0375227e-06,1.0215041e-06
2022-12-08,CRM,1.820252e-06,1.8550721e-06,1.8007458e-06
2022-12-08,CSCO,0.19353811,0.19113358,0.19098275
2022-12-08,IBM,0.0060188726,0.0060891925,0.0059923242
2022-12-08,INTC,0.12099134,0.12043328,0.11940922
2022-12-08,MSFT,0.00043799997,0.000441296,0.00043388548
2022-12-08,NKE,5.0546432e-06,5.107536e-06,5.0397886e-06
2022-12-08,VZ,0.00032944592,0.00033387552,0.00032941314
2022-12-08,WMT,5.1564747e-05,5.1838719e-05,5.1160299e-05
2022-12-09,AAPL,0.0049841913,0.0050861542,0.0049695983
2022-12-09,AMGN,1.0028396e-06,1.0148297e-06,9.9794917e-07
2022-12-09,CRM,1.7516749e-06,1.8007495e-06,1.7604746e-06
2022-12-09,CSCO,0.19207136,0.19068918,0.19017766
2022-12-09,IBM,0.0059450531,0.0060159357,0.0059376185
2022-12-09,INTC,0.12000055,0.12007362,0.11957592
2022-12-09,MSFT,0.00042701318,0.0004292386,0.00042499947
2022-12-09,NKE,4.8889444e-06,4.9718569e-06,4.9410491e-06
2022-12-09,VZ,0.00032092795,0.00032463346,0.00032035709
2022-12-09,WMT,5.0987768e-05,5.0861028e-05,5.0373303e-05
2022-12-12,AAPL,0.0049322724,0.0049903065,0.0048449029
2022-12-12,AMGN,9.7461796e-07,9.8520936e-07,9.6965547e-07
2022-12-12,CRM,1.6858228e-06,1.7251698e-06,1.6767496e-06
2022-12-12,CSCO,0.19115759,0.18818553,0.18759552
2022-12-12,IBM,0.0058576973,0.0059226391,0.0058405863
2022-12-12,INTC,0.11953921,0.11888638,0.11794808
2022-12-12,MSFT,0.00041866295,0.00042062041,0.00041592
2022-12-12,NKE,4.7263504e-06,4.7854948e-06,4.7427748e-06
2022-12-12,VZ,0.00031190984,0.00031517525,0.00031062838
2022-12-12,WMT,4.9835809e-05,4.9814252e-05,4.9266597e-05
2022-12-13,AAPL,0.00490616,0.0049798061,0.0048217261
2022-12-13,AMGN,9.6462211e-07,9.7047647e-07,9.5611547e-07
2022-12-13,CRM,1.6334414e-06,1.6684255e-06,1.617258e-06
2022-12-13,CSCO,0.18954025,0.18742922,0.18692722
2022-12-13,IBM,0.0057825443,0.0058311733,0.0057469847
2022-12-13,INTC,0.11944544,0.11880159,0.11776069
2022-12-13,MSFT,0.00041194581,0.00041282538,0.00040866166
2022-12-13,NKE,4.6048775e-06,4.6397047e-06,4.5947259e-06
2022-12-13,VZ,0.00030426865,0.00030717125,0.00030189873
2022-12-13,WMT,4.8856015e-05,4.8682503e-05,4.8181806e-05
2022-12-14,AAPL,0.0048386125,0.0049138052,0.0047400076
2022-12-14,AMGN,9.4316846e-07,9.5537378e-07,9.3723181e-07
2022-12-14,CRM,1.5473847e-06,1.5990723e-06,1.5422734e-06
2022-12-14,CSCO,0.18513419,0.18386026,0.18198278
2022-12-14,IBM,0.0056889162,0.0057540213,0.0056460011
2022-12-14,INTC,0.11833136,0.1182366,0.1167935
2022-12-14,MSFT,0.00040232786,0.00040546083,0.00039713438
2022-12-14,NKE,4.4586913e-06,4.5101629e-06,4.45756e-06
2022-12-14,VZ,0.00029896721,0.00030150519,0.0002958063
2022-12-14,WMT,4.8590647e-05,4.8344331e-05,4.774829e-05
2022-12-15,AAPL,0.0047850331,0.0048913041,0.004776598
2022-12-15,AMGN,9.2218318e-07,9.3910448e-07,9.2593409e-07
2022-12-15,CRM,1.5085616e-06,1.5596324e-06,1.5077755e-06
2022-12-15,CSCO,0.1850973,0.18556316,0.18334798
2022-12-15,IBM,0.0056628417,0.0057115252,0.0056528885
2022-12-15,INTC,0.11780473,0.11842621,0.11738584
2022-12-15,MSFT,0.00039507482,0.0004012788,0.00039466868
2022-12-15,NKE,4.3187342e-06,4.4105608e-06,4.3489683e-06
2022-12-15,VZ,0.00029759126,0.00030082075,0.00029590141
2022-12-15,WMT,4.8390455e-05,4.8386437e-05,4.7779385e-05
2022-12-16,AAPL,0.0047177859,0.0047920878,0.0046633949
2022-12-16,AMGN,9.0284717e-07,9.132467e-07,9.0264499e-07
2022-12-16,CRM,1.4540881e-06,1.4940407e-06,1.4444098e-06
2022-12-16,CSCO,0.18254907,0.18182137,0.17943409
2022-12-16,IBM,0.0055618457,0.0056345588,0.0055279297
2022-12-16,INTC,0.11662852,0.11658276,0.11552892
2022-12-16,MSFT,0.00038820194,0.0003913655,0.0003864773
2022-12-16,NKE,4.1299274e-06,4.2095404e-06,4.1307811e-06
2022-12-16,VZ,0.00029272393,0.00029541353,0.0002910697
2022-12-16,WMT,4.7636323e-05,4.7689629e-05,4.7130485e-05
2022-12-19,AAPL,0.0046553965,0.0047517542,0.0046217023
2022-12-19,AMGN,8.8907873e-07,8.9411011e-07,8.8436705e-07
2022-12-19,CRM,1.3540673e-06,1.4202431e-06,1.3606252e-06
2022-12-19,CSCO,0.17913462,0.17904666,0.17646674
2022-12-19,IBM,0.0054888761,0.0055647477,0.0054409952
2022-12-19,INTC,0.11577418,0.11602835,0.11406643
2022-12-19,MSFT,0.00037929173,0.00038422244,0.00037826108
2022-12-19,NKE,3.9259574e-06,4.0189061e-06,3.9488131e-06
2022-12-19,VZ,0.00028834981,0.00029043903,0.0002873508
2022-12-19,WMT,4.7145326e-05,4.7174314e-05,4.6550479e-05
2022-12-20,AAPL,0.0045938899,0.0046739502,0.0045449905
2022-12-20,AMGN,8.7723536e-07,8.8753387e-07,8.7718914e-07
2022-12-20,CRM,1.3341248e-06,1.3621369e-06,1.3200106e-06
2022-12-20,CSCO,0.1796238,0.17940983,0.17750485
2022-12-20,IBM,0.0054698708,0.0055201133,0.005429985
2022-12-20,INTC,0.11654248,0.11633123,0.1158396
2022-12-20,MSFT,0.00037662261,0.00037864769,0.000375034
2022-12-20,NKE,3.8142295e-06,3.8892073e-06,3.8343883e-06
2022-12-20,VZ,0.0002834492,0.00028528902,0.00028409581
2022-12-20,WMT,4.6429675e-05,4.6504982e-05,4.6029497e-05
2022-12-21,AAPL,0.0044806778,0.0045669823,0.0043205046
2022-12-21,AMGN,8.4890709e-07,8.5987034e-07,8.4634588e-07
2022-12-21,CRM,1.2816529e-06,1.3143481e-06,1.2611097e-06
2022-12-21,CSCO,0.17636557,0.17514709,0.17223512
2022-12-21,IBM,0.0054370485,0.0054881076,0.0053684338
2022-12-21,INTC,0.11534141,0.11496215,0.1131468
2022-12-21,MSFT,0.00037056093,0.00037512833,0.00036494428
2022-12-21,NKE,3.738587e-06,3.7767332e-06,3.6966865e-06
2022-12-21,VZ,0.00027759089,0.00028011686,0.00027507947
2022-12-21,WMT,4.5382301e-05,4.5747529e-05,4.4978632e-05
2022-12-22,AAPL,0.0044524663,0.0045269521,0.0044401337
2022-12-22,AMGN,8.3670457e-07,8.5087386e-07,8.3343011e-07
2022-12-22,CRM,1.2798063e-06,1.2991278e-06,1.2755032e-06
2022-12-22,CSCO,0.17908536,0.17788377,0.17681612
2022-12-22,IBM,0.00541023,0.0054674815,0.0053956215
2022-12-22,INTC,0.11654402,0.1166693,0.11583317
2022-12-22,MSFT,0.00036729693,0.00036967823,0.00036268081
2022-12-22,NKE,3.6489681e-06,3.7101365e-06,3.679832e-06
2022-12-22,VZ,0.00027317651,0.00027555949,0.0002732744
2022-12-22,WMT,4.4262965e-05,4.4719139e-05,4.4133199e-05
2022-12-23,AAPL,0.0044067332,0.0044601481,0.004357856
2022-12-23,AMGN,8.3130087e-07,8.3884457e-07,8.2344402e-07
2022-12-23,CRM,1.3055537e-06,1.3153754e-06,1.2895539e-06
2022-12-23,CSCO,0.18025909,0.1786638,0.1782276
2022-12-23,IBM,0.0053747613,0.0054076182,0.005350329
2022-12-23,INTC,0.11641528,0.11593161,0.11618949
2022-12-23,MSFT,0.00036933385,0.00037058759,0.00036522179
2022-12-23,NKE,3.6115432e-06,3.6493833e-06,3.6485976e-06
2022-12-23,VZ,0.00026870621,0.00027000143,0.00026851986
2022-12-23,WMT,4.3711296e-05,4.3637183e-05,4.3525441e-05
2022-12-27,AAPL,0.0044212641,0.0044635814,0.0043718996
2022-12-27,AMGN,8.1049649e-07,8.2134889e-07,8.10662e-07
2022-12-27,CRM,1.2904222e-06,1.309262e-06,1.2661673e-06
2022-12-27,CSCO,0.17819564,0.17642166,0.17483725
2022-12-27,IBM,0.0052618886,0.0053201422,0.0052332981
2022-12-27,INTC,0.11662359,0.1157072,0.11560531
2022-12-27,MSFT,0.0003653782,0.0003659136,0.00036256463
2022-12-27,NKE,3.5201388e-06,3.5648578e-06,3.5309296e-06
2022-12-27,VZ,0.00026433199,0.00026547228,0.00026360854
2022-12-27,WMT,4.2444167e-05,4.2739949e-05,4.2418435e-05
2022-12-28,AAPL,0.0042972232,0.004384167,0.0043356736
2022-12-28,AMGN,8.0374601e-07,8.1925628e-07,7.9924002e-07
2022-12-28,CRM,1.2345184e-06,1.2992454e-06,1.2239861e-06
2022-12-28,CSCO,0.17323282,0.1757377,0.17271843
2022-12-28,IBM,0.0051038855,0.0052057295,0.005097515
2022-12-28,INTC,0.1131235,0.11521395,0.11385995
2022-12-28,MSFT,0.00035560246,0.00036290539,0.00035632375
2022-12-28,NKE,3.4149864e-06,3.5343057e-06,3.4588472e-06
2022-12-28,VZ,0.00026172825,0.00026420055,0.00026060931
2022-12-28,WMT,4.2138933e-05,4.2518492e-05,4.1981066e-05
2022-12-29,AAPL,0.0043215326,0.0043050882,0.0041707008
2022-12-29,AMGN,7.9645144e-07,8.0809391e-07,7.8820367e-07
2022-12-29,CRM,1.1856225e-06,1.2303108e-06,1.1393159e-06
2022-12-29,CSCO,0.17014835,0.17054505,0.16588302
2022-12-29,IBM,0.0050791992,0.0051441662,0.0049832079
2022-12-29,INTC,0.11056066,0.11184718,0.10876457
2022-12-29,MSFT,0.00034906785,0.00035365313,0.00034128505
2022-12-29,NKE,3.333417e-06,3.3723577e-06,3.275635e-06
2022-12-29,VZ,0.00025604693,0.00025879399,0.00025295536
2022-12-29,WMT,4.1226195e-05,4.1788266e-05,4.0703751e-05
2022-12-30,AAPL,0.0040863931,0.0042513344,0.0040729038
2022-12-30,AMGN,7.6518776e-07,7.9330445e-07,7.6688358e-07
2022-12-30,CRM,1.1114146e-06,1.1797349e-06,1.0974387e-06
2022-12-30,CSCO,0.1623183,0.16823529,0.16085599
2022-12-30,IBM,0.0048783564,0.0050430367,0.0048635081
2022-12-30,INTC,0.10496373,0.10926892,0.10485715
2022-12-30,MSFT,0.00033067052,0.00034234087,0.00033051892
2022-12-30,NKE,3.2017257e-06,3.3036342e-06,3.1736252e-06
2022-12-30,VZ,0.00024660408,0.00025409633,0.0002449602
2022-12-30,WMT,3.9701475e-05,4.0748637e-05,3.9407995e-05
2023-01-03,AAPL,0.0041366681,0.0041698769,0.0040969825
2023-01-03,AMGN,7.6190958e-07,7.6151058e-07,7.5415553e-07
2023-01-03,CRM,1.1267484e-06,1.1395822e-06,1.1181728e-06
2023-01-03,CSCO,0.16432981,0.16337553,0.16291979
2023-01-03,IBM,0.0049018887,0.0049326641,0.0048966728
2023-01-03,INTC,0.10599903,0.10614911,0.10534121
2023-01-03,MSFT,0.0003305182,0.00032929788,0.00032958109
2023-01-03,NKE,3.1822738e-06,3.1998456e-06,3.1930054e-06
2023-01-03,VZ,0.00024433427,0.00024533434,0.00024440714
2023-01-03,WMT,3.9616718e-05,3.9614683e-05,3.9512071e-05
2023-01-04,AAPL,0.0040407232,0.0041539637,0.0040464833
2023-01-04,AMGN,7.3088021e-07,7.4557448e-07,7.348034e-07
2023-01-04,CRM,1.0623088e-06,1.0974977e-06,1.0694219e-06
2023-01-04,CSCO,0.16182192,0.16147472,0.16090505
2023-01-04,IBM,0.0048460093,0.0048810092,0.004834294
2023-01-04,INTC,0.10453406,0.10446521,0.10462699
2023-01-04,MSFT,0.00032047453,0.0003251665,0.00032060507
2023-01-04,NKE,3.0949967e-06,3.1309316e-06,3.1120143e-06
2023-01-04,VZ,0.00023950403,0.00023983106,0.00024033207
2023-01-04,WMT,3.9569746e-05,3.9237857e-05,3.9344722e-05
2023-01-05,AAPL,0.0040423304,0.004092957,0.0039551861
2023-01-05,AMGN,7.0040085e-07,7.1262074e-07,6.9802147e-07
2023-01-05,CRM,1.0056165e-06,1.038788e-06,1.0066272e-06
2023-01-05,CSCO,0.16025712,0.15851336,0.15767769
2023-01-05,IBM,0.0048181619,0.004836409,0.0047918394
2023-01-05,INTC,0.10458093,0.10369451,0.1032319
2023-01-05,MSFT,0.00031382376,0.00031348194,0.00030934883
2023-01-05,NKE,2.9583683e-06,2.9956443e-06,2.971674e-06
2023-01-05,VZ,0.00023551197,0.00023626304,0.00023461101
2023-01-05,WMT,3.9049637e-05,3.8845984e-05,3.8726542e-05
2023-01-06,AAPL,0.003975434,0.0040510969,0.0039422953
2023-01-06,AMGN,6.8605911e-07,6.9261685e-07,6.8572547e-07
2023-01-06,CRM,9.8050571e-07,1.0093609e-06,9.7779794e-07
2023-01-06,CSCO,0.15966689,0.15743088,0.15731701
2023-01-06,IBM,0.0048275401,0.0048442505,0.004783946
2023-01-06,INTC,0.10630492,0.10559823,0.10536399
2023-01-06,MSFT,0.00031402137,0.00031455578,0.00030958788
2023-01-06,NKE,2.8690067e-06,2.9243952e-06,2.895475e-06
2023-01-06,VZ,0.00023069765,0.00023300971,0.00023110973
2023-01-06,WMT,3.8450975e-05,3.8355205e-05,3.8276564e-05
2023-01-09,AAPL,0.0039238915,0.003998186,0.0038804345
2023-01-09,AMGN,6.6066434e-07,6.740089e-07,6.6566598e-07
2023-01-09,CRM,9.5773014e-07,9.7978317e-07,9.5693038e-07
2023-01-09,CSCO,0.16007887,0.15745867,0.15841658
2023-01-09,IBM,0.0047930975,0.0048507219,0.0047864192
2023-01-09,INTC,0.10754463,0.10680217,0.10723356
2023-01-09,MSFT,0.00031299315,0.00031346253,0.00030961689
2023-01-09,NKE,2.7615765e-06,2.8101531e-06,2.8190601e-06
2023-01-09,VZ,0.00022511789,0.00022772822,0.00022657424
2023-01-09,WMT,3.764884e-05,3.7635607e-05,3.752559e-05
2023-01-10,AAPL,0.0038575386,0.0039158067,0.0038187547
2023-01-10,AMGN,6.3638804e-07,6.4385041e-07,6.3842937e-07
2023-01-10,CRM,9.5960996e-07,9.6544969e-07,9.4892787e-07
2023-01-10,CSCO,0.1603997,0.15732465,0.15838108
2023-01-10,IBM,0.0047230242,0.0047635132,0.0047301836
2023-01-10,INTC,0.10850218,0.10754266,0.10794547
2023-01-10,MSFT,0.00030839669,0.00030730558,0.0003062309
2023-01-10,NKE,2.6947711e-06,2.7213372e-06,2.71989e-06
2023-01-10,VZ,0.00021739811,0.00021993999,0.00021904517
2023-01-10,WMT,3.6367769e-05,3.6655876e-05,3.6400067e-05
2023-01-11,AAPL,0.0037688438,0.0038690196,0.0037513151
2023-01-11,AMGN,6.1710847e-07,6.2461218e-07,6.1665564e-07
2023-01-11,CRM,9.5288699e-07,9.5845861e-07,9.5140414e-07
2023-01-11,CSCO,0.15927854,0.15706744,0.15796974
2023-01-11,IBM,0.0046662056,0.0047094616,0.0046753932
2023-01-11,INTC,0.10758852,0.10728264,0.10805074
2023-01-11,MSFT,0.00030286471,0.00030445882,0.00030186312
2023-01-11,NKE,2.6412336e-06,2.6654419e-06,2.6760016e-06
2023-01-11,VZ,0.00021044921,0.00021339865,0.00021167429
2023-01-11,WMT,3.5534082e-05,3.5635835e-05,3.5605506e-05
2023-01-12,AAPL,0.0037501853,0.0037993057,0.0036864578
2023-01-12,AMGN,6.009729e-07,6.0701429e-07,5.9772184e-07
2023-01-12,CRM,9.468593e-07,9.4797382e-07,9.4088429e-07
2023-01-12,CSCO,0.15833147,0.1548341,0.15619859
2023-01-12,IBM,0.0045827046,0.0046094548,0.0045972007
2023-01-12,INTC,0.10755201,0.10686409,0.10696406
2023-01-12,MSFT,0.00029801912,0.00029646886,0.00029608786
2023-01-12,NKE,2.566787e-06,2.5864297e-06,2.5888558e-06
2023-01-12,VZ,0.00020199926,0.00020495154,0.00020270481
2023-01-12,WMT,3.452859e-05,3.4517318e-05,3.4394765e-05
2023-01-13,AAPL,0.0037113689,0.003778212,0.0036562233
2023-01-13,AMGN,5.8341805e-07,5.9120376e-07,5.8127837e-07
2023-01-13,CRM,9.2943495e-07,9.4277716e-07,9.231123e-07
2023-01-13,CSCO,0.15676946,0.15372795,0.15454529
2023-01-13,IBM,0.004531397,0.0045678373,0.0045233023
2023-01-13,INTC,0.10793455,0.10730568,0.10682059
2023-01-13,MSFT,0.00029282375,0.00029252923,0.0002893585
2023-01-13,NKE,2.5018862e-06,2.5196096e-06,2.5194855e-06
2023-01-13,VZ,0.00019512045,0.00019736903,0.00019493347
2023-01-13,WMT,3.3705488e-05,3.3629226e-05,3.3465807e-05
2023-01-17,AAPL,0.0036712024,0.0037368285,0.0036128182
2023-01-17,AMGN,5.7137905e-07,5.7850851e-07,5.6656007e-07
2023-01-17,CRM,8.9498718e-07,9.1799932e-07,8.8842607e-07
2023-01-17,CSCO,0.15446826,0.15303173,0.15232605
2023-01-17,IBM,0.0044717286,0.0045102532,0.0044583883
2023-01-17,INTC,0.10810231,0.10779602,0.10714755
2023-01-17,MSFT,0.00028725289,0.00028761508,0.00028359863
2023-01-17,NKE,2.4398829e-06,2.4583587e-06,2.4525837e-06
2023-01-17,VZ,0.00018900761,0.00019107604,0.00018862905
2023-01-17,WMT,3.3086711e-05,3.2895932e-05,3.2745248e-05
2023-01-18,AAPL,0.0036567262,0.0037159907,0.0035899694
2023-01-18,AMGN,5.5247447e-07,5.6328475e-07,5.5137695e-07
2023-01-18,CRM,8.6514139e-07,8.8732022e-07,8.577298e-07
2023-01-18,CSCO,0.15448881,0.15203523,0.15208009
2023-01-18,IBM,0.0044452094,0.0044726057,0.004422622
2023-01-18,INTC,0.10910208,0.10832818,0.10789245
2023-01-18,MSFT,0.00028376202,0.00028367557,0.00027904593
2023-01-18,NKE,2.3700127e-06,2.3894689e-06,2.3766755e-06
2023-01-18,VZ,0.00018356443,0.00018533184,0.00018345696
2023-01-18,WMT,3.2837779e-05,3.2599753e-05,3.2437103e-05
2023-01-19,AAPL,0.0036065594,0.0036936588,0.0035782837
2023-01-19,AMGN,5.345877e-07,5.4319077e-07,5.3484217e-07
2023-01-19,CRM,8.406199e-07,8.6015609e-07,8.3256364e-07
2023-01-19,CSCO,0.15457546,0.15282169,0.15258554
2023-01-19,IBM,0.004379746,0.0044302143,0.004371675
2023-01-19,INTC,0.10952079,0.10917673,0.10888782
2023-01-19,MSFT,0.00027988376,0.00028092111,0.00027636867
2023-01-19,NKE,2.2954834e-06,2.33075e-06,2.3048146e-06
2023-01-19,VZ,0.00017801296,0.00018015124,0.0001780761
2023-01-19,WMT,3.208896e-05,3.2160344e-05,3.1753277e-05
2023-01-20,AAPL,0.0035865835,0.0036537424,0.0035459832
2023-01-20,AMGN,5.1970403e-07,5.2864746e-07,5.1808819e-07
2023-01-20,CRM,8.1568038e-07,8.3418491e-07,8.098456e-07
2023-01-20,CSCO,0.15544513,0.15346501,0.15337236
2023-01-20,IBM,0.0043444358,0.0043950276,0.0043483661
2023-01-20,INTC,0.11047571,0.10999166,0.10966831
2023-01-20,MSFT,0.00027690571,0.00027769157,0.00027542552
2023-01-20,NKE,2.230429e-06,2.2672725e-06,2.2529566e-06
2023-01-20,VZ,0.00017265129,0.00017439894,0.00017346888
2023-01-20,WMT,3.1699452e-05,3.1579773e-05,3.1438542e-05
2023-01-23,AAPL,0.0035605667,0.003633368,0.0034755081
2023-01-23,AMGN,4.9846834e-07,5.0610972e-07,4.976859e-07
2023-01-23,CRM,7.8982192e-07,8.0086893e-07,7.8228164e-07
2023-01-23,CSCO,0.15468483,0.15231332,0.15185712
2023-01-23,IBM,0.0043250232,0.0043667405,0.004306498
2023-01-23,INTC,0.11089558,0.11014344,0.10969601
2023-01-23,MSFT,0.00027429762,0.00027486177,0.00027207688
2023-01-23,NKE,2.175543e-06,2.1976791e-06,2.1820593e-06
2023-01-23,VZ,0.00016675424,0.00016885959,0.00016700591
2023-01-23,WMT,3.0873812e-05,3.1000349e-05,3.0589886e-05
2023-01-24,AAPL,0.0034817304,0.0035536041,0.0033816202
2023-01-24,AMGN,4.7654987e-07,4.9156737e-07,4.7653442e-07
2023-01-24,CRM,7.7380704e-07,7.8687474e-07,7.6250103e-07
2023-01-24,CSCO,0.15311951,0.15273747,0.15036394
2023-01-24,IBM,0.0043014652,0.0043483517,0.0042716663
2023-01-24,INTC,0.11097555,0.1112352,0.10879182
2023-01-24,MSFT,0.00026890733,0.00027147886,0.00026510293
2023-01-24,NKE,2.1324957e-06,2.1585345e-06,2.127495e-06
2023-01-24,VZ,0.00016175515,0.00016384516,0.00016039474
2023-01-24,WMT,3.0061708e-05,3.0409008e-05,2.983923e-05
2023-01-25,AAPL,0.0034743004,0.0035108541,0.0034116696
2023-01-25,AMGN,4.6789445e-07,4.767771e-07,4.6325896e-07
2023-01-25,CRM,7.7176711e-07,7.8380242e-07,7.6470616e-07
2023-01-25,CSCO,0.15367086,0.15254478,0.15057109
2023-01-25,IBM,0.0043091108,0.0043225986,0.0042737545
2023-01-25,INTC,0.11254383,0.11251643,0.11093533
2023-01-25,MSFT,0.00027067515,0.00027049657,0.00026718601
2023-01-25,NKE,2.1042977e-06,2.1337083e-06,2.1148621e-06
2023-01-25,VZ,0.00016009201,0.00016191805,0.00015886356
2023-01-25,WMT,2.9358525e-05,2.9590208e-05,2.9179443e-05
2023-01-26,AAPL,0.0034048019,0.00345045,0.0033581642
2023-01-26,AMGN,4.7006187e-07,4.7274088e-07,4.6224267e-07
2023-01-26,CRM,7.6648306e-07,7.764023e-07,7.5660411e-07
2023-01-26,CSCO,0.15076142,0.15053076,0.14933756
2023-01-26,IBM,0.0042209675,0.0042648457,0.0041916216
2023-01-26,INTC,0.11117947,0.11145023,0.10997984
2023-01-26,MSFT,0.00026951757,0.00027038155,0.00026712465
2023-01-26,NKE,2.074362e-06,2.0992861e-06,2.0639863e-06
2023-01-26,VZ,0.00015836577,0.0001599021,0.00015720177
2023-01-26,WMT,2.8676136e-05,2.885097e-05,2.8574972e-05
2023-01-27,AAPL,0.0033954108,0.0034524069,0.0033787475
2023-01-27,AMGN,4.6467764e-07,4.6890957e-07,4.6070676e-07
2023-01-27,CRM,7.3756117e-07,7.5650644e-07,7.3013131e-07
2023-01-27,CSCO,0.14685446,0.14797282,0.1452145
2023-01-27,IBM,0.0041251638,0.0041740789,0.0040979438
2023-01-27,INTC,0.1085324,0.10946907,0.10850848
2023-01-27,MSFT,0.00026264952,0.00026439231,0.00025980212
2023-01-27,NKE,2.0335069e-06,2.0677509e-06,2.0301204e-06
2023-01-27,VZ,0.00015616246,0.00015696235,0.00015547543
2023-01-27,WMT,2.8733544e-05,2.8881435e-05,2.8546211e-05
2023-01-30,AAPL,0.0033074445,0.0033707553,0.0032996408
2023-01-30,AMGN,4.5717341e-07,4.6458777e-07,4.5511097e-07
2023-01-30,CRM,7.0590044e-07,7.3664384e-07,6.9766313e-07
2023-01-30,CSCO,0.14414567,0.14620468,0.14284911
2023-01-30,IBM,0.0040548353,0.0041165278,0.0040349034
2023-01-30,INTC,0.1058355,0.10715689,0.10540124
2023-01-30,MSFT,0.00025359532,0.00026043963,0.00025474599
2023-01-30,NKE,1.9874772e-06,2.0387372e-06,1.9878563e-06
2023-01-30,VZ,0.00015538566,0.00015714424,0.00015554257
2023-01-30,WMT,2.8594537e-05,2.8816449e-05,2.8422631e-05
2023-01-31,AAPL,0.0032781526,0.0033268,0.0030316073
2023-01-31,AMGN,4.5528251e-07,4.604648e-07,4.4419519e-07
2023-01-31,CRM,6.7117926e-07,6.953414e-07,6.4068318e-07
2023-01-31,CSCO,0.14066748,0.14282872,0.13403937
2023-01-31,IBM,0.0040062115,0.0040609247,0.0039031624
2023-01-31,INTC,0.10434289,0.10605493,0.1012306
2023-01-31,MSFT,0.00024941118,0.00025378835,0.00024082188
2023-01-31,NKE,1.9486084e-06,1.9946478e-06,1.8759586e-06
2023-01-31,VZ,0.00015202141,0.00015363261,0.00014594498
2023-01-31,WMT,2.7732889e-05,2.8222811e-05,2.7260768e-05
2023-02-01,AAPL,0.0031419284,0.0032879632,0.0031105843
2023-02-01,AMGN,4.447868e-07,4.6009408e-07,4.4355982e-07
2023-02-01,CRM,6.4323246e-07,6.7959492e-07,6.328117e-07
2023-02-01,CSCO,0.13555614,0.14055575,0.13409252
2023-02-01,IBM,0.0038602645,0.003992289,0.0038486698
2023-02-01,INTC,0.1001406,0.10441808,0.099497436
2023-02-01,MSFT,0.00023785433,0.00024727373,0.00023563919
2023-02-01,NKE,1.8903823e-06,1.9565073e-06,1.8683297e-06
2023-02-01,VZ,0.00014697089,0.00015194797,0.00014594613
2023-02-01,WMT,2.6967809e-05,2.7777113e-05,2.6887648e-05
2023-02-02,AAPL,0.0031516966,0.0031964668,0.003141419
2023-02-02,AMGN,4.3751868e-07,4.4133793e-07,4.3590617e-07
2023-02-02,CRM,6.3907465e-07,6.5258361e-07,6.4000401e-07
2023-02-02,CSCO,0.13612621,0.13569102,0.13511516
2023-02-02,IBM,0.0038543826,0.003891507,0.0038648362
2023-02-02,INTC,0.10026092,0.10107101,0.10028924
2023-02-02,MSFT,0.00023766294,0.00023779854,0.00023753589
2023-02-02,NKE,1.8612167e-06,1.8832981e-06,1.8745865e-06
2023-02-02,VZ,0.00014511658,0.00014589008,0.0001455844
2023-02-02,WMT,2.6891099e-05,2.6960062e-05,2.6818737e-05
2023-02-03,AAPL,0.0030995777,0.0031728592,0.0031113943
2023-02-03,AMGN,4.1455684e-07,4.2347583e-07,4.1977301e-07
2023-02-03,CRM,6.2541932e-07,6.3840963e-07,6.2978889e-07
2023-02-03,CSCO,0.13558839,0.13512364,0.13486947
2023-02-03,IBM,0.0038411611,0.0038655892,0.0038325342
2023-02-03,INTC,0.10035773,0.10034551,0.10059406
2023-02-03,MSFT,0.00023291328,0.00023472689,0.00023266692
2023-02-03,NKE,1.825914e-06,1.8401625e-06,1.8382629e-06
2023-02-03,VZ,0.00014133581,0.00014265184,0.00014213528
2023-02-03,WMT,2.6393647e-05,2.6449618e-05,2.6393292e-05
2023-02-06,AAPL,0.0031112078,0.0031302264,0.0030641955
2023-02-06,AMGN,4.0222707e-07,4.056014e-07,4.014354e-07
2023-02-06,CRM,6.2051681e-07,6.2539404e-07,6.187621e-07
2023-02-06,CSCO,0.13424628,0.13210077,0.13226719
2023-02-06,IBM,0.0037909868,0.003808181,0.0037843428
2023-02-06,INTC,0.10059427,0.10017967,0.099653068
2023-02-06,MSFT,0.00022845408,0.00022719635,0.00022592456
2023-02-06,NKE,1.7764056e-06,1.790032e-06,1.7772902e-06
2023-02-06,VZ,0.000137715,0.00013883985,0.00013834683
2023-02-06,WMT,2.5610522e-05,2.5773697e-05,2.5650831e-05
2023-02-07,AAPL,0.0030823567,0.0031265666,0.0030554488
2023-02-07,AMGN,3.9675244e-07,3.9683261e-07,3.9419812e-07
2023-02-07,CRM,6.0818426e-07,6.2023766e-07,6.05934e-07
2023-02-07,CSCO,0.13257259,0.13024387,0.13158676
2023-02-07,IBM,0.0037594231,0.0037791304,0.0037452902
2023-02-07,INTC,0.10092487,0.10061721,0.10079246
2023-02-07,MSFT,0.00022523763,0.00022691479,0.00022287942
2023-02-07,NKE,1.7249036e-06,1.7471411e-06,1.7434331e-06
2023-02-07,VZ,0.00013451831,0.00013621905,0.00013486563
2023-02-07,WMT,2.5282239e-05,2.5186162e-05,2.5076578e-05
2023-02-08,AAPL,0.0030482483,0.0031074813,0.0030173172
2023-02-08,AMGN,3.860522e-07,3.8982932e-07,3.8713332e-07
2023-02-08,CRM,5.8739828e-07,6.0162429e-07,5.8899698e-07
2023-02-08,CSCO,0.1304304,0.1283483,0.12896372
2023-02-08,IBM,0.0036996849,0.0037367333,0.0036989274
2023-02-08,INTC,0.10135806,0.1007749,0.10084482
2023-02-08,MSFT,0.00022125157,0.00022199926,0.00021979526
2023-02-08,NKE,1.6663961e-06,1.6910124e-06,1.6874161e-06
2023-02-08,VZ,0.00013066565,0.00013234944,0.00013078744
2023-02-08,WMT,2.4584672e-05,2.4700867e-05,2.4549107e-05
2023-02-09,AAPL,0.0030216092,0.0030683928,0.0029931351
2023-02-09,AMGN,3.7557675e-07,3.8162275e-07,3.7606813e-07
2023-02-09,CRM,5.6927598e-07,5.8257109e-07,5.7090089e-07
2023-02-09,CSCO,0.12984441,0.12759853,0.12853517
2023-02-09,IBM,0.0036717164,0.0037003536,0.0036618119
2023-02-09,INTC,0.10198117,0.10144857,0.10177533
2023-02-09,MSFT,0.00021874505,0.00021831837,0.00021768014
2023-02-09,NKE,1.6031812e-06,1.624744e-06,1.6274488e-06
2023-02-09,VZ,0.00012732306,0.00012855758,0.00012771373
2023-02-09,WMT,2.4236207e-05,2.4162345e-05,2.4161511e-05
2023-02-10,AAPL,0.0029927671,0.0030317184,0.002964749
2023-02-10,AMGN,3.630099e-07,3.6954317e-07,3.643836e-07
2023-02-10,CRM,5.6289493e-07,5.6889864e-07,5.5894928e-07
2023-02-10,CSCO,0.12928079,0.12690201,0.12792738
2023-02-10,IBM,0.0036266906,0.0036647504,0.0036272431
2023-02-10,INTC,0.10227774,0.10168663,0.10179552
2023-02-10,MSFT,0.00021695313,0.00021709333,0.00021534538
2023-02-10,NKE,1.5545413e-06,1.5739463e-06,1.5685784e-06
2023-02-10,VZ,0.00012346389,0.00012514937,0.00012410854
2023-02-10,WMT,2.3419541e-05,2.3567435e-05,2.3480696e-05
2023-02-13,AAPL,0.0029313908,0.0029782068,0.0029004862
2023-02-13,AMGN,3.5635274e-07,3.596726e-07,3.5476055e-07
2023-02-13,CRM,5.3989952e-07,5.5095643e-07,5.3903821e-07
2023-02-13,CSCO,0.12802412,0.12552803,0.12697425
2023-02-13,IBM,0.0035871845,0.003608305,0.0035857033
2023-02-13,INTC,0.102182,0.10141471,0.10153732
2023-02-13,MSFT,0.00021237372,0.00021186739,0.0002112206
2023-02-13,NKE,1.5024687e-06,1.519993e-06,1.5099223e-06
2023-02-13,VZ,0.00012049601,0.00012134274,0.00012009101
2023-02-13,WMT,2.2939378e-05,2.2922961e-05,2.2790525e-05
2023-02-14,AAPL,0.0029366122,0.0029732307,0.0029071682
2023-02-14,AMGN,3.487019e-07,3.5414164e-07,3.4652475e-07
2023-02-14,CRM,5.1705591e-07,5.2825699e-07,5.1747523e-07
2023-02-14,CSCO,0.12700652,0.12497918,0.12611329
2023-02-14,IBM,0.0035441585,0.0035681842,0.0035407312
2023-02-14,INTC,0.10196467,0.10138588,0.10154513
2023-02-14,MSFT,0.00020978244,0.00020982273,0.00020876725
2023-02-14,NKE,1.4528358e-06,1.4729592e-06,1.4677062e-06
2023-02-14,VZ,0.00011804139,0.00011902668,0.0001177594
2023-02-14,WMT,2.2624455e-05,2.2536967e-05,2.2449983e-05
2023-02-15,AAPL,0.0029175658,0.0029714224,0.0028824424
2023-02-15,AMGN,3.4081851e-07,3.4479915e-07,3.3814413e-07
2023-02-15,CRM,4.8391291e-07,5.0040133e-07,4.8381617e-07
2023-02-15,CSCO,0.12548867,0.12411154,0.12377286
2023-02-15,IBM,0.003521659,0.0035397585,0.0034979061
2023-02-15,INTC,0.10196361,0.10117625,0.10127859
2023-02-15,MSFT,0.00020667723,0.00020726837,0.00020507803
2023-02-15,NKE,1.3857556e-06,1.4070291e-06,1.3971377e-06
2023-02-15,VZ,0.00011617433,0.00011696131,0.00011580585
2023-02-15,WMT,2.242462e-05,2.2256558e-05,2.2158263e-05
2023-02-16,AAPL,0.0028595883,0.0029161957,0.0028247811
2023-02-16,AMGN,3.3094689e-07,3.3854029e-07,3.3108643e-07
2023-02-16,CRM,4.5276572e-07,4.7359213e-07,4.5355768e-07
2023-02-16,CSCO,0.12430922,0.12328257,0.12255835
2023-02-16,IBM,0.0035070363,0.0035259732,0.0034898582
2023-02-16,INTC,0.10231765,0.1015398,0.10145421
2023-02-16,MSFT,0.00020463497,0.0002046895,0.00020253765
2023-02-16,NKE,1.3218333e-06,1.3475331e-06,1.3328235e-06
2023-02-16,VZ,0.00011469238,0.00011518028,0.00011409645
2023-02-16,WMT,2.2297056e-05,2.2123042e-05,2.1993504e-05
2023-02-17,AAPL,0.002804859,0.0028692698,0.0027920164
2023-02-17,AMGN,3.2320161e-07,3.2802216e-07,3.231092e-07
2023-02-17,CRM,4.4110637e-07,4.5515875e-07,4.3939457e-07
2023-02-17,CSCO,0.12339796,0.12265361,0.12209698
2023-02-17,IBM,0.0034695382,0.0035024939,0.0034574145
2023-02-17,INTC,0.10282102,0.10248112,0.10239408
2023-02-17,MSFT,0.00020263163,0.00020386165,0.00020094219
2023-02-17,NKE,1.2749463e-06,1.3021366e-06,1.2888107e-06
2023-02-17,VZ,0.00011285577,0.00011393122,0.00011264998
2023-02-17,WMT,2.1903546e-05,2.1902071e-05,2.1712583e-05
2023-02-21,AAPL,0.0027803388,0.0028384168,0.0027535924
2023-02-21,AMGN,3.1625469e-07,3.1909222e-07,3.1381607e-07
2023-02-21,CRM,4.1740257e-07,4.3162642e-07,4.1633349e-07
2023-02-21,CSCO,0.12334995,0.12188122,0.1213896
2023-02-21,IBM,0.0034440382,0.0034851724,0.0034147566
2023-02-21,INTC,0.10353015,0.10263138,0.10214777
2023-02-21,MSFT,0.00019947814,0.00020078307,0.00019745026
2023-02-21,NKE,1.2220274e-06,1.2460353e-06,1.2285647e-06
2023-02-21,VZ,0.00011095015,0.0001117225,0.00011077172
2023-02-21,WMT,2.1701092e-05,2.1598536e-05,2.139979e-05
2023-02-22,AAPL,0.0027319606,0.0027882656,0.0027101666
2023-02-22,AMGN,3.0966429e-07,3.1366065e-07,3.091652e-07
2023-02-22,CRM,4.04677e-07,4.1245282e-07,4.0355662e-07
2023-02-22,CSCO,0.12470473,0.12326339,0.12297855
2023-02-22,IBM,0.0034201449,0.0034493086,0.0034168575
2023-02-22,INTC,0.10434149,0.10328965,0.10381716
2023-02-22,MSFT,0.00019900348,0.00019928479,0.00019790446
2023-02-22,NKE,1.1839868e-06,1.2039329e-06,1.1958618e-06
2023-02-22,VZ,0.0001084229,0.0001092981,0.00010852028
2023-02-22,WMT,2.1286227e-05,2.127979e-05,2.1138163e-05
2023-02-23,AAPL,0.0026548075,0.0027208026,0.0025857628
2023-02-23,AMGN,2.9585139e-07,3.04625e-07,2.9512795e-07
2023-02-23,CRM,3.9241569e-07,4.0000549e-07,3.9029192e-07
2023-02-23,CSCO,0.12337342,0.12273501,0.12152502
2023-02-23,IBM,0.0033943644,0.0034208493,0.0033662846
2023-02-23,INTC,0.10344428,0.10317934,0.10221268
2023-02-23,MSFT,0.00019489457,0.00019729306,0.00019290246
2023-02-23,NKE,1.1590929e-06,1.1729955e-06,1.1580901e-06
2023-02-23,VZ,0.0001062202,0.00010711219,0.00010566842
2023-02-23,WMT,2.0879451e-05,2.102247e-05,2.0676126e-05
2023-02-24,AAPL,0.002653724,0.0026845417,0.0025927815
2023-02-24,AMGN,2.9097868e-07,2.9601566e-07,2.8783109e-07
2023-02-24,CRM,3.9068457e-07,3.9466062e-07,3.8741008e-07
2023-02-24,CSCO,0.12433394,0.12371773,0.12157618
2023-02-24,IBM,0.0033786976,0.0034105126,0.0033575038
2023-02-24,INTC,0.10515018,0.10535807,0.1039043
2023-02-24,MSFT,0.00019559805,0.00019605456,0.000192684
2023-02-24,NKE,1.138742e-06,1.1520984e-06,1.1361665e-06
2023-02-24,VZ,0.0001041676,0.00010533167,0.00010317748
2023-02-24,WMT,2.0261101e-05,2.0555027e-05,2.0192504e-05
2023-02-27,AAPL,0.0026214795,0.0026485599,0.0025931831
2023-02-27,AMGN,2.910214e-07,2.9317306e-07,2.8742566e-07
2023-02-27,CRM,3.9823667e-07,4.0011144e-07,3.9261595e-07
2023-02-27,CSCO,0.1238837,0.12366286,0.12261861
2023-02-27,IBM,0.0033329553,0.0033723785,0.0033200853
2023-02-27,INTC,0.10399659,0.10426386,0.10326596
2023-02-27,MSFT,0.00019523277,0.00019527581,0.00019379112
2023-02-27,NKE,1.1182024e-06,1.1307954e-06,1.1203299e-06
2023-02-27,VZ,0.0001024929,0.00010335102,0.00010249026
2023-02-27,WMT,1.9749424e-05,1.9915766e-05,1.9742543e-05
2023-02-28,AAPL,0.0026293187,0.0026599094,0.002599109
2023-02-28,AMGN,2.8412003e-07,2.8892957e-07,2.8207282e-07
2023-02-28,CRM,3.8251326e-07,3.9265346e-07,3.8029523e-07
2023-02-28,CSCO,0.12126064,0.12186392,0.11998989
2023-02-28,IBM,0.0032747863,0.0032998615,0.0032578936
2023-02-28,INTC,0.10131553,0.10218723,0.10129929
2023-02-28,MSFT,0.00019021724,0.00019158236,0.00018830228
2023-02-28,NKE,1.0925305e-06,1.1077585e-06,1.0951399e-06
2023-02-28,VZ,0.00010022459,0.00010071047,0.00010020298
2023-02-28,WMT,1.972232e-05,1.9834838e-05,1.9605953e-05
2023-03-01,AAPL,0.0025807141,0.0026247095,0.002562224
2023-03-01,AMGN,2.7917308e-07,2.8433095e-07,2.7668203e-07
2023-03-01,CRM,3.6709054e-07,3.8344829e-07,3.6313939e-07
2023-03-01,CSCO,0.119092,0.12120008,0.11796818
2023-03-01,IBM,0.0032338261,0.003281133,0.0032166125
2023-03-01,INTC,0.098901804,0.10002029,0.098352501
2023-03-01,MSFT,0.00018463144,0.0001886478,0.00018489045
2023-03-01,NKE,1.0594077e-06,1.0886919e-06,1.0612101e-06
2023-03-01,VZ,9.9572461e-05,0.0001004157,9.9440591e-05
2023-03-01,WMT,1.9518219e-05,1.9686096e-05,1.9394066e-05
2023-03-02,AAPL,0.0025312958,0.0025726735,0.0023487519
2023-03-02,AMGN,2.7721673e-07,2.8090961e-07,2.7075551e-07
2023-03-02,CRM,3.435052e-07,3.6092471e-07,3.2943225e-07
2023-03-02,CSCO,0.11532775,0.11711799,0.11013445
2023-03-02,IBM,0.0031860808,0.0032254967,0.0031018703
2023-03-02,INTC,0.097368527,0.098740804,0.094536293
2023-03-02,MSFT,0.0001814607,0.00018431309,0.00017537603
2023-03-02,NKE,1.0342844e-06,1.0579364e-06,9.9748239e-07
2023-03-02,VZ,9.7777117e-05,9.8430828e-05,9.3547473e-05
2023-03-02,WMT,1.9223039e-05,1.9423306e-05,1.883528e-05
2023-03-03,AAPL,0.0024476178,0.0025506347,0.0024226886
2023-03-03,AMGN,2.704641e-07,2.7963941e-07,2.6994919e-07
2023-03-03,CRM,3.3027135e-07,3.4873182e-07,3.2670476e-07
2023-03-03,CSCO,0.11131232,0.11524402,0.11032833
2023-03-03,IBM,0.0030799176,0.0031771751,0.0030666428
2023-03-03,INTC,0.093678943,0.097594367,0.093326941
2023-03-03,MSFT,0.00017461859,0.0001817183,0.00017309051
2023-03-03,NKE,1.006206e-06,1.0420924e-06,9.9753771e-07
2023-03-03,VZ,9.5108618e-05,9.8083325e-05,9.4665037e-05
2023-03-03,WMT,1.8756762e-05,1.9272574e-05,1.8745169e-05
2023-03-06,AAPL,0.0024628703,0.0024850909,0.0024580525
2023-03-06,AMGN,2.6756966e-07,2.6940019e-07,2.6735482e-07
2023-03-06,CRM,3.337059e-07,3.3828392e-07,3.3580474e-07
2023-03-06,CSCO,0.11267203,0.11239174,0.1125845
2023-03-06,IBM,0.0030840147,0.0030999252,0.0030849029
2023-03-06,INTC,0.093997837,0.094227369,0.094327041
2023-03-06,MSFT,0.00017537642,0.00017436163,0.00017551754
2023-03-06,NKE,1.0048768e-06,1.0111066e-06,1.0150055e-06
2023-03-06,VZ,9.4475914e-05,9.4837358e-05,9.4427992e-05
2023-03-06,WMT,1.8862849e-05,1.8846457e-05,1.8851115e-05
2023-03-07,AAPL,0.002400375,0.0024422401,0.0024071075
2023-03-07,AMGN,2.5788385e-07,2.6255484e-07,2.5945926e-07
2023-03-07,CRM,3.2517204e-07,3.2947134e-07,3.2802616e-07
2023-03-07,CSCO,0.11098055,0.11039408,0.11073447
2023-03-07,IBM,0.0030165151,0.0030596674,0.0030195673
2023-03-07,INTC,0.091508874,0.091821452,0.092251713
2023-03-07,MSFT,0.00017146553,0.00017324882,0.0001717595
2023-03-07,NKE,9.8731649e-07,9.934444e-07,9.9197401e-07
2023-03-07,VZ,9.1822961e-05,9.2629856e-05,9.2595496e-05
2023-03-07,WMT,1.8358871e-05,1.8471432e-05,1.840715e-05
2023-03-08,AAPL,0.0023799852,0.0024131795,0.0023708462
2023-03-08,AMGN,2.4658423e-07,2.5283273e-07,2.4809973e-07
2023-03-08,CRM,3.1430673e-07,3.2077196e-07,3.1640728e-07
2023-03-08,CSCO,0.1108883,0.10965886,0.11009902
2023-03-08,IBM,0.0029846885,0.0030156312,0.0029814626
2023-03-08,INTC,0.091777488,0.091408599,0.091891622
2023-03-08,MSFT,0.00016909012,0.00016858295,0.00016846063
2023-03-08,NKE,9.6186428e-07,9.7270591e-07,9.7483429e-07
2023-03-08,VZ,9.1022323e-05,9.0877786e-05,9.0893639e-05
2023-03-08,WMT,1.8137355e-05,1.8137061e-05,1.8096731e-05
2023-03-09,AAPL,0.0023972639,0.0024088504,0.0024014719
2023-03-09,AMGN,2.4096262e-07,2.433877e-07,2.4227845e-07
2023-03-09,CRM,3.1754859e-07,3.1904783e-07,3.1799634e-07
2023-03-09,CSCO,0.11199854,0.11008373,0.11152308
2023-03-09,IBM,0.0029667477,0.002983511,0.0029699286
2023-03-09,INTC,0.09281767,0.092214459,0.093205809
2023-03-09,MSFT,0.00016868698,0.0001679783,0.00016905405
2023-03-09,NKE,9.4559831e-07,9.5567573e-07,9.6444916e-07
2023-03-09,VZ,8.9979385e-05,9.042837e-05,9.0916077e-05
2023-03-09,WMT,1.7777372e-05,1.7899984e-05,1.7819877e-05
2023-03-10,AAPL,0.0023445489,0.0023906184,0.0023311352
2023-03-10,AMGN,2.3379057e-07,2.3777929e-07,2.3431031e-07
2023-03-10,CRM,3.0912534e-07,3.1336353e-07,3.0866092e-07
2023-03-10,CSCO,0.11136084,0.1093805,0.11013564
2023-03-10,IBM,0.0029209558,0.0029407415,0.0029186524
2023-03-10,INTC,0.091909706,0.091510391,0.092619445
2023-03-10,MSFT,0.00016664559,0.00016729712,0.00016612742
2023-03-10,NKE,9.1884375e-07,9.2770905e-07,9.3043077e-07
2023-03-10,VZ,8.778788e-05,8.8505495e-05,8.7804938e-05
2023-03-10,WMT,1.7497903e-05,1.7480835e-05,1.7389491e-05
2023-03-13,AAPL,0.0022957548,0.002333493,0.0022684369
2023-03-13,AMGN,2.2497618e-07,2.3035274e-07,2.2516142e-07
2023-03-13,CRM,3.0019975e-07,3.0405347e-07,2.9974784e-07
2023-03-13,CSCO,0.1104355,0.10861413,0.10922213
2023-03-13,IBM,0.0028502459,0.0028886569,0.0028590652
2023-03-13,INTC,0.091667617,0.09139482,0.091371691
2023-03-13,MSFT,0.00016437976,0.00016453219,0.00016341949
2023-03-13,NKE,8.8307048e-07,8.9642295e-07,8.9406574e-07
2023-03-13,VZ,8.5174607e-05,8.6251884e-05,8.5142283e-05
2023-03-13,WMT,1.6835404e-05,1.7029759e-05,1.6856155e-05
2023-03-14,AAPL,0.0022443387,0.002292062,0.0022312146
2023-03-14,AMGN,2.1887692e-07,2.2290396e-07,2.187138e-07
2023-03-14,CRM,2.9350634e-07,2.9779876e-07,2.9493129e-07
2023-03-14,CSCO,0.11010371,0.10857464,0.10910018
2023-03-14,IBM,0.0028128865,0.0028450899,0.002817182
2023-03-14,INTC,0.092184908,0.091460488,0.091842213
2023-03-14,MSFT,0.00016213497,0.00016252249,0.00016087666
2023-03-14,NKE,8.5968237e-07,8.6950108e-07,8.7132598e-07
2023-03-14,VZ,8.3602252e-05,8.4189559e-05,8.3423375e-05
2023-03-14,WMT,1.6325993e-05,1.6493671e-05,1.6298058e-05
2023-03-15,AAPL,0.0022297337,0.0022557079,0.0022162634
2023-03-15,AMGN,2.1402002e-07,2.1681004e-07,2.150097e-07
2023-03-15,CRM,2.9208561e-07,2.92111e-07,2.9053112e-07
2023-03-15,CSCO,0.10994302,0.10779976,0.10905146
2023-03-15,IBM,0.0027706056,0.0027977607,0.002770005
2023-03-15,INTC,0.092027013,0.091759487,0.092245797
2023-03-15,MSFT,0.00015924135,0.00015875515,0.00015875701
2023-03-15,NKE,8.4813178e-07,8.5306338e-07,8.5650743e-07
2023-03-15,VZ,8.1489787e-05,8.246229e-05,8.1543896e-05
2023-03-15,WMT,1.5870469e-05,1.5962938e-05,1.5816921e-05
2023-03-16,AAPL,0.0022147946,0.0022407281,0.0022085294
2023-03-16,AMGN,2.1170098e-07,2.1350554e-07,2.1211196e-07
2023-03-16,CRM,2.9138229e-07,2.9269584e-07,2.938277e-07
2023-03-16,CSCO,0.11053787,0.1083171,0.10964368
2023-03-16,IBM,0.0027315116,0.0027607185,0.0027424606
2023-03-16,INTC,0.091732561,0.091314179,0.09217353
2023-03-16,MSFT,0.00015716804,0.00015694604,0.00015665291
2023-03-16,NKE,8.2817827e-07,8.3772917e-07,8.4178693e-07
2023-03-16,VZ,8.0153136e-05,8.087428e-05,8.0338799e-05
2023-03-16,WMT,1.5483711e-05,1.5558613e-05,1.5449663e-05
2023-03-17,AAPL,0.0022038362,0.0022344465,0.0021979095
2023-03-17,AMGN,2.039177e-07,2.0741973e-07,2.0522989e-07
2023-03-17,CRM,2.8725027e-07,2.8840997e-07,2.8730461e-07
2023-03-17,CSCO,0.11034017,0.10870093,0.10972532
2023-03-17,IBM,0.0026910466,0.0027176587,0.0026894788
2023-03-17,INTC,0.091442571,0.090699191,0.091640737
2023-03-17,MSFT,0.00015342801,0.00015348677,0.00015321657
2023-03-17,NKE,8.0557683e-07,8.1394047e-07,8.1482147e-07
2023-03-17,VZ,7.8500505e-05,7.895476e-05,7.8619361e-05
2023-03-17,WMT,1.5147607e-05,1.5114127e-05,1.5057491e-05
2023-03-20,AAPL,0.0021983324,0.0022082761,0.0021595484
2023-03-20,AMGN,1.970115e-07,1.9931814e-07,1.9626702e-07
2023-03-20,CRM,2.7755622e-07,2.8072443e-07,2.76881e-07
2023-03-20,CSCO,0.11064127,0.10855883,0.10849357
2023-03-20,IBM,0.0026362627,0.0026566191,0.0026294128
2023-03-20,INTC,0.091847017,0.090530781,0.090666105
2023-03-20,MSFT,0.00015059538,0.00014950319,0.00014910963
2023-03-20,NKE,7.7850183e-07,7.8562013e-07,7.8305018e-07
2023-03-20,VZ,7.6674948e-05,7.676105e-05,7.6728465e-05
2023-03-20,WMT,1.4579668e-05,1.4682063e-05,1.4544092e-05
2023-03-21,AAPL,0.0021702774,0.0022093458,0.0021753216
2023-03-21,AMGN,1.9140517e-07,1.9526526e-07,1.9165009e-07
2023-03-21,CRM,2.6913836e-07,2.7481716e-07,2.7047923e-07
2023-03-21,CSCO,0.11200998,0.11072409,0.11077783
2023-03-21,IBM,0.0026221786,0.0026361041,0.0026217844
2023-03-21,INTC,0.092827903,0.092428151,0.092930805
2023-03-21,MSFT,0.00014967176,0.00014940397,0.0001487555
2023-03-21,NKE,7.4776168e-07,7.6208338e-07,7.6041566e-07
2023-03-21,VZ,7.5941037e-05,7.605179e-05,7.6037342e-05
2023-03-21,WMT,1.4430231e-05,1.4342888e-05,1.430685e-05
2023-03-22,AAPL,0.0021301645,0.0021640695,0.0020981816
2023-03-22,AMGN,1.8435822e-07,1.8813645e-07,1.8446292e-07
2023-03-22,CRM,2.5639172e-07,2.6320141e-07,2.5560039e-07
2023-03-22,CSCO,0.11157786,0.11039132,0.10983332
2023-03-22,IBM,0.0025899987,0.0026146158,0.0025763457
2023-03-22,INTC,0.093166335,0.092568688,0.093040789
2023-03-22,MSFT,0.00014868611,0.00014910983,0.00014684406
2023-03-22,NKE,7.1679826e-07,7.2715956e-07,7.2299853e-07
2023-03-22,VZ,7.4360145e-05,7.4706017e-05,7.4412428e-05
2023-03-22,WMT,1.4084814e-05,1.4069603e-05,1.3992546e-05
2023-03-23,AAPL,0.0020754959,0.0021094877,0.0020508621
2023-03-23,AMGN,1.7769063e-07,1.8273618e-07,1.7789197e-07
2023-03-23,CRM,2.4791444e-07,2.5345739e-07,2.4618818e-07
2023-03-23,CSCO,0.11222451,0.11098843,0.11061714
2023-03-23,IBM,0.0025525791,0.0025781028,0.0025516681
2023-03-23,INTC,0.093335618,0.092721854,0.09275722
2023-03-23,MSFT,0.00014788091,0.00014804213,0.0001458702
2023-03-23,NKE,6.9007092e-07,6.989748e-07,6.9737339e-07
2023-03-23,VZ,7.2392583e-05,7.2778338e-05,7.229472e-05
2023-03-23,WMT,1.3716171e-05,1.3744586e-05,1.3660689e-05
2023-03-24,AAPL,0.0020348671,0.0020635776,0.0020154258
2023-03-24,AMGN,1.7094959e-07,1.7559106e-07,1.7212563e-07
2023-03-24,CRM,2.4986409e-07,2.5041919e-07,2.4591009e-07
2023-03-24,CSCO,0.11158181,0.11036941,0.11064715
2023-03-24,IBM,0.0025309569,0.0025572232,0.0025236233
2023-03-24,INTC,0.093697534,0.093365378,0.093531286
2023-03-24,MSFT,0.00014678819,0.00014744912,0.00014520334
2023-03-24,NKE,6.7833269e-07,6.844032e-07,6.8576995e-07
2023-03-24,VZ,7.071729e-05,7.143258e-05,7.1132888e-05
2023-03-24,WMT,1.3178968e-05,1.3338958e-05,1.3209216e-05
2023-03-27,AAPL,0.0020245266,0.0020356643,0.0020202574
2023-03-27,AMGN,1.6832944e-07,1.7053651e-07,1.6823529e-07
2023-03-27,CRM,2.5276794e-07,2.5280838e-07,2.5177796e-07
2023-03-27,CSCO,0.11214941,0.11058171,0.11125967
2023-03-27,IBM,0.0024939506,0.0025226078,0.0024955896
2023-03-27,INTC,0.094143674,0.093980719,0.094270256
2023-03-27,MSFT,0.00014530054,0.0001455459,0.00014471017
2023-03-27,NKE,6.6633e-07,6.7438829e-07,6.7347466e-07
2023-03-27,VZ,6.9298257e-05,7.021902e-05,6.9640469e-05
2023-03-27,WMT,1.2687382e-05,1.2900552e-05,1.2714348e-05
2023-03-28,AAPL,0.0020066024,0.0020296735,0.0020052554
2023-03-28,AMGN,1.6686315e-07,1.6861341e-07,1.6607733e-07
2023-03-28,CRM,2.5440227e-07,2.528997e-07,2.536128e-07
2023-03-28,CSCO,0.11259033,0.11132848,0.11205216
2023-03-28,IBM,0.0024533216,0.0024802635,0.0024481564
2023-03-28,INTC,0.092771477,0.092975442,0.093091221
2023-03-28,MSFT,0.00014381249,0.00014356921,0.00014369214
2023-03-28,NKE,6.5441615e-07,6.6253624e-07,6.6130543e-07
2023-03-28,VZ,6.8320517e-05,6.8625274e-05,6.8314315e-05
2023-03-28,WMT,1.2438082e-05,1.2488294e-05,1.2428998e-05
2023-03-29,AAPL,0.0020117143,0.0020346076,0.0019742245
2023-03-29,AMGN,1.6140881e-07,1.657591e-07,1.6114287e-07
2023-03-29,CRM,2.4755768e-07,2.5057575e-07,2.4583939e-07
2023-03-29,CSCO,0.11105932,0.11026659,0.10932572
2023-03-29,IBM,0.0023921635,0.0024229862,0.0023866551
2023-03-29,INTC,0.091935033,0.091717574,0.091671183
2023-03-29,MSFT,0.00014107329,0.00014164738,0.00014029163
2023-03-29,NKE,6.3621925e-07,6.4112024e-07,6.3683017e-07
2023-03-29,VZ,6.6923595e-05,6.7045417e-05,6.6705869e-05
2023-03-29,WMT,1.2189614e-05,1.2249768e-05,1.2164706e-05
2023-03-30,AAPL,0.0019717472,0.0020149349,0.0019690132
2023-03-30,AMGN,1.5588936e-07,1.6169173e-07,1.5587609e-07
2023-03-30,CRM,2.342993e-07,2.4613656e-07,2.3086069e-07
2023-03-30,CSCO,0.10847282,0.10951665,0.1077401
2023-03-30,IBM,0.0023401588,0.0023719595,0.0023270601
2023-03-30,INTC,0.089607579,0.090820494,0.089454761
2023-03-30,MSFT,0.000137433,0.00013971508,0.0001361908
2023-03-30,NKE,6.2208729e-07,6.392955e-07,6.2130255e-07
2023-03-30,VZ,6.6502346e-05,6.6839249e-05,6.6063999e-05
2023-03-30,WMT,1.1947587e-05,1.2117189e-05,1.1912053e-05
2023-03-31,AAPL,0.0019828786,0.001992874,0.001939989
2023-03-31,AMGN,1.5402588e-07,1.5747219e-07,1.5236083e-07
2023-03-31,CRM,2.2570628e-07,2.3505161e-07,2.1904989e-07
2023-03-31,CSCO,0.10641471,0.10718523,0.1046684
2023-03-31,IBM,0.0023342211,0.0023634076,0.002303345
2023-03-31,INTC,0.088196213,0.088937763,0.08732618
2023-03-31,MSFT,0.00013464351,0.00013725409,0.00013243784
2023-03-31,NKE,6.0950257e-07,6.1893043e-07,6.0525115e-07
2023-03-31,VZ,6.5583875e-05,6.6135716e-05,6.4768698e-05
2023-03-31,WMT,1.1703802e-05,1.1894835e-05,1.1600332e-05
2023-04-03,AAPL,0.0019106948,0.001973994,0.0019073225
2023-04-03,AMGN,1.4856636e-07,1.5449543e-07,1.4912102e-07
2023-04-03,CRM,2.1568696e-07,2.2753782e-07,2.1277764e-07
2023-04-03,CSCO,0.10304151,0.10635503,0.10211818
2023-04-03,IBM,0.0022641053,0.002332017,0.0022627555
2023-04-03,INTC,0.084728178,0.087846227,0.084768761
2023-04-03,MSFT,0.00012954147,0.00013371556,0.00012966189
2023-04-03,NKE,5.8811604e-07,6.0518615e-07,5.856455e-07
2023-04-03,VZ,6.3265793e-05,6.4986154e-05,6.3175106e-05
2023-04-03,WMT,1.1404285e-05,1.1670109e-05,1.1333042e-05
2023-04-04,AAPL,0.0019074596,0.0019395646,0.0019069285
2023-04-04,AMGN,1.4647494e-07,1.4772416e-07,1.466609e-07
2023-04-04,CRM,2.1383507e-07,2.1771732e-07,2.1664595e-07
2023-04-04,CSCO,0.10424211,0.10418071,0.10422131
2023-04-04,IBM,0.0022677401,0.0022792789,0.002270839
2023-04-04,INTC,0.085030797,0.085353451,0.085463716
2023-04-04,MSFT,0.00013013321,0.00013019255,0.00013082508
2023-04-04,NKE,5.8294076e-07,5.8897752e-07,5.8759338e-07
2023-04-04,VZ,6.2756519e-05,6.3052541e-05,6.2738022e-05
2023-04-04,WMT,1.145474e-05,1.1452356e-05,1.1417925e-05
2023-04-05,AAPL,0.0018595615,0.0019097255,0.0018530318
2023-04-05,AMGN,1.3905183e-07,1.4313135e-07,1.4070575e-07
2023-04-05,CRM,1.9975769e-07,2.0513518e-07,2.0392641e-07
2023-04-05,CSCO,0.10341674,0.10309869,0.10291805
2023-04-05,IBM,0.0022222922,0.00224724,0.0022211504
2023-04-05,INTC,0.083825112,0.083900007,0.084563035
2023-04-05,MSFT,0.00012777355,0.00012844815,0.00012811532
2023-04-05,NKE,5.6603996e-07,5.7391461e-07,5.6987509e-07
2023-04-05,VZ,6.1575101e-05,6.1906641e-05,6.1822477e-05
2023-04-05,WMT,1.1304457e-05,1.1287145e-05,1.1249554e-05
2023-04-06,AAPL,0.0018342618,0.0018665451,0.0018188066
2023-04-06,AMGN,1.3512499e-07,1.3753515e-07,1.3557893e-07
2023-04-06,CRM,1.9192125e-07,1.9633631e-07,1.9458077e-07
2023-04-06,CSCO,0.10423163,0.10326264,0.10320278
2023-04-06,IBM,0.0022127228,0.0022311716,0.0022090079
2023-04-06,INTC,0.08440739,0.083881819,0.084635127
2023-04-06,MSFT,0.00012842861,0.00012763357,0.00012740877
2023-04-06,NKE,5.4879534e-07,5.5506554e-07,5.5554874e-07
2023-04-06,VZ,6.1262845e-05,6.1456647e-05,6.1181872e-05
2023-04-06,WMT,1.1079098e-05,1.1113281e-05,1.1063882e-05
2023-04-10,AAPL,0.0018067527,0.0018346603,0.0017935165
2023-04-10,AMGN,1.3345601e-07,1.3459729e-07,1.3331662e-07
2023-04-10,CRM,1.8680044e-07,1.8879281e-07,1.8722536e-07
2023-04-10,CSCO,0.10329161,0.10214162,0.10260151
2023-04-10,IBM,0.0021858033,0.0021958341,0.0021821394
2023-04-10,INTC,0.084513672,0.083926315,0.08456182
2023-04-10,MSFT,0.00012782424,0.00012817246,0.00012698971
2023-04-10,NKE,5.3896961e-07,5.446945e-07,5.4586212e-07
2023-04-10,VZ,6.0260276e-05,6.0999927e-05,6.0328477e-05
2023-04-10,WMT,1.0843837e-05,1.0921703e-05,1.0802732e-05
2023-04-11,AAPL,0.0017658623,0.0017955287,0.001754069
2023-04-11,AMGN,1.2948552e-07,1.317874e-07,1.2997238e-07
2023-04-11,CRM,1.8127572e-07,1.8367351e-07,1.8264664e-07
2023-04-11,CSCO,0.1022452,0.10100868,0.10151231
2023-04-11,IBM,0.0021555265,0.0021783864,0.002157353
2023-04-11,INTC,0.084081846,0.084003093,0.084434036
2023-04-11,MSFT,0.00012748897,0.0001279589,0.00012674887
2023-04-11,NKE,5.2916027e-07,5.3563161e-07,5.3695769e-07
2023-04-11,VZ,5.910691e-05,5.9939533e-05,5.9101569e-05
2023-04-11,WMT,1.0540843e-05,1.0642076e-05,1.0481028e-05
2023-04-12,AAPL,0.0017328027,0.0017595006,0.0017184814
2023-04-12,AMGN,1.2749944e-07,1.2898619e-07,1.2773692e-07
2023-04-12,CRM,1.7806171e-07,1.7854256e-07,1.7833207e-07
2023-04-12,CSCO,0.10190298,0.10026138,0.10111536
2023-04-12,IBM,0.0021187491,0.0021408663,0.0021224827
2023-04-12,INTC,0.083729961,0.083497689,0.084023194
2023-04-12,MSFT,0.00012648563,0.00012656461,0.00012595232
2023-04-12,NKE,5.1906404e-07,5.2304831e-07,5.2577933e-07
2023-04-12,VZ,5.7422777e-05,5.8291682e-05,5.7365359e-05
2023-04-12,WMT,1.0204899e-05,1.0296337e-05,1.0174194e-05
2023-04-13,AAPL,0.0016916424,0.001723747,0.0016800246
2023-04-13,AMGN,1.257408e-07,1.2695445e-07,1.2563998e-07
2023-04-13,CRM,1.7284555e-07,1.7373362e-07,1.7422335e-07
2023-04-13,CSCO,0.10118139,0.099987314,0.10032825
2023-04-13,IBM,0.002082244,0.0021113114,0.0020855965
2023-04-13,INTC,0.08302665,0.082655136,0.083221097
2023-04-13,MSFT,0.00012471313,0.0001248335,0.0001241345
2023-04-13,NKE,5.0736499e-07,5.1280401e-07,5.141532e-07
2023-04-13,VZ,5.5968506e-05,5.6857885e-05,5.5889843e-05
2023-04-13,WMT,9.9289284e-06,1.0017938e-05,9.8872596e-06
2023-04-14,AAPL,0.0016627784,0.0016930614,0.0016516793
2023-04-14,AMGN,1.2441297e-07,1.2505941e-07,1.2432318e-07
2023-04-14,CRM,1.6705189e-07,1.6873135e-07,1.6880875e-07
2023-04-14,CSCO,0.10142906,0.099454971,0.10017602
2023-04-14,IBM,0.0020595892,0.0020746626,0.0020598058
2023-04-14,INTC,0.083335035,0.082591521,0.083427871
2023-04-14,MSFT,0.00012371782,0.00012316435,0.00012311277
2023-04-14,NKE,4.961207e-07,5.0116086e-07,5.0322007e-07
2023-04-14,VZ,5.5152686e-05,5.5523066e-05,5.5055716e-05
2023-04-14,WMT,9.7070972e-06,9.75216e-06,9.6514452e-06
2023-04-17,AAPL,0.0016444521,0.0016722068,0.0016287873
2023-04-17,AMGN,1.2135558e-07,1.2291493e-07,1.2208726e-07
2023-04-17,CRM,1.6142841e-07,1.6360286e-07,1.6291851e-07
2023-04-17,CSCO,0.1005929,0.099063613,0.099481856
2023-04-17,IBM,0.0020229031,0.0020416319,0.0020196666
2023-04-17,INTC,0.083042642,0.082231268,0.083049166
2023-04-17,MSFT,0.00012214581,0.0001218467,0.0001214462
2023-04-17,NKE,4.8566725e-07,4.9196993e-07,4.9282523e-07
2023-04-17,VZ,5.3815303e-05,5.4457608e-05,5.3684296e-05
2023-04-17,WMT,9.4847467e-06,9.5254903e-06,9.4193306e-06
2023-04-18,AAPL,0.0016244847,0.001650003,0.0016212065
2023-04-18,AMGN,1.1759899e-07,1.1929393e-07,1.1834087e-07
2023-04-18,CRM,1.5658866e-07,1.5752473e-07,1.5825195e-07
2023-04-18,CSCO,0.10135847,0.099480171,0.10047765
2023-04-18,IBM,0.0019960967,0.0020146494,0.0019995261
2023-04-18,INTC,0.082773776,0.082221522,0.083367201
2023-04-18,MSFT,0.00012075697,0.00012039905,0.00012044459
2023-04-18,NKE,4.7517568e-07,4.7893597e-07,4.8480811e-07
2023-04-18,VZ,5.2794503e-05,5.335688e-05,5.2784024e-05
2023-04-18,WMT,9.3016056e-06,9.2905378e-06,9.255804e-06
2023-04-19,AAPL,0.0015998226,0.0016202284,0.0015873579
2023-04-19,AMGN,1.1478676e-07,1.1598999e-07,1.1512673e-07
2023-04-19,CRM,1.5216834e-07,1.5359653e-07,1.5335741e-07
2023-04-19,CSCO,0.1021606,0.099975374,0.10088826
2023-04-19,IBM,0.0019666781,0.0019811439,0.0019709779
2023-04-19,INTC,0.083462692,0.082517994,0.08360696
2023-04-19,MSFT,0.00011968351,0.00011844696,0.00011907986
2023-04-19,NKE,4.600679e-07,4.6230621e-07,4.6966506e-07
2023-04-19,VZ,5.175594e-05,5.2210598e-05,5.1916157e-05
2023-04-19,WMT,9.0517969e-06,9.0894906e-06,9.0495886e-06
2023-04-20,AAPL,0.0015783158,0.0016000836,0.001562329
2023-04-20,AMGN,1.1124157e-07,1.1262199e-07,1.1125422e-07
2023-04-20,CRM,1.4915031e-07,1.4999075e-07,1.4980453e-07
2023-04-20,CSCO,0.10261986,0.100608,0.10151267
2023-04-20,IBM,0.0019333591,0.0019454581,0.0019362161
2023-04-20,INTC,0.083896288,0.083122434,0.083763297
2023-04-20,MSFT,0.00011826354,0.00011811104,0.00011786755
2023-04-20,NKE,4.4724442e-07,4.5153292e-07,4.5306479e-07
2023-04-20,VZ,5.046096e-05,5.0976866e-05,5.0612759e-05
2023-04-20,WMT,8.7869267e-06,8.8335449e-06,8.7602598e-06
2023-04-21,AAPL,0.001547273,0.0015826209,0.0015249927
2023-04-21,AMGN,1.0808195e-07,1.0977484e-07,1.0746118e-07
2023-04-21,CRM,1.4183027e-07,1.4490353e-07,1.4275829e-07
2023-04-21,CSCO,0.10126711,0.099894558,0.099916873
2023-04-21,IBM,0.0019088931,0.001924717,0.0019009006
2023-04-21,INTC,0.083828148,0.083108455,0.083744556
2023-04-21,MSFT,0.00011774554,0.00011774247,0.00011639261
2023-04-21,NKE,4.3162619e-07,4.3688997e-07,4.3720719e-07
2023-04-21,VZ,4.946203e-05,4.9832414e-05,4.9525009e-05
2023-04-21,WMT,8.622381e-06,8.6061602e-06,8.5810221e-06
2023-04-24,AAPL,0.001522431,0.0015449755,0.0014953986
2023-04-24,AMGN,1.0370812e-07,1.0647596e-07,1.0369873e-07
2023-04-24,CRM,1.3428144e-07,1.3785e-07,1.3437841e-07
2023-04-24,CSCO,0.10137346,0.10014718,0.099604881
2023-04-24,IBM,0.0018956264,0.0019058046,0.0018940386
2023-04-24,INTC,0.084111113,0.083481063,0.083581757
2023-04-24,MSFT,0.00011691863,0.00011649882,0.00011492837
2023-04-24,NKE,4.1787756e-07,4.2287594e-07,4.2180721e-07
2023-04-24,VZ,4.8541309e-05,4.8838808e-05,4.8280476e-05
2023-04-24,WMT,8.4577224e-06,8.447816e-06,8.3976596e-06
2023-04-25,AAPL,0.001465411,0.0015025453,0.0014492105
2023-04-25,AMGN,1.0099974e-07,1.0354411e-07,1.011498e-07
2023-04-25,CRM,1.2863202e-07,1.3235987e-07,1.2890305e-07
2023-04-25,CSCO,0.099599947,0.099257695,0.098581579
2023-04-25,IBM,0.0018817661,0.0019001878,0.0018801412
2023-04-25,INTC,0.083692722,0.083665291,0.083643576
2023-04-25,MSFT,0.00011603642,0.00011702611,0.0001146982
2023-04-25,NKE,4.0707936e-07,4.1291607e-07,4.1193596e-07
2023-04-25,VZ,4.7529353e-05,4.8109041e-05,4.7516627e-05
2023-04-25,WMT,8.2357372e-06,8.2889701e-06,8.1992598e-06
2023-04-26,AAPL,0.0014488495,0.0014597694,0.0014199063
2023-04-26,AMGN,9.9940794e-08,1.0098103e-07,9.8579033e-08
2023-04-26,CRM,1.2686889e-07,1.2790236e-07,1.2588083e-07
2023-04-26,CSCO,0.099549331,0.097903492,0.098137145
2023-04-26,IBM,0.0018529154,0.0018708636,0.0018413953
2023-04-26,INTC,0.084562452,0.084157448,0.083742509
2023-04-26,MSFT,0.00011671364,0.00011657863,0.00011476125
2023-04-26,NKE,3.9895757e-07,4.0197412e-07,4.0059333e-07
2023-04-26,VZ,4.6225855e-05,4.6790852e-05,4.6037132e-05
2023-04-26,WMT,7.8965191e-06,7.9846509e-06,7.8884278e-06
2023-04-27,AAPL,0.0014143575,0.001438826,0.0014090356
2023-04-27,AMGN,1.0011364e-07,1.0057829e-07,9.873958e-08
2023-04-27,CRM,1.2695773e-07,1.2667306e-07,1.2687234e-07
2023-04-27,CSCO,0.099662885,0.099019958,0.09946494
2023-04-27,IBM,0.0018279765,0.0018515445,0.0018262404
2023-04-27,INTC,0.084247989,0.084031057,0.084141823
2023-04-27,MSFT,0.00011666512,0.00011680309,0.0001158716
2023-04-27,NKE,3.9560682e-07,3.9880101e-07,4.0078786e-07
2023-04-27,VZ,4.5369303e-05,4.5867691e-05,4.5395885e-05
2023-04-27,WMT,7.6642324e-06,7.7387257e-06,7.7018153e-06
2023-04-28,AAPL,0.001403451,0.0014258265,0.001390203
2023-04-28,AMGN,9.817763e-08,9.9962477e-08,9.8128533e-08
2023-04-28,CRM,1.2344964e-07,1.2443039e-07,1.2484876e-07
2023-04-28,CSCO,0.098625391,0.098150629,0.098052575
2023-04-28,IBM,0.0017817155,0.0018068837,0.0017885256
2023-04-28,INTC,0.082305062,0.082474644,0.083093261
2023-04-28,MSFT,0.00011438636,0.00011500147,0.00011431375
2023-04-28,NKE,3.8900578e-07,3.9205342e-07,3.919131e-07
2023-04-28,VZ,4.463871e-05,4.4795812e-05,4.4724655e-05
2023-04-28,WMT,7.6456102e-06,7.6601457e-06,7.633156e-06
2023-05-01,AAPL,0.0013920725,0.0014225651,0.0013918221
2023-05-01,AMGN,9.4107802e-08,9.741914e-08,9.4732741e-08
2023-05-01,CRM,1.1680622e-07,1.2145415e-07,1.167353e-07
2023-05-01,CSCO,0.096030411,0.097290587,0.095796884
2023-05-01,IBM,0.0017241829,0.0017571036,0.0017274421
2023-05-01,INTC,0.079708237,0.080796212,0.080465382
2023-05-01,MSFT,0.00011159422,0.00011406117,0.00011155858
2023-05-01,NKE,3.7895944e-07,3.9033594e-07,3.8276679e-07
2023-05-01,VZ,4.4225186e-05,4.4503556e-05,4.4253344e-05
2023-05-01,WMT,7.5179636e-06,7.6193179e-06,7.5241044e-06
2023-05-02,AAPL,0.0013933743,0.0014011105,0.001348825
2023-05-02,AMGN,9.2542659e-08,9.4465252e-08,9.1332742e-08
2023-05-02,CRM,1.1148024e-07,1.14322e-07,1.0865306e-07
2023-05-02,CSCO,0.093321667,0.093573955,0.091017619
2023-05-02,IBM,0.0017059246,0.0017200343,0.0016793542
2023-05-02,INTC,0.078601188,0.078707968,0.077115627
2023-05-02,MSFT,0.00010791582,0.00010941185,0.00010645693
2023-05-02,NKE,3.6919509e-07,3.7436252e-07,3.637817e-07
2023-05-02,VZ,4.3667742e-05,4.3936371e-05,4.2809872e-05
2023-05-02,WMT,7.2730743e-06,7.4339703e-06,7.2199789e-06
2023-05-03,AAPL,0.0013412324,0.0013843465,0.0013284961
2023-05-03,AMGN,8.9059559e-08,9.2452548e-08,8.8766829e-08
2023-05-03,CRM,1.0660673e-07,1.1142295e-07,1.052315e-07
2023-05-03,CSCO,0.090125672,0.092190322,0.089199968
2023-05-03,IBM,0.0016605387,0.0016964216,0.0016498594
2023-05-03,INTC,0.075918191,0.078505341,0.075420338
2023-05-03,MSFT,0.00010340088,0.00010596932,0.00010281359
2023-05-03,NKE,3.5596548e-07,3.6396861e-07,3.5241642e-07
2023-05-03,VZ,4.2662407e-05,4.3417342e-05,4.2189279e-05
2023-05-03,WMT,7.1412822e-06,7.2692183e-06,7.0958454e-06
2023-05-04,AAPL,0.0013553302,0.00136021,0.0013543974
2023-05-04,AMGN,8.7940599e-08,8.809634e-08,8.7964711e-08
2023-05-04,CRM,1.0777413e-07,1.0844036e-07,1.0770099e-07
2023-05-04,CSCO,0.09099502,0.090528438,0.090674076
2023-05-04,IBM,0.0016570412,0.0016663895,0.0016591341
2023-05-04,INTC,0.076406191,0.076268022,0.076326097
2023-05-04,MSFT,0.00010363326,0.00010315072,0.00010339679
2023-05-04,NKE,3.5409989e-07,3.5736127e-07,3.5566038e-07
2023-05-04,VZ,4.2690775e-05,4.2790573e-05,4.2608761e-05
2023-05-04,WMT,7.1003526e-06,7.1230056e-06,7.0752556e-06
2023-05-05,AAPL,0.0013322984,0.0013485907,0.0013454959
2023-05-05,AMGN,8.414654e-08,8.5578162e-08,8.5349775e-08
2023-05-05,CRM,1.036521e-07,1.0520369e-07,1.0565528e-07
2023-05-05,CSCO,0.091773978,0.091099661,0.091559203
2023-05-05,IBM,0.0016266764,0.001643863,0.0016295096
2023-05-05,INTC,0.076127688,0.075756338,0.076698958
2023-05-05,MSFT,0.00010214311,0.00010224756,0.00010221115
2023-05-05,NKE,3.4593806e-07,3.5136289e-07,3.5045385e-07
2023-05-05,VZ,4.2600933e-05,4.2594212e-05,4.2664799e-05
2023-05-05,WMT,7.0071059e-06,7.0006569e-06,6.9906515e-06
2023-05-08,AAPL,0.0013083012,0.0013249532,0.0013097984
2023-05-08,AMGN,8.112338e-08,8.2106509e-08,8.1409099e-08
2023-05-08,CRM,9.9923948e-08,1.0176731e-07,1.0171419e-07
2023-05-08,CSCO,0.091659515,0.090756448,0.090860574
2023-05-08,IBM,0.0016001442,0.0016123514,0.0016021313
2023-05-08,INTC,0.075510236,0.075058432,0.076096109
2023-05-08,MSFT,9.9580765e-05,9.9666782e-05,9.9457212e-05
2023-05-08,NKE,3.3536313e-07,3.3858427e-07,3.3913005e-07
2023-05-08,VZ,4.2806475e-05,4.26911e-05,4.2675444e-05
2023-05-08,WMT,6.9323026e-06,6.9166833e-06,6.8925418e-06
2023-05-09,AAPL,0.0012969455,0.0013107483,0.0012889677
2023-05-09,AMGN,7.9118649e-08,7.9901177e-08,7.9289806e-08
2023-05-09,CRM,9.7280253e-08,9.7903367e-08,9.7497981e-08
2023-05-09,CSCO,0.092027134,0.090474661,0.090996769
2023-05-09,IBM,0.001581107,0.0015889984,0.0015791455
2023-05-09,INTC,0.075249378,0.074487775,0.075662287
2023-05-09,MSFT,9.8416304e-05,9.817454e-05,9.8139472e-05
2023-05-09,NKE,3.2738454e-07,3.3120925e-07,3.3151717e-07
2023-05-09,VZ,4.2596181e-05,4.2740123e-05,4.2468472e-05
2023-05-09,WMT,6.8853716e-06,6.8688673e-06,6.8211284e-06
2023-05-10,AAPL,0.0012798069,0.0012894676,0.0012777892
2023-05-10,AMGN,7.6363609e-08,7.7587095e-08,7.7038761e-08
2023-05-10,CRM,9.649762e-08,9.6021033e-08,9.6440885e-08
2023-05-10,CSCO,0.0921761,0.090499282,0.091447002
2023-05-10,IBM,0.0015436501,0.0015584865,0.0015467545
2023-05-10,INTC,0.075197334,0.074365719,0.075328938
2023-05-10,MSFT,9.6944378e-05,9.6835399e-05,9.6486295e-05
2023-05-10,NKE,3.1938253e-07,3.2251308e-07,3.2429008e-07
2023-05-10,VZ,4.1797757e-05,4.2158528e-05,4.196809e-05
2023-05-10,WMT,6.6544009e-06,6.7198256e-06,6.6593247e-06
2023-05-11,AAPL,0.0012455843,0.0012659236,0.001238861
2023-05-11,AMGN,7.4284706e-08,7.5256615e-08,7.4514982e-08
2023-05-11,CRM,9.4438073e-08,9.475442e-08,9.4703646e-08
2023-05-11,CSCO,0.09255323,0.090649384,0.091680835
2023-05-11,IBM,0.0015184924,0.0015318801,0.0015206293
2023-05-11,INTC,0.075056088,0.074417285,0.075312628
2023-05-11,MSFT,9.5379353e-05,9.4988546e-05,9.4955225e-05
2023-05-11,NKE,3.119079e-07,3.1471174e-07,3.1557381e-07
2023-05-11,VZ,4.1356167e-05,4.1568548e-05,4.1212203e-05
2023-05-11,WMT,6.5351791e-06,6.5559245e-06,6.491106e-06
2023-05-12,AAPL,0.0012226651,0.0012426008,0.0012194656
2023-05-12,AMGN,7.0579547e-08,7.2711613e-08,7.1561682e-08
2023-05-12,CRM,9.2949832e-08,9.3119042e-08,9.3768713e-08
2023-05-12,CSCO,0.093203109,0.091433828,0.092258485
2023-05-12,IBM,0.0014932831,0.0015061079,0.0014956085
2023-05-12,INTC,0.075222084,0.074270255,0.075543082
2023-05-12,MSFT,9.430878e-05,9.3855894e-05,9.3922455e-05
2023-05-12,NKE,3.0388744e-07,3.0721236e-07,3.0857588e-07
2023-05-12,VZ,4.1005463e-05,4.1192541e-05,4.0966389e-05
2023-05-12,WMT,6.3813202e-06,6.4136764e-06,6.356594e-06
2023-05-15,AAPL,0.0012045741,0.0012191887,0.0011920546
2023-05-15,AMGN,6.7806199e-08,6.9383234e-08,6.7845515e-08
2023-05-15,CRM,9.0324064e-08,9.0758693e-08,9.03466e-08
2023-05-15,CSCO,0.093142742,0.091421181,0.09176133
2023-05-15,IBM,0.0014638629,0.0014787566,0.0014667173
2023-05-15,INTC,0.074291958,0.073572579,0.074284341
2023-05-15,MSFT,9.2027709e-05,9.2008067e-05,9.1685757e-05
2023-05-15,NKE,2.975752e-07,2.9988256e-07,2.9971399e-07
2023-05-15,VZ,4.0409405e-05,4.0623176e-05,4.0186309e-05
2023-05-15,WMT,6.2114929e-06,6.2533338e-06,6.1636028e-06
2023-05-16,AAPL,0.0011834496,0.0012036929,0.0011800421
2023-05-16,AMGN,6.6398893e-08,6.7296028e-08,6.6379595e-08
2023-05-16,CRM,8.9896787e-08,8.9984469e-08,9.0035416e-08
2023-05-16,CSCO,0.094561617,0.092768791,0.093541332
2023-05-16,IBM,0.0014417025,0.0014490128,0.0014457436
2023-05-16,INTC,0.074276163,0.073710826,0.074575327
2023-05-16,MSFT,9.1023671e-05,9.0805324e-05,9.0678727e-05
2023-05-16,NKE,2.9073734e-07,2.9352628e-07,2.9415034e-07
2023-05-16,VZ,3.9919697e-05,4.0154272e-05,3.9755033e-05
2023-05-16,WMT,6.0596586e-06,6.0786894e-06,6.0289685e-06
2023-05-17,AAPL,0.0011601236,0.0011794436,0.0011461575
2023-05-17,AMGN,6.3921491e-08,6.5581691e-08,6.3848845e-08
2023-05-17,CRM,8.62235e-08,8.7354089e-08,8.6595916e-08
2023-05-17,CSCO,0.094780839,0.093051169,0.093801739
2023-05-17,IBM,0.0014126166,0.0014206381,0.0014153603
2023-05-17,INTC,0.073821271,0.073033325,0.074145883
2023-05-17,MSFT,8.9835467e-05,8.9639949e-05,8.9212223e-05
2023-05-17,NKE,2.850036e-07,2.8757741e-07,2.8806917e-07
2023-05-17,VZ,3.9655984e-05,3.9662201e-05,3.9394221e-05
2023-05-17,WMT,5.9734944e-06,5.9632922e-06,5.9256198e-06
2023-05-18,AAPL,0.0011487968,0.0011671393,0.0011408635
2023-05-18,AMGN,6.1725302e-08,6.3160135e-08,6.1947241e-08
2023-05-18,CRM,8.3654247e-08,8.4435322e-08,8.3802027e-08
2023-05-18,CSCO,0.09598097,0.09423187,0.095013535
2023-05-18,IBM,0.0013899391,0.001397789,0.0013933543
2023-05-18,INTC,0.074376249,0.073375421,0.074326828
2023-05-18,MSFT,8.9356971e-05,8.8853576e-05,8.8419941e-05
2023-05-18,NKE,2.7635669e-07,2.7938289e-07,2.8054174e-07
2023-05-18,VZ,3.936746e-05,3.9469433e-05,3.9154164e-05
2023-05-18,WMT,5.8282283e-06,5.8562675e-06,5.8047945e-06
2023-05-19,AAPL,0.0011218895,0.0011443779,0.0011193656
2023-05-19,AMGN,5.9641075e-08,6.0903628e-08,5.9931325e-08
2023-05-19,CRM,8.1480765e-08,8.2375075e-08,8.1885964e-08
2023-05-19,CSCO,0.09615289,0.094451652,0.095394858
2023-05-19,IBM,0.0013665343,0.0013758602,0.0013671222
2023-05-19,INTC,0.074355857,0.073752309,0.074985824
2023-05-19,MSFT,8.8568298e-05,8.8376588e-05,8.7996547e-05
2023-05-19,NKE,2.7006509e-07,2.7263177e-07,2.7448269e-07
2023-05-19,VZ,3.9209829e-05,3.9319499e-05,3.905815e-05
2023-05-19,WMT,5.7365239e-06,5.7325408e-06,5.7155445e-06
2023-05-22,AAPL,0.0010969603,0.0011184163,0.0010866354
2023-05-22,AMGN,5.7496678e-08,5.8922963e-08,5.7823429e-08
2023-05-22,CRM,7.8795731e-08,8.0241192e-08,7.9134045e-08
2023-05-22,CSCO,0.095863606,0.094558787,0.09506396
2023-05-22,IBM,0.0013370077,0.0013517503,0.0013424844
2023-05-22,INTC,0.074361954,0.073801563,0.074980058
2023-05-22,MSFT,8.7521333e-05,8.772423e-05,8.7105005e-05
2023-05-22,NKE,2.6220128e-07,2.6542405e-07,2.671899e-07
2023-05-22,VZ,3.8770653e-05,3.8964201e-05,3.8839385e-05
2023-05-22,WMT,5.5734508e-06,5.6265669e-06,5.5779489e-06
2023-05-23,AAPL,0.0010805252,0.0010955607,0.0010764439
2023-05-23,AMGN,5.4937225e-08,5.6130916e-08,5.5343219e-08
2023-05-23,CRM,7.7485829e-08,7.7996914e-08,7.7124587e-08
2023-05-23,CSCO,0.09639657,0.094651123,0.095309699
2023-05-23,IBM,0.0013159228,0.001324875,0.001317187
2023-05-23,INTC,0.073854232,0.073501072,0.074306217
2023-05-23,MSFT,8.6195594e-05,8.58243e-05,8.5878112e-05
2023-05-23,NKE,2.5616308e-07,2.5824439e-07,2.5900934e-07
2023-05-23,VZ,3.7991616e-05,3.8301383e-05,3.805792e-05
2023-05-23,WMT,5.4063901e-06,5.4403032e-06,5.4208699e-06
2023-05-24,AAPL,0.0010725062,0.0010834397,0.00106049
2023-05-24,AMGN,5.2594423e-08,5.3999535e-08,5.2947247e-08
2023-05-24,CRM,7.6652353e-08,7.7106787e-08,7.6837509e-08
2023-05-24,CSCO,0.096922786,0.095050283,0.095427807
2023-05-24,IBM,0.0013017185,0.0013092773,0.0012980499
2023-05-24,INTC,0.0735911,0.072969103,0.073556167
2023-05-24,MSFT,8.5310974e-05,8.5136068e-05,8.453927e-05
2023-05-24,NKE,2.5203006e-07,2.5307149e-07,2.5429766e-07
2023-05-24,VZ,3.7240811e-05,3.7454548e-05,3.7277556e-05
2023-05-24,WMT,5.261781e-06,5.2824897e-06,5.2635273e-06
2023-05-25,AAPL,0.0010632874,0.0010759573,0.0010529429
2023-05-25,AMGN,5.0293467e-08,5.1870492e-08,5.0393663e-08
2023-05-25,CRM,7.6158036e-08,7.6709451e-08,7.536296e-08
2023-05-25,CSCO,0.097171883,0.095706569,0.095865353
2023-05-25,IBM,0.001288321,0.0012988922,0.0012854584
2023-05-25,INTC,0.073055401,0.072777379,0.073117304
2023-05-25,MSFT,8.4332509e-05,8.4262674e-05,8.3749779e-05
2023-05-25,NKE,2.4651602e-07,2.4898808e-07,2.4835406e-07
2023-05-25,VZ,3.6410925e-05,3.6757815e-05,3.6339688e-05
2023-05-25,WMT,5.0869962e-06,5.1361936e-06,5.078383e-06
2023-05-26,AAPL,0.0010530687,0.0010599359,0.0010369275
2023-05-26,AMGN,4.9193775e-08,4.9940424e-08,4.8532284e-08
2023-05-26,CRM,7.6579872e-08,7.6195033e-08,7.5365656e-08
2023-05-26,CSCO,0.096774224,0.09487425,0.09526437
2023-05-26,IBM,0.0012622296,0.001269005,0.0012570639
2023-05-26,INTC,0.072442682,0.071935132,0.071671346
2023-05-26,MSFT,8.3519254e-05,8.3099971e-05,8.2502077e-05
2023-05-26,NKE,2.4201784e-07,2.4356375e-07,2.4191215e-07
2023-05-26,VZ,3.5595091e-05,3.583756e-05,3.5387046e-05
2023-05-26,WMT,4.8780382e-06,4.9510046e-06,4.878436e-06
2023-05-30,AAPL,0.001047192,0.0010613907,0.0010305187
2023-05-30,AMGN,4.8017458e-08,4.9141047e-08,4.7589917e-08
2023-05-30,CRM,7.3569209e-08,7.5055001e-08,7.3349438e-08
2023-05-30,CSCO,0.095681991,0.094738888,0.094320942
2023-05-30,IBM,0.0012395914,0.0012498104,0.0012361355
2023-05-30,INTC,0.071200029,0.070965743,0.070961164
2023-05-30,MSFT,8.1968465e-05,8.237518e-05,8.1207253e-05
2023-05-30,NKE,2.3676259e-07,2.3927659e-07,2.3720329e-07
2023-05-30,VZ,3.5151886e-05,3.5180028e-05,3.4916729e-05
2023-05-30,WMT,4.8369531e-06,4.8375303e-06,4.7859456e-06
2023-05-31,AAPL,0.0010271178,0.0010496252,0.001024638
2023-05-31,AMGN,4.650755e-08,4.7953593e-08,4.6374544e-08
2023-05-31,CRM,6.9820322e-08,7.3042986e-08,6.9333014e-08
2023-05-31,CSCO,0.094839562,0.095225077,0.093705521
2023-05-31,IBM,0.0012098466,0.0012260894,0.0012065817
2023-05-31,INTC,0.069945624,0.07058231,0.069925188
2023-05-31,MSFT,8.0856201e-05,8.1831996e-05,8.0122645e-05
2023-05-31,NKE,2.306982e-07,2.3634885e-07,2.309203e-07
2023-05-31,VZ,3.5077513e-05,3.5293207e-05,3.4870104e-05
2023-05-31,WMT,4.7805003e-06,4.8220012e-06,4.7567061e-06
2023-06-01,AAPL,0.001021271,0.0010300971,0.00099156245
2023-06-01,AMGN,4.5627418e-08,4.6547956e-08,4.490628e-08
2023-06-01,CRM,6.5457402e-08,6.8148444e-08,6.358618e-08
2023-06-01,CSCO,0.092371679,0.092802672,0.090169048
2023-06-01,IBM,0.0011978493,0.0012123788,0.0011810659
2023-06-01,INTC,0.068611102,0.069045403,0.067523276
2023-06-01,MSFT,7.9308039e-05,8.0609407e-05,7.7691375e-05
2023-06-01,NKE,2.2311087e-07,2.2717628e-07,2.2019949e-07
2023-06-01,VZ,3.4341724e-05,3.4578087e-05,3.3736352e-05
2023-06-01,WMT,4.6951017e-06,4.7620956e-06,4.635829e-06
2023-06-02,AAPL,0.00098758207,0.0010226964,0.00098068086
2023-06-02,AMGN,4.3890339e-08,4.5704039e-08,4.3929356e-08
2023-06-02,CRM,6.2881368e-08,6.6022713e-08,6.2158656e-08
2023-06-02,CSCO,0.089731721,0.092389376,0.088669882
2023-06-02,IBM,0.0011686849,0.0012011584,0.001165529
2023-06-02,INTC,0.066207843,0.068337185,0.065991602
2023-06-02,MSFT,7.6479564e-05,7.8720869e-05,7.6274863e-05
2023-06-02,NKE,2.1480275e-07,2.2107979e-07,2.1350763e-07
2023-06-02,VZ,3.3313591e-05,3.4135529e-05,3.3148083e-05
2023-06-02,WMT,4.5663818e-06,4.686325e-06,4.5460264e-06
2023-06-05,AAPL,0.00098672633,0.00099907692,0.00098275842
2023-06-05,AMGN,4.3569051e-08,4.3756487e-08,4.3267952e-08
2023-06-05,CRM,6.2579732e-08,6.3226626e-08,6.2799685e-08
2023-06-05,CSCO,0.090758032,0.090636381,0.090247593
2023-06-05,IBM,0.0011637945,0.0011725107,0.0011609676
2023-06-05,INTC,0.066340792,0.066373098,0.06615133
2023-06-05,MSFT,7.6639817e-05,7.6636185e-05,7.65144e-05
2023-06-05,NKE,2.1450879e-07,2.1627022e-07,2.1477818e-07
2023-06-05,VZ,3.324374e-05,3.3421094e-05,3.2948497e-05
2023-06-05,WMT,4.5734071e-06,4.5817665e-06,4.5396204e-06
2023-06-06,AAPL,0.00096484189,0.0009858052,0.00096354212
2023-06-06,AMGN,4.1992518e-08,4.2951262e-08,4.2417889e-08
2023-06-06,CRM,6.0834983e-08,6.1244704e-08,6.1632669e-08
2023-06-06,CSCO,0.091012124,0.090717138,0.09030062
2023-06-06,IBM,0.0011389382,0.0011506668,0.0011391639
2023-06-06,INTC,0.066493697,0.066416131,0.066388609
2023-06-06,MSFT,7.6243608e-05,7.6550033e-05,7.5874529e-05
2023-06-06,NKE,2.108909e-07,2.1416756e-07,2.1206645e-07
2023-06-06,VZ,3.2815133e-05,3.3189319e-05,3.28055e-05
2023-06-06,WMT,4.4472516e-06,4.4929647e-06,4.4476381e-06
2023-06-07,AAPL,0.00095253855,0.00097016934,0.00094158458
2023-06-07,AMGN,4.0869816e-08,4.1394878e-08,4.1010244e-08
2023-06-07,CRM,5.9028886e-08,5.9764154e-08,5.9875961e-08
2023-06-07,CSCO,0.091312885,0.090585178,0.090299949
2023-06-07,IBM,0.001127027,0.0011350631,0.0011243503
2023-06-07,INTC,0.066419356,0.066067754,0.066931084
2023-06-07,MSFT,7.561573e-05,7.5621274e-05,7.5185465e-05
2023-06-07,NKE,2.0768352e-07,2.0913683e-07,2.0881907e-07
2023-06-07,VZ,3.2441179e-05,3.2620606e-05,3.2310546e-05
2023-06-07,WMT,4.3758779e-06,4.3882821e-06,4.3554448e-06
2023-06-08,AAPL,0.00094374777,0.00095930835,0.0009448737
2023-06-08,AMGN,3.9891483e-08,4.0466695e-08,4.0455981e-08
2023-06-08,CRM,5.8185159e-08,5.8305725e-08,5.8797356e-08
2023-06-08,CSCO,0.091764521,0.090543769,0.091173204
2023-06-08,IBM,0.0011161712,0.0011248112,0.0011187834
2023-06-08,INTC,0.066872908,0.066650122,0.06747476
2023-06-08,MSFT,7.5820953e-05,7.5815448e-05,7.5554021e-05
2023-06-08,NKE,2.0414963e-07,2.0653332e-07,2.077445e-07
2023-06-08,VZ,3.1955039e-05,3.2241006e-05,3.1950525e-05
2023-06-08,WMT,4.2985932e-06,4.3187047e-06,4.2903269e-06
2023-06-09,AAPL,0.00092147369,0.00093767004,0.00091725903
2023-06-09,AMGN,3.8282202e-08,3.9219455e-08,3.8876332e-08
2023-06-09,CRM,5.5880925e-08,5.6632352e-08,5.6674579e-08
2023-06-09,CSCO,0.091576342,0.090869176,0.090950528
2023-06-09,IBM,0.0010978935,0.0011070333,0.0011000289
2023-06-09,INTC,0.066988636,0.066699814,0.067562909
2023-06-09,MSFT,7.5586454e-05,7.547884e-05,7.5610035e-05
2023-06-09,NKE,1.9927258e-07,2.0197019e-07,2.0271296e-07
2023-06-09,VZ,3.1716799e-05,3.1979068e-05,3.166464e-05
2023-06-09,WMT,4.2142848e-06,4.2364026e-06,4.1976924e-06
2023-06-12,AAPL,0.00090301756,0.00091756092,0.00089544381
2023-06-12,AMGN,3.7528797e-08,3.7932712e-08,3.7664362e-08
2023-06-12,CRM,5.4872052e-08,5.5010295e-08,5.4930825e-08
2023-06-12,CSCO,0.091852561,0.090348442,0.091171376
2023-06-12,IBM,0.0010813527,0.0010887924,0.0010849737
2023-06-12,INTC,0.067290788,0.066771111,0.067778066
2023-06-12,MSFT,7.551836e-05,7.5055812e-05,7.5314323e-05
2023-06-12,NKE,1.9405627e-07,1.9561645e-07,1.9669893e-07
2023-06-12,VZ,3.1196826e-05,3.1479861e-05,3.111487e-05
2023-06-12,WMT,4.0977931e-06,4.1227479e-06,4.0933478e-06
2023-06-13,AAPL,0.00088498505,0.00090045967,0.00088154791
2023-06-13,AMGN,3.596369e-08,3.686008e-08,3.6340844e-08
2023-06-13,CRM,5.3405412e-08,5.3643822e-08,5.392574e-08
2023-06-13,CSCO,0.091529067,0.090292882,0.09066937
2023-06-13,IBM,0.0010629342,0.0010726149,0.0010646432
2023-06-13,INTC,0.06668821,0.066113118,0.066932239
2023-06-13,MSFT,7.5092925e-05,7.4984045e-05,7.486009e-05
2023-06-13,NKE,1.9054697e-07,1.9231742e-07,1.9282029e-07
2023-06-13,VZ,3.0474823e-05,3.083798e-05,3.050446e-05
2023-06-13,WMT,3.9648978e-06,4.0171245e-06,3.9654707e-06
2023-06-14,AAPL,0.00087265183,0.00088888502,0.00086370317
2023-06-14,AMGN,3.524832e-08,3.5717507e-08,3.5234546e-08
2023-06-14,CRM,5.1804976e-08,5.2334753e-08,5.1992629e-08
2023-06-14,CSCO,0.09148866,0.09050873,0.090420672
2023-06-14,IBM,0.0010486708,0.0010601681,0.0010502808
2023-06-14,INTC,0.066212041,0.065830091,0.066229737
2023-06-14,MSFT,7.4097056e-05,7.4073966e-05,7.3636593e-05
2023-06-14,NKE,1.8816652e-07,1.8941352e-07,1.8948644e-07
2023-06-14,VZ,3.0108866e-05,3.0413493e-05,2.9891281e-05
2023-06-14,WMT,3.8982941e-06,3.9134312e-06,3.8641523e-06
2023-06-15,AAPL,0.00086914679,0.00088176809,0.00086393851
2023-06-15,AMGN,3.4520827e-08,3.4942269e-08,3.4593312e-08
2023-06-15,CRM,5.1174187e-08,5.1461206e-08,5.1282396e-08
2023-06-15,CSCO,0.092726885,0.091356333,0.091576439
2023-06-15,IBM,0.0010395757,0.001044064,0.0010412955
2023-06-15,INTC,0.066561259,0.066146123,0.066795778
2023-06-15,MSFT,7.4117909e-05,7.3966526e-05,7.3782039e-05
2023-06-15,NKE,1.8463303e-07,1.8613486e-07,1.867292e-07
2023-06-15,VZ,2.9598655e-05,2.9868026e-05,2.9472672e-05
2023-06-15,WMT,3.8079973e-06,3.8337671e-06,3.7866697e-06
2023-06-16,AAPL,0.00086689111,0.00088200697,0.0008587895
2023-06-16,AMGN,3.3381542e-08,3.4144244e-08,3.3751387e-08
2023-06-16,CRM,4.9843642e-08,5.0374692e-08,5.0133323e-08
2023-06-16,CSCO,0.093325367,0.091985113,0.092195041
2023-06-16,IBM,0.001021863,0.0010314069,0.0010234046
2023-06-16,INTC,0.066877468,0.066326391,0.06716233
2023-06-16,MSFT,7.4132679e-05,7.4002943e-05,7.3666529e-05
2023-06-16,NKE,1.8139996e-07,1.8376646e-07,1.8372529e-07
2023-06-16,VZ,2.9246678e-05,2.9447583e-05,2.9104207e-05
2023-06-16,WMT,3.7379355e-06,3.7488758e-06,3.7185937e-06
2023-06-20,AAPL,0.00085796801,0.00087252981,0.00084955674
2023-06-20,AMGN,3.2378823e-08,3.2949955e-08,3.2465554e-08
2023-06-20,CRM,4.809461e-08,4.8810261e-08,4.8405362e-08
2023-06-20,CSCO,0.093667985,0.092464096,0.092292886
2023-06-20,IBM,0.0010057663,0.0010135749,0.0010072715
2023-06-20,INTC,0.067181551,0.066505647,0.067158097
2023-06-20,MSFT,7.3844644e-05,7.3433448e-05,7.3216358e-05
2023-06-20,NKE,1.7674722e-07,1.7837645e-07,1.7843646e-07
2023-06-20,VZ,2.9019633e-05,2.9210423e-05,2.8724509e-05
2023-06-20,WMT,3.6662388e-06,3.6768141e-06,3.6379984e-06
2023-06-21,AAPL,0.0008417691,0.00085800028,0.00083604818
2023-06-21,AMGN,3.1757222e-08,3.222881e-08,3.181433e-08
2023-06-21,CRM,4.6772355e-08,4.7350482e-08,4.6778081e-08
2023-06-21,CSCO,0.093478263,0.092408221,0.09232601
2023-06-21,IBM,0.00098906823,0.00099718524,0.00099021947
2023-06-21,INTC,0.067044201,0.06668221,0.06705734
2023-06-21,MSFT,7.3393839e-05,7.3523546e-05,7.2810493e-05
2023-06-21,NKE,1.7248369e-07,1.7459556e-07,1.7437882e-07
2023-06-21,VZ,2.8548861e-05,2.8908793e-05,2.8413023e-05
2023-06-21,WMT,3.5728024e-06,3.5972272e-06,3.5478415e-06
2023-06-22,AAPL,0.00083747727,0.00084951708,0.00082315209
2023-06-22,AMGN,3.1202321e-08,3.160052e-08,3.1143536e-08
2023-06-22,CRM,4.5951933e-08,4.6481898e-08,4.5748908e-08
2023-06-22,CSCO,0.093756823,0.092617338,0.092423377
2023-06-22,IBM,0.00097625861,0.00098733232,0.00097532874
2023-06-22,INTC,0.067119913,0.0669193,0.067104414
2023-06-22,MSFT,7.2916088e-05,7.3275627e-05,7.2472574e-05
2023-06-22,NKE,1.6872028e-07,1.7082231e-07,1.7053033e-07
2023-06-22,VZ,2.8047853e-05,2.8447436e-05,2.8006652e-05
2023-06-22,WMT,3.4960745e-06,3.5266454e-06,3.4669566e-06
2023-06-23,AAPL,0.00082909894,0.00084526312,0.00082387579
2023-06-23,AMGN,3.0765425e-08,3.1160348e-08,3.0772595e-08
2023-06-23,CRM,4.5127651e-08,4.5461387e-08,4.5020545e-08
2023-06-23,CSCO,0.094255596,0.09287391,0.092823151
2023-06-23,IBM,0.0009623687,0.00097085261,0.00096056703
2023-06-23,INTC,0.067137263,0.066949824,0.066981153
2023-06-23,MSFT,7.2816083e-05,7.3001018e-05,7.2185685e-05
2023-06-23,NKE,1.6405541e-07,1.6602131e-07,1.6572985e-07
2023-06-23,VZ,2.7648273e-05,2.7917241e-05,2.7550094e-05
2023-06-23,WMT,3.4188421e-06,3.4422114e-06,3.3966677e-06
2023-06-26,AAPL,0.00081431519,0.00083278001,0.00080395604
2023-06-26,AMGN,2.9451074e-08,3.0424002e-08,2.9737622e-08
2023-06-26,CRM,4.4079329e-08,4.482969e-08,4.4094583e-08
2023-06-26,CSCO,0.094189326,0.093703395,0.092989184
2023-06-26,IBM,0.00095160593,0.00096221974,0.00094690191
2023-06-26,INTC,0.066710759,0.066642622,0.066460664
2023-06-26,MSFT,7.216081e-05,7.2654381e-05,7.1378411e-05
2023-06-26,NKE,1.6107541e-07,1.6314925e-07,1.626525e-07
2023-06-26,VZ,2.7266572e-05,2.7482524e-05,2.706139e-05
2023-06-26,WMT,3.3608728e-06,3.3883596e-06,3.3407972e-06
2023-06-27,AAPL,0.00081032785,0.00082229091,0.00079627401
2023-06-27,AMGN,2.8478994e-08,2.9224381e-08,2.848596e-08
2023-06-27,CRM,4.3588566e-08,4.3737561e-08,4.3041493e-08
2023-06-27,CSCO,0.094823054,0.093823291,0.093085526
2023-06-27,IBM,0.00095110139,0.00095850715,0.00094505846
2023-06-27,INTC,0.066781069,0.066757716,0.066335102
2023-06-27,MSFT,7.1853023e-05,7.1941068e-05,7.0971568e-05
2023-06-27,NKE,1.5854793e-07,1.5901736e-07,1.5883151e-07
2023-06-27,VZ,2.6615337e-05,2.6959633e-05,2.6431228e-05
2023-06-27,WMT,3.2426107e-06,3.2883708e-06,3.2338625e-06
2023-06-28,AAPL,0.00080369905,0.00081526485,0.00079485153
2023-06-28,AMGN,2.8460365e-08,2.8491514e-08,2.8094779e-08
2023-06-28,CRM,4.4548424e-08,4.436326e-08,4.3999726e-08
2023-06-28,CSCO,0.09475571,0.094296407,0.09359999
2023-06-28,IBM,0.00093937904,0.0009487829,0.00093459995
2023-06-28,INTC,0.0661842,0.066267327,0.065933767
2023-06-28,MSFT,7.1106311e-05,7.1210547e-05,7.0415271e-05
2023-06-28,NKE,1.5662578e-07,1.5717694e-07,1.5671973e-07
2023-06-28,VZ,2.6048707e-05,2.6416008e-05,2.6032755e-05
2023-06-28,WMT,3.1166521e-06,3.1693408e-06,3.121333e-06
2023-06-29,AAPL,0.00080080484,0.00081182695,0.00079236569
2023-06-29,AMGN,2.806256e-08,2.8333685e-08,2.7804767e-08
2023-06-29,CRM,4.3064554e-08,4.4006648e-08,4.3184472e-08
2023-06-29,CSCO,0.093587979,0.094093092,0.092283906
2023-06-29,IBM,0.00092348808,0.00093271755,0.00092302246
2023-06-29,INTC,0.064453492,0.064745893,0.064602351
2023-06-29,MSFT,6.9717825e-05,7.0449178e-05,6.9276494e-05
2023-06-29,NKE,1.5460011e-07,1.5599849e-07,1.5463881e-07
2023-06-29,VZ,2.5626839e-05,2.5723355e-05,2.5534939e-05
2023-06-29,WMT,3.1350568e-06,3.1417678e-06,3.0969653e-06
2023-06-30,AAPL,0.00078680685,0.00080626343,0.00078082505
2023-06-30,AMGN,2.7388449e-08,2.8106812e-08,2.7245892e-08
2023-06-30,CRM,4.0744949e-08,4.2543886e-08,4.0558387e-08
2023-06-30,CSCO,0.091674949,0.093068683,0.090857021
2023-06-30,IBM,0.00090205933,0.00091593302,0.0008992856
2023-06-30,INTC,0.062321196,0.063189484,0.062415577
2023-06-30,MSFT,6.8004228e-05,6.9441982e-05,6.7862409e-05
2023-06-30,NKE,1.5019436e-07,1.5423943e-07,1.5058237e-07
2023-06-30,VZ,2.5390914e-05,2.5641463e-05,2.5244164e-05
2023-06-30,WMT,3.10014e-06,3.1384192e-06,3.0802341e-06
2023-07-03,AAPL,0.00078105552,0.00078909735,0.00073809429
2023-07-03,AMGN,2.7270073e-08,2.763684e-08,2.6680812e-08
2023-07-03,CRM,3.8056857e-08,3.9448504e-08,3.6559784e-08
2023-07-03,CSCO,0.088531122,0.089515764,0.085289669
2023-07-03,IBM,0.00088990629,0.00089625315,0.00087156799
2023-07-03,INTC,0.061432985,0.061927196,0.059397689
2023-07-03,MSFT,6.6416053e-05,6.7428262e-05,6.4643796e-05
2023-07-03,NKE,1.4637607e-07,1.4826857e-07,1.4202997e-07
2023-07-03,VZ,2.4964677e-05,2.5100276e-05,2.4215252e-05
2023-07-03,WMT,3.0118567e-06,3.0747568e-06,2.9603755e-06
2023-07-05,AAPL,0.00075133288,0.00078291658,0.00074643121
2023-07-05,AMGN,2.644528e-08,2.7424492e-08,2.6350011e-08
2023-07-05,CRM,3.6510653e-08,3.8331387e-08,3.5872455e-08
2023-07-05,CSCO,0.085772008,0.088409767,0.084798314
2023-07-05,IBM,0.00086519599,0.00088860306,0.0008621772
2023-07-05,INTC,0.059318082,0.061653396,0.059234142
2023-07-05,MSFT,6.3914715e-05,6.5782035e-05,6.3598395e-05
2023-07-05,NKE,1.4158654e-07,1.4569124e-07,1.4114132e-07
2023-07-05,VZ,2.4328901e-05,2.4976815e-05,2.4138619e-05
2023-07-05,WMT,2.9599579e-06,3.0263358e-06,2.9427079e-06
2023-07-06,AAPL,0.00075130352,0.00076094526,0.00074786352
2023-07-06,AMGN,2.6245338e-08,2.636725e-08,2.6196403e-08
2023-07-06,CRM,3.6784516e-08,3.6859974e-08,3.68083e-08
2023-07-06,CSCO,0.086883467,0.086592618,0.086689666
2023-07-06,IBM,0.00086994687,0.0008716995,0.00086883338
2023-07-06,INTC,0.059916481,0.059968715,0.059807203
2023-07-06,MSFT,6.4267446e-05,6.407452e-05,6.4165926e-05
2023-07-06,NKE,1.4241885e-07,1.4282385e-07,1.4322558e-07
2023-07-06,VZ,2.4306033e-05,2.435922e-05,2.4169292e-05
2023-07-06,WMT,2.9693785e-06,2.9636486e-06,2.9508545e-06
2023-07-07,AAPL,0.00073777813,0.00075071153,0.00073860169
2023-07-07,AMGN,2.5323171e-08,2.572373e-08,2.5697657e-08
2023-07-07,CRM,3.6098989e-08,3.6323984e-08,3.6579529e-08
2023-07-07,CSCO,0.086989015,0.086523614,0.086694375
2023-07-07,IBM,0.00085413488,0.00086124106,0.00085539492
2023-07-07,INTC,0.059114608,0.059059314,0.059561043
2023-07-07,MSFT,6.3000247e-05,6.3214236e-05,6.3190961e-05
2023-07-07,NKE,1.4098372e-07,1.4191926e-07,1.4176329e-07
2023-07-07,VZ,2.4094078e-05,2.4230805e-05,2.4110398e-05
2023-07-07,WMT,2.9225567e-06,2.929378e-06,2.9212182e-06
2023-07-10,AAPL,0.0007232916,0.00074023004,0.00072886385
2023-07-10,AMGN,2.4787802e-08,2.4989598e-08,2.4936814e-08
2023-07-10,CRM,3.5151283e-08,3.5586129e-08,3.611178e-08
2023-07-10,CSCO,0.087518949,0.086846814,0.087106796
2023-07-10,IBM,0.00084899831,0.00085430984,0.00085006212
2023-07-10,INTC,0.058969447,0.058478429,0.059515297
2023-07-10,MSFT,6.2057715e-05,6.2036653e-05,6.2036923e-05
2023-07-10,NKE,1.3761857e-07,1.3901516e-07,1.3937708e-07
2023-07-10,VZ,2.4263073e-05,2.4121987e-05,2.4257962e-05
2023-07-10,WMT,2.9149628e-06,2.9027372e-06,2.9056334e-06
2023-07-11,AAPL,0.00070961519,0.0007195221,0.00070978302
2023-07-11,AMGN,2.407558e-08,2.4289561e-08,2.4174934e-08
2023-07-11,CRM,3.4051862e-08,3.4413578e-08,3.4560529e-08
2023-07-11,CSCO,0.087615445,0.086640303,0.087088411
2023-07-11,IBM,0.00083617625,0.00083961322,0.00083551607
2023-07-11,INTC,0.058507199,0.058105483,0.058980781
2023-07-11,MSFT,6.1200511e-05,6.1291977e-05,6.116899e-05
2023-07-11,NKE,1.3380188e-07,1.3547729e-07,1.3567573e-07
2023-07-11,VZ,2.4124199e-05,2.4103302e-05,2.4129611e-05
2023-07-11,WMT,2.9013567e-06,2.8979199e-06,2.8764552e-06
2023-07-12,AAPL,0.00069503432,0.00070861012,0.00068768193
2023-07-12,AMGN,2.343427e-08,2.3784141e-08,2.3516058e-08
2023-07-12,CRM,3.336389e-08,3.3599612e-08,3.3328665e-08
2023-07-12,CSCO,0.088583409,0.087212652,0.087159382
2023-07-12,IBM,0.00082730115,0.00083245454,0.00082515341
2023-07-12,INTC,0.05876692,0.058182649,0.058735192
2023-07-12,MSFT,6.0724998e-05,6.0659199e-05,6.0376618e-05
2023-07-12,NKE,1.2937935e-07,1.30584e-07,1.3068801e-07
2023-07-12,VZ,2.3771147e-05,2.3826651e-05,2.363526e-05
2023-07-12,WMT,2.8289352e-06,2.8431783e-06,2.815609e-06
2023-07-13,AAPL,0.00067359973,0.00068790803,0.00066840874
2023-07-13,AMGN,2.2882815e-08,2.3364342e-08,2.2928173e-08
2023-07-13,CRM,3.2710399e-08,3.301643e-08,3.2790137e-08
2023-07-13,CSCO,0.088378905,0.087342483,0.087414662
2023-07-13,IBM,0.00081064146,0.00081755103,0.00081268319
2023-07-13,INTC,0.058487255,0.058242705,0.058345757
2023-07-13,MSFT,5.9840869e-05,6.0065613e-05,5.9492387e-05
2023-07-13,NKE,1.265603e-07,1.2779303e-07,1.2763445e-07
2023-07-13,VZ,2.3401761e-05,2.3548394e-05,2.330702e-05
2023-07-13,WMT,2.7526612e-06,2.7767262e-06,2.7378939e-06
2023-07-14,AAPL,0.00065500427,0.00066911661,0.00064396472
2023-07-14,AMGN,2.239648e-08,2.2666689e-08,2.2309184e-08
2023-07-14,CRM,3.2233814e-08,3.2356887e-08,3.2194788e-08
2023-07-14,CSCO,0.087677887,0.086572424,0.086447235
2023-07-14,IBM,0.0007991757,0.00080589656,0.00079717176
2023-07-14,INTC,0.058129064,0.057777876,0.057852659
2023-07-14,MSFT,5.9045134e-05,5.9226677e-05,5.8355198e-05
2023-07-14,NKE,1.2393972e-07,1.2481533e-07,1.2449865e-07
2023-07-14,VZ,2.2918597e-05,2.3153298e-05,2.2813214e-05
2023-07-14,WMT,2.6763444e-06,2.7030696e-06,2.6565675e-06
2023-07-17,AAPL,0.00065043527,0.00066305845,0.00064711998
2023-07-17,AMGN,2.2065786e-08,2.241114e-08,2.206425e-08
2023-07-17,CRM,3.1738678e-08,3.185602e-08,3.1779358e-08
2023-07-17,CSCO,0.088419707,0.087701343,0.087564439
2023-07-17,IBM,0.00078948475,0.00079887186,0.00079087792
2023-07-17,INTC,0.058284464,0.058184961,0.058309268
2023-07-17,MSFT,5.8458112e-05,5.8820912e-05,5.806536e-05
2023-07-17,NKE,1.2117725e-07,1.2269451e-07,1.225655e-07
2023-07-17,VZ,2.2396167e-05,2.2727512e-05,2.2298738e-05
2023-07-17,WMT,2.6313362e-06,2.6523073e-06,2.6095965e-06
2023-07-18,AAPL,0.00063450029,0.00064732636,0.00063394182
2023-07-18,AMGN,2.1504494e-08,2.1977218e-08,2.1633099e-08
2023-07-18,CRM,3.1396681e-08,3.1542903e-08,3.185084e-08
2023-07-18,CSCO,0.088965102,0.088054284,0.088216245
2023-07-18,IBM,0.00077784852,0.0007855645,0.00077843056
2023-07-18,INTC,0.057863824,0.057671038,0.058144879
2023-07-18,MSFT,5.7719891e-05,5.7856783e-05,5.7607039e-05
2023-07-18,NKE,1.1814349e-07,1.198748e-07,1.1942622e-07
2023-07-18,VZ,2.2181904e-05,2.235474e-05,2.2107504e-05
2023-07-18,WMT,2.5788915e-06,2.5928718e-06,2.5665025e-06
2023-07-19,AAPL,0.00062319594,0.00063791205,0.00061258106
2023-07-19,AMGN,2.1086309e-08,2.1412731e-08,2.0958335e-08
2023-07-19,CRM,2.9858865e-08,3.0363571e-08,2.9978829e-08
2023-07-19,CSCO,0.088216341,0.087338585,0.086836557
2023-07-19,IBM,0.0007667208,0.00077188262,0.00076335142
2023-07-19,INTC,0.057298195,0.056759714,0.056793245
2023-07-19,MSFT,5.6588049e-05,5.6645975e-05,5.6091982e-05
2023-07-19,NKE,1.1506163e-07,1.1584803e-07,1.1526315e-07
2023-07-19,VZ,2.1929917e-05,2.1999835e-05,2.1586623e-05
2023-07-19,WMT,2.5409197e-06,2.5426589e-06,2.5117279e-06
2023-07-20,AAPL,0.00061673956,0.00063006945,0.00061301973
2023-07-20,AMGN,2.0781896e-08,2.1099689e-08,2.0802357e-08
2023-07-20,CRM,2.9463695e-08,2.9542621e-08,2.9473687e-08
2023-07-20,CSCO,0.09013556,0.089171782,0.089046861
2023-07-20,IBM,0.00076109662,0.00076707045,0.00075934844
2023-07-20,INTC,0.057756927,0.057253298,0.057493195
2023-07-20,MSFT,5.6256752e-05,5.5943717e-05,5.5627769e-05
2023-07-20,NKE,1.1341786e-07,1.143752e-07,1.1461035e-07
2023-07-20,VZ,2.1783154e-05,2.1859174e-05,2.1611882e-05
2023-07-20,WMT,2.4996379e-06,2.5059262e-06,2.4770461e-06
2023-07-21,AAPL,0.00060287178,0.00061471539,0.00059974822
2023-07-21,AMGN,2.0622216e-08,2.0756317e-08,2.0644808e-08
2023-07-21,CRM,2.9678813e-08,2.9677096e-08,2.9700218e-08
2023-07-21,CSCO,0.090500855,0.08962372,0.089636661
2023-07-21,IBM,0.00074859346,0.0007549904,0.00074866297
2023-07-21,INTC,0.057311636,0.057202753,0.057529197
2023-07-21,MSFT,5.5620481e-05,5.5791594e-05,5.531353e-05
2023-07-21,NKE,1.1213434e-07,1.1315162e-07,1.1360129e-07
2023-07-21,VZ,2.1643464e-05,2.1711803e-05,2.1636765e-05
2023-07-21,WMT,2.4636368e-06,2.4689701e-06,2.4447569e-06
2023-07-24,AAPL,0.00059493391,0.00060885434,0.00059154407
2023-07-24,AMGN,2.0317102e-08,2.0448088e-08,2.0235026e-08
2023-07-24,CRM,2.8820944e-08,2.9107381e-08,2.8989357e-08
2023-07-24,CSCO,0.091291116,0.090477402,0.090331878
2023-07-24,IBM,0.00073695735,0.00074319512,0.00073503914
2023-07-24,INTC,0.056966191,0.056622538,0.057042786
2023-07-24,MSFT,5.4559098e-05,5.4686049e-05,5.4282927e-05
2023-07-24,NKE,1.0892652e-07,1.1020772e-07,1.0989406e-07
2023-07-24,VZ,2.1551149e-05,2.1572395e-05,2.1451423e-05
2023-07-24,WMT,2.4474037e-06,2.4492648e-06,2.4218034e-06
2023-07-25,AAPL,0.00058335901,0.00060002345,0.00058121719
2023-07-25,AMGN,1.957775e-08,2.0064061e-08,1.9658051e-08
2023-07-25,CRM,2.8027078e-08,2.8252842e-08,2.8396412e-08
2023-07-25,CSCO,0.092845856,0.092131898,0.091702722
2023-07-25,IBM,0.00073027795,0.00073645805,0.00073078174
2023-07-25,INTC,0.05663994,0.056564986,0.05697409
2023-07-25,MSFT,5.4256649e-05,5.435163e-05,5.4087359e-05
2023-07-25,NKE,1.0543535e-07,1.071294e-07,1.0647749e-07
2023-07-25,VZ,2.1454112e-05,2.1516902e-05,2.1448639e-05
2023-07-25,WMT,2.4145344e-06,2.4196222e-06,2.3974661e-06
2023-07-26,AAPL,0.00057290462,0.00058601402,0.00055919627
2023-07-26,AMGN,1.8635276e-08,1.9211766e-08,1.8682143e-08
2023-07-26,CRM,2.7426022e-08,2.7670468e-08,2.7409573e-08
2023-07-26,CSCO,0.092823683,0.092039104,0.091102459
2023-07-26,IBM,0.00071896365,0.000724311,0.00071706883
2023-07-26,INTC,0.055827263,0.055483612,0.055380627
2023-07-26,MSFT,5.3307944e-05,5.3589271e-05,5.2728446e-05
2023-07-26,NKE,1.0242972e-07,1.0363163e-07,1.022961e-07
2023-07-26,VZ,2.1034859e-05,2.1136626e-05,2.0833593e-05
2023-07-26,WMT,2.3480672e-06,2.3748491e-06,2.3321944e-06
2023-07-27,AAPL,0.00056557919,0.00057368537,0.0005552178
2023-07-27,AMGN,1.8163567e-08,1.859185e-08,1.804191e-08
2023-07-27,CRM,2.7188929e-08,2.7343222e-08,2.7075706e-08
2023-07-27,CSCO,0.093105392,0.092552089,0.091763492
2023-07-27,IBM,0.00071350801,0.0007186878,0.00070862443
2023-07-27,INTC,0.055776233,0.055662867,0.055167849
2023-07-27,MSFT,5.2624369e-05,5.2756065e-05,5.1915494e-05
2023-07-27,NKE,1.0051697e-07,1.0119797e-07,1.0026823e-07
2023-07-27,VZ,2.0688985e-05,2.0794785e-05,2.0445481e-05
2023-07-27,WMT,2.2721292e-06,2.2998562e-06,2.2578888e-06
2023-07-28,AAPL,0.00055670615,0.00056614817,0.00055311165
2023-07-28,AMGN,1.824551e-08,1.8360722e-08,1.7995114e-08
2023-07-28,CRM,2.7410276e-08,2.7409737e-08,2.7333996e-08
2023-07-28,CSCO,0.093278836,0.092731847,0.092502325
2023-07-28,IBM,0.00070484247,0.00070818796,0.00070197037
2023-07-28,INTC,0.055929396,0.055965399,0.055506229
2023-07-28,MSFT,5.2439856e-05,5.2549611e-05,5.181313e-05
2023-07-28,NKE,9.864313e-08,9.962254e-08,9.9520517e-08
2023-07-28,VZ,2.0592118e-05,2.0741945e-05,2.0488787e-05
2023-07-28,WMT,2.2052201e-06,2.2305972e-06,2.1998808e-06
2023-07-31,AAPL,0.00055222995,0.00056066362,0.00054857018
2023-07-31,AMGN,1.7909853e-08,1.8160968e-08,1.7898719e-08
2023-07-31,CRM,2.6613967e-08,2.7142112e-08,2.6758588e-08
2023-07-31,CSCO,0.092716942,0.092710669,0.092069435
2023-07-31,IBM,0.00069437097,0.00070073086,0.00069391264
2023-07-31,INTC,0.054836378,0.054876129,0.055110278
2023-07-31,MSFT,5.1863426e-05,5.2384836e-05,5.1450787e-05
2023-07-31,NKE,9.6513858e-08,9.7489983e-08,9.7374665e-08
2023-07-31,VZ,2.0590429e-05,2.0638516e-05,2.0495473e-05
2023-07-31,WMT,2.2053587e-06,2.2096563e-06,2.1851429e-06
2023-08-01,AAPL,0.00054005578,0.00055254525,0.00054138722
2023-08-01,AMGN,1.7599126e-08,1.7948822e-08,1.7594114e-08
2023-08-01,CRM,2.5343935e-08,2.6385375e-08,2.5354999e-08
2023-08-01,CSCO,0.090224104,0.091402848,0.089968918
2023-08-01,IBM,0.00067021802,0.00068251445,0.00067146512
2023-08-01,INTC,0.052946908,0.053610053,0.053403425
2023-08-01,MSFT,5.0717167e-05,5.1668716e-05,5.0692173e-05
2023-08-01,NKE,9.3372244e-08,9.6119813e-08,9.422087e-08
2023-08-01,VZ,2.0474255e-05,2.0636011e-05,2.0426828e-05
2023-08-01,WMT,2.16933e-06,2.2007755e-06,2.171112e-06
2023-08-02,AAPL,0.00053150403,0.00053752959,0.00050979657
2023-08-02,AMGN,1.7391335e-08,1.7643598e-08,1.7105414e-08
2023-08-02,CRM,2.3534142e-08,2.4530217e-08,2.2951852e-08
2023-08-02,CSCO,0.086770399,0.087480049,0.084347454
2023-08-02,IBM,0.0006569058,0.0006657293,0.00064523584
2023-08-02,INTC,0.051602545,0.051942902,0.050571307
2023-08-02,MSFT,4.910832e-05,4.9754345e-05,4.8055079e-05
2023-08-02,NKE,9.0150959e-08,9.1592474e-08,8.8441149e-08
2023-08-02,VZ,2.0140073e-05,2.0237064e-05,1.9622276e-05
2023-08-02,WMT,2.1275866e-06,2.1618339e-06,2.092488e-06
2023-08-03,AAPL,0.00050899144,0.00052909915,0.0005056833
2023-08-03,AMGN,1.6855712e-08,1.7448264e-08,1.6843732e-08
2023-08-03,CRM,2.251966e-08,2.3665435e-08,2.2206479e-08
2023-08-03,CSCO,0.083999553,0.086861539,0.083280556
2023-08-03,IBM,0.00063511762,0.00065324298,0.0006325907
2023-08-03,INTC,0.049463495,0.051340029,0.049513114
2023-08-03,MSFT,4.7081487e-05,4.849113e-05,4.6946772e-05
2023-08-03,NKE,8.70589e-08,8.9439852e-08,8.6745519e-08
2023-08-03,VZ,1.9597952e-05,2.0050025e-05,1.9482637e-05
2023-08-03,WMT,2.0800142e-06,2.1314635e-06,2.0720039e-06
2023-08-04,AAPL,0.00050926238,0.00051548619,0.00050748455
2023-08-04,AMGN,1.6700794e-08,1.6775235e-08,1.6628151e-08
2023-08-04,CRM,2.2553016e-08,2.2774521e-08,2.2612795e-08
2023-08-04,CSCO,0.084972943,0.084966653,0.084425982
2023-08-04,IBM,0.00063454125,0.00063788219,0.00063374995
2023-08-04,INTC,0.049667816,0.049822825,0.049675685
2023-08-04,MSFT,4.7173985e-05,4.7225435e-05,4.7118115e-05
2023-08-04,NKE,8.7198994e-08,8.770583e-08,8.7236832e-08
2023-08-04,VZ,1.9490797e-05,1.9626384e-05,1.9335701e-05
2023-08-04,WMT,2.0727707e-06,2.0786401e-06,2.0612872e-06
2023-08-07,AAPL,0.00049732914,0.00050897764,0.0004948486
2023-08-07,AMGN,1.6245609e-08,1.6509004e-08,1.6389438e-08
2023-08-07,CRM,2.1674507e-08,2.1976855e-08,2.197206e-08
2023-08-07,CSCO,0.084284953,0.084180277,0.083704762
2023-08-07,IBM,0.00062095263,0.00062777462,0.00062114065
2023-08-07,INTC,0.049093595,0.049281335,0.049168863
2023-08-07,MSFT,4.6390956e-05,4.6722991e-05,4.6331497e-05
2023-08-07,NKE,8.5801273e-08,8.6960202e-08,8.6232294e-08
2023-08-07,VZ,1.9236312e-05,1.9460836e-05,1.9194866e-05
2023-08-07,WMT,2.026254e-06,2.0388683e-06,2.0209323e-06
2023-08-08,AAPL,0.00048991262,0.00049988186,0.00048756395
2023-08-08,AMGN,1.5982308e-08,1.6145515e-08,1.6036739e-08
2023-08-08,CRM,2.1164747e-08,2.1469252e-08,2.1539092e-08
2023-08-08,CSCO,0.0843636,0.084232085,0.083813099
2023-08-08,IBM,0.00061527596,0.00062131275,0.00061560748
2023-08-08,INTC,0.04907969,0.049161063,0.049459141
2023-08-08,MSFT,4.5986459e-05,4.6127342e-05,4.5825209e-05
2023-08-08,NKE,8.4252046e-08,8.5286309e-08,8.5140435e-08
2023-08-08,VZ,1.9199417e-05,1.9275392e-05,1.9145316e-05
2023-08-08,WMT,1.9987397e-06,2.0062022e-06,1.9964032e-06
2023-08-09,AAPL,0.00048495312,0.00049084139,0.0004845905
2023-08-09,AMGN,1.5610321e-08,1.5771383e-08,1.5733041e-08
2023-08-09,CRM,2.0580435e-08,2.067517e-08,2.078937e-08
2023-08-09,CSCO,0.08402908,0.083412581,0.083446954
2023-08-09,IBM,0.00060545,0.00061000275,0.0006055089
2023-08-09,INTC,0.04874068,0.048617216,0.049094553
2023-08-09,MSFT,4.5483e-05,4.5585974e-05,4.5556576e-05
2023-08-09,NKE,8.263696e-08,8.377286e-08,8.3668911e-08
2023-08-09,VZ,1.9016337e-05,1.9195209e-05,1.8973587e-05
2023-08-09,WMT,1.9732771e-06,1.9832766e-06,1.9632194e-06
2023-08-10,AAPL,0.0004782891,0.00048731835,0.00047511764
2023-08-10,AMGN,1.5269606e-08,1.5464692e-08,1.5320845e-08
2023-08-10,CRM,1.9883045e-08,2.0090102e-08,2.0104295e-08
2023-08-10,CSCO,0.083631034,0.083061167,0.082738382
2023-08-10,IBM,0.00059501605,0.00060191115,0.00059463579
2023-08-10,INTC,0.048462048,0.04834353,0.048594991
2023-08-10,MSFT,4.4903235e-05,4.5157069e-05,4.4830321e-05
2023-08-10,NKE,8.041365e-08,8.1443345e-08,8.1382809e-08
2023-08-10,VZ,1.8774602e-05,1.8950213e-05,1.8709622e-05
2023-08-10,WMT,1.9248511e-06,1.9427815e-06,1.9193939e-06
2023-08-11,AAPL,0.00047126652,0.00047963376,0.00046716638
2023-08-11,AMGN,1.4911988e-08,1.5174777e-08,1.4928084e-08
2023-08-11,CRM,1.9473868e-08,1.9586719e-08,1.953115e-08
2023-08-11,CSCO,0.083893041,0.083198428,0.082867501
2023-08-11,IBM,0.00058423739,0.00059017518,0.00058502705
2023-08-11,INTC,0.048194088,0.04821804,0.048271493
2023-08-11,MSFT,4.4534637e-05,4.4603898e-05,4.4286816e-05
2023-08-11,NKE,7.8190176e-08,7.9166671e-08,7.8948094e-08
2023-08-11,VZ,1.8464974e-05,1.8657085e-05,1.837481e-05
2023-08-11,WMT,1.8640824e-06,1.8888748e-06,1.858753e-06
2023-08-14,AAPL,0.00046209857,0.00047139744,0.0004575478
2023-08-14,AMGN,1.4502403e-08,1.4765272e-08,1.4490618e-08
2023-08-14,CRM,1.8812363e-08,1.9080595e-08,1.8899026e-08
2023-08-14,CSCO,0.083271303,0.082541699,0.082237708
2023-08-14,IBM,0.00057544351,0.00058118107,0.000572853
2023-08-14,INTC,0.047694814,0.047539678,0.047541449
2023-08-14,MSFT,4.4011977e-05,4.4189512e-05,4.3657461e-05
2023-08-14,NKE,7.6439525e-08,7.7249436e-08,7.7125199e-08
2023-08-14,VZ,1.811175e-05,1.8317607e-05,1.8003931e-05
2023-08-14,WMT,1.8098795e-06,1.8293962e-06,1.7981642e-06
2023-08-15,AAPL,0.00045959429,0.00046619799,0.00045426217
2023-08-15,AMGN,1.4186707e-08,1.4473247e-08,1.4168209e-08
2023-08-15,CRM,1.8178944e-08,1.8384528e-08,1.8177472e-08
2023-08-15,CSCO,0.083767964,0.082805436,0.082638986
2023-08-15,IBM,0.00056891733,0.00057493848,0.00056679039
2023-08-15,INTC,0.04762829,0.04746522,0.047620043
2023-08-15,MSFT,4.3830815e-05,4.3890647e-05,4.3381597e-05
2023-08-15,NKE,7.5332424e-08,7.6096048e-08,7.5834182e-08
2023-08-15,VZ,1.7878751e-05,1.8066735e-05,1.7721886e-05
2023-08-15,WMT,1.7690704e-06,1.7831759e-06,1.756713e-06
2023-08-16,AAPL,0.00045122708,0.00045860998,0.00044979318
2023-08-16,AMGN,1.407126e-08,1.4274918e-08,1.4062393e-08
2023-08-16,CRM,1.7647957e-08,1.793624e-08,1.7728614e-08
2023-08-16,CSCO,0.084047396,0.083262024,0.083199639
2023-08-16,IBM,0.00055949599,0.00056394182,0.0005587239
2023-08-16,INTC,0.047287243,0.047110723,0.047366523
2023-08-16,MSFT,4.3546784e-05,4.3640791e-05,4.3309376e-05
2023-08-16,NKE,7.4024731e-08,7.5019898e-08,7.4755606e-08
2023-08-16,VZ,1.7670188e-05,1.7847227e-05,1.7572309e-05
2023-08-16,WMT,1.7408861e-06,1.7497839e-06,1.7303646e-06
2023-08-17,AAPL,0.00045012764,0.00045572764,0.00044673116
2023-08-17,AMGN,1.3684845e-08,1.3945267e-08,1.3750554e-08
2023-08-17,CRM,1.7036286e-08,1.7237898e-08,1.7143252e-08
2023-08-17,CSCO,0.084380043,0.083332209,0.083444919
2023-08-17,IBM,0.00055060174,0.00055558009,0.00054961659
2023-08-17,INTC,0.047306501,0.046967786,0.047331923
2023-08-17,MSFT,4.336791e-05,4.3381998e-05,4.3153392e-05
2023-08-17,NKE,7.2348996e-08,7.3165002e-08,7.2969774e-08
2023-08-17,VZ,1.7478369e-05,1.7624255e-05,1.7367385e-05
2023-08-17,WMT,1.7211524e-06,1.7249086e-06,1.7071515e-06
2023-08-18,AAPL,0.00044883008,0.00045544781,0.00044558569
2023-08-18,AMGN,1.332141e-08,1.3595535e-08,1.3347266e-08
2023-08-18,CRM,1.6428131e-08,1.6642165e-08,1.6608877e-08
2023-08-18,CSCO,0.084927248,0.084020426,0.083854567
2023-08-18,IBM,0.00054245274,0.00054862848,0.00054250699
2023-08-18,INTC,0.047385003,0.047142054,0.047446247
2023-08-18,MSFT,4.3081871e-05,4.3103605e-05,4.2908888e-05
2023-08-18,NKE,7.00697e-08,7.1127243e-08,7.0891355e-08
2023-08-18,VZ,1.7318089e-05,1.7465695e-05,1.7207683e-05
2023-08-18,WMT,1.6884516e-06,1.699466e-06,1.6792406e-06
2023-08-21,AAPL,0.00044369244,0.00045165547,0.00044180188
2023-08-21,AMGN,1.301071e-08,1.3235095e-08,1.3058994e-08
2023-08-21,CRM,1.5933478e-08,1.6189827e-08,1.6045637e-08
2023-08-21,CSCO,0.085132046,0.084421095,0.084008664
2023-08-21,IBM,0.000536469,0.00053987605,0.00053590401
2023-08-21,INTC,0.047495258,0.047217829,0.047525515
2023-08-21,MSFT,4.2767402e-05,4.2913075e-05,4.2501657e-05
2023-08-21,NKE,6.7481064e-08,6.8614258e-08,6.8326109e-08
2023-08-21,VZ,1.7198944e-05,1.7311916e-05,1.7105163e-05
2023-08-21,WMT,1.6592112e-06,1.6594858e-06,1.6470058e-06
2023-08-22,AAPL,0.00043405793,0.00044373153,0.00042785034
2023-08-22,AMGN,1.2623575e-08,1.2863529e-08,1.2646702e-08
2023-08-22,CRM,1.5153108e-08,1.5538063e-08,1.5207475e-08
2023-08-22,CSCO,0.084594573,0.08389095,0.08344377
2023-08-22,IBM,0.00053072535,0.00053376883,0.00052703436
2023-08-22,INTC,0.047216832,0.046895893,0.046950243
2023-08-22,MSFT,4.2368265e-05,4.257743e-05,4.1957488e-05
2023-08-22,NKE,6.5410501e-08,6.6431378e-08,6.594535e-08
2023-08-22,VZ,1.7028961e-05,1.716203e-05,1.6885332e-05
2023-08-22,WMT,1.6257388e-06,1.6323494e-06,1.6117405e-06
2023-08-23,AAPL,0.00043030072,0.00043454683,0.00042470129
2023-08-23,AMGN,1.2496465e-08,1.2580083e-08,1.2477294e-08
2023-08-23,CRM,1.4995891e-08,1.51092e-08,1.4822238e-08
2023-08-23,CSCO,0.085601181,0.08435086,0.084297098
2023-08-23,IBM,0.00052791013,0.00052903183,0.00052475313
2023-08-23,INTC,0.04765646,0.047106752,0.04719732
2023-08-23,MSFT,4.2474948e-05,4.2327352e-05,4.1762542e-05
2023-08-23,NKE,6.439211e-08,6.4824484e-08,6.4715921e-08
2023-08-23,VZ,1.6818645e-05,1.6852521e-05,1.6632208e-05
2023-08-23,WMT,1.5979596e-06,1.6008151e-06,1.5864767e-06
2023-08-24,AAPL,0.00041655577,0.00042654201,0.00041340087
2023-08-24,AMGN,1.2258151e-08,1.243799e-08,1.2253623e-08
2023-08-24,CRM,1.4491887e-08,1.4718771e-08,1.448295e-08
2023-08-24,CSCO,0.084656721,0.084284225,0.083826211
2023-08-24,IBM,0.00052191457,0.00052697892,0.00052078692
2023-08-24,INTC,0.047009302,0.046922707,0.046955412
2023-08-24,MSFT,4.2148185e-05,4.2404105e-05,4.1705369e-05
2023-08-24,NKE,6.342089e-08,6.4044317e-08,6.3935138e-08
2023-08-24,VZ,1.6520009e-05,1.6719115e-05,1.6473859e-05
2023-08-24,WMT,1.5675276e-06,1.5768215e-06,1.5575649e-06
2023-08-25,AAPL,0.00041407475,0.00041690006,0.00040904138
2023-08-25,AMGN,1.1919094e-08,1.2078979e-08,1.1955525e-08
2023-08-25,CRM,1.4498301e-08,1.4485386e-08,1.4430988e-08
2023-08-25,CSCO,0.085548297,0.084773085,0.08444836
2023-08-25,IBM,0.00051745315,0.00052198683,0.00051749084
2023-08-25,INTC,0.04734771,0.047288992,0.047281113
2023-08-25,MSFT,4.2085607e-05,4.2182059e-05,4.1764572e-05
2023-08-25,NKE,6.2814867e-08,6.3154543e-08,6.2977884e-08
2023-08-25,VZ,1.6142541e-05,1.6346283e-05,1.6157901e-05
2023-08-25,WMT,1.5271297e-06,1.5442167e-06,1.5288903e-06
2023-08-28,AAPL,0.00040676854,0.00041501252,0.00040412745
2023-08-28,AMGN,1.1776951e-08,1.184256e-08,1.1666674e-08
2023-08-28,CRM,1.4523681e-08,1.4569348e-08,1.4477408e-08
2023-08-28,CSCO,0.085206855,0.084862009,0.084512964
2023-08-28,IBM,0.00050866037,0.0005148391,0.00050675512
2023-08-28,INTC,0.046446761,0.046591656,0.04644752
2023-08-28,MSFT,4.1623109e-05,4.1820725e-05,4.1418903e-05
2023-08-28,NKE,6.1625531e-08,6.2130225e-08,6.1975298e-08
2023-08-28,VZ,1.5780184e-05,1.5963134e-05,1.579439e-05
2023-08-28,WMT,1.4718203e-06,1.496938e-06,1.4790478e-06
2023-08-29,AAPL,0.0004070495,0.00041124989,0.00039981024
2023-08-29,AMGN,1.149622e-08,1.1689284e-08,1.1409368e-08
2023-08-29,CRM,1.42416e-08,1.4399826e-08,1.418254e-08
2023-08-29,CSCO,0.084681869,0.084786149,0.083643062
2023-08-29,IBM,0.00049898279,0.0005036282,0.00049792169
2023-08-29,INTC,0.045618605,0.04574867,0.045537164
2023-08-29,MSFT,4.0559382e-05,4.1099666e-05,4.0500825e-05
2023-08-29,NKE,6.0794293e-08,6.1193638e-08,6.0600404e-08
2023-08-29,VZ,1.548508e-05,1.5580805e-05,1.5393414e-05
2023-08-29,WMT,1.4540294e-06,1.4618144e-06,1.4439444e-06
2023-08-30,AAPL,0.0003985446,0.00040793671,0.00039568665
2023-08-30,AMGN,1.1201652e-08,1.155528e-08,1.1116528e-08
2023-08-30,CRM,1.352076e-08,1.4070646e-08,1.3385483e-08
2023-08-30,CSCO,0.082009703,0.083086417,0.081548578
2023-08-30,IBM,0.00048420618,0.00049135682,0.00048291353
2023-08-30,INTC,0.044026881,0.04472566,0.044045854
2023-08-30,MSFT,3.9494809e-05,4.0397493e-05,3.9226409e-05
2023-08-30,NKE,5.9593874e-08,6.0983515e-08,5.9543786e-08
2023-08-30,VZ,1.5259901e-05,1.5412466e-05,1.5161451e-05
2023-08-30,WMT,1.4181867e-06,1.4467856e-06,1.4166977e-06
2023-08-31,AAPL,0.0003991966,0.00040319432,0.00038749786
2023-08-31,AMGN,1.1052159e-08,1.1272445e-08,1.0903384e-08
2023-08-31,CRM,1.2791461e-08,1.3262915e-08,1.2503604e-08
2023-08-31,CSCO,0.07957591,0.080473512,0.07809116
2023-08-31,IBM,0.00047905955,0.00048299374,0.00047327693
2023-08-31,INTC,0.043248818,0.043538185,0.042517235
2023-08-31,MSFT,3.8507608e-05,3.9146265e-05,3.7963853e-05
2023-08-31,NKE,5.8264146e-08,5.9189603e-08,5.7603638e-08
2023-08-31,VZ,1.5020266e-05,1.5179668e-05,1.4663804e-05
2023-08-31,WMT,1.3978251e-06,1.4157066e-06,1.3820562e-06
2023-09-01,AAPL,0.00038388823,0.00039835488,0.00038509179
2023-09-01,AMGN,1.0670216e-08,1.109269e-08,1.0707523e-08
2023-09-01,CRM,1.2152038e-08,1.278324e-08,1.2113179e-08
2023-09-01,CSCO,0.07722271,0.07957774,0.076777377
2023-09-01,IBM,0.0004669564,0.00047945705,0.00046686534
2023-09-01,INTC,0.041863164,0.043291589,0.041855197
2023-09-01,MSFT,3.7211679e-05,3.8307285e-05,3.7229046e-05
2023-09-01,NKE,5.5973971e-08,5.7605966e-08,5.6053308e-08
2023-09-01,VZ,1.4676899e-05,1.4999886e-05,1.4615152e-05
2023-09-01,WMT,1.3732644e-06,1.4028042e-06,1.3689718e-06
2023-09-05,AAPL,0.00038217243,0.00038680177,0.00038233685
2023-09-05,AMGN,1.0511624e-08,1.059421e-08,1.051632e-08
2023-09-05,CRM,1.2167994e-08,1.2318907e-08,1.2189109e-08
2023-09-05,CSCO,0.077770732,0.077681448,0.077584167
2023-09-05,IBM,0.00046596792,0.00046873798,0.00046588413
2023-09-05,INTC,0.042157269,0.042172044,0.042036319
2023-09-05,MSFT,3.7272803e-05,3.7229041e-05,3.7180597e-05
2023-09-05,NKE,5.582247e-08,5.6252561e-08,5.6050835e-08
2023-09-05,VZ,1.4647423e-05,1.4694388e-05,1.4585191e-05
2023-09-05,WMT,1.372924e-06,1.3744392e-06,1.3663322e-06
2023-09-06,AAPL,0.00037534432,0.00038214495,0.00037660723
2023-09-06,AMGN,1.0106192e-08,1.0308652e-08,1.0251911e-08
2023-09-06,CRM,1.2087681e-08,1.2108748e-08,1.2200459e-08
2023-09-06,CSCO,0.07812759,0.077818711,0.077860734
2023-09-06,IBM,0.00045630036,0.00046142363,0.0004582253
2023-09-06,INTC,0.041904984,0.041864768,0.042155212
2023-09-06,MSFT,3.6823948e-05,3.6922493e-05,3.6718543e-05
2023-09-06,NKE,5.519591e-08,5.5760784e-08,5.5585214e-08
2023-09-06,VZ,1.4497375e-05,1.4591015e-05,1.4546413e-05
2023-09-06,WMT,1.3429273e-06,1.3480463e-06,1.3436149e-06
2023-09-07,AAPL,0.00036721671,0.00037513739,0.0003680203
2023-09-07,AMGN,9.7678876e-09,9.8778476e-09,9.8454475e-09
2023-09-07,CRM,1.1952097e-08,1.2021605e-08,1.2106579e-08
2023-09-07,CSCO,0.078145255,0.077695472,0.07757463
2023-09-07,IBM,0.00045061239,0.00045416234,0.00045125189
2023-09-07,INTC,0.041471401,0.041326123,0.041770193
2023-09-07,MSFT,3.6190935e-05,3.6258359e-05,3.6117568e-05
2023-09-07,NKE,5.4227115e-08,5.4620382e-08,5.4618145e-08
2023-09-07,VZ,1.4516466e-05,1.4507183e-05,1.4486163e-05
2023-09-07,WMT,1.3285151e-06,1.3237831e-06,1.3239383e-06
2023-09-08,AAPL,0.00036229599,0.00036589122,0.0003624247
2023-09-08,AMGN,9.4403504e-09,9.5384327e-09,9.5499037e-09
2023-09-08,CRM,1.1897827e-08,1.1875827e-08,1.1999552e-08
2023-09-08,CSCO,0.079128974,0.078043907,0.078477014
2023-09-08,IBM,0.00044490752,0.00044671312,0.00044574
2023-09-08,INTC,0.041509346,0.041143488,0.041672664
2023-09-08,MSFT,3.6062221e-05,3.5898394e-05,3.603563e-05
2023-09-08,NKE,5.3142569e-08,5.3681375e-08,5.3868387e-08
2023-09-08,VZ,1.4498176e-05,1.4486083e-05,1.4520544e-05
2023-09-08,WMT,1.3152885e-06,1.3189838e-06,1.3095597e-06
2023-09-11,AAPL,0.00035683835,0.00036163945,0.00035534529
2023-09-11,AMGN,9.0828011e-09,9.1986017e-09,9.1730119e-09
2023-09-11,CRM,1.1806431e-08,1.176788e-08,1.1882416e-08
2023-09-11,CSCO,0.080206315,0.079129909,0.079509461
2023-09-11,IBM,0.00043962064,0.00044135353,0.00044039113
2023-09-11,INTC,0.041401832,0.040961031,0.041459552
2023-09-11,MSFT,3.5605018e-05,3.5495367e-05,3.5591012e-05
2023-09-11,NKE,5.1993871e-08,5.2485793e-08,5.2564801e-08
2023-09-11,VZ,1.4474635e-05,1.4455307e-05,1.4454776e-05
2023-09-11,WMT,1.2916063e-06,1.2957026e-06,1.2871168e-06
2023-09-12,AAPL,0.00034847149,0.00035307124,0.00034555836
2023-09-12,AMGN,8.7499174e-09,8.8564431e-09,8.7946443e-09
2023-09-12,CRM,1.1658048e-08,1.1583449e-08,1.1715205e-08
2023-09-12,CSCO,0.080744155,0.079393521,0.079883206
2023-09-12,IBM,0.00043084714,0.00043212659,0.00043199244
2023-09-12,INTC,0.041015341,0.040639025,0.040951251
2023-09-12,MSFT,3.5041049e-05,3.4838617e-05,3.4935463e-05
2023-09-12,NKE,5.0771615e-08,5.1193779e-08,5.0984825e-08
2023-09-12,VZ,1.4292473e-05,1.4310748e-05,1.4247754e-05
2023-09-12,WMT,1.2568848e-06,1.2611699e-06,1.2524075e-06
2023-09-13,AAPL,0.00033792963,0.00034559071,0.0003364369
2023-09-13,AMGN,8.382067e-09,8.5510132e-09,8.4485601e-09
2023-09-13,CRM,1.1516801e-08,1.1471774e-08,1.1621036e-08
2023-09-13,CSCO,0.081017132,0.080152133,0.080372674
2023-09-13,IBM,0.00042251747,0.00042571927,0.00042382906
2023-09-13,INTC,0.040651723,0.040361861,0.040619858
2023-09-13,MSFT,3.4393947e-05,3.4372891e-05,3.4213162e-05
2023-09-13,NKE,4.9861447e-08,5.0370392e-08,5.0315969e-08
2023-09-13,VZ,1.4170635e-05,1.4219044e-05,1.4108666e-05
2023-09-13,WMT,1.2284671e-06,1.2341884e-06,1.2214716e-06
2023-09-14,AAPL,0.00033143833,0.00033635525,0.00032806033
2023-09-14,AMGN,8.1764898e-09,8.2739884e-09,8.185229e-09
2023-09-14,CRM,1.1457644e-08,1.1391261e-08,1.1482008e-08
2023-09-14,CSCO,0.081671134,0.08067147,0.08077287
2023-09-14,IBM,0.00041502823,0.00041737355,0.00041703826
2023-09-14,INTC,0.040676931,0.04029962,0.040574615
2023-09-14,MSFT,3.3863206e-05,3.3820626e-05,3.3695015e-05
2023-09-14,NKE,4.8929413e-08,4.9286307e-08,4.9372797e-08
2023-09-14,VZ,1.4029671e-05,1.4078087e-05,1.3972375e-05
2023-09-14,WMT,1.1975062e-06,1.2046157e-06,1.1921702e-06
2023-09-15,AAPL,0.00032560852,0.00033168386,0.00032433215
2023-09-15,AMGN,7.959297e-09,8.051735e-09,8.0026401e-09
2023-09-15,CRM,1.1343548e-08,1.1327502e-08,1.1453081e-08
2023-09-15,CSCO,0.082576371,0.081296191,0.081808471
2023-09-15,IBM,0.00041081466,0.00041283538,0.00041059399
2023-09-15,INTC,0.04054463,0.040155953,0.040536679
2023-09-15,MSFT,3.3450565e-05,3.3448866e-05,3.3221687e-05
2023-09-15,NKE,4.8051542e-08,4.84802e-08,4.8518493e-08
2023-09-15,VZ,1.3975016e-05,1.3974263e-05,1.3956798e-05
2023-09-15,WMT,1.178246e-06,1.1807345e-06,1.168144e-06
2023-09-18,AAPL,0.00032261063,0.00032690106,0.00031998753
2023-09-18,AMGN,7.6546146e-09,7.8100254e-09,7.7035439e-09
2023-09-18,CRM,1.1176762e-08,1.1149831e-08,1.1236765e-08
2023-09-18,CSCO,0.083786905,0.082352598,0.082804633
2023-09-18,IBM,0.0004050273,0.00040728265,0.00040579712
2023-09-18,INTC,0.040746349,0.040297195,0.040692598
2023-09-18,MSFT,3.3140846e-05,3.3049824e-05,3.2909299e-05
2023-09-18,NKE,4.7122139e-08,4.7642118e-08,4.7579243e-08
2023-09-18,VZ,1.3895452e-05,1.386568e-05,1.386909e-05
2023-09-18,WMT,1.1530305e-06,1.1567046e-06,1.1485395e-06
2023-09-19,AAPL,0.00031666839,0.00032347997,0.0003154457
2023-09-19,AMGN,7.2914734e-09,7.474937e-09,7.3694747e-09
2023-09-19,CRM,1.0898211e-08,1.0988723e-08,1.1031432e-08
2023-09-19,CSCO,0.085228431,0.084275426,0.08421186
2023-09-19,IBM,0.00040083421,0.0004022181,0.00040166329
2023-09-19,INTC,0.040819178,0.040338096,0.040918737
2023-09-19,MSFT,3.2676242e-05,3.2591497e-05,3.2534877e-05
2023-09-19,NKE,4.6279781e-08,4.6799177e-08,4.6635339e-08
2023-09-19,VZ,1.3891211e-05,1.3831591e-05,1.3852193e-05
2023-09-19,WMT,1.1378901e-06,1.1374076e-06,1.1306045e-06
2023-09-20,AAPL,0.00030955115,0.00031606613,0.00030722478
2023-09-20,AMGN,6.9816604e-09,7.154181e-09,7.0109059e-09
2023-09-20,CRM,1.0656582e-08,1.0740645e-08,1.0719755e-08
2023-09-20,CSCO,0.08603396,0.084909764,0.08509848
2023-09-20,IBM,0.00039371053,0.0003953749,0.00039469666
2023-09-20,INTC,0.040806862,0.040570206,0.040926807
2023-09-20,MSFT,3.2369527e-05,3.2358114e-05,3.2146524e-05
2023-09-20,NKE,4.5069442e-08,4.561058e-08,4.5525691e-08
2023-09-20,VZ,1.3797036e-05,1.3820443e-05,1.3792448e-05
2023-09-20,WMT,1.1120758e-06,1.1162576e-06,1.1077294e-06
2023-09-21,AAPL,0.00030368029,0.00030926502,0.00029865519
2023-09-21,AMGN,6.7202698e-09,6.8804543e-09,6.7323435e-09
2023-09-21,CRM,1.0461334e-08,1.0556312e-08,1.0432151e-08
2023-09-21,CSCO,0.086476672,0.085536935,0.085039643
2023-09-21,IBM,0.00038809522,0.000390819,0.00038891841
2023-09-21,INTC,0.04093699,0.040653326,0.040915439
2023-09-21,MSFT,3.2036836e-05,3.2093908e-05,3.1696633e-05
2023-09-21,NKE,4.3809292e-08,4.4372458e-08,4.4315663e-08
2023-09-21,VZ,1.3630771e-05,1.3684547e-05,1.3622661e-05
2023-09-21,WMT,1.0781467e-06,1.088217e-06,1.0758968e-06
2023-09-22,AAPL,0.00029871882,0.00030402184,0.0002962505
2023-09-22,AMGN,6.4725536e-09,6.6212233e-09,6.4870333e-09
2023-09-22,CRM,1.0360402e-08,1.0336874e-08,1.0273326e-08
2023-09-22,CSCO,0.086469088,0.085168775,0.085747343
2023-09-22,IBM,0.00038257751,0.00038519794,0.00038394398
2023-09-22,INTC,0.040923718,0.040845572,0.040846696
2023-09-22,MSFT,3.1699516e-05,3.1720988e-05,3.1405172e-05
2023-09-22,NKE,4.2516606e-08,4.3089718e-08,4.2950211e-08
2023-09-22,VZ,1.3322723e-05,1.346464e-05,1.3332823e-05
2023-09-22,WMT,1.0440591e-06,1.0552669e-06,1.0425283e-06
2023-09-25,AAPL,0.00029561814,0.00030086843,0.0002925993
2023-09-25,AMGN,6.1164134e-09,6.3217949e-09,6.2058671e-09
2023-09-25,CRM,1.028511e-08,1.0310502e-08,1.0288781e-08
2023-09-25,CSCO,0.086516105,0.085753941,0.085470562
2023-09-25,IBM,0.00037832958,0.0003810306,0.00037801252
2023-09-25,INTC,0.040838025,0.040765069,0.040848214
2023-09-25,MSFT,3.1362042e-05,3.1494038e-05,3.1105864e-05
2023-09-25,NKE,4.1698718e-08,4.2097228e-08,4.209934e-08
2023-09-25,VZ,1.3139235e-05,1.3226362e-05,1.3134362e-05
2023-09-25,WMT,1.0158684e-06,1.0260709e-06,1.0155184e-06
2023-09-26,AAPL,0.0002940231,0.00029684647,0.00028949025
2023-09-26,AMGN,5.9369445e-09,6.0755941e-09,5.9291813e-09
2023-09-26,CRM,1.0244525e-08,1.0199439e-08,1.0147578e-08
2023-09-26,CSCO,0.086398741,0.085392106,0.085365816
2023-09-26,IBM,0.00037771708,0.00037937391,0.00037554723
2023-09-26,INTC,0.040757366,0.040667184,0.040593121
2023-09-26,MSFT,3.117733e-05,3.1129763e-05,3.0876974e-05
2023-09-26,NKE,4.1221796e-08,4.1371231e-08,4.1182616e-08
2023-09-26,VZ,1.2890483e-05,1.3020238e-05,1.2811815e-05
2023-09-26,WMT,9.8200086e-07,9.9285172e-07,9.7984414e-07
2023-09-27,AAPL,0.00029245231,0.00029474397,0.00028877505
2023-09-27,AMGN,5.8180618e-09,5.9147519e-09,5.7739436e-09
2023-09-27,CRM,1.0287994e-08,1.0242944e-08,1.0202747e-08
2023-09-27,CSCO,0.086175774,0.085508653,0.085197527
2023-09-27,IBM,0.00037344612,0.00037514698,0.00037110114
2023-09-27,INTC,0.040670044,0.040541398,0.040286434
2023-09-27,MSFT,3.1022157e-05,3.0945548e-05,3.06559e-05
2023-09-27,NKE,4.0457819e-08,4.0736484e-08,4.064971e-08
2023-09-27,VZ,1.274226e-05,1.2822752e-05,1.2680732e-05
2023-09-27,WMT,9.5111454e-07,9.6402021e-07,9.5236298e-07
2023-09-28,AAPL,0.0002906755,0.00029436717,0.00028791085
2023-09-28,AMGN,5.7579505e-09,5.8150117e-09,5.7128725e-09
2023-09-28,CRM,9.892264e-09,1.0047899e-08,9.9472371e-09
2023-09-28,CSCO,0.085391793,0.085467905,0.084642033
2023-09-28,IBM,0.00036837023,0.00037127996,0.0003678595
2023-09-28,INTC,0.039809751,0.040031954,0.03992873
2023-09-28,MSFT,3.0489923e-05,3.0728253e-05,3.0330288e-05
2023-09-28,NKE,3.9944241e-08,4.0220288e-08,4.0002682e-08
2023-09-28,VZ,1.2614339e-05,1.2630453e-05,1.2554017e-05
2023-09-28,WMT,9.5403784e-07,9.5459352e-07,9.4434837e-07
2023-09-29,AAPL,0.00028367651,0.00029021192,0.00028276115
2023-09-29,AMGN,5.5757534e-09,5.7456514e-09,5.5604096e-09
2023-09-29,CRM,9.4731729e-09,9.8825022e-09,9.3980423e-09
2023-09-29,CSCO,0.084064547,0.085063448,0.083500003
2023-09-29,IBM,0.00035897391,0.00036430117,0.00035859412
2023-09-29,INTC,0.038619719,0.039163399,0.038798316
2023-09-29,MSFT,3.0067876e-05,3.06099e-05,2.9941378e-05
2023-09-29,NKE,3.8760723e-08,3.9761789e-08,3.9000405e-08
2023-09-29,VZ,1.254215e-05,1.2650974e-05,1.2504109e-05
2023-09-29,WMT,9.434501e-07,9.5367131e-07,9.4217314e-07
2023-10-02,AAPL,0.00028369383,0.00028473948,0.00027011654
2023-10-02,AMGN,5.4488667e-09,5.5668741e-09,5.3680929e-09
2023-10-02,CRM,8.945853e-09,9.2948173e-09,8.6310353e-09
2023-10-02,CSCO,0.081510718,0.0821105,0.079022684
2023-10-02,IBM,0.00035379196,0.00035764809,0.00034761098
2023-10-02,INTC,0.038062808,0.038267905,0.037086505
2023-10-02,MSFT,2.9422574e-05,2.9826404e-05,2.8686861e-05
2023-10-02,NKE,3.768509e-08,3.8302595e-08,3.6827185e-08
2023-10-02,VZ,1.2307905e-05,1.2368268e-05,1.2020478e-05
2023-10-02,WMT,9.1890085e-07,9.3765075e-07,9.0776278e-07
2023-10-03,AAPL,0.00027184625,0.00028289894,0.00027119658
2023-10-03,AMGN,5.2631126e-09,5.4702696e-09,5.2508816e-09
2023-10-03,CRM,8.5864538e-09,9.0204528e-09,8.4775571e-09
2023-10-03,CSCO,0.078936323,0.081606348,0.078397308
2023-10-03,IBM,0.00034242456,0.00035215695,0.00034126817
2023-10-03,INTC,0.036531969,0.037950324,0.036565715
2023-10-03,MSFT,2.8197199e-05,2.9093333e-05,2.8155151e-05
2023-10-03,NKE,3.6289333e-08,3.7343027e-08,3.611481e-08
2023-10-03,VZ,1.195578e-05,1.2260323e-05,1.190037e-05
2023-10-03,WMT,8.9672807e-07,9.2057676e-07,8.9317151e-07
2023-10-04,AAPL,0.0002730568,0.00027507622,0.00027155671
2023-10-04,AMGN,5.2461146e-09,5.2378598e-09,5.2091993e-09
2023-10-04,CRM,8.6171345e-09,8.7135648e-09,8.6298507e-09
2023-10-04,CSCO,0.079386757,0.07926364,0.079080831
2023-10-04,IBM,0.00034009924,0.00034211775,0.00034019427
2023-10-04,INTC,0.036612708,0.0366015,0.03658139
2023-10-04,MSFT,2.8091073e-05,2.8126988e-05,2.8003784e-05
2023-10-04,NKE,3.6330194e-08,3.6500342e-08,3.6315521e-08
2023-10-04,VZ,1.1988262e-05,1.2021976e-05,1.1940154e-05
2023-10-04,WMT,8.9864748e-07,8.9874346e-07,8.9407835e-07
2023-10-05,AAPL,0.00026594712,0.00027087779,0.00026806437
2023-10-05,AMGN,4.9984645e-09,5.1182861e-09,5.0732388e-09
2023-10-05,CRM,8.2302938e-09,8.3959435e-09,8.3635005e-09
2023-10-05,CSCO,0.079017293,0.079019318,0.07898221
2023-10-05,IBM,0.00033197347,0.00033556543,0.00033298978
2023-10-05,INTC,0.036099403,0.036135659,0.036405825
2023-10-05,MSFT,2.7618476e-05,2.7800315e-05,2.7576265e-05
2023-10-05,NKE,3.534054e-08,3.596222e-08,3.5709807e-08
2023-10-05,VZ,1.1897328e-05,1.1914496e-05,1.1903673e-05
2023-10-05,WMT,8.8482831e-07,8.8459103e-07,8.8291654e-07
2023-10-06,AAPL,0.00026338897,0.00026648445,0.00026216274
2023-10-06,AMGN,4.7430143e-09,4.8699005e-09,4.7907147e-09
2023-10-06,CRM,7.9649419e-09,8.1259819e-09,8.035478e-09
2023-10-06,CSCO,0.078952244,0.07862721,0.078351109
2023-10-06,IBM,0.00032600241,0.00032939227,0.00032629171
2023-10-06,INTC,0.035819209,0.035859595,0.035990611
2023-10-06,MSFT,2.7281199e-05,2.7425788e-05,2.7210969e-05
2023-10-06,NKE,3.4435598e-08,3.4939759e-08,3.4641983e-08
2023-10-06,VZ,1.1865613e-05,1.1857558e-05,1.1836409e-05
2023-10-06,WMT,8.7207293e-07,8.712923e-07,8.6883403e-07
2023-10-09,AAPL,0.00025971042,0.00026383932,0.00025980364
2023-10-09,AMGN,4.5856066e-09,4.6648102e-09,4.6214497e-09
2023-10-09,CRM,7.7766359e-09,7.9058376e-09,7.7966944e-09
2023-10-09,CSCO,0.078629145,0.078068391,0.078343109
2023-10-09,IBM,0.00032015524,0.00032253425,0.00032117293
2023-10-09,INTC,0.0355536,0.035542833,0.035772264
2023-10-09,MSFT,2.6953082e-05,2.7071702e-05,2.6964051e-05
2023-10-09,NKE,3.3636613e-08,3.4187142e-08,3.3959987e-08
2023-10-09,VZ,1.1795111e-05,1.1807027e-05,1.184162e-05
2023-10-09,WMT,8.5635129e-07,8.622124e-07,8.5504246e-07
2023-10-10,AAPL,0.0002561797,0.00025901937,0.00025358068
2023-10-10,AMGN,4.326099e-09,4.4649403e-09,4.3717085e-09
2023-10-10,CRM,7.5751925e-09,7.7045303e-09,7.5520477e-09
2023-10-10,CSCO,0.077954661,0.077463753,0.077401472
2023-10-10,IBM,0.0003133338,0.00031566746,0.00031321196
2023-10-10,INTC,0.034920123,0.034973665,0.035007076
2023-10-10,MSFT,2.6366808e-05,2.6480235e-05,2.628013e-05
2023-10-10,NKE,3.2914627e-08,3.3352527e-08,3.3068606e-08
2023-10-10,VZ,1.1594018e-05,1.1619246e-05,1.1595027e-05
2023-10-10,WMT,8.3104169e-07,8.4191063e-07,8.30217e-07
2023-10-11,AAPL,0.00025538276,0.00025743243,0.00025440796
2023-10-11,AMGN,4.1537877e-09,4.2696317e-09,4.1798807e-09
2023-10-11,CRM,7.4807297e-09,7.5528866e-09,7.4848595e-09
2023-10-11,CSCO,0.077671813,0.076973104,0.077119015
2023-10-11,IBM,0.00030854074,0.00031208178,0.00030870375
2023-10-11,INTC,0.034479604,0.03455342,0.034555254
2023-10-11,MSFT,2.587133e-05,2.5974126e-05,2.5782145e-05
2023-10-11,NKE,3.2083917e-08,3.2563451e-08,3.225129e-08
2023-10-11,VZ,1.14299e-05,1.1490106e-05,1.1452143e-05
2023-10-11,WMT,7.963018e-07,8.1169471e-07,7.9917997e-07
2023-10-12,AAPL,0.00025389101,0.00025674605,0.00025437073
2023-10-12,AMGN,3.9708285e-09,4.0959862e-09,4.0003543e-09
2023-10-12,CRM,7.461919e-09,7.5501489e-09,7.4823925e-09
2023-10-12,CSCO,0.077965623,0.07750627,0.077385668
2023-10-12,IBM,0.00030463279,0.00030807262,0.00030503792
2023-10-12,INTC,0.034085963,0.034268245,0.03432419
2023-10-12,MSFT,2.5487971e-05,2.5587822e-05,2.538623e-05
2023-10-12,NKE,3.149344e-08,3.1991371e-08,3.1849214e-08
2023-10-12,VZ,1.1329765e-05,1.1402089e-05,1.1349947e-05
2023-10-12,WMT,7.7242808e-07,7.8271348e-07,7.7377955e-07
2023-10-13,AAPL,0.0002540717,0.00025614699,0.00025242349
2023-10-13,AMGN,3.8660959e-09,3.9505723e-09,3.8586698e-09
2023-10-13,CRM,7.3877396e-09,7.5086861e-09,7.3805651e-09
2023-10-13,CSCO,0.077827638,0.077178949,0.077235251
2023-10-13,IBM,0.0002981282,0.00030193617,0.00029888218
2023-10-13,INTC,0.033483249,0.033680462,0.033633905
2023-10-13,MSFT,2.4956e-05,2.5121424e-05,2.4914419e-05
2023-10-13,NKE,3.0913299e-08,3.1378206e-08,3.1073761e-08
2023-10-13,VZ,1.1166108e-05,1.1251712e-05,1.1177288e-05
2023-10-13,WMT,7.5313441e-07,7.6199584e-07,7.5289748e-07
2023-10-16,AAPL,0.00025425277,0.00025703528,0.00025186197
2023-10-16,AMGN,3.6976418e-09,3.8140522e-09,3.6991585e-09
2023-10-16,CRM,7.116329e-09,7.28517e-09,7.1058202e-09
2023-10-16,CSCO,0.076986926,0.076586651,0.076112585
2023-10-16,IBM,0.00029058039,0.00029505527,0.00029047759
2023-10-16,INTC,0.032794268,0.032863972,0.032756712
2023-10-16,MSFT,2.4336151e-05,2.4512894e-05,2.4107272e-05
2023-10-16,NKE,2.9908809e-08,3.0462235e-08,3.0138952e-08
2023-10-16,VZ,1.0925945e-05,1.1013502e-05,1.0904738e-05
2023-10-16,WMT,7.2774274e-07,7.3966366e-07,7.2723584e-07
2023-10-17,AAPL,0.00025681471,0.00025831321,0.00025497488
2023-10-17,AMGN,3.5050995e-09,3.6468255e-09,3.5129524e-09
2023-10-17,CRM,6.8897044e-09,7.0267731e-09,6.8498434e-09
2023-10-17,CSCO,0.076600357,0.076032046,0.075634466
2023-10-17,IBM,0.0002884153,0.00029119971,0.00028739812
2023-10-17,INTC,0.03256441,0.032502896,0.032462234
2023-10-17,MSFT,2.3972248e-05,2.4102616e-05,2.3687711e-05
2023-10-17,NKE,2.9109952e-08,2.9587555e-08,2.9283065e-08
2023-10-17,VZ,1.0793784e-05,1.0841499e-05,1.0706212e-05
2023-10-17,WMT,7.0660206e-07,7.1427034e-07,7.0458572e-07
2023-10-18,AAPL,0.00025557257,0.00025746171,0.00025437975
2023-10-18,AMGN,3.3518889e-09,3.4755007e-09,3.3529143e-09
2023-10-18,CRM,6.6657811e-09,6.8224077e-09,6.6060735e-09
2023-10-18,CSCO,0.07546483,0.075361082,0.074460158
2023-10-18,IBM,0.00028453369,0.00028786444,0.00028365183
2023-10-18,INTC,0.032008891,0.032156858,0.031846584
2023-10-18,MSFT,2.3560542e-05,2.3616041e-05,2.3316347e-05
2023-10-18,NKE,2.8378297e-08,2.8883869e-08,2.8496849e-08
2023-10-18,VZ,1.0657477e-05,1.073637e-05,1.0585096e-05
2023-10-18,WMT,6.831727e-07,6.9465908e-07,6.8074105e-07
2023-10-19,AAPL,0.00025362214,0.00025692471,0.00025350904
2023-10-19,AMGN,3.2995511e-09,3.3788738e-09,3.289368e-09
2023-10-19,CRM,6.5591471e-09,6.7115143e-09,6.5330481e-09
2023-10-19,CSCO,0.076206453,0.076002219,0.075764137
2023-10-19,IBM,0.00028225079,0.00028592688,0.00028281518
2023-10-19,INTC,0.031626414,0.031973197,0.031833026
2023-10-19,MSFT,2.321563e-05,2.3416428e-05,2.3120992e-05
2023-10-19,NKE,2.787818e-08,2.8405195e-08,2.8242176e-08
2023-10-19,VZ,1.0686973e-05,1.0772213e-05,1.0649821e-05
2023-10-19,WMT,6.8189559e-07,6.8362483e-07,6.7783922e-07
2023-10-20,AAPL,0.00025086201,0.00025436153,0.00024986831
2023-10-20,AMGN,3.1878949e-09,3.2722604e-09,3.1837089e-09
2023-10-20,CRM,6.3380682e-09,6.475884e-09,6.3296196e-09
2023-10-20,CSCO,0.075410729,0.075271336,0.074743211
2023-10-20,IBM,0.00027618719,0.00027947111,0.00027665185
2023-10-20,INTC,0.031004267,0.03121798,0.03113023
2023-10-20,MSFT,2.2742487e-05,2.2856923e-05,2.2603732e-05
2023-10-20,NKE,2.7325884e-08,2.7746769e-08,2.7431374e-08
2023-10-20,VZ,1.04778e-05,1.057106e-05,1.0508729e-05
2023-10-20,WMT,6.6324833e-07,6.7260762e-07,6.6301454e-07
2023-10-23,AAPL,0.00024986638,0.00025219132,0.00024633876
2023-10-23,AMGN,3.030311e-09,3.1283717e-09,3.0264293e-09
2023-10-23,CRM,5.9697908e-09,6.120542e-09,5.9575746e-09
2023-10-23,CSCO,0.074759115,0.074402551,0.07385757
2023-10-23,IBM,0.00027108144,0.00027389721,0.00027088947
2023-10-23,INTC,0.030131073,0.030219969,0.030110652
2023-10-23,MSFT,2.2037563e-05,2.2235109e-05,2.1921457e-05
2023-10-23,NKE,2.6502892e-08,2.6941027e-08,2.6472143e-08
2023-10-23,VZ,1.0286151e-05,1.0344911e-05,1.0235135e-05
2023-10-23,WMT,6.5093616e-07,6.5516624e-07,6.4615704e-07
2023-10-24,AAPL,0.00024855256,0.00025300692,0.00024789792
2023-10-24,AMGN,2.8651636e-09,2.9936296e-09,2.8927356e-09
2023-10-24,CRM,5.9068841e-09,6.0059348e-09,5.8673383e-09
2023-10-24,CSCO,0.075220782,0.075398105,0.074564303
2023-10-24,IBM,0.0002706307,0.00027245939,0.00027055037
2023-10-24,INTC,0.030153841,0.030305203,0.030000387
2023-10-24,MSFT,2.1882901e-05,2.1995957e-05,2.1706452e-05
2023-10-24,NKE,2.5997865e-08,2.6456343e-08,2.61077e-08
2023-10-24,VZ,1.01422e-05,1.0240834e-05,1.0093789e-05
2023-10-24,WMT,6.3192183e-07,6.4180518e-07,6.3217449e-07
2023-10-25,AAPL,0.00024963769,0.00025031977,0.00024552694
2023-10-25,AMGN,2.7142975e-09,2.8200895e-09,2.7206534e-09
2023-10-25,CRM,5.9152951e-09,5.9807472e-09,5.8243407e-09
2023-10-25,CSCO,0.075270403,0.074774662,0.074130423
2023-10-25,IBM,0.000269961,0.00027187698,0.00026859435
2023-10-25,INTC,0.029881914,0.030027747,0.029657885
2023-10-25,MSFT,2.167359e-05,2.1729842e-05,2.1527841e-05
2023-10-25,NKE,2.5736477e-08,2.6026114e-08,2.5504066e-08
2023-10-25,VZ,9.960707e-06,1.0074838e-05,9.8881035e-06
2023-10-25,WMT,6.1060292e-07,6.2145439e-07,6.0854749e-07
2023-10-26,AAPL,0.00024538336,0.00025038024,0.00024348751
2023-10-26,AMGN,2.7193601e-09,2.749351e-09,2.6833774e-09
2023-10-26,CRM,6.0539206e-09,6.0751691e-09,5.9601832e-09
2023-10-26,CSCO,0.075436446,0.075153324,0.074798142
2023-10-26,IBM,0.00026905372,0.00027115461,0.00026715172
2023-10-26,INTC,0.029901523,0.030040629,0.029666862
2023-10-26,MSFT,2.1646402e-05,2.1620373e-05,2.1411935e-05
2023-10-26,NKE,2.5390637e-08,2.5600682e-08,2.5326756e-08
2023-10-26,VZ,9.8264091e-06,9.9449301e-06,9.8078049e-06
2023-10-26,WMT,5.9044558e-07,6.0146397e-07,5.9099917e-07
2023-10-27,AAPL,0.00024300309,0.00024788685,0.00024051265
2023-10-27,AMGN,2.6487112e-09,2.7122728e-09,2.6463662e-09
2023-10-27,CRM,5.946687e-09,6.0600387e-09,5.8840694e-09
2023-10-27,CSCO,0.074863272,0.075142365,0.074243326
2023-10-27,IBM,0.00026573385,0.00026941207,0.00026458956
2023-10-27,INTC,0.029236001,0.029680901,0.029168822
2023-10-27,MSFT,2.124717e-05,2.1467075e-05,2.1081334e-05
2023-10-27,NKE,2.5216793e-08,2.5521837e-08,2.5217995e-08
2023-10-27,VZ,9.7158277e-06,9.7527099e-06,9.6560753e-06
2023-10-27,WMT,5.8824129e-07,5.932421e-07,5.8417579e-07
2023-10-30,AAPL,0.00023980262,0.0002462872,0.00023922945
2023-10-30,AMGN,2.5904947e-09,2.6705784e-09,2.5619249e-09
2023-10-30,CRM,5.7242419e-09,5.9541244e-09,5.6465495e-09
2023-10-30,CSCO,0.073122827,0.074333128,0.072568052
2023-10-30,IBM,0.00025792112,0.00026277819,0.00025705928
2023-10-30,INTC,0.028656638,0.029025684,0.028574795
2023-10-30,MSFT,2.070506e-05,2.1185845e-05,2.0556704e-05
2023-10-30,NKE,2.4594058e-08,2.5172847e-08,2.4619324e-08
2023-10-30,VZ,9.5931246e-06,9.6818912e-06,9.5289744e-06
2023-10-30,WMT,5.7804214e-07,5.8705462e-07,5.7596174e-07
2023-10-31,AAPL,0.00023807172,0.00024080679,0.00023171136
2023-10-31,AMGN,2.5412864e-09,2.6041811e-09,2.4893965e-09
2023-10-31,CRM,5.2940683e-09,5.5469895e-09,5.1427727e-09
2023-10-31,CSCO,0.07037806,0.071398233,0.0686519
2023-10-31,IBM,0.00025391732,0.00025666547,0.00024943706
2023-10-31,INTC,0.027791075,0.028135868,0.027247479
2023-10-31,MSFT,2.0169971e-05,2.0607773e-05,1.9732388e-05
2023-10-31,NKE,2.3819245e-08,2.4265661e-08,2.3361096e-08
2023-10-31,VZ,9.3908144e-06,9.4910632e-06,9.1669312e-06
2023-10-31,WMT,5.6602013e-07,5.7494253e-07,5.5705407e-07
2023-11-01,AAPL,0.0002298398,0.00023847217,0.00022941096
2023-11-01,AMGN,2.4734092e-09,2.5666386e-09,2.4624531e-09
2023-11-01,CRM,5.0493719e-09,5.3318574e-09,4.9991251e-09
2023-11-01,CSCO,0.068280536,0.070469889,0.067683381
2023-11-01,IBM,0.00024664882,0.00025363455,0.0002457754
2023-11-01,INTC,0.026917224,0.027903617,0.026830016
2023-11-01,MSFT,1.9503875e-05,2.0117333e-05,1.9473137e-05
2023-11-01,NKE,2.2951218e-08,2.3726735e-08,2.2875669e-08
2023-11-01,VZ,9.100102e-06,9.3574292e-06,9.0486714e-06
2023-11-01,WMT,5.5396386e-07,5.6746928e-07,5.5104331e-07
2023-11-02,AAPL,0.00023006195,0.00023241393,0.00022930212
2023-11-02,AMGN,2.4658068e-09,2.4632605e-09,2.4503207e-09
2023-11-02,CRM,5.072133e-09,5.1238931e-09,5.0892928e-09
2023-11-02,CSCO,0.068944889,0.068646565,0.068660405
2023-11-02,IBM,0.00024561717,0.00024722604,0.00024578348
2023-11-02,INTC,0.026945465,0.026946239,0.026969373
2023-11-02,MSFT,1.9446151e-05,1.945021e-05,1.9477608e-05
2023-11-02,NKE,2.2963832e-08,2.3084323e-08,2.3097022e-08
2023-11-02,VZ,9.0995723e-06,9.1270198e-06,9.0962106e-06
2023-11-02,WMT,5.5453053e-07,5.5432766e-07,5.5159553e-07
2023-11-03,AAPL,0.00022396381,0.00022729074,0.00022488034
2023-11-03,AMGN,2.3519559e-09,2.3979175e-09,2.3742962e-09
2023-11-03,CRM,4.8601774e-09,4.9367428e-09,4.9376078e-09
2023-11-03,CSCO,0.068593595,0.068241992,0.068324273
2023-11-03,IBM,0.00023919593,0.00024150077,0.0002396898
2023-11-03,INTC,0.026508443,0.026413183,0.026770648
2023-11-03,MSFT,1.8997168e-05,1.9049782e-05,1.90073e-05
2023-11-03,NKE,2.2439191e-08,2.2697263e-08,2.2603492e-08
2023-11-03,VZ,8.924098e-06,8.9414811e-06,8.9507014e-06
2023-11-03,WMT,5.4776281e-07,5.4506305e-07,5.4507545e-07
2023-11-06,AAPL,0.00021928954,0.00022258741,0.00021693439
2023-11-06,AMGN,2.2368463e-09,2.2887423e-09,2.2511283e-09
2023-11-06,CRM,4.7044769e-09,4.7791228e-09,4.7264138e-09
2023-11-06,CSCO,0.068816471,0.068148824,0.067664239
2023-11-06,IBM,0.00023735145,0.00023755424,0.00023616036
2023-11-06,INTC,0.02643262,0.026182676,0.026378448
2023-11-06,MSFT,1.859315e-05,1.8562151e-05,1.851037e-05
2023-11-06,NKE,2.1987514e-08,2.2153806e-08,2.2023423e-08
2023-11-06,VZ,8.8631583e-06,8.8525751e-06,8.8209895e-06
2023-11-06,WMT,5.4379041e-07,5.395106e-07,5.3885172e-07
2023-11-07,AAPL,0.00021593426,0.00021874483,0.00021474094
2023-11-07,AMGN,2.1384029e-09,2.1759969e-09,2.1630616e-09
2023-11-07,CRM,4.6726585e-09,4.6901853e-09,4.6664602e-09
2023-11-07,CSCO,0.069125783,0.068088679,0.068406546
2023-11-07,IBM,0.00023474602,0.00023499455,0.00023423162
2023-11-07,INTC,0.026708822,0.026510776,0.026711296
2023-11-07,MSFT,1.8494644e-05,1.8443096e-05,1.8382486e-05
2023-11-07,NKE,2.1599201e-08,2.1795694e-08,2.1737915e-08
2023-11-07,VZ,8.8350304e-06,8.8161504e-06,8.8293451e-06
2023-11-07,WMT,5.3874523e-07,5.375351e-07,5.3594085e-07
2023-11-08,AAPL,0.00020869433,0.00021222591,0.00020927211
2023-11-08,AMGN,2.04391e-09,2.0953222e-09,2.0650547e-09
2023-11-08,CRM,4.5639642e-09,4.6482325e-09,4.5708102e-09
2023-11-08,CSCO,0.069308895,0.068535179,0.068796254
2023-11-08,IBM,0.00023056219,0.00023154113,0.00023182093
2023-11-08,INTC,0.026534849,0.026369742,0.026720506
2023-11-08,MSFT,1.8099878e-05,1.8152279e-05,1.801935e-05
2023-11-08,NKE,2.0934584e-08,2.1208004e-08,2.1244597e-08
2023-11-08,VZ,8.8048083e-06,8.7768502e-06,8.8031892e-06
2023-11-08,WMT,5.3270933e-07,5.3145519e-07,5.2969496e-07
2023-11-09,AAPL,0.00020434946,0.00020661633,0.00020170124
2023-11-09,AMGN,1.9634732e-09,2.0016701e-09,1.9694486e-09
2023-11-09,CRM,4.5743959e-09,4.5595278e-09,4.5174991e-09
2023-11-09,CSCO,0.069606869,0.068271668,0.068936831
2023-11-09,IBM,0.00022636077,0.00022793703,0.00022750749
2023-11-09,INTC,0.026444003,0.026270018,0.026492833
2023-11-09,MSFT,1.7803452e-05,1.7740497e-05,1.772948e-05
2023-11-09,NKE,2.0551026e-08,2.0672834e-08,2.0675548e-08
2023-11-09,VZ,8.6171752e-06,8.656564e-06,8.6506019e-06
2023-11-09,WMT,5.1545474e-07,5.1977151e-07,5.1483053e-07
2023-11-10,AAPL,0.00020142802,0.00020412758,0.00019923625
2023-11-10,AMGN,1.8683526e-09,1.9102734e-09,1.8851708e-09
2023-11-10,CRM,4.5831992e-09,4.5511795e-09,4.5642501e-09
2023-11-10,CSCO,0.069431947,0.067964194,0.068529679
2023-11-10,IBM,0.00022223844,0.00022379002,0.00022289523
2023-11-10,INTC,0.026265906,0.026020637,0.026184451
2023-11-10,MSFT,1.7459237e-05,1.74281e-05,1.7349978e-05
2023-11-10,NKE,2.0205533e-08,2.0285048e-08,2.0281553e-08
2023-11-10,VZ,8.4368065e-06,8.4643981e-06,8.4380486e-06
2023-11-10,WMT,4.9765473e-07,5.0202971e-07,4.9718989e-07
2023-11-13,AAPL,0.00019867901,0.00020177828,0.00019777325
2023-11-13,AMGN,1.7819104e-09,1.820483e-09,1.7992014e-09
2023-11-13,CRM,4.4582997e-09,4.4684227e-09,4.4873765e-09
2023-11-13,CSCO,0.069175629,0.067863696,0.068568996
2023-11-13,IBM,0.00021928846,0.00022051174,0.00021911237
2023-11-13,INTC,0.026298992,0.026050498,0.026224106
2023-11-13,MSFT,1.7059559e-05,1.7050167e-05,1.6992726e-05
2023-11-13,NKE,1.9739693e-08,1.9946775e-08,1.9921776e-08
2023-11-13,VZ,8.3767415e-06,8.3865526e-06,8.3597636e-06
2023-11-13,WMT,4.8870825e-07,4.8786641e-07,4.8501667e-07
2023-11-14,AAPL,0.00019560961,0.00019851122,0.00019502866
2023-11-14,AMGN,1.7094616e-09,1.7471175e-09,1.7252462e-09
2023-11-14,CRM,4.4101759e-09,4.4207852e-09,4.4292769e-09
2023-11-14,CSCO,0.06980394,0.068765187,0.06907726
2023-11-14,IBM,0.00021722677,0.00021775853,0.00021731243
2023-11-14,INTC,0.026239278,0.026118719,0.026276554
2023-11-14,MSFT,1.6825455e-05,1.6769029e-05,1.6742074e-05
2023-11-14,NKE,1.9246266e-08,1.948723e-08,1.9421069e-08
2023-11-14,VZ,8.3020868e-06,8.301344e-06,8.3199486e-06
2023-11-14,WMT,4.800398e-07,4.8072713e-07,4.7762558e-07
2023-11-15,AAPL,0.00019214108,0.00019514125,0.00018872024
2023-11-15,AMGN,1.6573757e-09,1.6866067e-09,1.6422225e-09
2023-11-15,CRM,4.2530274e-09,4.2953964e-09,4.2260882e-09
2023-11-15,CSCO,0.069804973,0.068771655,0.068785431
2023-11-15,IBM,0.00021480147,0.00021489056,0.0002142444
2023-11-15,INTC,0.025900228,0.025669995,0.025910856
2023-11-15,MSFT,1.6421922e-05,1.6472494e-05,1.6300391e-05
2023-11-15,NKE,1.8933177e-08,1.9053175e-08,1.8903819e-08
2023-11-15,VZ,8.2625144e-06,8.2190049e-06,8.2071873e-06
2023-11-15,WMT,4.7555701e-07,4.7223657e-07,4.7035483e-07
2023-11-16,AAPL,0.00018754345,0.00019145831,0.00018435074
2023-11-16,AMGN,1.5877082e-09,1.6269298e-09,1.5870397e-09
2023-11-16,CRM,4.0422066e-09,4.1355055e-09,4.0150885e-09
2023-11-16,CSCO,0.069600795,0.068758557,0.068534623
2023-11-16,IBM,0.00021234633,0.00021226936,0.00021179267
2023-11-16,INTC,0.025786006,0.025557988,0.025576492
2023-11-16,MSFT,1.6132762e-05,1.6053882e-05,1.5878104e-05
2023-11-16,NKE,1.8529369e-08,1.8629334e-08,1.8513339e-08
2023-11-16,VZ,8.225641e-06,8.1939636e-06,8.1637698e-06
2023-11-16,WMT,4.6826461e-07,4.6736387e-07,4.6367097e-07
2023-11-17,AAPL,0.00018435011,0.00018753093,0.00018395631
2023-11-17,AMGN,1.5123976e-09,1.5528882e-09,1.5246976e-09
2023-11-17,CRM,4.043471e-09,4.0822634e-09,4.0130809e-09
2023-11-17,CSCO,0.070432248,0.069657129,0.069709022
2023-11-17,IBM,0.00021012537,0.00021124879,0.00021024979
2023-11-17,INTC,0.025807474,0.025746907,0.025845327
2023-11-17,MSFT,1.5958317e-05,1.5983995e-05,1.5847823e-05
2023-11-17,NKE,1.8235942e-08,1.8425233e-08,1.8419668e-08
2023-11-17,VZ,8.2159734e-06,8.2117923e-06,8.2220184e-06
2023-11-17,WMT,4.6244825e-07,4.6306243e-07,4.6115899e-07
2023-11-20,AAPL,0.00018062538,0.00018441557,0.00017980046
2023-11-20,AMGN,1.4562127e-09,1.4850726e-09,1.4611326e-09
2023-11-20,CRM,4.012196e-09,4.0629886e-09,4.0092738e-09
2023-11-20,CSCO,0.07058047,0.06966687,0.069779947
2023-11-20,IBM,0.0002067667,0.00020876214,0.00020744813
2023-11-20,INTC,0.025668554,0.025594674,0.025837787
2023-11-20,MSFT,1.5732707e-05,1.5810644e-05,1.5702073e-05
2023-11-20,NKE,1.7785022e-08,1.8018678e-08,1.7991352e-08
2023-11-20,VZ,8.1318015e-06,8.1459342e-06,8.1628994e-06
2023-11-20,WMT,4.5527085e-07,4.5746851e-07,4.5265795e-07
2023-11-21,AAPL,0.00017724076,0.00018037965,0.0001742111
2023-11-21,AMGN,1.3934746e-09,1.4226939e-09,1.3897748e-09
2023-11-21,CRM,3.9638569e-09,3.9577216e-09,3.9396211e-09
2023-11-21,CSCO,0.071132555,0.069566569,0.06975625
2023-11-21,IBM,0.00020157249,0.00020283998,0.0002017807
2023-11-21,INTC,0.025471231,0.025286864,0.025449182
2023-11-21,MSFT,1.5413643e-05,1.5423527e-05,1.5283607e-05
2023-11-21,NKE,1.7377739e-08,1.7512788e-08,1.7417302e-08
2023-11-21,VZ,7.9832842e-06,7.9927249e-06,7.9889629e-06
2023-11-21,WMT,4.4110789e-07,4.4326863e-07,4.3956321e-07
2023-11-22,AAPL,0.00017399637,0.00017814888,0.00017104293
2023-11-22,AMGN,1.3048353e-09,1.3581166e-09,1.3100438e-09
2023-11-22,CRM,3.8471519e-09,3.8929663e-09,3.8502531e-09
2023-11-22,CSCO,0.071057121,0.070004869,0.070090465
2023-11-22,IBM,0.00019961397,0.00020068882,0.00019979365
2023-11-22,INTC,0.025319499,0.025122585,0.025189749
2023-11-22,MSFT,1.5175546e-05,1.520099e-05,1.4974889e-05
2023-11-22,NKE,1.7158518e-08,1.7245579e-08,1.7213521e-08
2023-11-22,VZ,7.8444268e-06,7.8606503e-06,7.7975282e-06
2023-11-22,WMT,4.3201959e-07,4.3221132e-07,4.2944213e-07
2023-11-24,AAPL,0.00017535201,0.00017579607,0.00017128537
2023-11-24,AMGN,1.2218159e-09,1.2684153e-09,1.2296709e-09
2023-11-24,CRM,3.8339155e-09,3.8331216e-09,3.7778252e-09
2023-11-24,CSCO,0.071295178,0.069723844,0.069839036
2023-11-24,IBM,0.0001969855,0.00019811891,0.00019681314
2023-11-24,INTC,0.025487281,0.025272715,0.025130611
2023-11-24,MSFT,1.5058425e-05,1.4983965e-05,1.4848647e-05
2023-11-24,NKE,1.6715387e-08,1.6790256e-08,1.6703169e-08
2023-11-24,VZ,7.6394997e-06,7.6982162e-06,7.6477252e-06
2023-11-24,WMT,4.1083014e-07,4.1741123e-07,4.1104044e-07
2023-11-27,AAPL,0.00017285996,0.00017512636,0.00017150507
2023-11-27,AMGN,1.2040693e-09,1.2221185e-09,1.1908415e-09
2023-11-27,CRM,3.8517191e-09,3.8473716e-09,3.8089883e-09
2023-11-27,CSCO,0.070604204,0.069823561,0.070084268
2023-11-27,IBM,0.00019521411,0.00019647232,0.00019456466
2023-11-27,INTC,0.025233228,0.025085965,0.025145395
2023-11-27,MSFT,1.4827002e-05,1.4887164e-05,1.4731473e-05
2023-11-27,NKE,1.6481149e-08,1.6680272e-08,1.6567788e-08
2023-11-27,VZ,7.5649193e-06,7.6292164e-06,7.5143454e-06
2023-11-27,WMT,4.0185017e-07,4.0377966e-07,4.0110404e-07
2023-11-28,AAPL,0.00017233538,0.00017456578,0.00016890081
2023-11-28,AMGN,1.1703386e-09,1.1875252e-09,1.1627529e-09
2023-11-28,CRM,3.7527108e-09,3.8149504e-09,3.7405107e-09
2023-11-28,CSCO,0.069973133,0.069356854,0.068816737
2023-11-28,IBM,0.00019195257,0.00019236216,0.00019152612
2023-11-28,INTC,0.024959378,0.024854196,0.024874049
2023-11-28,MSFT,1.4589504e-05,1.4618763e-05,1.4446777e-05
2023-11-28,NKE,1.6058758e-08,1.6171341e-08,1.6077951e-08
2023-11-28,VZ,7.4917098e-06,7.4821561e-06,7.4505539e-06
2023-11-28,WMT,3.9831933e-07,3.981355e-07,3.9463996e-07
2023-11-29,AAPL,0.00016822815,0.00017256465,0.00016633757
2023-11-29,AMGN,1.142382e-09,1.1751772e-09,1.1319088e-09
2023-11-29,CRM,3.4773764e-09,3.6719818e-09,3.4276373e-09
2023-11-29,CSCO,0.068464745,0.069197651,0.067720518
2023-11-29,IBM,0.00018700096,0.00018941145,0.00018582987
2023-11-29,INTC,0.024255844,0.024567105,0.024260945
2023-11-29,MSFT,1.4248059e-05,1.451712e-05,1.4153938e-05
2023-11-29,NKE,1.5697291e-08,1.6055893e-08,1.5676671e-08
2023-11-29,VZ,7.4214021e-06,7.4595017e-06,7.3288138e-06
2023-11-29,WMT,3.9713516e-07,3.9936346e-07,3.9349866e-07
2023-11-30,AAPL,0.00016953158,0.00017103906,0.00016541159
2023-11-30,AMGN,1.1229091e-09,1.1510249e-09,1.111611e-09
2023-11-30,CRM,3.3018659e-09,3.424478e-09,3.2162187e-09
2023-11-30,CSCO,0.066719815,0.067201001,0.065509683
2023-11-30,IBM,0.00018474692,0.00018671675,0.00018210246
2023-11-30,INTC,0.023877275,0.024027493,0.023532574
2023-11-30,MSFT,1.4003746e-05,1.4229597e-05,1.3741196e-05
2023-11-30,NKE,1.5191111e-08,1.5458052e-08,1.5082662e-08
2023-11-30,VZ,7.2411808e-06,7.3158179e-06,7.1682848e-06
2023-11-30,WMT,3.8741277e-07,3.9430012e-07,3.8389975e-07
2023-12-01,AAPL,0.00016076342,0.00016733512,0.00016020924
2023-12-01,AMGN,1.0735351e-09,1.1188951e-09,1.073385e-09
2023-12-01,CRM,3.0993914e-09,3.3002978e-09,3.0565506e-09
2023-12-01,CSCO,0.063735664,0.066151236,0.063016437
2023-12-01,IBM,0.00017866696,0.00018420076,0.00017806027
2023-12-01,INTC,0.022849296,0.023698614,0.022829148
2023-12-01,MSFT,1.3382159e-05,1.3840059e-05,1.3400763e-05
2023-12-01,NKE,1.4593749e-08,1.5051877e-08,1.4459996e-08
2023-12-01,VZ,6.9940115e-06,7.1828803e-06,6.9491582e-06
2023-12-01,WMT,3.7717513e-07,3.8689011e-07,3.7464105e-07
2023-12-04,AAPL,0.00015966974,0.00016249937,0.00015909009
2023-12-04,AMGN,1.0512301e-09,1.0666029e-09,1.0542566e-09
2023-12-04,CRM,3.068481e-09,3.1081021e-09,3.089608e-09
2023-12-04,CSCO,0.063918211,0.063898262,0.063920679
2023-12-04,IBM,0.00017785401,0.0001787729,0.00017801379
2023-12-04,INTC,0.022776155,0.022845833,0.022833514
2023-12-04,MSFT,1.3326122e-05,1.3356011e-05,1.3332775e-05
2023-12-04,NKE,1.4502816e-08,1.4652643e-08,1.4547529e-08
2023-12-04,VZ,6.9526605e-06,7.0036737e-06,6.9092058e-06
2023-12-04,WMT,3.7661371e-07,3.7711847e-07,3.7503885e-07
2023-12-05,AAPL,0.00015611563,0.00015909284,0.00015526845
2023-12-05,AMGN,1.0081468e-09,1.0277292e-09,1.0214405e-09
2023-12-05,CRM,2.9399912e-09,2.9603127e-09,2.9861258e-09
2023-12-05,CSCO,0.063296477,0.062882473,0.063118225
2023-12-05,IBM,0.0001742077,0.00017547612,0.00017425925
2023-12-05,INTC,0.022521048,0.022475005,0.022668447
2023-12-05,MSFT,1.3066577e-05,1.3096665e-05,1.3079864e-05
2023-12-05,NKE,1.419147e-08,1.4328515e-08,1.4200722e-08
2023-12-05,VZ,6.8675978e-06,6.9123289e-06,6.8643927e-06
2023-12-05,WMT,3.6844775e-07,3.699549e-07,3.676777e-07
2023-12-06,AAPL,0.00015223257,0.00015555158,0.00015234565
2023-12-06,AMGN,9.9070689e-10,1.0019445e-09,9.9645537e-10
2023-12-06,CRM,2.8209302e-09,2.8637671e-09,2.8837509e-09
2023-12-06,CSCO,0.063396397,0.063128202,0.063126933
2023-12-06,IBM,0.00017262334,0.00017343567,0.00017252648
2023-12-06,INTC,0.022410195,0.022306987,0.022576285
2023-12-06,MSFT,1.2909617e-05,1.2910194e-05,1.2906612e-05
2023-12-06,NKE,1.37031e-08,1.3903303e-08,1.3899518e-08
2023-12-06,VZ,6.9091352e-06,6.9078252e-06,6.8572883e-06
2023-12-06,WMT,3.672991e-07,3.6580905e-07,3.65238e-07
2023-12-07,AAPL,0.00014813033,0.00015075397,0.00014841604
2023-12-07,AMGN,9.7912363e-10,9.8123324e-10,9.8015322e-10
2023-12-07,CRM,2.7361582e-09,2.7578978e-09,2.7690461e-09
2023-12-07,CSCO,0.063686264,0.063216839,0.063331034
2023-12-07,IBM,0.00017152401,0.00017173247,0.0001711156
2023-12-07,INTC,0.022331321,0.022174994,0.022474499
2023-12-07,MSFT,1.2895518e-05,1.2850058e-05,1.2877271e-05
2023-12-07,NKE,1.3363576e-08,1.3536196e-08,1.3551682e-08
2023-12-07,VZ,6.9648713e-06,6.9521502e-06,6.9286002e-06
2023-12-07,WMT,3.6850955e-07,3.6737546e-07,3.6558044e-07
2023-12-08,AAPL,0.00014324172,0.00014560531,0.00014214752
2023-12-08,AMGN,9.5250458e-10,9.6429159e-10,9.5817774e-10
2023-12-08,CRM,2.6046082e-09,2.6441319e-09,2.6189859e-09
2023-12-08,CSCO,0.063554668,0.06281216,0.062947515
2023-12-08,IBM,0.00016872943,0.00016934891,0.00016853109
2023-12-08,INTC,0.021984332,0.021788769,0.021986072
2023-12-08,MSFT,1.2683875e-05,1.2682666e-05,1.263219e-05
2023-12-08,NKE,1.3069283e-08,1.3190598e-08,1.3165933e-08
2023-12-08,VZ,6.9649308e-06,6.9547358e-06,6.9119122e-06
2023-12-08,WMT,3.6563552e-07,3.6529354e-07,3.6315565e-07
2023-12-11,AAPL,0.00013955239,0.00014208707,0.00013840149
2023-12-11,AMGN,9.3269274e-10,9.4077215e-10,9.3792802e-10
2023-12-11,CRM,2.580443e-09,2.5752154e-09,2.5811834e-09
2023-12-11,CSCO,0.063720409,0.062852145,0.063198761
2023-12-11,IBM,0.00016625535,0.00016714127,0.0001664364
2023-12-11,INTC,0.021921805,0.021757642,0.021932734
2023-12-11,MSFT,1.2557523e-05,1.2491422e-05,1.2475905e-05
2023-12-11,NKE,1.2897817e-08,1.2954174e-08,1.2948591e-08
2023-12-11,VZ,6.8896325e-06,6.910037e-06,6.8454223e-06
2023-12-11,WMT,3.5803386e-07,3.5944036e-07,3.5703367e-07
2023-12-12,AAPL,0.00013469602,0.00013737812,0.00013399881
2023-12-12,AMGN,9.0393311e-10,9.1493362e-10,9.1126427e-10
2023-12-12,CRM,2.5326331e-09,2.5430633e-09,2.5618873e-09
2023-12-12,CSCO,0.063636933,0.062975075,0.063149191
2023-12-12,IBM,0.00016308695,0.00016451897,0.00016365845
2023-12-12,INTC,0.021611297,0.021484221,0.021720417
2023-12-12,MSFT,1.2332597e-05,1.2383066e-05,1.2331086e-05
2023-12-12,NKE,1.2677673e-08,1.2811995e-08,1.2847074e-08
2023-12-12,VZ,6.8277353e-06,6.8471817e-06,6.8271069e-06
2023-12-12,WMT,3.5267741e-07,3.5399603e-07,3.5198586e-07
2023-12-13,AAPL,0.00013207704,0.00013433008,0.00013133066
2023-12-13,AMGN,8.7450252e-10,8.8423488e-10,8.8082229e-10
2023-12-13,CRM,2.5018001e-09,2.4860448e-09,2.4997761e-09
2023-12-13,CSCO,0.06384252,0.062945939,0.063385091
2023-12-13,IBM,0.00016073962,0.000161644,0.00016112452
2023-12-13,INTC,0.021539468,0.021311335,0.02157655
2023-12-13,MSFT,1.2108904e-05,1.2060266e-05,1.2117685e-05
2023-12-13,NKE,1.2408609e-08,1.2493192e-08,1.2525784e-08
2023-12-13,VZ,6.7259666e-06,6.7632037e-06,6.7086927e-06
2023-12-13,WMT,3.4578873e-07,3.4668171e-07,3.4482603e-07
2023-12-14,AAPL,0.00013055424,0.00013236137,0.00012948009
2023-12-14,AMGN,8.5060599e-10,8.5935307e-10,8.5174168e-10
2023-12-14,CRM,2.4964375e-09,2.4893767e-09,2.523288e-09
2023-12-14,CSCO,0.064016092,0.063015066,0.063349264
2023-12-14,IBM,0.00015817244,0.00015892301,0.00015814743
2023-12-14,INTC,0.021408433,0.021298271,0.021462195
2023-12-14,MSFT,1.1943932e-05,1.1899723e-05,1.1923423e-05
2023-12-14,NKE,1.2212245e-08,1.2342595e-08,1.2307908e-08
2023-12-14,VZ,6.6366607e-06,6.6512914e-06,6.6285276e-06
2023-12-14,WMT,3.3686045e-07,3.3906607e-07,3.3660881e-07
2023-12-15,AAPL,0.00012729689,0.00013005568,0.00012605711
2023-12-15,AMGN,8.2553706e-10,8.40851e-10,8.249987e-10
2023-12-15,CRM,2.4017717e-09,2.417015e-09,2.4213129e-09
2023-12-15,CSCO,0.064274274,0.063384644,0.06339541
2023-12-15,IBM,0.00015539502,0.00015580808,0.00015505639
2023-12-15,INTC,0.021198101,0.021050607,0.021246811
2023-12-15,MSFT,1.1772943e-05,1.1764485e-05,1.1668929e-05
2023-12-15,NKE,1.2038356e-08,1.208689e-08,1.2081241e-08
2023-12-15,VZ,6.5904099e-06,6.5890786e-06,6.530545e-06
2023-12-15,WMT,3.3464147e-07,3.328017e-07,3.3088708e-07
2023-12-18,AAPL,0.00012386398,0.00012697774,0.00012293518
2023-12-18,AMGN,8.0347491e-10,8.1742887e-10,8.0293973e-10
2023-12-18,CRM,2.315756e-09,2.3601353e-09,2.3301351e-09
2023-12-18,CSCO,0.064494001,0.063804523,0.063520879
2023-12-18,IBM,0.00015284978,0.00015362964,0.00015320593
2023-12-18,INTC,0.021110624,0.021004285,0.021184445
2023-12-18,MSFT,1.1697288e-05,1.1669298e-05,1.1549444e-05
2023-12-18,NKE,1.1803959e-08,1.1899886e-08,1.1922333e-08
2023-12-18,VZ,6.5369037e-06,6.5371468e-06,6.489843e-06
2023-12-18,WMT,3.3085447e-07,3.3040792e-07,3.2876982e-07
2023-12-19,AAPL,0.00012008503,0.00012311029,0.00012002363
2023-12-19,AMGN,7.6991534e-10,7.872314e-10,7.7658177e-10
2023-12-19,CRM,2.2432536e-09,2.2747408e-09,2.2446097e-09
2023-12-19,CSCO,0.06497975,0.064405262,0.064169383
2023-12-19,IBM,0.00015080431,0.00015169303,0.00015126579
2023-12-19,INTC,0.021063675,0.020988874,0.021168459
2023-12-19,MSFT,1.1625423e-05,1.1647377e-05,1.1548857e-05
2023-12-19,NKE,1.1642788e-08,1.1745629e-08,1.1749069e-08
2023-12-19,VZ,6.4515908e-06,6.4866475e-06,6.442654e-06
2023-12-19,WMT,3.2596684e-07,3.2657423e-07,3.2423176e-07
2023-12-20,AAPL,0.00011820831,0.00012014944,0.00011676893
2023-12-20,AMGN,7.4207736e-10,7.5669314e-10,7.4500804e-10
2023-12-20,CRM,2.216489e-09,2.2279424e-09,2.2146795e-09
2023-12-20,CSCO,0.065418042,0.064441701,0.064478264
2023-12-20,IBM,0.00014834317,0.00014944751,0.00014882854
2023-12-20,INTC,0.021071571,0.020994041,0.021211111
2023-12-20,MSFT,1.152974e-05,1.1552445e-05,1.1487658e-05
2023-12-20,NKE,1.141814e-08,1.1523509e-08,1.1518252e-08
2023-12-20,VZ,6.3523494e-06,6.3993298e-06,6.3603446e-06
2023-12-20,WMT,3.1869408e-07,3.2119835e-07,3.176889e-07
2023-12-21,AAPL,0.00011633981,0.00011863575,0.00011532488
2023-12-21,AMGN,7.1218291e-10,7.3001582e-10,7.1507465e-10
2023-12-21,CRM,2.176381e-09,2.1778505e-09,2.182718e-09
2023-12-21,CSCO,0.065810698,0.064710822,0.065146915
2023-12-21,IBM,0.00014589244,0.00014688909,0.00014660506
2023-12-21,INTC,0.021073191,0.020952928,0.021119306
2023-12-21,MSFT,1.149132e-05,1.1475753e-05,1.1403448e-05
2023-12-21,NKE,1.104095e-08,1.1178998e-08,1.1125421e-08
2023-12-21,VZ,6.2463434e-06,6.2949628e-06,6.2415093e-06
2023-12-21,WMT,3.0983832e-07,3.1236538e-07,3.0943702e-07
2023-12-22,AAPL,0.00011371374,0.00011619344,0.0001122338
2023-12-22,AMGN,6.6870863e-10,6.9426081e-10,6.7495448e-10
2023-12-22,CRM,2.1186022e-09,2.1376976e-09,2.1376812e-09
2023-12-22,CSCO,0.065660244,0.065045307,0.064858794
2023-12-22,IBM,0.00014431241,0.0001450038,0.00014387193
2023-12-22,INTC,0.021082516,0.020955545,0.020968448
2023-12-22,MSFT,1.1394199e-05,1.139193e-05,1.1274851e-05
2023-12-22,NKE,1.0758621e-08,1.0843062e-08,1.0829101e-08
2023-12-22,VZ,6.157789e-06,6.1908946e-06,6.1140071e-06
2023-12-22,WMT,3.0104536e-07,3.0374848e-07,3.0012361e-07
2023-12-26,AAPL,0.00011259385,0.0001141419,0.00011072739
2023-12-26,AMGN,6.4810867e-10,6.6446628e-10,6.4703961e-10
2023-12-26,CRM,2.0909144e-09,2.1004487e-09,2.0838995e-09
2023-12-26,CSCO,0.065996963,0.065311755,0.065085877
2023-12-26,IBM,0.00014485763,0.00014549511,0.0001441948
2023-12-26,INTC,0.021158784,0.021089545,0.021095101
2023-12-26,MSFT,1.1416518e-05,1.1390769e-05,1.1315526e-05
2023-12-26,NKE,1.0618505e-08,1.065444e-08,1.0653596e-08
2023-12-26,VZ,6.1048833e-06,6.1451568e-06,6.0596855e-06
2023-12-26,WMT,2.9178431e-07,2.9516122e-07,2.916562e-07
2023-12-27,AAPL,0.00011073181,0.00011210569,0.00010961177
2023-12-27,AMGN,6.3977896e-10,6.4776875e-10,6.3225074e-10
2023-12-27,CRM,2.0984896e-09,2.0992246e-09,2.0694138e-09
2023-12-27,CSCO,0.065475687,0.06493815,0.064827264
2023-12-27,IBM,0.00014339654,0.00014391849,0.00014263794
2023-12-27,INTC,0.021032524,0.021033382,0.020931386
2023-12-27,MSFT,1.1347157e-05,1.1320242e-05,1.1206278e-05
2023-12-27,NKE,1.0487071e-08,1.0523747e-08,1.0496167e-08
2023-12-27,VZ,6.0505158e-06,6.1004203e-06,6.0226814e-06
2023-12-27,WMT,2.8399518e-07,2.868441e-07,2.8362967e-07
2023-12-28,AAPL,0.00010979048,0.00011131206,0.00010860215
2023-12-28,AMGN,6.2688656e-10,6.3644551e-10,6.2273871e-10
2023-12-28,CRM,2.0339413e-09,2.0839877e-09,2.0335231e-09
2023-12-28,CSCO,0.064263239,0.064501098,0.0635708
2023-12-28,IBM,0.00014094376,0.00014183835,0.00014113051
2023-12-28,INTC,0.020443914,0.020643713,0.020515499
2023-12-28,MSFT,1.1160566e-05,1.12826e-05,1.1102977e-05
2023-12-28,NKE,1.0322594e-08,1.0409543e-08,1.0314466e-08
2023-12-28,VZ,5.9780125e-06,6.0115519e-06,5.9399938e-06
2023-12-28,WMT,2.8480668e-07,2.8545155e-07,2.8205818e-07
2023-12-29,AAPL,0.00010789379,0.00011051366,0.00010717989
2023-12-29,AMGN,6.0827068e-10,6.2501475e-10,6.0643179e-10
2023-12-29,CRM,1.9188187e-09,2.0095248e-09,1.9004281e-09
2023-12-29,CSCO,0.062468188,0.063273305,0.062041818
2023-12-29,IBM,0.00013665127,0.00013858016,0.00013633415
2023-12-29,INTC,0.019890493,0.020216291,0.01990438
2023-12-29,MSFT,1.0898622e-05,1.1115458e-05,1.0829841e-05
2023-12-29,NKE,9.9585839e-09,1.0239981e-08,1.000208e-08
2023-12-29,VZ,5.9424752e-06,5.9971168e-06,5.9124278e-06
2023-12-29,WMT,2.7956502e-07,2.8360408e-07,2.7886214e-07
2024-01-02,AAPL,0.00010727429,0.00010826194,0.00010247598
2024-01-02,AMGN,6.0005226e-10,6.1051114e-10,5.880671e-10
2024-01-02,CRM,1.7666774e-09,1.8569575e-09,1.7091413e-09
2024-01-02,CSCO,0.060220316,0.060667262,0.058487158
2024-01-02,IBM,0.00013454322,0.00013552782,0.00013207156
2024-01-02,INTC,0.019563115,0.019664186,0.019119989
2024-01-02,MSFT,1.066646e-05,1.0793388e-05,1.0404645e-05
2024-01-02,NKE,9.6642941e-09,9.7905625e-09,9.4795913e-09
2024-01-02,VZ,5.8547325e-06,5.8892407e-06,5.6999901e-06
2024-01-02,WMT,2.744324e-07,2.7777082e-07,2.6990691e-07
2024-01-03,AAPL,0.00010349558,0.00010728456,0.00010304153
2024-01-03,AMGN,5.8228872e-10,6.0150743e-10,5.8137228e-10
2024-01-03,CRM,1.7105301e-09,1.7962788e-09,1.6832981e-09
2024-01-03,CSCO,0.058639822,0.060406593,0.058075228
2024-01-03,IBM,0.00013116895,0.00013455364,0.00013071757
2024-01-03,INTC,0.018893588,0.01953827,0.018885604
2024-01-03,MSFT,1.0317723e-05,1.0603222e-05,1.0287522e-05
2024-01-03,NKE,9.3663114e-09,9.5992229e-09,9.3321231e-09
2024-01-03,VZ,5.7081012e-06,5.8472985e-06,5.6876755e-06
2024-01-03,WMT,2.694439e-07,2.7556691e-07,2.6822532e-07
2024-01-04,AAPL,0.00010431677,0.00010520842,0.00010334655
2024-01-04,AMGN,5.8747282e-10,5.8728762e-10,5.806687e-10
2024-01-04,CRM,1.7410267e-09,1.747708e-09,1.7292237e-09
2024-01-04,CSCO,0.059484078,0.059282394,0.059181304
2024-01-04,IBM,0.00013150337,0.00013194174,0.0001308789
2024-01-04,INTC,0.019101319,0.019068348,0.018958115
2024-01-04,MSFT,1.0479563e-05,1.0432753e-05,1.0397392e-05
2024-01-04,NKE,9.3546894e-09,9.3740866e-09,9.3751917e-09
2024-01-04,VZ,5.681641e-06,5.7072465e-06,5.6420031e-06
2024-01-04,WMT,2.6857417e-07,2.6889146e-07,2.6791015e-07
2024-01-05,AAPL,0.00010123289,0.0001037452,0.00010168315
2024-01-05,AMGN,5.6848663e-10,5.7937322e-10,5.756868e-10
2024-01-05,CRM,1.6700521e-09,1.7101891e-09,1.7057802e-09
2024-01-05,CSCO,0.059392366,0.058977712,0.059244098
2024-01-05,IBM,0.00012959654,0.00013067157,0.00012944931
2024-01-05,INTC,0.018827296,0.018792652,0.019090893
2024-01-05,MSFT,1.033955e-05,1.037692e-05,1.0338151e-05
2024-01-05,NKE,9.1366638e-09,9.246494e-09,9.2294637e-09
2024-01-05,VZ,5.6339107e-06,5.6573393e-06,5.6348355e-06
2024-01-05,WMT,2.6825985e-07,2.6652026e-07,2.6710754e-07
2024-01-08,AAPL,9.9235688e-05,0.00010091138,9.8261721e-05
2024-01-08,AMGN,5.520628e-10,5.558214e-10,5.5621837e-10
2024-01-08,CRM,1.585985e-09,1.6097071e-09,1.6110515e-09
2024-01-08,CSCO,0.059486208,0.058659581,0.059082004
2024-01-08,IBM,0.00012840359,0.00012847872,0.00012789454
2024-01-08,INTC,0.018784559,0.018516958,0.018875232
2024-01-08,MSFT,1.0250461e-05,1.017503e-05,1.0228522e-05
2024-01-08,NKE,8.9050836e-09,8.9642352e-09,8.9791078e-09
2024-01-08,VZ,5.6241457e-06,5.6141403e-06,5.5937398e-06
2024-01-08,WMT,2.6646025e-07,2.6551965e-07,2.65383e-07
2024-01-09,AAPL,9.6743124e-05,9.8656176e-05,9.6715595e-05
2024-01-09,AMGN,5.3886195e-10,5.4648955e-10,5.4332047e-10
2024-01-09,CRM,1.5266182e-09,1.5348627e-09,1.5535583e-09
2024-01-09,CSCO,0.059793969,0.059164289,0.059495117
2024-01-09,IBM,0.00012767656,0.00012758201,0.00012785715
2024-01-09,INTC,0.018676008,0.018518287,0.018855746
2024-01-09,MSFT,1.0186378e-05,1.0166121e-05,1.0189755e-05
2024-01-09,NKE,8.7863077e-09,8.9156858e-09,8.9199707e-09
2024-01-09,VZ,5.6438703e-06,5.6501354e-06,5.6160398e-06
2024-01-09,WMT,2.6763582e-07,2.6663515e-07,2.6567879e-07
2024-01-10,AAPL,9.3663176e-05,9.5515592e-05,9.2914249e-05
2024-01-10,AMGN,5.2076198e-10,5.2575765e-10,5.2420852e-10
2024-01-10,CRM,1.4776691e-09,1.4900492e-09,1.4905733e-09
2024-01-10,CSCO,0.05931697,0.058633205,0.058960531
2024-01-10,IBM,0.00012508915,0.00012547614,0.00012578722
2024-01-10,INTC,0.018439335,0.018265358,0.018599303
2024-01-10,MSFT,1.0011482e-05,9.9735807e-06,9.9985676e-06
2024-01-10,NKE,8.5631846e-09,8.6610977e-09,8.6572982e-09
2024-01-10,VZ,5.6338576e-06,5.6294955e-06,5.6016996e-06
2024-01-10,WMT,2.6505816e-07,2.6439681e-07,2.6415248e-07
2024-01-11,AAPL,9.0465135e-05,9.2391909e-05,8.9717374e-05
2024-01-11,AMGN,5.1154352e-10,5.1406885e-10,5.1102464e-10
2024-01-11,CRM,1.4338214e-09,1.4413675e-09,1.4466206e-09
2024-01-11,CSCO,0.05911584,0.058367033,0.058867463
2024-01-11,IBM,0.00012239789,0.00012268407,0.00012279834
2024-01-11,INTC,0.018153038,0.018017734,0.018270182
2024-01-11,MSFT,9.7995644e-06,9.7609595e-06,9.7942777e-06
2024-01-11,NKE,8.3749237e-09,8.4412064e-09,8.4392625e-09
2024-01-11,VZ,5.5777079e-06,5.6045067e-06,5.5575707e-06
2024-01-11,WMT,2.5965401e-07,2.6012013e-07,2.5999994e-07
2024-01-12,AAPL,8.7730415e-05,8.9575977e-05,8.6822234e-05
2024-01-12,AMGN,5.0039945e-10,5.0208933e-10,5.0107912e-10
2024-01-12,CRM,1.3961208e-09,1.39728e-09,1.4063706e-09
2024-01-12,CSCO,0.058845873,0.058199212,0.058251365
2024-01-12,IBM,0.00012086674,0.00012112363,0.00012062603
2024-01-12,INTC,0.017997362,0.017806856,0.018028476
2024-01-12,MSFT,9.6500285e-06,9.614899e-06,9.6007804e-06
2024-01-12,NKE,8.2211183e-09,8.2760776e-09,8.2907046e-09
2024-01-12,VZ,5.5368142e-06,5.5426245e-06,5.5045053e-06
2024-01-12,WMT,2.558367e-07,2.5608124e-07,2.5485838e-07
2024-01-16,AAPL,8.6249372e-05,8.7365885e-05,8.5651088e-05
2024-01-16,AMGN,4.8774693e-10,4.9244252e-10,4.9050754e-10
2024-01-16,CRM,1.3539567e-09,1.3646189e-09,1.3765173e-09
2024-01-16,CSCO,0.058782018,0.058052863,0.05839581
2024-01-16,IBM,0.00011847438,0.00011915947,0.00011895344
2024-01-16,INTC,0.01789667,0.017764443,0.01797736
2024-01-16,MSFT,9.506781e-06,9.4988145e-06,9.4808818e-06
2024-01-16,NKE,8.015161e-09,8.1322859e-09,8.138872e-09
2024-01-16,VZ,5.488061e-06,5.4997553e-06,5.4691535e-06
2024-01-16,WMT,2.5258619e-07,2.5326828e-07,2.5170706e-07
2024-01-17,AAPL,8.4639976e-05,8.5897245e-05,8.4126987e-05
2024-01-17,AMGN,4.7246021e-10,4.7776847e-10,4.7541321e-10
2024-01-17,CRM,1.3181925e-09,1.3243035e-09,1.3360566e-09
2024-01-17,CSCO,0.059458017,0.058654952,0.058939505
2024-01-17,IBM,0.000117395,0.00011768331,0.00011738149
2024-01-17,INTC,0.017911484,0.017693693,0.017961964
2024-01-17,MSFT,9.476132e-06,9.379064e-06,9.4089222e-06
2024-01-17,NKE,7.7898965e-09,7.8683674e-09,7.8933633e-09
2024-01-17,VZ,5.462147e-06,5.4609069e-06,5.4417801e-06
2024-01-17,WMT,2.4975538e-07,2.4894285e-07,2.4911177e-07
2024-01-18,AAPL,8.2392709e-05,8.3847207e-05,8.117969e-05
2024-01-18,AMGN,4.5685107e-10,4.6357775e-10,4.5720327e-10
2024-01-18,CRM,1.2594174e-09,1.2786848e-09,1.2694475e-09
2024-01-18,CSCO,0.059192526,0.058255559,0.058650663
2024-01-18,IBM,0.00011623121,0.00011637989,0.00011634032
2024-01-18,INTC,0.017789536,0.017607163,0.01782363
2024-01-18,MSFT,9.3811428e-06,9.3469681e-06,9.3026647e-06
2024-01-18,NKE,7.6039443e-09,7.6531696e-09,7.6893374e-09
2024-01-18,VZ,5.3966425e-06,5.3967287e-06,5.3657861e-06
2024-01-18,WMT,2.4653323e-07,2.4531618e-07,2.4507304e-07
2024-01-19,AAPL,7.9823791e-05,8.1200919e-05,7.880398e-05
2024-01-19,AMGN,4.3908633e-10,4.467669e-10,4.4217708e-10
2024-01-19,CRM,1.2215751e-09,1.2329054e-09,1.2232139e-09
2024-01-19,CSCO,0.059042509,0.05807188,0.058421333
2024-01-19,IBM,0.00011449481,0.00011463306,0.00011456584
2024-01-19,INTC,0.017775935,0.017525117,0.017765307
2024-01-19,MSFT,9.266068e-06,9.1950255e-06,9.1730997e-06
2024-01-19,NKE,7.4515684e-09,7.5015706e-09,7.5190878e-09
2024-01-19,VZ,5.3265254e-06,5.3432086e-06,5.3028212e-06
2024-01-19,WMT,2.4081494e-07,2.4120938e-07,2.4023736e-07
2024-01-22,AAPL,7.7183781e-05,7.8695997e-05,7.6556018e-05
2024-01-22,AMGN,4.2602623e-10,4.3032087e-10,4.2690844e-10
2024-01-22,CRM,1.1994567e-09,1.2064269e-09,1.201358e-09
2024-01-22,CSCO,0.058666563,0.057862533,0.058174951
2024-01-22,IBM,0.0001130636,0.00011361365,0.00011321807
2024-01-22,INTC,0.017736388,0.017524308,0.017794181
2024-01-22,MSFT,9.1147589e-06,9.1002815e-06,9.0814758e-06
2024-01-22,NKE,7.3353707e-09,7.3850373e-09,7.403217e-09
2024-01-22,VZ,5.2735802e-06,5.2940355e-06,5.2541574e-06
2024-01-22,WMT,2.3726603e-07,2.3712819e-07,2.3615239e-07
2024-01-23,AAPL,7.5885843e-05,7.7007964e-05,7.5014214e-05
2024-01-23,AMGN,4.1589624e-10,4.199071e-10,4.161415e-10
2024-01-23,CRM,1.1686472e-09,1.1728136e-09,1.1811601e-09
2024-01-23,CSCO,0.058944448,0.058016471,0.058406549
2024-01-23,IBM,0.00011123622,0.00011157344,0.00011161657
2024-01-23,INTC,0.017742613,0.017546586,0.017814941
2024-01-23,MSFT,9.0341367e-06,9.0078822e-06,9.0022379e-06
2024-01-23,NKE,7.1949878e-09,7.2634107e-09,7.2647667e-09
2024-01-23,VZ,5.2481034e-06,5.2562921e-06,5.2228889e-06
2024-01-23,WMT,2.3389474e-07,2.3414767e-07,2.3350428e-07
2024-01-24,AAPL,7.3683698e-05,7.5653636e-05,7.3026337e-05
2024-01-24,AMGN,4.0669539e-10,4.1273652e-10,4.0680864e-10
2024-01-24,CRM,1.1268713e-09,1.1470373e-09,1.145962e-09
2024-01-24,CSCO,0.059045938,0.058211225,0.058463687
2024-01-24,IBM,0.00011034805,0.00011053689,0.00011053043
2024-01-24,INTC,0.017553666,0.017400908,0.017681933
2024-01-24,MSFT,8.9534097e-06,8.9278696e-06,8.9213204e-06
2024-01-24,NKE,7.0271227e-09,7.0856652e-09,7.100165e-09
2024-01-24,VZ,5.2539424e-06,5.2422427e-06,5.2197548e-06
2024-01-24,WMT,2.3383095e-07,2.3195708e-07,2.3205926e-07
2024-01-25,AAPL,7.1543897e-05,7.3476926e-05,7.0190729e-05
2024-01-25,AMGN,3.9431054e-10,4.0150971e-10,3.9367437e-10
2024-01-25,CRM,1.0557425e-09,1.0865997e-09,1.0637707e-09
2024-01-25,CSCO,0.058028496,0.057559075,0.057180783
2024-01-25,IBM,0.00010822848,0.00010873906,0.00010843803
2024-01-25,INTC,0.017277172,0.017176934,0.017275308
2024-01-25,MSFT,8.7842897e-06,8.7975552e-06,8.7106957e-06
2024-01-25,NKE,6.7919294e-09,6.8673639e-09,6.8389958e-09
2024-01-25,VZ,5.1984853e-06,5.1917544e-06,5.1665852e-06
2024-01-25,WMT,2.3101856e-07,2.3061982e-07,2.2957228e-07
2024-01-26,AAPL,6.9393653e-05,7.1102054e-05,6.8508964e-05
2024-01-26,AMGN,3.8154014e-10,3.8815221e-10,3.8161446e-10
2024-01-26,CRM,1.016689e-09,1.0350387e-09,1.0216733e-09
2024-01-26,CSCO,0.057975419,0.057428138,0.057357806
2024-01-26,IBM,0.00010750531,0.00010792862,0.00010740503
2024-01-26,INTC,0.017214196,0.017090019,0.017217833
2024-01-26,MSFT,8.7232802e-06,8.7180521e-06,8.6349571e-06
2024-01-26,NKE,6.6440796e-09,6.7251904e-09,6.7030388e-09
2024-01-26,VZ,5.1535406e-06,5.1652397e-06,5.1274786e-06
2024-01-26,WMT,2.2762098e-07,2.2765541e-07,2.2626231e-07
2024-01-29,AAPL,6.7852321e-05,6.8759008e-05,6.6988383e-05
2024-01-29,AMGN,3.7187448e-10,3.7591485e-10,3.698686e-10
2024-01-29,CRM,1.0096952e-09,1.0101233e-09,1.0067604e-09
2024-01-29,CSCO,0.05798427,0.057204625,0.057252147
2024-01-29,IBM,0.00010609892,0.00010617402,0.00010602629
2024-01-29,INTC,0.017276578,0.01718431,0.017175103
2024-01-29,MSFT,8.6804095e-06,8.6360017e-06,8.6119311e-06
2024-01-29,NKE,6.5315728e-09,6.5814188e-09,6.5655504e-09
2024-01-29,VZ,5.0922953e-06,5.1144744e-06,5.0702979e-06
2024-01-29,WMT,2.2203581e-07,2.2311814e-07,2.2271722e-07
2024-01-30,AAPL,6.6262258e-05,6.7531331e-05,6.5635501e-05
2024-01-30,AMGN,3.6253532e-10,3.6850514e-10,3.6276178e-10
2024-01-30,CRM,9.8707353e-10,9.9648723e-10,9.9399537e-10
2024-01-30,CSCO,0.057836309,0.057494222,0.057359135
2024-01-30,IBM,0.00010450832,0.00010527101,0.00010454494
2024-01-30,INTC,0.017084062,0.017041661,0.017150589
2024-01-30,MSFT,8.6165873e-06,8.6487904e-06,8.5568097e-06
2024-01-30,NKE,6.4337814e-09,6.490925e-09,6.4747366e-09
2024-01-30,VZ,5.0341877e-06,5.0459099e-06,5.0209646e-06
2024-01-30,WMT,2.2141118e-07,2.2214201e-07,2.2003855e-07
2024-01-31,AAPL,6.4817475e-05,6.6207836e-05,6.3936854e-05
2024-01-31,AMGN,3.4547273e-10,3.5558816e-10,3.4677669e-10
2024-01-31,CRM,9.3077647e-10,9.5674556e-10,9.407807e-10
2024-01-31,CSCO,0.056735211,0.056814965,0.056326494
2024-01-31,IBM,0.00010211416,0.00010291175,0.00010253295
2024-01-31,INTC,0.016593583,0.016701504,0.016742946
2024-01-31,MSFT,8.4577961e-06,8.521716e-06,8.4413586e-06
2024-01-31,NKE,6.2404753e-09,6.3365157e-09,6.2871416e-09
2024-01-31,VZ,5.0164365e-06,5.0091396e-06,4.9970249e-06
2024-01-31,WMT,2.1878825e-07,2.1945881e-07,2.1832699e-07
2024-02-01,AAPL,6.2854417e-05,6.4062913e-05,6.0614095e-05
2024-02-01,AMGN,3.3487048e-10,3.4304631e-10,3.3159803e-10
2024-02-01,CRM,8.8224209e-10,9.0827444e-10,8.6972894e-10
2024-02-01,CSCO,0.055251277,0.055573125,0.054050525
2024-02-01,IBM,0.00010128241,0.00010186494,0.00010020514
2024-02-01,INTC,0.016523438,0.016512598,0.01623562
2024-02-01,MSFT,8.3197806e-06,8.3753191e-06,8.1964132e-06
2024-02-01,NKE,6.0847513e-09,6.1548493e-09,6.0254014e-09
2024-02-01,VZ,4.9719944e-06,4.9721686e-06,4.8677996e-06
2024-02-01,WMT,2.1342469e-07,2.1667957e-07,2.1140958e-07
2024-02-02,AAPL,6.0887307e-05,6.2661947e-05,6.0069398e-05
2024-02-02,AMGN,3.2337315e-10,3.3547987e-10,3.2393932e-10
2024-02-02,CRM,8.5935108e-10,8.8592685e-10,8.4510622e-10
2024-02-02,CSCO,0.053804234,0.05501045,0.053277551
2024-02-02,IBM,9.9717499e-05,0.00010122371,9.9229848e-05
2024-02-02,INTC,0.016181624,0.016550371,0.016085243
2024-02-02,MSFT,8.1220949e-06,8.2663678e-06,8.0495286e-06
2024-02-02,NKE,5.8986453e-09,6.0165759e-09,5.879031e-09
2024-02-02,VZ,4.8713658e-06,4.9446104e-06,4.8470127e-06
2024-02-02,WMT,2.0909678e-07,2.1318918e-07,2.0844123e-07
2024-02-05,AAPL,6.0534475e-05,6.1198935e-05,5.9843564e-05
2024-02-05,AMGN,3.2480663e-10,3.248663e-10,3.2017934e-10
2024-02-05,CRM,8.6558077e-10,8.7206947e-10,8.5840918e-10
2024-02-05,CSCO,0.054176888,0.054050869,0.053906488
2024-02-05,IBM,9.9953325e-05,0.00010019759,9.9479456e-05
2024-02-05,INTC,0.016243221,0.016248467,0.016083538
2024-02-05,MSFT,8.1469496e-06,8.1661122e-06,8.1082879e-06
2024-02-05,NKE,5.8864174e-09,5.9001815e-09,5.8913427e-09
2024-02-05,VZ,4.8310779e-06,4.8608138e-06,4.8013353e-06
2024-02-05,WMT,2.086478e-07,2.0838848e-07,2.0785699e-07
2024-02-06,AAPL,5.9030662e-05,6.0517124e-05,5.8839432e-05
2024-02-06,AMGN,3.1218065e-10,3.180249e-10,3.1430825e-10
2024-02-06,CRM,8.3890646e-10,8.4918262e-10,8.5563137e-10
2024-02-06,CSCO,0.0535491,0.053292944,0.053564963
2024-02-06,IBM,9.8177037e-05,9.9001908e-05,9.8101005e-05
2024-02-06,INTC,0.015858476,0.015901961,0.016015216
2024-02-06,MSFT,7.9046128e-06,7.9605168e-06,7.917479e-06
2024-02-06,NKE,5.791787e-09,5.8311494e-09,5.8035278e-09
2024-02-06,VZ,4.7426859e-06,4.7838722e-06,4.7386229e-06
2024-02-06,WMT,2.0561526e-07,2.0544033e-07,2.0522305e-07
2024-02-07,AAPL,5.7338908e-05,5.895301e-05,5.6859656e-05
2024-02-07,AMGN,3.0856305e-10,3.1203035e-10,3.0745929e-10
2024-02-07,CRM,7.8048507e-10,8.0823262e-10,8.0017349e-10
2024-02-07,CSCO,0.053596774,0.053273168,0.053151508
2024-02-07,IBM,9.7749714e-05,9.7934921e-05,9.7467072e-05
2024-02-07,INTC,0.015732723,0.01564601,0.015765602
2024-02-07,MSFT,7.8147713e-06,7.8283269e-06,7.7808646e-06
2024-02-07,NKE,5.5982588e-09,5.6584904e-09,5.650107e-09
2024-02-07,VZ,4.755245e-06,4.736718e-06,4.732068e-06
2024-02-07,WMT,2.0753526e-07,2.0569445e-07,2.0529783e-07
2024-02-08,AAPL,5.5851438e-05,5.7182774e-05,5.5618581e-05
2024-02-08,AMGN,2.9708367e-10,3.02101e-10,2.9931903e-10
2024-02-08,CRM,7.414289e-10,7.5381175e-10,7.5234704e-10
2024-02-08,CSCO,0.053671858,0.053180468,0.053535849
2024-02-08,IBM,9.7345597e-05,9.7371278e-05,9.6908513e-05
2024-02-08,INTC,0.01572014,0.015683795,0.015845089
2024-02-08,MSFT,7.7999838e-06,7.7847016e-06,7.7869532e-06
2024-02-08,NKE,5.4599879e-09,5.5270762e-09,5.552249e-09
2024-02-08,VZ,4.7086515e-06,4.6975419e-06,4.7175393e-06
2024-02-08,WMT,2.0979306e-07,2.0899451e-07,2.0810549e-07
2024-02-09,AAPL,5.4702163e-05,5.5662936e-05,5.344446e-05
2024-02-09,AMGN,2.8503851e-10,2.9104233e-10,2.8509097e-10
2024-02-09,CRM,7.1063974e-10,7.217201e-10,7.1411067e-10
2024-02-09,CSCO,0.053463787,0.052419327,0.052696907
2024-02-09,IBM,9.6573684e-05,9.6632041e-05,9.6416671e-05
2024-02-09,INTC,0.015764384,0.015539609,0.015777433
2024-02-09,MSFT,7.7154961e-06,7.6761327e-06,7.6737399e-06
2024-02-09,NKE,5.302813e-09,5.3536526e-09,5.3755798e-09
2024-02-09,VZ,4.651491e-06,4.6461512e-06,4.6328027e-06
2024-02-09,WMT,2.078962e-07,2.0735221e-07,2.0689019e-07
2024-02-12,AAPL,5.1978449e-05,5.3478508e-05,5.1501447e-05
2024-02-12,AMGN,2.7493991e-10,2.7961663e-10,2.7522617e-10
2024-02-12,CRM,6.821601e-10,6.9583314e-10,6.8928193e-10
2024-02-12,CSCO,0.052934955,0.052280626,0.052689795
2024-02-12,IBM,9.5701688e-05,9.574188e-05,9.5430547e-05
2024-02-12,INTC,0.015613372,0.015565257,0.015638065
2024-02-12,MSFT,7.5994722e-06,7.5930555e-06,7.5487973e-06
2024-02-12,NKE,5.1481294e-09,5.203469e-09,5.1905892e-09
2024-02-12,VZ,4.5598357e-06,4.5769458e-06,4.5468722e-06
2024-02-12,WMT,2.0295906e-07,2.0287552e-07,2.0232805e-07
2024-02-13,AAPL,5.0519155e-05,5.141457e-05,4.9249803e-05
2024-02-13,AMGN,2.6633405e-10,2.7091534e-10,2.6546954e-10
2024-02-13,CRM,6.5329234e-10,6.6143703e-10,6.5565789e-10
2024-02-13,CSCO,0.05244663,0.051602824,0.051616594
2024-02-13,IBM,9.4473763e-05,9.4907097e-05,9.4158356e-05
2024-02-13,INTC,0.015641867,0.015498941,0.015568923
2024-02-13,MSFT,7.5339638e-06,7.5147678e-06,7.4207488e-06
2024-02-13,NKE,5.0210812e-09,5.0764911e-09,5.0637609e-09
2024-02-13,VZ,4.4930392e-06,4.5063743e-06,4.4622498e-06
2024-02-13,WMT,1.9976183e-07,2.0044502e-07,1.9862673e-07
2024-02-14,AAPL,4.8866506e-05,5.0031603e-05,4.8514868e-05
2024-02-14,AMGN,2.6449438e-10,2.6680693e-10,2.6275842e-10
2024-02-14,CRM,6.3315411e-10,6.4240377e-10,6.3817912e-10
2024-02-14,CSCO,0.052013232,0.051522224,0.051728993
2024-02-14,IBM,9.3378449e-05,9.4009465e-05,9.3437569e-05
2024-02-14,INTC,0.015558896,0.015482908,0.015606394
2024-02-14,MSFT,7.473566e-06,7.4873503e-06,7.4102489e-06
2024-02-14,NKE,4.9094852e-09,4.9886733e-09,4.974757e-09
2024-02-14,VZ,4.3943358e-06,4.4361287e-06,4.3822593e-06
2024-02-14,WMT,1.9750382e-07,1.9778087e-07,1.9627981e-07
2024-02-15,AAPL,4.7594554e-05,4.854472e-05,4.6432827e-05
2024-02-15,AMGN,2.5908539e-10,2.6154745e-10,2.5666075e-10
2024-02-15,CRM,6.12132e-10,6.1542369e-10,6.1352372e-10
2024-02-15,CSCO,0.051525132,0.050786066,0.050756227
2024-02-15,IBM,9.1520658e-05,9.2002437e-05,9.1132399e-05
2024-02-15,INTC,0.015469028,0.015325893,0.015398061
2024-02-15,MSFT,7.4337591e-06,7.3970604e-06,7.3470475e-06
2024-02-15,NKE,4.8090023e-09,4.8309353e-09,4.8221734e-09
2024-02-15,VZ,4.2979564e-06,4.3298977e-06,4.2591797e-06
2024-02-15,WMT,1.9377612e-07,1.9401775e-07,1.9256034e-07
2024-02-16,AAPL,4.6469157e-05,4.7734597e-05,4.5664133e-05
2024-02-16,AMGN,2.5278989e-10,2.569476e-10,2.5216727e-10
2024-02-16,CRM,5.7205284e-10,5.8978397e-10,5.7903748e-10
2024-02-16,CSCO,0.051215365,0.050780856,0.050650376
2024-02-16,IBM,9.0608706e-05,9.1351475e-05,9.0620069e-05
2024-02-16,INTC,0.015383936,0.015318224,0.015350582
2024-02-16,MSFT,7.3457246e-06,7.3633319e-06,7.2642861e-06
2024-02-16,NKE,4.7066063e-09,4.7521164e-09,4.7369389e-09
2024-02-16,VZ,4.2455427e-06,4.260272e-06,4.1926554e-06
2024-02-16,WMT,1.9376171e-07,1.9282721e-07,1.9104073e-07
2024-02-20,AAPL,4.5386075e-05,4.6408886e-05,4.492965e-05
2024-02-20,AMGN,2.4795108e-10,2.502022e-10,2.4841024e-10
2024-02-20,CRM,5.570188e-10,5.6615668e-10,5.6244588e-10
2024-02-20,CSCO,0.051344256,0.050940696,0.050761255
2024-02-20,IBM,8.9619376e-05,8.9821294e-05,8.9770569e-05
2024-02-20,INTC,0.015413306,0.01531097,0.015408016
2024-02-20,MSFT,7.2853491e-06,7.2749638e-06,7.2320347e-06
2024-02-20,NKE,4.616118e-09,4.66862e-09,4.6599211e-09
2024-02-20,VZ,4.1908735e-06,4.2103775e-06,4.1661887e-06
2024-02-20,WMT,1.9277563e-07,1.9229609e-07,1.9168913e-07
2024-02-21,AAPL,4.4400501e-05,4.5352814e-05,4.3655915e-05
2024-02-21,AMGN,2.4212508e-10,2.4421794e-10,2.4155758e-10
2024-02-21,CRM,5.3965772e-10,5.4970294e-10,5.4130212e-10
2024-02-21,CSCO,0.050856317,0.050299081,0.050045103
2024-02-21,IBM,8.8625722e-05,8.8964352e-05,8.8288281e-05
2024-02-21,INTC,0.015356187,0.015201987,0.01529265
2024-02-21,MSFT,7.2144938e-06,7.2291901e-06,7.1621998e-06
2024-02-21,NKE,4.5450285e-09,4.5790032e-09,4.5528847e-09
2024-02-21,VZ,4.1508826e-06,4.1647605e-06,4.1097294e-06
2024-02-21,WMT,1.9216403e-07,1.9172592e-07,1.900609e-07
2024-02-22,AAPL,4.3676965e-05,4.4293673e-05,4.28763e-05
2024-02-22,AMGN,2.3956956e-10,2.4098395e-10,2.3767731e-10
2024-02-22,CRM,5.2078651e-10,5.2802826e-10,5.2349977e-10
2024-02-22,CSCO,0.050414013,0.049832076,0.049818662
2024-02-22,IBM,8.726253e-05,8.7664337e-05,8.7178982e-05
2024-02-22,INTC,0.015359733,0.015229384,0.015338567
2024-02-22,MSFT,7.1017497e-06,7.1320147e-06,7.0577628e-06
2024-02-22,NKE,4.4470743e-09,4.4955681e-09,4.4649678e-09
2024-02-22,VZ,4.0878699e-06,4.1080383e-06,4.0641875e-06
2024-02-22,WMT,1.8981625e-07,1.8963005e-07,1.8847377e-07
2024-02-23,AAPL,4.2253748e-05,4.350318e-05,4.1861569e-05
2024-02-23,AMGN,2.3744378e-10,2.3922419e-10,2.3477037e-10
2024-02-23,CRM,5.0085268e-10,5.1036574e-10,5.0677584e-10
2024-02-23,CSCO,0.049902974,0.049496343,0.049482416
2024-02-23,IBM,8.6040258e-05,8.6543375e-05,8.595624e-05
2024-02-23,INTC,0.015121545,0.01509342,0.015160667
2024-02-23,MSFT,6.9616269e-06,6.9756629e-06,6.9476628e-06
2024-02-23,NKE,4.3288388e-09,4.3866273e-09,4.3589914e-09
2024-02-23,VZ,4.0606171e-06,4.0759402e-06,4.0415392e-06
2024-02-23,WMT,1.8757799e-07,1.8687629e-07,1.8660328e-07
2024-02-26,AAPL,4.0881431e-05,4.1978975e-05,3.9537583e-05
2024-02-26,AMGN,2.2844984e-10,2.338772e-10,2.2686208e-10
2024-02-26,CRM,4.606043e-10,4.7722681e-10,4.6542223e-10
2024-02-26,CSCO,0.048799512,0.048675024,0.047935833
2024-02-26,IBM,8.4922537e-05,8.5527592e-05,8.4310755e-05
2024-02-26,INTC,0.014823525,0.014725782,0.014664202
2024-02-26,MSFT,6.8231369e-06,6.8524275e-06,6.7340578e-06
2024-02-26,NKE,4.173888e-09,4.2247602e-09,4.164806e-09
2024-02-26,VZ,3.9982504e-06,3.9974108e-06,3.9542111e-06
2024-02-26,WMT,1.8707956e-07,1.8611553e-07,1.8417954e-07
2024-02-27,AAPL,3.9917587e-05,4.0897453e-05,3.9364998e-05
2024-02-27,AMGN,2.2444478e-10,2.2841659e-10,2.2306203e-10
2024-02-27,CRM,4.4400265e-10,4.5421815e-10,4.4820803e-10
2024-02-27,CSCO,0.049205963,0.048949181,0.048677738
2024-02-27,IBM,8.4459974e-05,8.4888697e-05,8.4374483e-05
2024-02-27,INTC,0.014808491,0.014782053,0.014773152
2024-02-27,MSFT,6.827094e-06,6.835515e-06,6.7487924e-06
2024-02-27,NKE,4.0657924e-09,4.1363526e-09,4.102804e-09
2024-02-27,VZ,3.9614801e-06,3.9710516e-06,3.9310808e-06
2024-02-27,WMT,1.8435488e-07,1.8496946e-07,1.8323131e-07
2024-02-28,AAPL,3.9009484e-05,3.9800592e-05,3.8704955e-05
2024-02-28,AMGN,2.1812227e-10,2.2219859e-10,2.1737249e-10
2024-02-28,CRM,4.3609555e-10,4.3878726e-10,4.4073333e-10
2024-02-28,CSCO,0.049126843,0.048886099,0.048502433
2024-02-28,IBM,8.3775378e-05,8.4170985e-05,8.3482015e-05
2024-02-28,INTC,0.014831839,0.014718106,0.014782252
2024-02-28,MSFT,6.8546905e-06,6.8305688e-06,6.8309517e-06
2024-02-28,NKE,4.0092906e-09,4.0607987e-09,4.0240749e-09
2024-02-28,VZ,3.9811362e-06,3.9837664e-06,3.9344802e-06
2024-02-28,WMT,1.8276016e-07,1.8273937e-07,1.8186052e-07
2024-02-29,AAPL,3.8162601e-05,3.8929942e-05,3.7777977e-05
2024-02-29,AMGN,2.1535833e-10,2.184058e-10,2.1338504e-10
2024-02-29,CRM,4.1803136e-10,4.2777893e-10,4.2472102e-10
2024-02-29,CSCO,0.048473228,0.048365413,0.048279479
2024-02-29,IBM,8.19307e-05,8.2578266e-05,8.1858758e-05
2024-02-29,INTC,0.014526709,0.014530612,0.014563637
2024-02-29,MSFT,6.7671464e-06,6.8166459e-06,6.75588e-06
2024-02-29,NKE,3.9246334e-09,3.9867601e-09,3.9376065e-09
2024-02-29,VZ,3.9913545e-06,3.9894625e-06,3.9634887e-06
2024-02-29,WMT,1.8303398e-07,1.8330614e-07,1.8166119e-07
2024-03-01,AAPL,3.7187237e-05,3.8199661e-05,3.6592588e-05
2024-03-01,AMGN,2.090807e-10,2.1386479e-10,2.0850301e-10
2024-03-01,CRM,3.9598654e-10,4.0860432e-10,4.0056668e-10
2024-03-01,CSCO,0.048000281,0.048046287,0.047699901
2024-03-01,IBM,8.1274263e-05,8.1773945e-05,8.0798357e-05
2024-03-01,INTC,0.014160065,0.014189862,0.014210916
2024-03-01,MSFT,6.7029164e-06,6.7603002e-06,6.6681514e-06
2024-03-01,NKE,3.7984695e-09,3.8693931e-09,3.8040305e-09
2024-03-01,VZ,4.0043256e-06,4.0023157e-06,3.9746947e-06
2024-03-01,WMT,1.8268036e-07,1.8295671e-07,1.8130432e-07
2024-03-04,AAPL,3.6467798e-05,3.7098944e-05,3.432081e-05
2024-03-04,AMGN,2.0575636e-10,2.1020271e-10,2.0260562e-10
2024-03-04,CRM,3.7530528e-10,3.8414982e-10,3.6573943e-10
2024-03-04,CSCO,0.046618205,0.046913315,0.045244685
2024-03-04,IBM,8.031093e-05,8.0816226e-05,7.8733492e-05
2024-03-04,INTC,0.014136495,0.014130421,0.013715547
2024-03-04,MSFT,6.6132868e-06,6.6556086e-06,6.4508926e-06
2024-03-04,NKE,3.7271898e-09,3.7609045e-09,3.6238449e-09
2024-03-04,VZ,3.9587981e-06,3.9761475e-06,3.8556753e-06
2024-03-04,WMT,1.7776506e-07,1.812948e-07,1.7485984e-07
2024-03-05,AAPL,3.5094627e-05,3.6403806e-05,3.4824631e-05
2024-03-05,AMGN,2.0037529e-10,2.0773451e-10,2.0040593e-10
2024-03-05,CRM,3.6607678e-10,3.7812397e-10,3.6348006e-10
2024-03-05,CSCO,0.045223031,0.046495136,0.045086641
2024-03-05,IBM,7.8887239e-05,8.0345532e-05,7.8800299e-05
2024-03-05,INTC,0.013777834,0.014181511,0.013770617
2024-03-05,MSFT,6.4246759e-06,6.5827277e-06,6.382709e-06
2024-03-05,NKE,3.6193923e-09,3.7104095e-09,3.6271065e-09
2024-03-05,VZ,3.8756213e-06,3.946113e-06,3.8667551e-06
2024-03-05,WMT,1.7445517e-07,1.7832729e-07,1.7431393e-07
2024-03-06,AAPL,3.5250303e-05,3.5417465e-05,3.4725104e-05
2024-03-06,AMGN,1.9974492e-10,2.0007143e-10,1.9784375e-10
2024-03-06,CRM,3.7264967e-10,3.7196556e-10,3.6857275e-10
2024-03-06,CSCO,0.045589786,0.045281694,0.045012328
2024-03-06,IBM,7.9106096e-05,7.9266683e-05,7.8361329e-05
2024-03-06,INTC,0.013856909,0.013833926,0.013687333
2024-03-06,MSFT,6.4763495e-06,6.4264359e-06,6.4038391e-06
2024-03-06,NKE,3.6489348e-09,3.6415144e-09,3.6242713e-09
2024-03-06,VZ,3.8618668e-06,3.8739041e-06,3.8321039e-06
2024-03-06,WMT,1.7428124e-07,1.7442885e-07,1.7285553e-07
2024-03-07,AAPL,3.4414192e-05,3.5182757e-05,3.4812138e-05
2024-03-07,AMGN,1.9624273e-10,1.9825314e-10,1.970837e-10
2024-03-07,CRM,3.6917464e-10,3.7116517e-10,3.739174e-10
2024-03-07,CSCO,0.045669572,0.045513921,0.045586735
2024-03-07,IBM,7.7821099e-05,7.8795434e-05,7.7864413e-05
2024-03-07,INTC,0.01373982,0.013780419,0.013906351
2024-03-07,MSFT,6.361306e-06,6.4222967e-06,6.3800783e-06
2024-03-07,NKE,3.5721595e-09,3.6119648e-09,3.6101397e-09
2024-03-07,VZ,3.8348043e-06,3.861342e-06,3.8561735e-06
2024-03-07,WMT,1.7251974e-07,1.7235187e-07,1.7235478e-07
2024-03-08,AAPL,3.3964731e-05,3.4561549e-05,3.3872307e-05
2024-03-08,AMGN,1.9011795e-10,1.9317187e-10,1.905334e-10
2024-03-08,CRM,3.5777742e-10,3.6200911e-10,3.6467711e-10
2024-03-08,CSCO,0.046173399,0.045839285,0.045866221
2024-03-08,IBM,7.710349e-05,7.7274571e-05,7.715204e-05
2024-03-08,INTC,0.01369866,0.013593682,0.013772626
2024-03-08,MSFT,6.2957266e-06,6.2881021e-06,6.2937936e-06
2024-03-08,NKE,3.4742289e-09,3.5059553e-09,3.497465e-09
2024-03-08,VZ,3.8439067e-06,3.8254536e-06,3.8498348e-06
2024-03-08,WMT,1.7317415e-07,1.7149953e-07,1.7242581e-07
2024-03-11,AAPL,3.3175883e-05,3.3734054e-05,3.288149e-05
2024-03-11,AMGN,1.8377547e-10,1.8685012e-10,1.8390486e-10
2024-03-11,CRM,3.3893138e-10,3.4480076e-10,3.4113694e-10
2024-03-11,CSCO,0.046033798,0.045292064,0.045371907
2024-03-11,IBM,7.6420841e-05,7.6401846e-05,7.6072453e-05
2024-03-11,INTC,0.013607436,0.013470957,0.013568738
2024-03-11,MSFT,6.1928151e-06,6.2035063e-06,6.1535813e-06
2024-03-11,NKE,3.3939947e-09,3.4266468e-09,3.4019875e-09
2024-03-11,VZ,3.8334731e-06,3.8123755e-06,3.8146168e-06
2024-03-11,WMT,1.7310415e-07,1.7245947e-07,1.7137626e-07
2024-03-12,AAPL,3.2097293e-05,3.2947763e-05,3.1695683e-05
2024-03-12,AMGN,1.7906555e-10,1.8203462e-10,1.7836431e-10
2024-03-12,CRM,3.2849105e-10,3.3448389e-10,3.2870619e-10
2024-03-12,CSCO,0.045987005,0.045686629,0.04533526
2024-03-12,IBM,7.5914043e-05,7.6278265e-05,7.5436375e-05
2024-03-12,INTC,0.013529991,0.013485155,0.013538778
2024-03-12,MSFT,6.1155903e-06,6.1218279e-06,6.0703048e-06
2024-03-12,NKE,3.2773851e-09,3.332772e-09,3.2879245e-09
2024-03-12,VZ,3.8194965e-06,3.8182685e-06,3.783941e-06
2024-03-12,WMT,1.7219494e-07,1.7112817e-07,1.6967861e-07
2024-03-13,AAPL,3.1349364e-05,3.191794e-05,3.0879715e-05
2024-03-13,AMGN,1.7541366e-10,1.7802652e-10,1.746664e-10
2024-03-13,CRM,3.2179169e-10,3.2710919e-10,3.2149232e-10
2024-03-13,CSCO,0.046378633,0.045775124,0.045755552
2024-03-13,IBM,7.4769476e-05,7.5136843e-05,7.4935636e-05
2024-03-13,INTC,0.013539943,0.013478955,0.01343776
2024-03-13,MSFT,6.0714253e-06,6.0636817e-06,6.0343306e-06
2024-03-13,NKE,3.1642386e-09,3.2091891e-09,3.1781326e-09
2024-03-13,VZ,3.7590546e-06,3.7656903e-06,3.7442857e-06
2024-03-13,WMT,1.6902775e-07,1.6938896e-07,1.6830417e-07
2024-03-14,AAPL,3.0558335e-05,3.1397882e-05,3.0229583e-05
2024-03-14,AMGN,1.6875288e-10,1.7212027e-10,1.6950716e-10
2024-03-14,CRM,3.1572965e-10,3.2021018e-10,3.1696971e-10
2024-03-14,CSCO,0.046372996,0.046008142,0.04595471
2024-03-14,IBM,7.3986456e-05,7.4510859e-05,7.368423e-05
2024-03-14,INTC,0.013521104,0.013498093,0.013444309
2024-03-14,MSFT,6.0135347e-06,6.0151698e-06,5.9658073e-06
2024-03-14,NKE,3.0833665e-09,3.1286223e-09,3.1071932e-09
2024-03-14,VZ,3.712016e-06,3.7293335e-06,3.7011701e-06
2024-03-14,WMT,1.6573666e-07,1.6694852e-07,1.6506419e-07
2024-03-15,AAPL,3.0126288e-05,3.070056e-05,2.9620097e-05
2024-03-15,AMGN,1.6327944e-10,1.6575749e-10,1.6323981e-10
2024-03-15,CRM,3.0888909e-10,3.1116604e-10,3.0850619e-10
2024-03-15,CSCO,0.046599356,0.045881342,0.045831261
2024-03-15,IBM,7.3225821e-05,7.3652757e-05,7.301412e-05
2024-03-15,INTC,0.013599094,0.013473142,0.013494624
2024-03-15,MSFT,5.9595037e-06,5.9518748e-06,5.9055943e-06
2024-03-15,NKE,3.0190783e-09,3.0479191e-09,3.0332103e-09
2024-03-15,VZ,3.6555195e-06,3.6797249e-06,3.6261082e-06
2024-03-15,WMT,1.6306011e-07,1.6355911e-07,1.6186841e-07
2024-03-18,AAPL,2.9522045e-05,3.0020744e-05,2.9191614e-05
2024-03-18,AMGN,1.60802e-10,1.6301072e-10,1.6095495e-10
2024-03-18,CRM,3.0831285e-10,3.0756458e-10,3.0892921e-10
2024-03-18,CSCO,0.04669429,0.046226969,0.046324439
2024-03-18,IBM,7.2261192e-05,7.2578487e-05,7.2286414e-05
2024-03-18,INTC,0.013479467,0.013445076,0.013499617
2024-03-18,MSFT,5.849556e-06,5.8700809e-06,5.8359861e-06
2024-03-18,NKE,2.9813903e-09,3.0136405e-09,2.9920604e-09
2024-03-18,VZ,3.5993469e-06,3.6258251e-06,3.5891698e-06
2024-03-18,WMT,1.5971818e-07,1.6084771e-07,1.591017e-07
2024-03-19,AAPL,2.8657523e-05,2.9411461e-05,2.8207621e-05
2024-03-19,AMGN,1.5785309e-10,1.59623e-10,1.5707794e-10
2024-03-19,CRM,2.9616752e-10,3.0041708e-10,2.984694e-10
2024-03-19,CSCO,0.046118385,0.045736581,0.045634941
2024-03-19,IBM,7.1007761e-05,7.1242176e-05,7.0916435e-05
2024-03-19,INTC,0.013299626,0.013269429,0.013298748
2024-03-19,MSFT,5.7219693e-06,5.7418604e-06,5.7045151e-06
2024-03-19,NKE,2.8970964e-09,2.9403635e-09,2.9072479e-09
2024-03-19,VZ,3.5740963e-06,3.5825477e-06,3.545322e-06
2024-03-19,WMT,1.5823786e-07,1.5789307e-07,1.5667958e-07
2024-03-20,AAPL,2.8179055e-05,2.8693262e-05,2.7743445e-05
2024-03-20,AMGN,1.5251834e-10,1.554214e-10,1.5321217e-10
2024-03-20,CRM,2.8726298e-10,2.9092484e-10,2.8708113e-10
2024-03-20,CSCO,0.046149138,0.045854889,0.045600818
2024-03-20,IBM,6.9658924e-05,7.0138504e-05,6.9576303e-05
2024-03-20,INTC,0.013370653,0.013265133,0.013245362
2024-03-20,MSFT,5.6550686e-06,5.6388074e-06,5.6018994e-06
2024-03-20,NKE,2.8164101e-09,2.8607526e-09,2.8268235e-09
2024-03-20,VZ,3.5689398e-06,3.5687832e-06,3.533538e-06
2024-03-20,WMT,1.5619071e-07,1.5651362e-07,1.5512948e-07
2024-03-21,AAPL,2.7249661e-05,2.7942411e-05,2.7222298e-05
2024-03-21,AMGN,1.5260796e-10,1.5288403e-10,1.5138014e-10
2024-03-21,CRM,2.8514222e-10,2.8802165e-10,2.8629093e-10
2024-03-21,CSCO,0.046125927,0.045853068,0.045703863
2024-03-21,IBM,6.8881457e-05,6.9337243e-05,6.8688869e-05
2024-03-21,INTC,0.01318385,0.01321122,0.01319989
2024-03-21,MSFT,5.5686166e-06,5.5994707e-06,5.5482539e-06
2024-03-21,NKE,2.7575773e-09,2.7994722e-09,2.770617e-09
2024-03-21,VZ,3.5775473e-06,3.5816773e-06,3.5391802e-06
2024-03-21,WMT,1.5489277e-07,1.5501467e-07,1.5397022e-07
2024-03-22,AAPL,2.6910267e-05,2.7394546e-05,2.6461755e-05
2024-03-22,AMGN,1.4965996e-10,1.5123005e-10,1.4870549e-10
2024-03-22,CRM,2.7709189e-10,2.7986786e-10,2.7672202e-10
2024-03-22,CSCO,0.046007048,0.045672553,0.04545375
2024-03-22,IBM,6.7626902e-05,6.8213395e-05,6.7464478e-05
2024-03-22,INTC,0.012996684,0.012961371,0.012946243
2024-03-22,MSFT,5.4726397e-06,5.5121712e-06,5.4479033e-06
2024-03-22,NKE,2.6779812e-09,2.7152787e-09,2.6813703e-09
2024-03-22,VZ,3.5669798e-06,3.5655564e-06,3.5355565e-06
2024-03-22,WMT,1.5288689e-07,1.5368387e-07,1.5142312e-07
2024-03-25,AAPL,2.6345793e-05,2.69631e-05,2.6104259e-05
2024-03-25,AMGN,1.4811514e-10,1.4938344e-10,1.4694587e-10
2024-03-25,CRM,2.702743e-10,2.7410423e-10,2.709056e-10
2024-03-25,CSCO,0.045974441,0.0457437,0.045517355
2024-03-25,IBM,6.6944412e-05,6.7305493e-05,6.6760592e-05
2024-03-25,INTC,0.012839683,0.012788255,0.01280736
2024-03-25,MSFT,5.3780307e-06,5.4066525e-06,5.3598578e-06
2024-03-25,NKE,2.6200757e-09,2.647711e-09,2.6198698e-09
2024-03-25,VZ,3.537716e-06,3.5387771e-06,3.5237163e-06
2024-03-25,WMT,1.5108264e-07,1.5112526e-07,1.4958218e-07
2024-03-26,AAPL,2.5940261e-05,2.6448134e-05,2.5634075e-05
2024-03-26,AMGN,1.4168116e-10,1.4569248e-10,1.42458e-10
2024-03-26,CRM,2.651251e-10,2.6840893e-10,2.664305e-10
2024-03-26,CSCO,0.046033623,0.045757817,0.045413946
2024-03-26,IBM,6.5892643e-05,6.6198792e-05,6.5757175e-05
2024-03-26,INTC,0.012686647,0.012634849,0.012627644
2024-03-26,MSFT,5.3056105e-06,5.3243704e-06,5.2682083e-06
2024-03-26,NKE,2.5532673e-09,2.5802609e-09,2.5654066e-09
2024-03-26,VZ,3.5242464e-06,3.5103716e-06,3.5101378e-06
2024-03-26,WMT,1.4876103e-07,1.4926967e-07,1.4811259e-07
2024-03-27,AAPL,2.5265709e-05,2.5818948e-05,2.4986985e-05
2024-03-27,AMGN,1.3881814e-10,1.4092193e-10,1.3806259e-10
2024-03-27,CRM,2.5823668e-10,2.6341138e-10,2.5856327e-10
2024-03-27,CSCO,0.046061461,0.045864797,0.04542946
2024-03-27,IBM,6.5206569e-05,6.5481547e-05,6.4851453e-05
2024-03-27,INTC,0.012489792,0.01242603,0.012431925
2024-03-27,MSFT,5.1959196e-06,5.2250934e-06,5.1746122e-06
2024-03-27,NKE,2.5072565e-09,2.5355941e-09,2.5126861e-09
2024-03-27,VZ,3.5418481e-06,3.5318106e-06,3.5066011e-06
2024-03-27,WMT,1.4749304e-07,1.4733837e-07,1.461456e-07
2024-03-28,AAPL,2.4839367e-05,2.5157592e-05,2.4592752e-05
2024-03-28,AMGN,1.3641544e-10,1.3787923e-10,1.3535181e-10
2024-03-28,CRM,2.6150855e-10,2.5964844e-10,2.579918e-10
2024-03-28,CSCO,0.046470882,0.045959362,0.045938857
2024-03-28,IBM,6.4663539e-05,6.4661268e-05,6.4482084e-05
2024-03-28,INTC,0.012514651,0.012464941,0.01244428
2024-03-28,MSFT,5.1865329e-06,5.1665837e-06,5.1547346e-06
2024-03-28,NKE,2.4758966e-09,2.4971515e-09,2.4910599e-09
2024-03-28,VZ,3.5399775e-06,3.5455132e-06,3.5251852e-06
2024-03-28,WMT,1.4483297e-07,1.4530043e-07,1.4476589e-07
2024-04-01,AAPL,2.4499132e-05,2.4900225e-05,2.4310564e-05
2024-04-01,AMGN,1.3304966e-10,1.3555536e-10,1.3305504e-10
2024-04-01,CRM,2.5863745e-10,2.606271e-10,2.5991695e-10
2024-04-01,CSCO,0.04611636,0.045884561,0.045661649
2024-04-01,IBM,6.3493619e-05,6.3886013e-05,6.3498395e-05
2024-04-01,INTC,0.012343094,0.012332163,0.012391427
2024-04-01,MSFT,5.1310578e-06,5.1545416e-06,5.131982e-06
2024-04-01,NKE,2.4538099e-09,2.4761977e-09,2.4642212e-09
2024-04-01,VZ,3.5301804e-06,3.5276264e-06,3.5141588e-06
2024-04-01,WMT,1.4418469e-07,1.4473582e-07,1.4360751e-07
2024-04-02,AAPL,2.3751308e-05,2.4358109e-05,2.3623178e-05
2024-04-02,AMGN,1.2842131e-10,1.3202e-10,1.2845831e-10
2024-04-02,CRM,2.4391832e-10,2.5322973e-10,2.4416365e-10
2024-04-02,CSCO,0.045246934,0.045586963,0.044811054
2024-04-02,IBM,6.1669728e-05,6.2453776e-05,6.1677337e-05
2024-04-02,INTC,0.011996456,0.012157926,0.012081528
2024-04-02,MSFT,5.010276e-06,5.0785531e-06,4.9993176e-06
2024-04-02,NKE,2.383682e-09,2.4302366e-09,2.3944598e-09
2024-04-02,VZ,3.5495241e-06,3.5554176e-06,3.5255484e-06
2024-04-02,WMT,1.4274238e-07,1.4378515e-07,1.4224578e-07
2024-04-03,AAPL,2.338214e-05,2.3708619e-05,2.2707999e-05
2024-04-03,AMGN,1.2645107e-10,1.2862719e-10,1.2422527e-10
2024-04-03,CRM,2.2952892e-10,2.3805086e-10,2.2428441e-10
2024-04-03,CSCO,0.043526936,0.043941335,0.042664793
2024-04-03,IBM,6.0554725e-05,6.1251444e-05,5.9854628e-05
2024-04-03,INTC,0.011744706,0.011787231,0.011583655
2024-04-03,MSFT,4.8692317e-06,4.946811e-06,4.7905532e-06
2024-04-03,NKE,2.3163669e-09,2.3546653e-09,2.2939492e-09
2024-04-03,VZ,3.4793698e-06,3.4942963e-06,3.4255912e-06
2024-04-03,WMT,1.3906524e-07,1.415187e-07,1.3782686e-07
2024-04-04,AAPL,2.263972e-05,2.3409652e-05,2.245752e-05
2024-04-04,AMGN,1.2112739e-10,1.2633961e-10,1.216945e-10
2024-04-04,CRM,2.2346391e-10,2.3311031e-10,2.2016625e-10
2024-04-04,CSCO,0.042496318,0.043712974,0.04203791
2024-04-04,IBM,5.9228405e-05,6.0597578e-05,5.9001467e-05
2024-04-04,INTC,0.011355991,0.011729657,0.011328421
2024-04-04,MSFT,4.7211135e-06,4.8351819e-06,4.699209e-06
2024-04-04,NKE,2.2359928e-09,2.2895936e-09,2.2273141e-09
2024-04-04,VZ,3.3955049e-06,3.4610066e-06,3.3838148e-06
2024-04-04,WMT,1.3600583e-07,1.3925853e-07,1.3557295e-07
2024-04-05,AAPL,2.2729112e-05,2.2938054e-05,2.2651666e-05
2024-04-05,AMGN,1.2035957e-10,1.2089036e-10,1.19818e-10
2024-04-05,CRM,2.2628008e-10,2.2776768e-10,2.2558693e-10
2024-04-05,CSCO,0.042817861,0.042740618,0.042596766
2024-04-05,IBM,5.8927046e-05,5.9301032e-05,5.8946125e-05
2024-04-05,INTC,0.011380006,0.011409231,0.011344199
2024-04-05,MSFT,4.7427747e-06,4.7433434e-06,4.7239726e-06
2024-04-05,NKE,2.2178051e-09,2.2328242e-09,2.2237353e-09
2024-04-05,VZ,3.3791394e-06,3.4040312e-06,3.3614121e-06
2024-04-05,WMT,1.3474731e-07,1.3550173e-07,1.3434946e-07
2024-04-08,AAPL,2.2275976e-05,2.2763537e-05,2.242833e-05
2024-04-08,AMGN,1.1643176e-10,1.1847724e-10,1.1728238e-10
2024-04-08,CRM,2.1812546e-10,2.2216091e-10,2.2075219e-10
2024-04-08,CSCO,0.042973947,0.042940956,0.042808488
2024-04-08,IBM,5.798398e-05,5.8784866e-05,5.8005477e-05
2024-04-08,INTC,0.011302543,0.011317249,0.011385017
2024-04-08,MSFT,4.6682201e-06,4.6931199e-06,4.6711056e-06
2024-04-08,NKE,2.164757e-09,2.1948658e-09,2.1855721e-09
2024-04-08,VZ,3.3555427e-06,3.3779413e-06,3.3549259e-06
2024-04-08,WMT,1.3367729e-07,1.3365656e-07,1.3311687e-07
2024-04-09,AAPL,2.2107893e-05,2.2408976e-05,2.1914107e-05
2024-04-09,AMGN,1.1261215e-10,1.1450298e-10,1.1314413e-10
2024-04-09,CRM,2.1352905e-10,2.1604692e-10,2.1457297e-10
2024-04-09,CSCO,0.04328595,0.042968073,0.042733049
2024-04-09,IBM,5.7417038e-05,5.7820454e-05,5.727445e-05
2024-04-09,INTC,0.011285288,0.011250116,0.011288195
2024-04-09,MSFT,4.6036104e-06,4.5975361e-06,4.5874079e-06
2024-04-09,NKE,2.1203454e-09,2.1383329e-09,2.1314984e-09
2024-04-09,VZ,3.3621156e-06,3.3589409e-06,3.3387554e-06
2024-04-09,WMT,1.321698e-07,1.3219627e-07,1.3157934e-07
2024-04-10,AAPL,2.1764414e-05,2.207243e-05,2.162359e-05
2024-04-10,AMGN,1.1025725e-10,1.1132621e-10,1.1009266e-10
2024-04-10,CRM,2.0794077e-10,2.0938153e-10,2.0904026e-10
2024-04-10,CSCO,0.043296766,0.04292366,0.042574614
2024-04-10,IBM,5.6735552e-05,5.6973211e-05,5.6485739e-05
2024-04-10,INTC,0.01116394,0.011106255,0.011128762
2024-04-10,MSFT,4.5351696e-06,4.5385594e-06,4.5125805e-06
2024-04-10,NKE,2.0793265e-09,2.1034546e-09,2.0892752e-09
2024-04-10,VZ,3.3651247e-06,3.3745743e-06,3.3362946e-06
2024-04-10,WMT,1.3131571e-07,1.3138038e-07,1.2989864e-07
2024-04-11,AAPL,2.134624e-05,2.1642297e-05,2.1295545e-05
2024-04-11,AMGN,1.0846446e-10,1.0931344e-10,1.0847019e-10
2024-04-11,CRM,2.0890837e-10,2.0818861e-10,2.0793118e-10
2024-04-11,CSCO,0.043849125,0.043465677,0.043362913
2024-04-11,IBM,5.5812819e-05,5.631571e-05,5.5953957e-05
2024-04-11,INTC,0.011124331,0.011097908,0.011110517
2024-04-11,MSFT,4.4959474e-06,4.4873576e-06,4.4665455e-06
2024-04-11,NKE,2.0336901e-09,2.0564817e-09,2.0560855e-09
2024-04-11,VZ,3.3399432e-06,3.3610046e-06,3.3263021e-06
2024-04-11,WMT,1.2865799e-07,1.2906486e-07,1.2817347e-07
2024-04-12,AAPL,2.1056786e-05,2.1317439e-05,2.0789276e-05
2024-04-12,AMGN,1.0555191e-10,1.0672786e-10,1.0573044e-10
2024-04-12,CRM,2.1030682e-10,2.0775544e-10,2.1009505e-10
2024-04-12,CSCO,0.044149206,0.043562638,0.043595266
2024-04-12,IBM,5.4879023e-05,5.5340149e-05,5.4802955e-05
2024-04-12,INTC,0.011049726,0.011022496,0.011000432
2024-04-12,MSFT,4.4284143e-06,4.4265764e-06,4.3881101e-06
2024-04-12,NKE,2.0082763e-09,2.0225333e-09,2.0194429e-09
2024-04-12,VZ,3.2856609e-06,3.3085958e-06,3.2851457e-06
2024-04-12,WMT,1.2519554e-07,1.2628442e-07,1.2503966e-07
2024-04-15,AAPL,2.0624968e-05,2.0949369e-05,2.0450949e-05
2024-04-15,AMGN,1.0210421e-10,1.0316232e-10,1.0249159e-10
2024-04-15,CRM,2.0977002e-10,2.0748668e-10,2.0983128e-10
2024-04-15,CSCO,0.044324068,0.043918798,0.043763878
2024-04-15,IBM,5.3910649e-05,5.4412699e-05,5.382309e-05
2024-04-15,INTC,0.010942646,0.010908261,0.010887984
2024-04-15,MSFT,4.327085e-06,4.3372282e-06,4.2946961e-06
2024-04-15,NKE,1.973091e-09,1.9912196e-09,1.9805531e-09
2024-04-15,VZ,3.2529051e-06,3.2657068e-06,3.2381056e-06
2024-04-15,WMT,1.2147243e-07,1.2273835e-07,1.2118508e-07
2024-04-16,AAPL,2.0267925e-05,2.0613919e-05,2.0191039e-05
2024-04-16,AMGN,9.8940901e-11,1.0019115e-10,9.940219e-11
2024-04-16,CRM,2.0778057e-10,2.0685858e-10,2.0922369e-10
2024-04-16,CSCO,0.044528008,0.044249776,0.043989711
2024-04-16,IBM,5.3079849e-05,5.3385137e-05,5.3136323e-05
2024-04-16,INTC,0.010865341,0.010856824,0.010879559
2024-04-16,MSFT,4.2529284e-06,4.2642246e-06,4.2349909e-06
2024-04-16,NKE,1.9383188e-09,1.9599045e-09,1.9512832e-09
2024-04-16,VZ,3.248212e-06,3.2572601e-06,3.2358819e-06
2024-04-16,WMT,1.2013512e-07,1.2015017e-07,1.191558e-07
2024-04-17,AAPL,1.99301e-05,2.0240419e-05,1.9799835e-05
2024-04-17,AMGN,9.5166511e-11,9.6758858e-11,9.561102e-11
2024-04-17,CRM,2.0349764e-10,2.0449273e-10,2.0450052e-10
2024-04-17,CSCO,0.044865411,0.044347643,0.04418087
2024-04-17,IBM,5.2239585e-05,5.250663e-05,5.2209958e-05
2024-04-17,INTC,0.01078421,0.010730311,0.010770827
2024-04-17,MSFT,4.172396e-06,4.1658126e-06,4.1442555e-06
2024-04-17,NKE,1.9034552e-09,1.9218614e-09,1.9117515e-09
2024-04-17,VZ,3.2437045e-06,3.2398013e-06,3.2319103e-06
2024-04-17,WMT,1.1848484e-07,1.1870439e-07,1.1798477e-07
2024-04-18,AAPL,1.9481607e-05,1.9944403e-05,1.9334133e-05
2024-04-18,AMGN,9.2993541e-11,9.4461397e-11,9.2604948e-11
2024-04-18,CRM,1.9988429e-10,2.0109471e-10,1.9990176e-10
2024-04-18,CSCO,0.045034332,0.044617355,0.044478614
2024-04-18,IBM,5.1532301e-05,5.1805928e-05,5.1538161e-05
2024-04-18,INTC,0.010673879,0.010643749,0.010692144
2024-04-18,MSFT,4.0758591e-06,4.0939299e-06,4.0376929e-06
2024-04-18,NKE,1.8662227e-09,1.8880079e-09,1.8765558e-09
2024-04-18,VZ,3.2197759e-06,3.2171323e-06,3.2011704e-06
2024-04-18,WMT,1.1663343e-07,1.1647738e-07,1.1604807e-07
2024-04-19,AAPL,1.9244283e-05,1.9532249e-05,1.8916966e-05
2024-04-19,AMGN,8.8683281e-11,9.0863159e-11,8.8987053e-11
2024-04-19,CRM,1.9686683e-10,1.9741216e-10,1.9638995e-10
2024-04-19,CSCO,0.045257525,0.044630299,0.044430793
2024-04-19,IBM,5.0676739e-05,5.0934043e-05,5.0644098e-05
2024-04-19,INTC,0.010650919,0.010575727,0.010588292
2024-04-19,MSFT,3.990725e-06,3.9772239e-06,3.9441497e-06
2024-04-19,NKE,1.8256606e-09,1.8424361e-09,1.8374131e-09
2024-04-19,VZ,3.1940065e-06,3.1932781e-06,3.1853395e-06
2024-04-19,WMT,1.1407754e-07,1.1420192e-07,1.1357061e-07
2024-04-22,AAPL,1.8804104e-05,1.9208852e-05,1.8655894e-05
2024-04-22,AMGN,8.6044016e-11,8.7392362e-11,8.5694337e-11
2024-04-22,CRM,1.9310255e-10,1.9478949e-10,1.9143891e-10
2024-04-22,CSCO,0.045113213,0.044747354,0.0444756
2024-04-22,IBM,5.0139389e-05,5.0471715e-05,4.995227e-05
2024-04-22,INTC,0.010668201,0.010646457,0.010595506
2024-04-22,MSFT,3.9074286e-06,3.9293198e-06,3.8726462e-06
2024-04-22,NKE,1.7749194e-09,1.7984942e-09,1.785282e-09
2024-04-22,VZ,3.1584819e-06,3.1702274e-06,3.1508831e-06
2024-04-22,WMT,1.1161744e-07,1.1205786e-07,1.1098318e-07
2024-04-23,AAPL,1.8414145e-05,1.8859277e-05,1.8204121e-05
2024-04-23,AMGN,8.3308961e-11,8.4943111e-11,8.2977502e-11
2024-04-23,CRM,1.8881722e-10,1.9143672e-10,1.8805663e-10
2024-04-23,CSCO,0.04538564,0.044913349,0.044544809
2024-04-23,IBM,4.9722351e-05,4.9924723e-05,4.949578e-05
2024-04-23,INTC,0.010632995,0.01061197,0.010600595
2024-04-23,MSFT,3.8523413e-06,3.8697514e-06,3.804825e-06
2024-04-23,NKE,1.7379619e-09,1.7590229e-09,1.7428495e-09
2024-04-23,VZ,3.1177925e-06,3.1340557e-06,3.1135094e-06
2024-04-23,WMT,1.1039536e-07,1.1040325e-07,1.0947902e-07
2024-04-24,AAPL,1.7897524e-05,1.8474272e-05,1.7606822e-05
2024-04-24,AMGN,8.0386239e-11,8.2363858e-11,8.0053889e-11
2024-04-24,CRM,1.8379465e-10,1.8747135e-10,1.8243564e-10
2024-04-24,CSCO,0.045498662,0.045240427,0.044621124
2024-04-24,IBM,4.9027304e-05,4.9322487e-05,4.88417e-05
2024-04-24,INTC,0.010489353,0.01052123,0.010452707
2024-04-24,MSFT,3.7792075e-06,3.8127858e-06,3.7357912e-06
2024-04-24,NKE,1.6940826e-09,1.7145662e-09,1.6963957e-09
2024-04-24,VZ,3.0647524e-06,3.0797119e-06,3.0532226e-06
2024-04-24,WMT,1.0903162e-07,1.0907926e-07,1.0822119e-07
2024-04-25,AAPL,1.7569173e-05,1.8065776e-05,1.7230628e-05
2024-04-25,AMGN,7.603866e-11,7.9151042e-11,7.6269941e-11
2024-04-25,CRM,1.8050328e-10,1.8338672e-10,1.7919025e-10
2024-04-25,CSCO,0.045511828,0.045296181,0.044780916
2024-04-25,IBM,4.856757e-05,4.896065e-05,4.8389658e-05
2024-04-25,INTC,0.01043219,0.010428164,0.010353107
2024-04-25,MSFT,3.7394125e-06,3.7724527e-06,3.6756971e-06
2024-04-25,NKE,1.6536498e-09,1.6707138e-09,1.6573777e-09
2024-04-25,VZ,3.0013046e-06,3.0198184e-06,2.9826449e-06
2024-04-25,WMT,1.0653903e-07,1.0723812e-07,1.0621085e-07
2024-04-26,AAPL,1.759721e-05,1.7748137e-05,1.7193006e-05
2024-04-26,AMGN,7.3018476e-11,7.514096e-11,7.2728138e-11
2024-04-26,CRM,1.8215509e-10,1.8216775e-10,1.7926167e-10
2024-04-26,CSCO,0.045847684,0.045133208,0.04499997
2024-04-26,IBM,4.8416849e-05,4.8658217e-05,4.8102777e-05
2024-04-26,INTC,0.010510861,0.010435743,0.010364788
2024-04-26,MSFT,3.7298315e-06,3.7298942e-06,3.6699597e-06
2024-04-26,NKE,1.6300784e-09,1.6360419e-09,1.6287002e-09
2024-04-26,VZ,2.9453372e-06,2.9602444e-06,2.932485e-06
2024-04-26,WMT,1.0238764e-07,1.0382092e-07,1.0248609e-07
2024-04-29,AAPL,1.7375667e-05,1.7615295e-05,1.720969e-05
2024-04-29,AMGN,7.2374839e-11,7.3229038e-11,7.1421606e-11
2024-04-29,CRM,1.8390022e-10,1.8348834e-10,1.8142433e-10
2024-04-29,CSCO,0.045712274,0.04526265,0.045253062
2024-04-29,IBM,4.8157541e-05,4.844472e-05,4.7859176e-05
2024-04-29,INTC,0.010465632,0.010420959,0.010390684
2024-04-29,MSFT,3.719871e-06,3.7190089e-06,3.6784084e-06
2024-04-29,NKE,1.609785e-09,1.6249137e-09,1.6115614e-09
2024-04-29,VZ,2.9135005e-06,2.9346552e-06,2.9005142e-06
2024-04-29,WMT,1.002781e-07,1.010254e-07,9.9974554e-08
2024-04-30,AAPL,1.7083345e-05,1.7403097e-05,1.6865269e-05
2024-04-30,AMGN,7.0420639e-11,7.1586306e-11,6.9926126e-11
2024-04-30,CRM,1.7755678e-10,1.8243975e-10,1.7836737e-10
2024-04-30,CSCO,0.044919103,0.044829185,0.044280051
2024-04-30,IBM,4.7238613e-05,4.7588524e-05,4.7179797e-05
2024-04-30,INTC,0.010142331,0.0102292,0.010177428
2024-04-30,MSFT,3.6335336e-06,3.6695887e-06,3.6217255e-06
2024-04-30,NKE,1.5773097e-09,1.5938486e-09,1.5813999e-09
2024-04-30,VZ,2.8939332e-06,2.89452e-06,2.8785823e-06
2024-04-30,WMT,1.0110257e-07,1.0080319e-07,9.9773608e-08
2024-05-01,AAPL,1.6634586e-05,1.7108822e-05,1.6347319e-05
2024-05-01,AMGN,6.8667422e-11,7.0483596e-11,6.8272249e-11
2024-05-01,CRM,1.6576965e-10,1.7422754e-10,1.6343615e-10
2024-05-01,CSCO,0.043967399,0.044435029,0.043320787
2024-05-01,IBM,4.5950762e-05,4.6498428e-05,4.5625104e-05
2024-05-01,INTC,0.0098705854,0.0099878919,0.0098210007
2024-05-01,MSFT,3.5555767e-06,3.6229319e-06,3.5229625e-06
2024-05-01,NKE,1.5319714e-09,1.5660465e-09,1.5244889e-09
2024-05-01,VZ,2.8647169e-06,2.8814142e-06,2.8440049e-06
2024-05-01,WMT,9.9614879e-08,1.0082626e-07,9.9035972e-08
2024-05-02,AAPL,1.6515308e-05,1.675869e-05,1.5941338e-05
2024-05-02,AMGN,6.7275216e-11,6.8807846e-11,6.6272424e-11
2024-05-02,CRM,1.5652691e-10,1.6349225e-10,1.5233703e-10
2024-05-02,CSCO,0.042546522,0.043095646,0.041555662
2024-05-02,IBM,4.5368061e-05,4.5883222e-05,4.4718881e-05
2024-05-02,INTC,0.0097233134,0.0098143614,0.009540417
2024-05-02,MSFT,3.496769e-06,3.5556258e-06,3.4144264e-06
2024-05-02,NKE,1.4810334e-09,1.5109303e-09,1.4623422e-09
2024-05-02,VZ,2.8050676e-06,2.825231e-06,2.7451975e-06
2024-05-02,WMT,9.7298956e-08,9.8983435e-08,9.6044849e-08
2024-05-03,AAPL,1.5887114e-05,1.6529673e-05,1.5853724e-05
2024-05-03,AMGN,6.4941624e-11,6.7333227e-11,6.4810561e-11
2024-05-03,CRM,1.5042858e-10,1.5884784e-10,1.4810542e-10
2024-05-03,CSCO,0.041205499,0.04258878,0.040817452
2024-05-03,IBM,4.4021658e-05,4.5334671e-05,4.3895538e-05
2024-05-03,INTC,0.0093657043,0.0096977909,0.0093364448
2024-05-03,MSFT,3.3757203e-06,3.4835705e-06,3.3687846e-06
2024-05-03,NKE,1.426188e-09,1.4693559e-09,1.4187493e-09
2024-05-03,VZ,2.7121973e-06,2.7863046e-06,2.6986444e-06
2024-05-03,WMT,9.4774216e-08,9.7453235e-08,9.4291244e-08
2024-05-06,AAPL,1.5985019e-05,1.6086389e-05,1.5835135e-05
2024-05-06,AMGN,6.4754851e-11,6.4694902e-11,6.4156912e-11
2024-05-06,CRM,1.5074739e-10,1.5185098e-10,1.500764e-10
2024-05-06,CSCO,0.041412661,0.041285218,0.041104999
2024-05-06,IBM,4.3779002e-05,4.3986191e-05,4.370765e-05
2024-05-06,INTC,0.0093813127,0.0093930385,0.0093145976
2024-05-06,MSFT,3.3403522e-06,3.3396998e-06,3.3243991e-06
2024-05-06,NKE,1.4161612e-09,1.4252494e-09,1.414891e-09
2024-05-06,VZ,2.7108579e-06,2.7143218e-06,2.7038226e-06
2024-05-06,WMT,9.478271e-08,9.4879983e-08,9.4210642e-08
2024-05-07,AAPL,1.5784451e-05,1.5978758e-05,1.5860343e-05
2024-05-07,AMGN,6.2005451e-11,6.3234398e-11,6.2575346e-11
2024-05-07,CRM,1.4619525e-10,1.4824204e-10,1.475503e-10
2024-05-07,CSCO,0.041711663,0.041566108,0.041458313
2024-05-07,IBM,4.315304e-05,4.3564559e-05,4.3108267e-05
2024-05-07,INTC,0.0092925992,0.0092910688,0.0093425715
2024-05-07,MSFT,3.2907233e-06,3.3106765e-06,3.2746181e-06
2024-05-07,NKE,1.3859808e-09,1.40946e-09,1.397546e-09
2024-05-07,VZ,2.6973653e-06,2.6983547e-06,2.6938377e-06
2024-05-07,WMT,9.3991493e-08,9.4093679e-08,9.3539082e-08
2024-05-08,AAPL,1.5716152e-05,1.5860798e-05,1.55885e-05
2024-05-08,AMGN,5.9112435e-11,6.0573833e-11,5.9260798e-11
2024-05-08,CRM,1.4004807e-10,1.4358793e-10,1.4147277e-10
2024-05-08,CSCO,0.041574251,0.04118546,0.041096539
2024-05-08,IBM,4.2265384e-05,4.2484399e-05,4.2314035e-05
2024-05-08,INTC,0.0092574214,0.0092362002,0.0092486811
2024-05-08,MSFT,3.2135989e-06,3.2266661e-06,3.198222e-06
2024-05-08,NKE,1.3462243e-09,1.3655883e-09,1.3514461e-09
2024-05-08,VZ,2.6953389e-06,2.6838976e-06,2.6820595e-06
2024-05-08,WMT,9.3219494e-08,9.3111457e-08,9.2566171e-08
2024-05-09,AAPL,1.5371412e-05,1.5654502e-05,1.5209533e-05
2024-05-09,AMGN,5.5708373e-11,5.7634031e-11,5.5877359e-11
2024-05-09,CRM,1.3161168e-10,1.3532495e-10,1.318688e-10
2024-05-09,CSCO,0.04065106,0.040367822,0.040197039
2024-05-09,IBM,4.1429088e-05,4.1622148e-05,4.1348337e-05
2024-05-09,INTC,0.0090750944,0.0090851155,0.0090633755
2024-05-09,MSFT,3.1174549e-06,3.1423233e-06,3.0966686e-06
2024-05-09,NKE,1.3022595e-09,1.3283613e-09,1.3045831e-09
2024-05-09,VZ,2.6677915e-06,2.6640265e-06,2.6597645e-06
2024-05-09,WMT,9.161913e-08,9.191118e-08,9.0745595e-08
2024-05-10,AAPL,1.5228636e-05,1.5454665e-05,1.4959654e-05
2024-05-10,AMGN,5.2429283e-11,5.4195636e-11,5.2806717e-11
2024-05-10,CRM,1.2800551e-10,1.3035348e-10,1.2675872e-10
2024-05-10,CSCO,0.040386345,0.039857278,0.039692872
2024-05-10,IBM,4.0823371e-05,4.1089234e-05,4.0687994e-05
2024-05-10,INTC,0.0090770857,0.0090293831,0.00900923
2024-05-10,MSFT,3.0875894e-06,3.0922426e-06,3.0521812e-06
2024-05-10,NKE,1.2570086e-09,1.2786792e-09,1.2674874e-09
2024-05-10,VZ,2.6218215e-06,2.6312647e-06,2.6156459e-06
2024-05-10,WMT,8.890232e-08,8.9680996e-08,8.8502331e-08
2024-05-13,AAPL,1.5042335e-05,1.5205881e-05,1.4953728e-05
2024-05-13,AMGN,5.0680789e-11,5.1937711e-11,5.0756484e-11
2024-05-13,CRM,1.2877175e-10,1.2932336e-10,1.2803597e-10
2024-05-13,CSCO,0.040127621,0.039774801,0.03992793
2024-05-13,IBM,4.0295658e-05,4.0813906e-05,4.0230732e-05
2024-05-13,INTC,0.0090623547,0.0090795198,0.0090554774
2024-05-13,MSFT,3.045733e-06,3.0497239e-06,3.0257118e-06
2024-05-13,NKE,1.2336979e-09,1.2556368e-09,1.2477895e-09
2024-05-13,VZ,2.5858996e-06,2.6045424e-06,2.5875772e-06
2024-05-13,WMT,8.645897e-08,8.7565478e-08,8.6515945e-08
2024-05-14,AAPL,1.4675071e-05,1.496303e-05,1.4620043e-05
2024-05-14,AMGN,4.9082823e-11,4.9945847e-11,4.9044987e-11
2024-05-14,CRM,1.2725669e-10,1.283492e-10,1.271189e-10
2024-05-14,CSCO,0.039862874,0.039383366,0.03935201
2024-05-14,IBM,3.9437283e-05,3.973653e-05,3.9468904e-05
2024-05-14,INTC,0.008879838,0.0088883806,0.0088729785
2024-05-14,MSFT,2.9816891e-06,2.9852891e-06,2.9656099e-06
2024-05-14,NKE,1.2104522e-09,1.2197725e-09,1.2169081e-09
2024-05-14,VZ,2.560716e-06,2.5687245e-06,2.5522292e-06
2024-05-14,WMT,8.5206587e-08,8.5303215e-08,8.4595334e-08
2024-05-15,AAPL,1.4394442e-05,1.4697038e-05,1.4256772e-05
2024-05-15,AMGN,4.6695387e-11,4.7950983e-11,4.6863596e-11
2024-05-15,CRM,1.2252685e-10,1.2513002e-10,1.2214639e-10
2024-05-15,CSCO,0.039307264,0.038985416,0.038869975
2024-05-15,IBM,3.8305414e-05,3.8876551e-05,3.8489506e-05
2024-05-15,INTC,0.0086645381,0.0087010457,0.0086607727
2024-05-15,MSFT,2.867096e-06,2.9020267e-06,2.8607612e-06
2024-05-15,NKE,1.1843036e-09,1.2019169e-09,1.1890129e-09
2024-05-15,VZ,2.5147103e-06,2.5291146e-06,2.5063754e-06
2024-05-15,WMT,8.3439893e-08,8.4004057e-08,8.2979968e-08
2024-05-16,AAPL,1.4285776e-05,1.4430285e-05,1.4161433e-05
2024-05-16,AMGN,4.4784282e-11,4.5949646e-11,4.472278e-11
2024-05-16,CRM,1.2064151e-10,1.2102116e-10,1.2029266e-10
2024-05-16,CSCO,0.038893266,0.03865797,0.038532264
2024-05-16,IBM,3.7299677e-05,3.7833186e-05,3.7428407e-05
2024-05-16,INTC,0.0085625809,0.0085665669,0.0085326028
2024-05-16,MSFT,2.8073652e-06,2.8047669e-06,2.7869303e-06
2024-05-16,NKE,1.1465972e-09,1.1636954e-09,1.153538e-09
2024-05-16,VZ,2.4415747e-06,2.4696356e-06,2.4475778e-06
2024-05-16,WMT,7.9341181e-08,8.1500433e-08,7.939392e-08
2024-05-17,AAPL,1.4167602e-05,1.4321112e-05,1.4010543e-05
2024-05-17,AMGN,4.2711217e-11,4.3804082e-11,4.2606855e-11
2024-05-17,CRM,1.1743578e-10,1.1843705e-10,1.1668008e-10
2024-05-17,CSCO,0.038447974,0.037962748,0.037859985
2024-05-17,IBM,3.6666074e-05,3.6967895e-05,3.6682508e-05
2024-05-17,INTC,0.0083640694,0.0083729194,0.0083203282
2024-05-17,MSFT,2.7245023e-06,2.7405094e-06,2.7028485e-06
2024-05-17,NKE,1.1209403e-09,1.1325626e-09,1.1223243e-09
2024-05-17,VZ,2.3953509e-06,2.405535e-06,2.3750755e-06
2024-05-17,WMT,7.7683501e-08,7.8086827e-08,7.691896e-08
2024-05-20,AAPL,1.3871494e-05,1.4134385e-05,1.3846193e-05
2024-05-20,AMGN,4.1024239e-11,4.2099776e-11,4.1259119e-11
2024-05-20,CRM,1.151176e-10,1.162349e-10,1.1545023e-10
2024-05-20,CSCO,0.038246122,0.038096071,0.03794685
2024-05-20,IBM,3.6179471e-05,3.6613598e-05,3.6269357e-05
2024-05-20,INTC,0.0082251036,0.0082715728,0.008201187
2024-05-20,MSFT,2.6586949e-06,2.6691438e-06,2.6450596e-06
2024-05-20,NKE,1.1006692e-09,1.118889e-09,1.1041063e-09
2024-05-20,VZ,2.3797854e-06,2.3918384e-06,2.3681976e-06
2024-05-20,WMT,7.6291913e-08,7.6793786e-08,7.580008e-08
2024-05-21,AAPL,1.3633909e-05,1.3848387e-05,1.3459797e-05
2024-05-21,AMGN,4.0144143e-11,4.0782354e-11,3.9987492e-11
2024-05-21,CRM,1.125071e-10,1.1429867e-10,1.1195116e-10
2024-05-21,CSCO,0.038691586,0.038437738,0.038185297
2024-05-21,IBM,3.5386061e-05,3.5750932e-05,3.5581088e-05
2024-05-21,INTC,0.0080897969,0.0081356204,0.0081311206
2024-05-21,MSFT,2.5920291e-06,2.6027425e-06,2.5852136e-06
2024-05-21,NKE,1.0747868e-09,1.0897379e-09,1.0845103e-09
2024-05-21,VZ,2.3565508e-06,2.3665842e-06,2.3562127e-06
2024-05-21,WMT,7.5897435e-08,7.5940756e-08,7.5190581e-08
2024-05-22,AAPL,1.3389983e-05,1.3675783e-05,1.3249226e-05
2024-05-22,AMGN,3.8841634e-11,3.9645548e-11,3.8700005e-11
2024-05-22,CRM,1.0900341e-10,1.1041912e-10,1.0851313e-10
2024-05-22,CSCO,0.038183709,0.03787178,0.037799733
2024-05-22,IBM,3.441645e-05,3.4891759e-05,3.4589139e-05
2024-05-22,INTC,0.0079532334,0.0079685708,0.0079362582
2024-05-22,MSFT,2.5275022e-06,2.5410268e-06,2.5170079e-06
2024-05-22,NKE,1.0441299e-09,1.0600885e-09,1.05308e-09
2024-05-22,VZ,2.2963174e-06,2.3141375e-06,2.2914704e-06
2024-05-22,WMT,7.3435865e-08,7.4438015e-08,7.339107e-08
2024-05-23,AAPL,1.3322882e-05,1.3427785e-05,1.3064029e-05
2024-05-23,AMGN,3.6580254e-11,3.7851683e-11,3.6669212e-11
2024-05-23,CRM,1.0382348e-10,1.0556017e-10,1.0340733e-10
2024-05-23,CSCO,0.037515551,0.037188407,0.036905413
2024-05-23,IBM,3.3742566e-05,3.3992942e-05,3.3757509e-05
2024-05-23,INTC,0.0077804312,0.0077833389,0.0077051331
2024-05-23,MSFT,2.4502952e-06,2.4575693e-06,2.4285793e-06
2024-05-23,NKE,1.0106822e-09,1.0224388e-09,1.0110934e-09
2024-05-23,VZ,2.2475816e-06,2.2594028e-06,2.2341493e-06
2024-05-23,WMT,7.113631e-08,7.1944167e-08,7.0558132e-08
2024-05-24,AAPL,1.3126792e-05,1.3375613e-05,1.3121616e-05
2024-05-24,AMGN,3.5345143e-11,3.636155e-11,3.5403858e-11
2024-05-24,CRM,1.0145653e-10,1.0355565e-10,1.0140202e-10
2024-05-24,CSCO,0.03730137,0.037354379,0.037053846
2024-05-24,IBM,3.3483812e-05,3.3779912e-05,3.3472035e-05
2024-05-24,INTC,0.0076971307,0.0077525904,0.007656292
2024-05-24,MSFT,2.4169815e-06,2.4277908e-06,2.4027755e-06
2024-05-24,NKE,9.9321748e-10,1.0092809e-09,1.0015067e-09
2024-05-24,VZ,2.2141714e-06,2.2355342e-06,2.210912e-06
2024-05-24,WMT,6.9213173e-08,6.999287e-08,6.8907016e-08
2024-05-28,AAPL,1.3018628e-05,1.3116337e-05,1.290303e-05
2024-05-28,AMGN,3.368716e-11,3.4799708e-11,3.3718761e-11
2024-05-28,CRM,1.0197998e-10,1.0299082e-10,1.0096707e-10
2024-05-28,CSCO,0.037431014,0.037232242,0.037149456
2024-05-28,IBM,3.3262485e-05,3.3520734e-05,3.3208628e-05
2024-05-28,INTC,0.0076216317,0.007666108,0.0076140229
2024-05-28,MSFT,2.406163e-06,2.4094978e-06,2.3956031e-06
2024-05-28,NKE,9.8144383e-10,9.940091e-10,9.8148549e-10
2024-05-28,VZ,2.1782604e-06,2.2069746e-06,2.1720858e-06
2024-05-28,WMT,6.7325074e-08,6.8125364e-08,6.7064642e-08
2024-05-29,AAPL,1.288196e-05,1.2968222e-05,1.2740197e-05
2024-05-29,AMGN,3.32028e-11,3.3572556e-11,3.2840125e-11
2024-05-29,CRM,1.0292321e-10,1.0263517e-10,1.0149547e-10
2024-05-29,CSCO,0.037515512,0.036959437,0.037079909
2024-05-29,IBM,3.2738023e-05,3.2971345e-05,3.2654834e-05
2024-05-29,INTC,0.007560538,0.0075440138,0.0074717509
2024-05-29,MSFT,2.3840117e-06,2.3753507e-06,2.3586784e-06
2024-05-29,NKE,9.6258959e-10,9.6871056e-10,9.5915261e-10
2024-05-29,VZ,2.1363898e-06,2.148543e-06,2.1315119e-06
2024-05-29,WMT,6.5122145e-08,6.6245669e-08,6.520473e-08
2024-05-30,AAPL,1.2753268e-05,1.2954946e-05,1.2625451e-05
2024-05-30,AMGN,3.2382416e-11,3.3038301e-11,3.2178543e-11
2024-05-30,CRM,1.0142693e-10,1.0237682e-10,1.0070727e-10
2024-05-30,CSCO,0.037057588,0.037014592,0.036719465
2024-05-30,IBM,3.1995819e-05,3.2453378e-05,3.199542e-05
2024-05-30,INTC,0.0074047999,0.007452744,0.0073859327
2024-05-30,MSFT,2.3215882e-06,2.3412461e-06,2.312134e-06
2024-05-30,NKE,9.448794e-10,9.5954807e-10,9.4463244e-10
2024-05-30,VZ,2.105291e-06,2.1067364e-06,2.0956808e-06
2024-05-30,WMT,6.4787396e-08,6.5328333e-08,6.4349831e-08
2024-05-31,AAPL,1.2576987e-05,1.2786074e-05,1.2417627e-05
2024-05-31,AMGN,3.1096875e-11,3.2084667e-11,3.082858e-11
2024-05-31,CRM,9.4939111e-11,9.8947497e-11,9.3873206e-11
2024-05-31,CSCO,0.03627518,0.036510429,0.035808973
2024-05-31,IBM,3.1259377e-05,3.1598566e-05,3.1069109e-05
2024-05-31,INTC,0.0072962243,0.0073574592,0.0072513842
2024-05-31,MSFT,2.2608464e-06,2.3021424e-06,2.2359759e-06
2024-05-31,NKE,9.2251781e-10,9.3964188e-10,9.2047936e-10
2024-05-31,VZ,2.0951922e-06,2.0989302e-06,2.0790181e-06
2024-05-31,WMT,6.4306388e-08,6.4719106e-08,6.3732449e-08
2024-06-03,AAPL,1.250637e-05,1.265022e-05,1.2270119e-05
2024-06-03,AMGN,3.0311059e-11,3.1157763e-11,2.9821111e-11
2024-06-03,CRM,8.8936985e-11,9.3207665e-11,8.6616351e-11
2024-06-03,CSCO,0.035049217,0.03553967,0.034290052
2024-06-03,IBM,3.0745292e-05,3.1120172e-05,3.0389021e-05
2024-06-03,INTC,0.0071305797,0.0071965898,0.0070112506
2024-06-03,MSFT,2.2073161e-06,2.2519426e-06,2.1651917e-06
2024-06-03,NKE,8.9117579e-10,9.0936645e-10,8.7867926e-10
2024-06-03,VZ,2.0439301e-06,2.0632308e-06,2.0034596e-06
2024-06-03,WMT,6.2831474e-08,6.3798857e-08,6.2061874e-08
2024-06-04,AAPL,1.2110025e-05,1.2550733e-05,1.2069651e-05
2024-06-04,AMGN,2.9372992e-11,3.0529311e-11,2.9278911e-11
2024-06-04,CRM,8.6194933e-11,9.0476357e-11,8.4831707e-11
2024-06-04,CSCO,0.034102508,0.035143169,0.033746342
2024-06-04,IBM,2.9914136e-05,3.0793001e-05,2.9867023e-05
2024-06-04,INTC,0.0069003083,0.0071441098,0.006857273
2024-06-04,MSFT,2.1385557e-06,2.2096718e-06,2.1352527e-06
2024-06-04,NKE,8.6044878e-10,8.8702177e-10,8.5389444e-10
2024-06-04,VZ,1.9799798e-06,2.0377895e-06,1.9717188e-06
2024-06-04,WMT,6.1377393e-08,6.2898751e-08,6.0902491e-08
2024-06-05,AAPL,1.2190092e-05,1.2244195e-05,1.209505e-05
2024-06-05,AMGN,2.9334363e-11,2.9337825e-11,2.9062326e-11
2024-06-05,CRM,8.8106455e-11,8.817775e-11,8.7867635e-11
2024-06-05,CSCO,0.034710426,0.034443047,0.034411695
2024-06-05,IBM,3.0001932e-05,3.0037951e-05,2.9893118e-05
2024-06-05,INTC,0.0069609764,0.0069702936,0.0069364434
2024-06-05,MSFT,2.1429245e-06,2.1369795e-06,2.1300795e-06
2024-06-05,NKE,8.6093641e-10,8.6444846e-10,8.6174145e-10
2024-06-05,VZ,1.9857057e-06,1.9835578e-06,1.9765175e-06
2024-06-05,WMT,6.1896668e-08,6.1871414e-08,6.1473155e-08
2024-06-06,AAPL,1.1914432e-05,1.2127679e-05,1.1887977e-05
2024-06-06,AMGN,2.8102958e-11,2.8588965e-11,2.8146972e-11
2024-06-06,CRM,8.5533284e-11,8.7088331e-11,8.5993517e-11
2024-06-06,CSCO,0.034893184,0.034701543,0.034596191
2024-06-06,IBM,2.9549191e-05,2.9708096e-05,2.9472392e-05
2024-06-06,INTC,0.0068739177,0.0068773831,0.0069018113
2024-06-06,MSFT,2.1067943e-06,2.1203915e-06,2.0935845e-06
2024-06-06,NKE,8.3892127e-10,8.518113e-10,8.4453538e-10
2024-06-06,VZ,1.9587607e-06,1.9548498e-06,1.9547315e-06
2024-06-06,WMT,6.1658525e-08,6.137884e-08,6.0976313e-08
2024-06-07,AAPL,1.176163e-05,1.1933945e-05,1.157377e-05
2024-06-07,AMGN,2.6632834e-11,2.7316599e-11,2.6593483e-11
2024-06-07,CRM,8.1898683e-11,8.370169e-11,8.1476761e-11
2024-06-07,CSCO,0.034442016,0.034076122,0.033886251
2024-06-07,IBM,2.9315491e-05,2.9291991e-05,2.9089245e-05
2024-06-07,INTC,0.0068903919,0.0068150947,0.0068245276
2024-06-07,MSFT,2.0642294e-06,2.0686322e-06,2.0349399e-06
2024-06-07,NKE,8.1521763e-10,8.2108419e-10,8.1398692e-10
2024-06-07,VZ,1.9277018e-06,1.9237806e-06,1.9157729e-06
2024-06-07,WMT,6.0882094e-08,6.0747997e-08,6.0365011e-08
2024-06-10,AAPL,1.1496791e-05,1.1730573e-05,1.1437609e-05
2024-06-10,AMGN,2.5440482e-11,2.6038153e-11,2.5495671e-11
2024-06-10,CRM,7.9275886e-11,8.0331271e-11,7.8816217e-11
2024-06-10,CSCO,0.033845416,0.033555318,0.03344137
2024-06-10,IBM,2.8698049e-05,2.8784951e-05,2.8570326e-05
2024-06-10,INTC,0.0067939506,0.0067900189,0.0067283429
2024-06-10,MSFT,2.0153004e-06,2.0264438e-06,1.9988103e-06
2024-06-10,NKE,7.9588222e-10,8.0560327e-10,7.9513094e-10
2024-06-10,VZ,1.9081782e-06,1.9073655e-06,1.8935227e-06
2024-06-10,WMT,6.03208e-08,6.0534295e-08,5.9764149e-08
2024-06-11,AAPL,1.1094983e-05,1.1341579e-05,1.1036923e-05
2024-06-11,AMGN,2.4849022e-11,2.5308216e-11,2.4795171e-11
2024-06-11,CRM,7.879741e-11,7.9739923e-11,7.8524823e-11
2024-06-11,CSCO,0.033933076,0.033716136,0.033534831
2024-06-11,IBM,2.8425312e-05,2.865503e-05,2.8451391e-05
2024-06-11,INTC,0.0067768411,0.0067810961,0.0067683783
2024-06-11,MSFT,1.9818963e-06,2.0038305e-06,1.9703819e-06
2024-06-11,NKE,7.7782087e-10,7.8796417e-10,7.8371048e-10
2024-06-11,VZ,1.903536e-06,1.9024777e-06,1.8956642e-06
2024-06-11,WMT,6.0178647e-08,6.0212228e-08,5.9488881e-08
2024-06-12,AAPL,1.0795662e-05,1.1029667e-05,1.0692836e-05
2024-06-12,AMGN,2.4072464e-11,2.4456422e-11,2.3890296e-11
2024-06-12,CRM,7.673226e-11,7.7274204e-11,7.5935887e-11
2024-06-12,CSCO,0.033413257,0.033154546,0.033128327
2024-06-12,IBM,2.7841056e-05,2.8108235e-05,2.7891812e-05
2024-06-12,INTC,0.0066425646,0.0066399182,0.006642974
2024-06-12,MSFT,1.9327536e-06,1.9459047e-06,1.9223552e-06
2024-06-12,NKE,7.6014324e-10,7.668048e-10,7.5902608e-10
2024-06-12,VZ,1.8587386e-06,1.8654358e-06,1.8598527e-06
2024-06-12,WMT,5.8799635e-08,5.920746e-08,5.8324404e-08
2024-06-13,AAPL,1.0460123e-05,1.0692946e-05,1.0312933e-05
2024-06-13,AMGN,2.2857307e-11,2.3479649e-11,2.2918285e-11
2024-06-13,CRM,7.2829275e-11,7.4029959e-11,7.261866e-11
2024-06-13,CSCO,0.033035085,0.03273934,0.032450718
2024-06-13,IBM,2.7183179e-05,2.7424579e-05,2.7111374e-05
2024-06-13,INTC,0.0065279544,0.0064968115,0.0064723887
2024-06-13,MSFT,1.8835287e-06,1.8927043e-06,1.8619074e-06
2024-06-13,NKE,7.4024518e-10,7.4388181e-10,7.3521474e-10
2024-06-13,VZ,1.8206088e-06,1.8226636e-06,1.8039098e-06
2024-06-13,WMT,5.7592992e-08,5.7792775e-08,5.6937785e-08
2024-06-14,AAPL,1.0181959e-05,1.047636e-05,1.0065999e-05
2024-06-14,AMGN,2.2149878e-11,2.2648267e-11,2.2125402e-11
2024-06-14,CRM,7.107437e-11,7.2047666e-11,7.1182076e-11
2024-06-14,CSCO,0.03288397,0.032816733,0.032552577
2024-06-14,IBM,2.6772571e-05,2.7019172e-05,2.6763858e-05
2024-06-14,INTC,0.006496027,0.0065009188,0.0064322121
2024-06-14,MSFT,1.8360894e-06,1.8447235e-06,1.8250119e-06
2024-06-14,NKE,7.2993578e-10,7.3955556e-10,7.2895677e-10
2024-06-14,VZ,1.8187344e-06,1.8246709e-06,1.8009688e-06
2024-06-14,WMT,5.7188523e-08,5.731485e-08,5.6462255e-08
2024-06-17,AAPL,9.9426607e-06,1.0162617e-05,9.916492e-06
2024-06-17,AMGN,2.1518492e-11,2.1818801e-11,2.1612407e-11
2024-06-17,CRM,7.154798e-11,7.2001673e-11,7.1337663e-11
2024-06-17,CSCO,0.032954845,0.032578954,0.032777396
2024-06-17,IBM,2.6339959e-05,2.6556177e-05,2.6399923e-05
2024-06-17,INTC,0.0064200771,0.0064373652,0.0064345197
2024-06-17,MSFT,1.8046233e-06,1.8152126e-06,1.7978984e-06
2024-06-17,NKE,7.192322e-10,7.256316e-10,7.2390918e-10
2024-06-17,VZ,1.8159544e-06,1.8156615e-06,1.8165173e-06
2024-06-17,WMT,5.6718916e-08,5.6969528e-08,5.6366886e-08
2024-06-18,AAPL,9.7314861e-06,9.8776741e-06,9.6318019e-06
2024-06-18,AMGN,2.060402e-11,2.095778e-11,2.0598663e-11
2024-06-18,CRM,7.0198249e-11,7.0586805e-11,6.993702e-11
2024-06-18,CSCO,0.032738812,0.032167245,0.032391842
2024-06-18,IBM,2.5612234e-05,2.586621e-05,2.5755567e-05
2024-06-18,INTC,0.0062859124,0.0062748222,0.0062814823
2024-06-18,MSFT,1.7641747e-06,1.7730786e-06,1.7528706e-06
2024-06-18,NKE,6.9602098e-10,7.027316e-10,6.9995908e-10
2024-06-18,VZ,1.7805523e-06,1.7821595e-06,1.7819943e-06
2024-06-18,WMT,5.5345983e-08,5.5839957e-08,5.5056143e-08
2024-06-20,AAPL,9.6024012e-06,9.7148115e-06,9.4447881e-06
2024-06-20,AMGN,1.9472067e-11,2.0004831e-11,1.9463851e-11
2024-06-20,CRM,6.7678396e-11,6.8158121e-11,6.7471326e-11
2024-06-20,CSCO,0.032414423,0.032019387,0.032006925
2024-06-20,IBM,2.5180595e-05,2.5306588e-05,2.518586e-05
2024-06-20,INTC,0.0062203095,0.0061647327,0.0061856865
2024-06-20,MSFT,1.7289111e-06,1.7310884e-06,1.7102917e-06
2024-06-20,NKE,6.7914462e-10,6.8557182e-10,6.7838226e-10
2024-06-20,VZ,1.7382746e-06,1.7359809e-06,1.7318988e-06
2024-06-20,WMT,5.3696804e-08,5.4275923e-08,5.3411088e-08
2024-06-21,AAPL,9.4330316e-06,9.5909931e-06,9.3720694e-06
2024-06-21,AMGN,1.8541753e-11,1.9107183e-11,1.8537685e-11
2024-06-21,CRM,6.4860389e-11,6.5910451e-11,6.5329835e-11
2024-06-21,CSCO,0.032243034,0.031894896,0.0316942
2024-06-21,IBM,2.4773804e-05,2.4839434e-05,2.4726324e-05
2024-06-21,INTC,0.00612222,0.0061140054,0.0060894935
2024-06-21,MSFT,1.6827868e-06,1.6844773e-06,1.668824e-06
2024-06-21,NKE,6.6311751e-10,6.6829013e-10,6.6116525e-10
2024-06-21,VZ,1.731415e-06,1.7238773e-06,1.7125671e-06
2024-06-21,WMT,5.355218e-08,5.3346835e-08,5.2721112e-08
2024-06-24,AAPL,9.1376487e-06,9.3949985e-06,9.1135868e-06
2024-06-24,AMGN,1.8159969e-11,1.8524586e-11,1.8057102e-11
2024-06-24,CRM,6.2068364e-11,6.4156915e-11,6.2057228e-11
2024-06-24,CSCO,0.032245538,0.032298293,0.031881511
2024-06-24,IBM,2.4352817e-05,2.4559824e-05,2.4414403e-05
2024-06-24,INTC,0.0060410225,0.0060781893,0.0060339035
2024-06-24,MSFT,1.6406917e-06,1.6565431e-06,1.6317572e-06
2024-06-24,NKE,6.4679957e-10,6.5643563e-10,6.4948512e-10
2024-06-24,VZ,1.7366044e-06,1.7344257e-06,1.7300607e-06
2024-06-24,WMT,5.3361004e-08,5.3317624e-08,5.277342e-08
2024-06-25,AAPL,8.9319788e-06,9.1402328e-06,8.7961806e-06
2024-06-25,AMGN,1.7603496e-11,1.8014502e-11,1.7490369e-11
2024-06-25,CRM,6.0756268e-11,6.1835874e-11,5.9745146e-11
2024-06-25,CSCO,0.032264456,0.032048395,0.031869145
2024-06-25,IBM,2.3953181e-05,2.4207726e-05,2.4016523e-05
2024-06-25,INTC,0.005967153,0.0059853256,0.0059725378
2024-06-25,MSFT,1.612703e-06,1.6262301e-06,1.5997099e-06
2024-06-25,NKE,6.2259916e-10,6.3306383e-10,6.2797682e-10
2024-06-25,VZ,1.7120465e-06,1.7216947e-06,1.7153052e-06
2024-06-25,WMT,5.2536129e-08,5.2916857e-08,5.2188262e-08
2024-06-26,AAPL,8.8582104e-06,8.9679205e-06,8.6600139e-06
2024-06-26,AMGN,1.66958e-11,1.7193903e-11,1.6659738e-11
2024-06-26,CRM,5.9131908e-11,5.9765626e-11,5.8237454e-11
2024-06-26,CSCO,0.031873118,0.031427557,0.03139611
2024-06-26,IBM,2.3387711e-05,2.3594823e-05,2.3375471e-05
2024-06-26,INTC,0.0059166073,0.0058937424,0.0058245009
2024-06-26,MSFT,1.5850922e-06,1.5979207e-06,1.563933e-06
2024-06-26,NKE,5.9717725e-10,6.0431459e-10,5.9610852e-10
2024-06-26,VZ,1.6466946e-06,1.6620446e-06,1.6422213e-06
2024-06-26,WMT,4.9835261e-08,5.1119537e-08,4.9856505e-08
2024-06-27,AAPL,8.8338291e-06,8.9530424e-06,8.6837634e-06
2024-06-27,AMGN,1.5813688e-11,1.6444763e-11,1.5807207e-11
2024-06-27,CRM,5.7846904e-11,5.8556091e-11,5.7923338e-11
2024-06-27,CSCO,0.031914454,0.031545313,0.031535418
2024-06-27,IBM,2.3399667e-05,2.3538387e-05,2.3275072e-05
2024-06-27,INTC,0.00588456,0.0058682678,0.0058220706
2024-06-27,MSFT,1.57551e-06,1.5787314e-06,1.5606084e-06
2024-06-27,NKE,5.8555974e-10,5.9280409e-10,5.8457519e-10
2024-06-27,VZ,1.6197772e-06,1.6342636e-06,1.6042752e-06
2024-06-27,WMT,4.8379537e-08,4.9016234e-08,4.8018372e-08
2024-06-28,AAPL,8.8409183e-06,8.8967244e-06,8.735969e-06
2024-06-28,AMGN,1.552798e-11,1.5831558e-11,1.5390682e-11
2024-06-28,CRM,5.8385844e-11,5.8327824e-11,5.7927095e-11
2024-06-28,CSCO,0.032053303,0.031669224,0.031691617
2024-06-28,IBM,2.3399893e-05,2.3369002e-05,2.3306749e-05
2024-06-28,INTC,0.0059294296,0.005917268,0.0058778976
2024-06-28,MSFT,1.572154e-06,1.5645334e-06,1.5554838e-06
2024-06-28,NKE,5.7719882e-10,5.8326482e-10,5.7673417e-10
2024-06-28,VZ,1.6121333e-06,1.6197875e-06,1.6000649e-06
2024-06-28,WMT,4.777642e-08,4.8041472e-08,4.7471873e-08
2024-07-01,AAPL,8.7473816e-06,8.8948135e-06,8.6277301e-06
2024-07-01,AMGN,1.5185933e-11,1.5466604e-11,1.5056832e-11
2024-07-01,CRM,5.6964629e-11,5.8287684e-11,5.6654989e-11
2024-07-01,CSCO,0.031894042,0.031785105,0.031435237
2024-07-01,IBM,2.3088819e-05,2.3220854e-05,2.3051645e-05
2024-07-01,INTC,0.0058124378,0.0058293404,0.005777468
2024-07-01,MSFT,1.5458124e-06,1.5579397e-06,1.5320886e-06
2024-07-01,NKE,5.6614066e-10,5.7237605e-10,5.6553042e-10
2024-07-01,VZ,1.6008237e-06,1.5974328e-06,1.5843137e-06
2024-07-01,WMT,4.7665104e-08,4.7857501e-08,4.7068399e-08
2024-07-02,AAPL,8.5524528e-06,8.7669909e-06,8.450416e-06
2024-07-02,AMGN,1.489954e-11,1.5242562e-11,1.4700294e-11
2024-07-02,CRM,5.4738793e-11,5.7083294e-11,5.3893813e-11
2024-07-02,CSCO,0.031260765,0.031546441,0.030999548
2024-07-02,IBM,2.2399995e-05,2.2732849e-05,2.2336039e-05
2024-07-02,INTC,0.0057273032,0.005795905,0.0057247487
2024-07-02,MSFT,1.5160321e-06,1.5404582e-06,1.5023763e-06
2024-07-02,NKE,5.498706e-10,5.6245287e-10,5.5158683e-10
2024-07-02,VZ,1.5931812e-06,1.6002823e-06,1.5794491e-06
2024-07-02,WMT,4.7379133e-08,4.7808672e-08,4.7071934e-08
2024-07-03,AAPL,8.5357973e-06,8.5765236e-06,8.2577798e-06
2024-07-03,AMGN,1.4626583e-11,1.4907395e-11,1.432298e-11
2024-07-03,CRM,5.0954767e-11,5.3086634e-11,4.9293151e-11
2024-07-03,CSCO,0.030118641,0.030354123,0.029300727
2024-07-03,IBM,2.1983023e-05,2.2272734e-05,2.1614021e-05
2024-07-03,INTC,0.0055958043,0.005612842,0.0054831502
2024-07-03,MSFT,1.4788978e-06,1.4972516e-06,1.4414186e-06
2024-07-03,NKE,5.3125993e-10,5.3830856e-10,5.2231001e-10
2024-07-03,VZ,1.5582177e-06,1.567407e-06,1.532454e-06
2024-07-03,WMT,4.6363939e-08,4.7042369e-08,4.5751265e-08
2024-07-05,AAPL,8.1503846e-06,8.4648746e-06,8.109606e-06
2024-07-05,AMGN,1.4091139e-11,1.4621931e-11,1.4022064e-11
2024-07-05,CRM,4.7992913e-11,5.0996612e-11,4.7414645e-11
2024-07-05,CSCO,0.029009818,0.029967782,0.028752582
2024-07-05,IBM,2.1270071e-05,2.1901078e-05,2.1202871e-05
2024-07-05,INTC,0.0053583003,0.0055538405,0.0053336244
2024-07-05,MSFT,1.42019e-06,1.46707e-06,1.4161006e-06
2024-07-05,NKE,5.1260026e-10,5.2708854e-10,5.0898375e-10
2024-07-05,VZ,1.5063496e-06,1.5421255e-06,1.4966159e-06
2024-07-05,WMT,4.5270057e-08,4.6323395e-08,4.4933619e-08
2024-07-08,AAPL,8.1802871e-06,8.2836294e-06,8.1400879e-06
2024-07-08,AMGN,1.3972231e-11,1.4104206e-11,1.3917093e-11
2024-07-08,CRM,4.8628895e-11,4.9011747e-11,4.8538598e-11
2024-07-08,CSCO,0.029520267,0.029366126,0.029349157
2024-07-08,IBM,2.1356171e-05,2.1411949e-05,2.130051e-05
2024-07-08,INTC,0.0054086655,0.0054305836,0.005383905
2024-07-08,MSFT,1.4261783e-06,1.4243657e-06,1.42156e-06
2024-07-08,NKE,5.0970761e-10,5.1268069e-10,5.0943688e-10
2024-07-08,VZ,1.5033071e-06,1.506859e-06,1.4966573e-06
2024-07-08,WMT,4.5317314e-08,4.5332305e-08,4.5056596e-08
2024-07-09,AAPL,8.052849e-06,8.1979664e-06,8.0378446e-06
2024-07-09,AMGN,1.3441295e-11,1.3772421e-11,1.350885e-11
2024-07-09,CRM,4.6440088e-11,4.7501201e-11,4.7115806e-11
2024-07-09,CSCO,0.029724046,0.02952443,0.029413224
2024-07-09,IBM,2.1246859e-05,2.1347984e-05,2.1104012e-05
2024-07-09,INTC,0.0053975456,0.0054016488,0.0054114998
2024-07-09,MSFT,1.4057048e-06,1.4129828e-06,1.398992e-06
2024-07-09,NKE,4.9788129e-10,5.0387757e-10,4.9912139e-10
2024-07-09,VZ,1.4881386e-06,1.485388e-06,1.4832781e-06
2024-07-09,WMT,4.5322241e-08,4.501885e-08,4.4924884e-08
2024-07-10,AAPL,7.9271013e-06,8.0788128e-06,7.8639627e-06
2024-07-10,AMGN,1.3152511e-11,1.3416707e-11,1.3059988e-11
2024-07-10,CRM,4.5340259e-11,4.602474e-11,4.5424393e-11
2024-07-10,CSCO,0.030120898,0.029836678,0.029731821
2024-07-10,IBM,2.1303466e-05,2.1282201e-05,2.1133378e-05
2024-07-10,INTC,0.0054376905,0.0053955884,0.0054280206
2024-07-10,MSFT,1.3997837e-06,1.3983589e-06,1.3836867e-06
2024-07-10,NKE,4.8341151e-10,4.8938422e-10,4.8636352e-10
2024-07-10,VZ,1.4865357e-06,1.4837016e-06,1.4778287e-06
2024-07-10,WMT,4.5137111e-08,4.495607e-08,4.4810346e-08
2024-07-11,AAPL,7.6492134e-06,7.8291237e-06,7.5916505e-06
2024-07-11,AMGN,1.293374e-11,1.3060931e-11,1.2853327e-11
2024-07-11,CRM,4.3691627e-11,4.4503676e-11,4.3563942e-11
2024-07-11,CSCO,0.029756226,0.029618029,0.029418416
2024-07-11,IBM,2.1072267e-05,2.118693e-05,2.0950872e-05
2024-07-11,INTC,0.0053899377,0.0053849099,0.0053722999
2024-07-11,MSFT,1.3764324e-06,1.3873307e-06,1.365781e-06
2024-07-11,NKE,4.6984688e-10,4.7607874e-10,4.7105189e-10
2024-07-11,VZ,1.4715674e-06,1.4737477e-06,1.4612865e-06
2024-07-11,WMT,4.5210088e-08,4.518199e-08,4.4584282e-08
2024-07-12,AAPL,7.4297126e-06,7.5939223e-06,7.3774076e-06
2024-07-12,AMGN,1.2668276e-11,1.2846447e-11,1.2600204e-11
2024-07-12,CRM,4.2606636e-11,4.3119123e-11,4.2663217e-11
2024-07-12,CSCO,0.029959748,0.029668433,0.029529358
2024-07-12,IBM,2.074668e-05,2.0949376e-05,2.0684029e-05
2024-07-12,INTC,0.0054011713,0.0053864125,0.0053773053
2024-07-12,MSFT,1.368759e-06,1.3715194e-06,1.3525016e-06
2024-07-12,NKE,4.5386766e-10,4.5949547e-10,4.5726395e-10
2024-07-12,VZ,1.4444732e-06,1.4507617e-06,1.4385517e-06
2024-07-12,WMT,4.4465725e-08,4.4712855e-08,4.4199141e-08
2024-07-15,AAPL,7.2486393e-06,7.4105985e-06,7.1906004e-06
2024-07-15,AMGN,1.2493277e-11,1.2666207e-11,1.2375669e-11
2024-07-15,CRM,4.2701905e-11,4.2936525e-11,4.2367897e-11
2024-07-15,CSCO,0.030062698,0.029831526,0.029768095
2024-07-15,IBM,2.0430177e-05,2.0661034e-05,2.0421633e-05
2024-07-15,INTC,0.0053792821,0.0053583004,0.0053520568
2024-07-15,MSFT,1.352704e-06,1.3574501e-06,1.3405033e-06
2024-07-15,NKE,4.4492864e-10,4.4820129e-10,4.4668552e-10
2024-07-15,VZ,1.4088955e-06,1.4160204e-06,1.4058571e-06
2024-07-15,WMT,4.3304567e-08,4.3655392e-08,4.3186476e-08
2024-07-16,AAPL,7.0418011e-06,7.1770169e-06,6.9062067e-06
2024-07-16,AMGN,1.2208201e-11,1.2376635e-11,1.2081857e-11
2024-07-16,CRM,4.162942e-11,4.2138143e-11,4.1473016e-11
2024-07-16,CSCO,0.029631425,0.029354516,0.029254969
2024-07-16,IBM,1.99427e-05,2.0183942e-05,1.9852571e-05
2024-07-16,INTC,0.0052867001,0.0052822479,0.005240074
2024-07-16,MSFT,1.3196335e-06,1.3279936e-06,1.304102e-06
2024-07-16,NKE,4.3703172e-10,4.4045718e-10,4.3458574e-10
2024-07-16,VZ,1.3687375e-06,1.3793055e-06,1.3605378e-06
2024-07-16,WMT,4.2404409e-08,4.271244e-08,4.1965003e-08
2024-07-17,AAPL,6.8918232e-06,7.0630194e-06,6.860632e-06
2024-07-17,AMGN,1.1961596e-11,1.215381e-11,1.19041e-11
2024-07-17,CRM,4.0491548e-11,4.0951211e-11,4.0776209e-11
2024-07-17,CSCO,0.029749145,0.029551162,0.02947555
2024-07-17,IBM,1.9589601e-05,1.9853563e-05,1.9614404e-05
2024-07-17,INTC,0.0052649201,0.0052690179,0.0052498903
2024-07-17,MSFT,1.2986567e-06,1.3072379e-06,1.2905083e-06
2024-07-17,NKE,4.2468828e-10,4.3115059e-10,4.2764028e-10
2024-07-17,VZ,1.3482396e-06,1.3583925e-06,1.34384e-06
2024-07-17,WMT,4.1869961e-08,4.2056605e-08,4.1543371e-08
2024-07-18,AAPL,6.7906466e-06,6.895397e-06,6.7419069e-06
2024-07-18,AMGN,1.1702706e-11,1.188277e-11,1.1596679e-11
2024-07-18,CRM,3.9996614e-11,4.0053434e-11,3.9980434e-11
2024-07-18,CSCO,0.029787314,0.02942283,0.029518236
2024-07-18,IBM,1.9387965e-05,1.9516869e-05,1.9301425e-05
2024-07-18,INTC,0.0052268475,0.0052214108,0.0051984157
2024-07-18,MSFT,1.2818899e-06,1.2885051e-06,1.2734927e-06
2024-07-18,NKE,4.1433478e-10,4.1772731e-10,4.135749e-10
2024-07-18,VZ,1.3274358e-06,1.3328333e-06,1.3202821e-06
2024-07-18,WMT,4.1461161e-08,4.1441628e-08,4.1075088e-08
2024-07-19,AAPL,6.6667641e-06,6.8126132e-06,6.5446789e-06
2024-07-19,AMGN,1.1447803e-11,1.1650006e-11,1.1317606e-11
2024-07-19,CRM,3.8217044e-11,3.9049653e-11,3.7841528e-11
2024-07-19,CSCO,0.02943767,0.029170501,0.028965644
2024-07-19,IBM,1.9073534e-05,1.9165207e-05,1.8937104e-05
2024-07-19,INTC,0.0051586572,0.0051474302,0.005105715
2024-07-19,MSFT,1.2555002e-06,1.2680959e-06,1.2384434e-06
2024-07-19,NKE,3.9991996e-10,4.051707e-10,3.9956755e-10
2024-07-19,VZ,1.3105876e-06,1.3108399e-06,1.2959682e-06
2024-07-19,WMT,4.1228533e-08,4.118284e-08,4.0679444e-08
2024-07-22,AAPL,6.5106018e-06,6.6444398e-06,6.4140473e-06
2024-07-22,AMGN,1.1245541e-11,1.1421232e-11,1.1105473e-11
2024-07-22,CRM,3.6635042e-11,3.7530199e-11,3.6307934e-11
2024-07-22,CSCO,0.029355473,0.029126726,0.028990108
2024-07-22,IBM,1.8985516e-05,1.9056555e-05,1.8831323e-05
2024-07-22,INTC,0.00512453,0.0051028879,0.0050816093
2024-07-22,MSFT,1.236724e-06,1.2436569e-06,1.2221986e-06
2024-07-22,NKE,3.9317875e-10,3.9655193e-10,3.9090709e-10
2024-07-22,VZ,1.2993374e-06,1.2994011e-06,1.2847662e-06
2024-07-22,WMT,4.1127293e-08,4.1025835e-08,4.0482156e-08
2024-07-23,AAPL,6.373518e-06,6.5207486e-06,6.2549106e-06
2024-07-23,AMGN,1.0958983e-11,1.1134221e-11,1.0842358e-11
2024-07-23,CRM,3.510908e-11,3.6212982e-11,3.4835592e-11
2024-07-23,CSCO,0.028915533,0.028682395,0.028478903
2024-07-23,IBM,1.8648443e-05,1.8774184e-05,1.8526947e-05
2024-07-23,INTC,0.0050636295,0.0050565975,0.0049979338
2024-07-23,MSFT,1.2170906e-06,1.2265742e-06,1.2020091e-06
2024-07-23,NKE,3.8048052e-10,3.8567451e-10,3.7880756e-10
2024-07-23,VZ,1.2761688e-06,1.2837092e-06,1.265636e-06
2024-07-23,WMT,4.0821246e-08,4.0897734e-08,4.0274747e-08
2024-07-24,AAPL,6.2453458e-06,6.3726067e-06,6.1793761e-06
2024-07-24,AMGN,1.0721344e-11,1.088126e-11,1.0613532e-11
2024-07-24,CRM,3.4014291e-11,3.4939763e-11,3.3867166e-11
2024-07-24,CSCO,0.028911716,0.028874119,0.028537747
2024-07-24,IBM,1.8382029e-05,1.8611056e-05,1.8318608e-05
2024-07-24,INTC,0.0050385222,0.0050392778,0.0049875778
2024-07-24,MSFT,1.2031865e-06,1.2145537e-06,1.19316e-06
2024-07-24,NKE,3.721079e-10,3.7891887e-10,3.7112671e-10
2024-07-24,VZ,1.262974e-06,1.2684443e-06,1.2532328e-06
2024-07-24,WMT,4.0627989e-08,4.0777277e-08,4.016299e-08
2024-07-25,AAPL,6.0647646e-06,6.2259449e-06,6.0407603e-06
2024-07-25,AMGN,1.0578746e-11,1.0762072e-11,1.0431542e-11
2024-07-25,CRM,3.3215323e-11,3.3986201e-11,3.3119023e-11
2024-07-25,CSCO,0.029133667,0.029086229,0.028865615
2024-07-25,IBM,1.8183717e-05,1.8345538e-05,1.8133866e-05
2024-07-25,INTC,0.0050166734,0.0050348094,0.0050133606
2024-07-25,MSFT,1.1898745e-06,1.2012584e-06,1.1818049e-06
2024-07-25,NKE,3.6168302e-10,3.6675557e-10,3.6217855e-10
2024-07-25,VZ,1.2556218e-06,1.2569276e-06,1.2514021e-06
2024-07-25,WMT,4.0726757e-08,4.0601665e-08,4.0281951e-08
2024-07-26,AAPL,5.9132785e-06,6.0473468e-06,5.7184639e-06
2024-07-26,AMGN,9.9504441e-12,1.0295932e-11,9.9284474e-12
2024-07-26,CRM,3.151447e-11,3.2378827e-11,3.0946751e-11
2024-07-26,CSCO,0.028589292,0.028497658,0.027920976
2024-07-26,IBM,1.7913296e-05,1.8027489e-05,1.7741071e-05
2024-07-26,INTC,0.0049563176,0.004942793,0.004869575
2024-07-26,MSFT,1.1724666e-06,1.1821022e-06,1.1504065e-06
2024-07-26,NKE,3.5424121e-10,3.5762754e-10,3.4876199e-10
2024-07-26,VZ,1.2340726e-06,1.2339159e-06,1.2158468e-06
2024-07-26,WMT,3.986665e-08,4.0245897e-08,3.9529642e-08
2024-07-29,AAPL,5.9169682e-06,6.0016732e-06,5.816119e-06
2024-07-29,AMGN,9.6724309e-12,9.9455074e-12,9.6181669e-12
2024-07-29,CRM,3.1917044e-11,3.2255524e-11,3.1515306e-11
2024-07-29,CSCO,0.028956431,0.028827626,0.028509479
2024-07-29,IBM,1.7930543e-05,1.8077065e-05,1.7864718e-05
2024-07-29,INTC,0.004973358,0.0049944772,0.0049158919
2024-07-29,MSFT,1.1724466e-06,1.1786847e-06,1.1582382e-06
2024-07-29,NKE,3.5422971e-10,3.5692134e-10,3.5242924e-10
2024-07-29,VZ,1.2158303e-06,1.2241223e-06,1.2102822e-06
2024-07-29,WMT,3.8714296e-08,3.9381737e-08,3.8723027e-08
2024-07-30,AAPL,5.8955973e-06,5.9393571e-06,5.8363104e-06
2024-07-30,AMGN,9.5879758e-12,9.7011692e-12,9.4915795e-12
2024-07-30,CRM,3.2737751e-11,3.2667675e-11,3.2166204e-11
2024-07-30,CSCO,0.028937492,0.02883958,0.028688787
2024-07-30,IBM,1.7847102e-05,1.7962546e-05,1.7730145e-05
2024-07-30,INTC,0.0049550458,0.0049646574,0.0049214472
2024-07-30,MSFT,1.1763127e-06,1.1773048e-06,1.1627077e-06
2024-07-30,NKE,3.5103694e-10,3.5346895e-10,3.5098903e-10
2024-07-30,VZ,1.2004147e-06,1.2059479e-06,1.1984862e-06
2024-07-30,WMT,3.7729221e-08,3.8167111e-08,3.7769525e-08
2024-07-31,AAPL,5.8509231e-06,5.9337207e-06,5.7859531e-06
2024-07-31,AMGN,9.3725711e-12,9.5479522e-12,9.3133929e-12
2024-07-31,CRM,3.1838001e-11,3.239927e-11,3.1791927e-11
2024-07-31,CSCO,0.028357192,0.028433089,0.028026346
2024-07-31,IBM,1.7467391e-05,1.7601508e-05,1.7418616e-05
2024-07-31,INTC,0.0047955287,0.0048387694,0.0047940481
2024-07-31,MSFT,1.1522699e-06,1.1631154e-06,1.1409435e-06
2024-07-31,NKE,3.4228703e-10,3.4638826e-10,3.4107108e-10
2024-07-31,VZ,1.1864588e-06,1.1898079e-06,1.1777515e-06
2024-07-31,WMT,3.780291e-08,3.7971528e-08,3.7393357e-08
2024-08-01,AAPL,5.7045932e-06,5.8425374e-06,5.6693426e-06
2024-08-01,AMGN,9.227245e-12,9.4370264e-12,9.1223768e-12
2024-08-01,CRM,3.0100753e-11,3.141969e-11,2.9756581e-11
2024-08-01,CSCO,0.027871502,0.028223097,0.027637266
2024-08-01,IBM,1.708093e-05,1.7317574e-05,1.6989899e-05
2024-08-01,INTC,0.0047083931,0.0047686313,0.0046858685
2024-08-01,MSFT,1.1271137e-06,1.1505629e-06,1.1238286e-06
2024-08-01,NKE,3.3317513e-10,3.4056351e-10,3.3194381e-10
2024-08-01,VZ,1.1829292e-06,1.1922568e-06,1.1752179e-06
2024-08-01,WMT,3.7603284e-08,3.8014645e-08,3.7279914e-08
2024-08-02,AAPL,5.641801e-06,5.7435659e-06,5.336316e-06
2024-08-02,AMGN,9.1812144e-12,9.3115896e-12,8.9803998e-12
2024-08-02,CRM,2.8373046e-11,2.954713e-11,2.7324063e-11
2024-08-02,CSCO,0.026859435,0.027340184,0.025979404
2024-08-02,IBM,1.6750458e-05,1.6969177e-05,1.64291e-05
2024-08-02,INTC,0.0046224311,0.0046966744,0.0044980037
2024-08-02,MSFT,1.1056023e-06,1.1285167e-06,1.074593e-06
2024-08-02,NKE,3.2453536e-10,3.3115593e-10,3.1534846e-10
2024-08-02,VZ,1.1555532e-06,1.1691775e-06,1.1245678e-06
2024-08-02,WMT,3.6416052e-08,3.7276651e-08,3.5921409e-08
2024-08-05,AAPL,5.4545232e-06,5.6691888e-06,5.4078855e-06
2024-08-05,AMGN,8.9549082e-12,9.2584787e-12,8.9066653e-12
2024-08-05,CRM,2.7469639e-11,2.887304e-11,2.6952649e-11
2024-08-05,CSCO,0.026019465,0.026868163,0.025735986
2024-08-05,IBM,1.6259243e-05,1.6744513e-05,1.6194495e-05
2024-08-05,INTC,0.0044338918,0.0046112208,0.0044165346
2024-08-05,MSFT,1.0662814e-06,1.1013254e-06,1.0603296e-06
2024-08-05,NKE,3.1532296e-10,3.2524687e-10,3.1237089e-10
2024-08-05,VZ,1.1275045e-06,1.1590446e-06,1.1213889e-06
2024-08-05,WMT,3.5830765e-08,3.6691004e-08,3.5626857e-08
2024-08-06,AAPL,5.4348754e-06,5.5183337e-06,5.4331915e-06
2024-08-06,AMGN,8.8569646e-12,8.8991578e-12,8.8201456e-12
2024-08-06,CRM,2.7570527e-11,2.7930712e-11,2.7656174e-11
2024-08-06,CSCO,0.026268946,0.026236998,0.026126787
2024-08-06,IBM,1.6204535e-05,1.632336e-05,1.6202149e-05
2024-08-06,INTC,0.0044409588,0.0044711708,0.0044425237
2024-08-06,MSFT,1.0566626e-06,1.0606885e-06,1.0592154e-06
2024-08-06,NKE,3.1301532e-10,3.1754439e-10,3.1363993e-10
2024-08-06,VZ,1.1293166e-06,1.1328722e-06,1.1280627e-06
2024-08-06,WMT,3.6160378e-08,3.6090707e-08,3.5804566e-08
2024-08-07,AAPL,5.3179962e-06,5.402792e-06,5.2754302e-06
2024-08-07,AMGN,8.4632948e-12,8.6149431e-12,8.483825e-12
2024-08-07,CRM,2.6501372e-11,2.6885734e-11,2.6660931e-11
2024-08-07,CSCO,0.02614958,0.025921921,0.02582231
2024-08-07,IBM,1.5930319e-05,1.6041235e-05,1.5802441e-05
2024-08-07,INTC,0.0043954197,0.0043742784,0.004366281
2024-08-07,MSFT,1.0291577e-06,1.0393749e-06,1.0228508e-06
2024-08-07,NKE,3.0613899e-10,3.0898149e-10,3.0618859e-10
2024-08-07,VZ,1.1072667e-06,1.1093622e-06,1.1015651e-06
2024-08-07,WMT,3.5508624e-08,3.5590409e-08,3.5209606e-08
2024-08-08,AAPL,5.2178628e-06,5.3423174e-06,5.1641183e-06
2024-08-08,AMGN,8.2525906e-12,8.3700999e-12,8.2103981e-12
2024-08-08,CRM,2.614191e-11,2.63697e-11,2.6068788e-11
2024-08-08,CSCO,0.026150829,0.025926112,0.025813298
2024-08-08,IBM,1.5880719e-05,1.592544e-05,1.5781664e-05
2024-08-08,INTC,0.0043853412,0.0043641053,0.0043320452
2024-08-08,MSFT,1.004746e-06,1.0071044e-06,9.9620644e-07
2024-08-08,NKE,2.9815538e-10,3.0067733e-10,2.9731604e-10
2024-08-08,VZ,1.0988994e-06,1.1004464e-06,1.0907654e-06
2024-08-08,WMT,3.4919259e-08,3.4936726e-08,3.4585742e-08
2024-08-09,AAPL,5.139016e-06,5.205789e-06,5.095533e-06
2024-08-09,AMGN,8.1042172e-12,8.1995083e-12,8.0659998e-12
2024-08-09,CRM,2.6093889e-11,2.6250339e-11,2.5926492e-11
2024-08-09,CSCO,0.02597023,0.025757609,0.025711491
2024-08-09,IBM,1.5786976e-05,1.5819722e-05,1.5719799e-05
2024-08-09,INTC,0.0043936885,0.0043921366,0.0043609807
2024-08-09,MSFT,9.8544958e-07,9.9436568e-07,9.7760033e-07
2024-08-09,NKE,2.9342598e-10,2.9725556e-10,2.9394154e-10
2024-08-09,VZ,1.0853844e-06,1.0888296e-06,1.0837803e-06
2024-08-09,WMT,3.4774828e-08,3.4754111e-08,3.4271285e-08
2024-08-12,AAPL,4.9887394e-06,5.0970148e-06,4.950706e-06
2024-08-12,AMGN,7.9006752e-12,8.0068067e-12,7.83965e-12
2024-08-12,CRM,2.5797658e-11,2.5975806e-11,2.5713521e-11
2024-08-12,CSCO,0.025845533,0.025615962,0.025540321
2024-08-12,IBM,1.5583645e-05,1.5726086e-05,1.5554332e-05
2024-08-12,INTC,0.0043542404,0.0043586831,0.0043329026
2024-08-12,MSFT,9.6965179e-07,9.793179e-07,9.6282761e-07
2024-08-12,NKE,2.8714097e-10,2.9126006e-10,2.8625389e-10
2024-08-12,VZ,1.0680171e-06,1.0722905e-06,1.0641998e-06
2024-08-12,WMT,3.4216505e-08,3.4345644e-08,3.3985183e-08
2024-08-13,AAPL,4.8927431e-06,4.9878012e-06,4.7982056e-06
2024-08-13,AMGN,7.6828919e-12,7.8005173e-12,7.6239436e-12
2024-08-13,CRM,2.481003e-11,2.5098439e-11,2.4693689e-11
2024-08-13,CSCO,0.025470399,0.02524379,0.025045263
2024-08-13,IBM,1.5312751e-05,1.5433902e-05,1.5270455e-05
2024-08-13,INTC,0.0043158752,0.0042824151,0.0042636802
2024-08-13,MSFT,9.4270385e-07,9.466161e-07,9.3339325e-07
2024-08-13,NKE,2.7779266e-10,2.8092717e-10,2.7719456e-10
2024-08-13,VZ,1.042284e-06,1.0462282e-06,1.0349903e-06
2024-08-13,WMT,3.3387816e-08,3.3444927e-08,3.3147113e-08
2024-08-14,AAPL,4.7953184e-06,4.9523017e-06,4.78758e-06
2024-08-14,AMGN,7.3757514e-12,7.5372289e-12,7.3811395e-12
2024-08-14,CRM,2.4280188e-11,2.46061e-11,2.4311097e-11
2024-08-14,CSCO,0.025171957,0.025277199,0.02487918
2024-08-14,IBM,1.5127656e-05,1.5279938e-05,1.5081991e-05
2024-08-14,INTC,0.0042729919,0.0042941602,0.0042341779
2024-08-14,MSFT,9.2221598e-07,9.3015341e-07,9.1438129e-07
2024-08-14,NKE,2.6977845e-10,2.7501189e-10,2.7046934e-10
2024-08-14,VZ,1.0274213e-06,1.0345483e-06,1.0230216e-06
2024-08-14,WMT,3.2717441e-08,3.2930647e-08,3.2477794e-08
2024-08-15,AAPL,4.6921039e-06,4.7896135e-06,4.6319298e-06
2024-08-15,AMGN,7.2775267e-12,7.3505335e-12,7.179413e-12
2024-08-15,CRM,2.3477526e-11,2.4057237e-11,2.3324367e-11
2024-08-15,CSCO,0.025157726,0.025014101,0.024744513
2024-08-15,IBM,1.498846e-05,1.5063298e-05,1.491264e-05
2024-08-15,INTC,0.0042236488,0.0042466149,0.0041912029
2024-08-15,MSFT,9.0566649e-07,9.1216991e-07,8.994881e-07
2024-08-15,NKE,2.6348131e-10,2.6775556e-10,2.6206815e-10
2024-08-15,VZ,1.0226373e-06,1.0226385e-06,1.0136153e-06
2024-08-15,WMT,3.2668305e-08,3.2629616e-08,3.2242789e-08
2024-08-16,AAPL,4.5226484e-06,4.6636928e-06,4.4669632e-06
2024-08-16,AMGN,7.1046187e-12,7.2409932e-12,7.0424937e-12
2024-08-16,CRM,2.2712577e-11,2.3486365e-11,2.2634436e-11
2024-08-16,CSCO,0.024866526,0.024892256,0.024609178
2024-08-16,IBM,1.4789659e-05,1.4930304e-05,1.4713638e-05
2024-08-16,INTC,0.0041432953,0.0041625236,0.0041253804
2024-08-16,MSFT,8.9078742e-07,9.0371087e-07,8.8391804e-07
2024-08-16,NKE,2.5488092e-10,2.5896887e-10,2.5409634e-10
2024-08-16,VZ,1.0071113e-06,1.0083606e-06,1.0015083e-06
2024-08-16,WMT,3.2505523e-08,3.2474934e-08,3.2051568e-08
2024-08-19,AAPL,4.4371608e-06,4.5209831e-06,4.2973541e-06
2024-08-19,AMGN,6.8045494e-12,6.9402176e-12,6.7300134e-12
2024-08-19,CRM,2.1767897e-11,2.2356068e-11,2.1306833e-11
2024-08-19,CSCO,0.024348485,0.024267022,0.023831325
2024-08-19,IBM,1.4418193e-05,1.4582409e-05,1.4308246e-05
2024-08-19,INTC,0.0041032142,0.0040965161,0.0040155572
2024-08-19,MSFT,8.6990176e-07,8.7523984e-07,8.5515054e-07
2024-08-19,NKE,2.4526902e-10,2.4849079e-10,2.4198645e-10
2024-08-19,VZ,9.7611443e-07,9.8173285e-07,9.64165e-07
2024-08-19,WMT,3.1499786e-08,3.1833818e-08,3.12674e-08
2024-08-20,AAPL,4.3625409e-06,4.5003832e-06,4.3531916e-06
2024-08-20,AMGN,6.5477163e-12,6.7339458e-12,6.5764358e-12
2024-08-20,CRM,2.1296116e-11,2.1920363e-11,2.1213095e-11
2024-08-20,CSCO,0.02437532,0.024313289,0.024135345
2024-08-20,IBM,1.4389581e-05,1.4536422e-05,1.4337788e-05
2024-08-20,INTC,0.0041000264,0.0041129179,0.0040633104
2024-08-20,MSFT,8.5527088e-07,8.6336416e-07,8.4970024e-07
2024-08-20,NKE,2.379824e-10,2.4304622e-10,2.3859498e-10
2024-08-20,VZ,9.7176578e-07,9.7569554e-07,9.6442663e-07
2024-08-20,WMT,3.1210922e-08,3.1348247e-08,3.0866769e-08
2024-08-21,AAPL,4.2816311e-06,4.3693936e-06,4.2545182e-06
2024-08-21,AMGN,6.397942e-12,6.4956164e-12,6.390087e-12
2024-08-21,CRM,2.1056602e-11,2.1502662e-11,2.0951877e-11
2024-08-21,CSCO,0.024262179,0.024176559,0.023987008
2024-08-21,IBM,1.4241508e-05,1.4316194e-05,1.4173095e-05
2024-08-21,INTC,0.004081433,0.0040923812,0.0040701829
2024-08-21,MSFT,8.4510506e-07,8.5374087e-07,8.374709e-07
2024-08-21,NKE,2.3128294e-10,2.3480088e-10,2.3146731e-10
2024-08-21,VZ,9.6042231e-07,9.6522018e-07,9.5834921e-07
2024-08-21,WMT,3.07264e-08,3.0738751e-08,3.0415512e-08
2024-08-22,AAPL,4.1744217e-06,4.2809384e-06,4.1109858e-06
2024-08-22,AMGN,6.2485893e-12,6.3270672e-12,6.1971688e-12
2024-08-22,CRM,2.0194859e-11,2.0643806e-11,1.995759e-11
2024-08-22,CSCO,0.024082899,0.023836655,0.023649507
2024-08-22,IBM,1.4068866e-05,1.4181203e-05,1.3991237e-05
2024-08-22,INTC,0.0040178652,0.0040032471,0.003968967
2024-08-22,MSFT,8.3145566e-07,8.3578659e-07,8.2198991e-07
2024-08-22,NKE,2.2365931e-10,2.2641782e-10,2.219289e-10
2024-08-22,VZ,9.5349003e-07,9.5471579e-07,9.4271153e-07
2024-08-22,WMT,3.036756e-08,3.0324339e-08,2.9987737e-08
2024-08-23,AAPL,4.0101091e-06,4.1479689e-06,3.9865173e-06
2024-08-23,AMGN,6.1534742e-12,6.2496978e-12,6.122043e-12
2024-08-23,CRM,1.9883851e-11,2.024766e-11,1.9891178e-11
2024-08-23,CSCO,0.023952263,0.024061122,0.023827912
2024-08-23,IBM,1.3845544e-05,1.4040465e-05,1.3845621e-05
2024-08-23,INTC,0.0039531231,0.0039671178,0.0039496526
2024-08-23,MSFT,8.118558e-07,8.2137206e-07,8.0804975e-07
2024-08-23,NKE,2.2059579e-10,2.2410132e-10,2.2060949e-10
2024-08-23,VZ,9.3709936e-07,9.4254002e-07,9.3703591e-07
2024-08-23,WMT,3.0106592e-08,3.0203046e-08,2.9841895e-08
2024-08-26,AAPL,3.8938542e-06,3.9897857e-06,3.8178131e-06
2024-08-26,AMGN,5.917524e-12,6.0167256e-12,5.8753523e-12
2024-08-26,CRM,1.9808862e-11,1.9807069e-11,1.9488194e-11
2024-08-26,CSCO,0.023950149,0.02369486,0.023530211
2024-08-26,IBM,1.3535046e-05,1.3655965e-05,1.3533651e-05
2024-08-26,INTC,0.0038577278,0.0038650877,0.0038402302
2024-08-26,MSFT,7.8990921e-07,7.9496076e-07,7.8408146e-07
2024-08-26,NKE,2.1713516e-10,2.1793949e-10,2.1616079e-10
2024-08-26,VZ,9.1063731e-07,9.1919623e-07,9.0841603e-07
2024-08-26,WMT,2.9320509e-08,2.9586668e-08,2.9230714e-08
2024-08-27,AAPL,3.8678287e-06,3.9555641e-06,3.8219368e-06
2024-08-27,AMGN,5.7634354e-12,5.8833073e-12,5.7502147e-12
2024-08-27,CRM,1.9823753e-11,1.9981654e-11,1.9819097e-11
2024-08-27,CSCO,0.024129762,0.023867436,0.023900767
2024-08-27,IBM,1.3389061e-05,1.3541123e-05,1.3421621e-05
2024-08-27,INTC,0.003831253,0.0038347291,0.0038099481
2024-08-27,MSFT,7.75552e-07,7.8293862e-07,7.7411301e-07
2024-08-27,NKE,2.1172124e-10,2.1493436e-10,2.1312113e-10
2024-08-27,VZ,8.9320795e-07,8.9967025e-07,8.8976491e-07
2024-08-27,WMT,2.8525776e-08,2.8811601e-08,2.8465377e-08
2024-08-28,AAPL,3.8515078e-06,3.8974572e-06,3.8123346e-06
2024-08-28,AMGN,5.5621918e-12,5.6941576e-12,5.5459669e-12
2024-08-28,CRM,1.9557445e-11,1.9640443e-11,1.9441443e-11
2024-08-28,CSCO,0.02382549,0.023665786,0.023607244
2024-08-28,IBM,1.3100262e-05,1.3198051e-05,1.3091587e-05
2024-08-28,INTC,0.0037816699,0.0037914453,0.0037643678
2024-08-28,MSFT,7.5800408e-07,7.6129214e-07,7.5287437e-07
2024-08-28,NKE,2.0482835e-10,2.0876571e-10,2.0465132e-10
2024-08-28,VZ,8.7417769e-07,8.8004545e-07,8.7112793e-07
2024-08-28,WMT,2.78287e-08,2.8070704e-08,2.7714809e-08
2024-08-29,AAPL,3.8259038e-06,3.8795451e-06,3.753452e-06
2024-08-29,AMGN,5.3907934e-12,5.5157205e-12,5.306516e-12
2024-08-29,CRM,1.8201746e-11,1.8926578e-11,1.8218482e-11
2024-08-29,CSCO,0.023438299,0.023129065,0.022924822
2024-08-29,IBM,1.2941789e-05,1.2956078e-05,1.2829833e-05
2024-08-29,INTC,0.0037328635,0.0037277625,0.003679613
2024-08-29,MSFT,7.4254093e-07,7.458653e-07,7.3496575e-07
2024-08-29,NKE,1.9649404e-10,1.9892453e-10,1.9503132e-10
2024-08-29,VZ,8.7170512e-07,8.67608e-07,8.5794746e-07
2024-08-29,WMT,2.7822967e-08,2.7683448e-08,2.7315296e-08
2024-08-30,AAPL,3.7441119e-06,3.8275654e-06,3.7417387e-06
2024-08-30,AMGN,5.2953162e-12,5.4424923e-12,5.2618526e-12
2024-08-30,CRM,1.7116514e-11,1.8175982e-11,1.6883904e-11
2024-08-30,CSCO,0.023232283,0.023465691,0.023066425
2024-08-30,IBM,1.2839336e-05,1.2973478e-05,1.2744143e-05
2024-08-30,INTC,0.0036841884,0.0037500321,0.0036883445
2024-08-30,MSFT,7.3255729e-07,7.4401127e-07,7.2777837e-07
2024-08-30,NKE,1.8999397e-10,1.9522225e-10,1.9084995e-10
2024-08-30,VZ,8.6660742e-07,8.697615e-07,8.582395e-07
2024-08-30,WMT,2.7939857e-08,2.8068295e-08,2.7646948e-08
2024-09-03,AAPL,3.7468195e-06,3.7532808e-06,3.6150342e-06
2024-09-03,AMGN,5.2503508e-12,5.3384186e-12,5.1667121e-12
2024-09-03,CRM,1.6319207e-11,1.696624e-11,1.5613731e-11
2024-09-03,CSCO,0.022877082,0.022884647,0.022321147
2024-09-03,IBM,1.2763497e-05,1.2903941e-05,1.2506623e-05
2024-09-03,INTC,0.0036737576,0.0036795091,0.0036015261
2024-09-03,MSFT,7.2873887e-07,7.3551822e-07,7.0947438e-07
2024-09-03,NKE,1.8521084e-10,1.8775723e-10,1.8219437e-10
2024-09-03,VZ,8.4710759e-07,8.543507e-07,8.3512014e-07
2024-09-03,WMT,2.7574084e-08,2.7862901e-08,2.7103151e-08
2024-09-04,AAPL,3.5637204e-06,3.7108602e-06,3.5456221e-06
2024-09-04,AMGN,5.0632743e-12,5.2532915e-12,5.0642177e-12
2024-09-04,CRM,1.5450628e-11,1.6368046e-11,1.5220938e-11
2024-09-04,CSCO,0.021929089,0.022733422,0.021777783
2024-09-04,IBM,1.23429e-05,1.2746908e-05,1.2317365e-05
2024-09-04,INTC,0.0035312967,0.0036655234,0.0035194687
2024-09-04,MSFT,7.0057934e-07,7.248878e-07,6.9859062e-07
2024-09-04,NKE,1.7810941e-10,1.839184e-10,1.766378e-10
2024-09-04,VZ,8.1830105e-07,8.4316778e-07,8.1521987e-07
2024-09-04,WMT,2.6743004e-08,2.7459915e-08,2.6563364e-08
2024-09-05,AAPL,3.5635098e-06,3.6094595e-06,3.5583763e-06
2024-09-05,AMGN,5.0294609e-12,5.0574651e-12,5.0167676e-12
2024-09-05,CRM,1.5682747e-11,1.5837153e-11,1.5662454e-11
2024-09-05,CSCO,0.022177089,0.022086561,0.022047928
2024-09-05,IBM,1.2414677e-05,1.2470152e-05,1.2401807e-05
2024-09-05,INTC,0.003538008,0.0035444484,0.0035290637
2024-09-05,MSFT,6.9714825e-07,6.9693853e-07,6.9496791e-07
2024-09-05,NKE,1.7657643e-10,1.7769572e-10,1.771944e-10
2024-09-05,VZ,8.1489464e-07,8.1584101e-07,8.1684022e-07
2024-09-05,WMT,2.6676269e-08,2.6656144e-08,2.6558333e-08
2024-09-06,AAPL,3.4592588e-06,3.5329062e-06,3.4700478e-06
2024-09-06,AMGN,4.7483385e-12,4.8464915e-12,4.7895059e-12
2024-09-06,CRM,1.4812994e-11,1.5256384e-11,1.495548e-11
2024-09-06,CSCO,0.021959256,0.021856124,0.021715608
2024-09-06,IBM,1.2152202e-05,1.2260943e-05,1.2108812e-05
2024-09-06,INTC,0.0034817086,0.003473388,0.0034787447
2024-09-06,MSFT,6.6927444e-07,6.765287e-07,6.6735484e-07
2024-09-06,NKE,1.7084044e-10,1.7250759e-10,1.7111343e-10
2024-09-06,VZ,8.0168275e-07,8.0006096e-07,8.0360845e-07
2024-09-06,WMT,2.6310971e-08,2.6226836e-08,2.6049018e-08
2024-09-09,AAPL,3.3906877e-06,3.4599881e-06,3.3642958e-06
2024-09-09,AMGN,4.6078601e-12,4.6984331e-12,4.5593009e-12
2024-09-09,CRM,1.4345339e-11,1.469598e-11,1.4325087e-11
2024-09-09,CSCO,0.022047555,0.021927133,0.021644919
2024-09-09,IBM,1.2226507e-05,1.2232294e-05,1.215047e-05
2024-09-09,INTC,0.0035043471,0.0034793819,0.0034797142
2024-09-09,MSFT,6.5765401e-07,6.5901399e-07,6.5098347e-07
2024-09-09,NKE,1.6528007e-10,1.6671471e-10,1.6523719e-10
2024-09-09,VZ,7.9710705e-07,7.9382939e-07,7.9575079e-07
2024-09-09,WMT,2.631835e-08,2.6116817e-08,2.6016905e-08
2024-09-10,AAPL,3.3667666e-06,3.4009572e-06,3.3451011e-06
2024-09-10,AMGN,4.4048422e-12,4.4997044e-12,4.4001754e-12
2024-09-10,CRM,1.3965242e-11,1.4165083e-11,1.3873356e-11
2024-09-10,CSCO,0.021988423,0.021674339,0.021650183
2024-09-10,IBM,1.2169762e-05,1.2143064e-05,1.2095216e-05
2024-09-10,INTC,0.0035027603,0.003477553,0.0034820929
2024-09-10,MSFT,6.4697911e-07,6.4926983e-07,6.4207529e-07
2024-09-10,NKE,1.6199362e-10,1.6427878e-10,1.6218337e-10
2024-09-10,VZ,7.9055851e-07,7.8992648e-07,7.8670887e-07
2024-09-10,WMT,2.6429071e-08,2.6307086e-08,2.6112146e-08
2024-09-11,AAPL,3.2714262e-06,3.3462611e-06,3.2510833e-06
2024-09-11,AMGN,4.3107063e-12,4.3796521e-12,4.2871325e-12
2024-09-11,CRM,1.3617144e-11,1.3912222e-11,1.3610568e-11
2024-09-11,CSCO,0.021931389,0.021716445,0.021641658
2024-09-11,IBM,1.2114664e-05,1.2180227e-05,1.2068118e-05
2024-09-11,INTC,0.0035009269,0.0034901926,0.0034895357
2024-09-11,MSFT,6.3789335e-07,6.4284191e-07,6.3372647e-07
2024-09-11,NKE,1.5577616e-10,1.584327e-10,1.5664428e-10
2024-09-11,VZ,7.8125734e-07,7.8345165e-07,7.7568803e-07
2024-09-11,WMT,2.6065967e-08,2.6021559e-08,2.5877624e-08
2024-09-12,AAPL,3.1783261e-06,3.2446133e-06,3.1270709e-06
2024-09-12,AMGN,4.2155497e-12,4.2919608e-12,4.1862892e-12
2024-09-12,CRM,1.3365793e-11,1.3609352e-11,1.3245606e-11
2024-09-12,CSCO,0.021687862,0.021540783,0.021465967
2024-09-12,IBM,1.1879099e-05,1.2009428e-05,1.1872595e-05
2024-09-12,INTC,0.003481934,0.0034781292,0.0034593515
2024-09-12,MSFT,6.2501266e-07,6.2959099e-07,6.1860991e-07
2024-09-12,NKE,1.4980989e-10,1.5199861e-10,1.5007292e-10
2024-09-12,VZ,7.6149463e-07,7.6752487e-07,7.5803556e-07
2024-09-12,WMT,2.5351371e-08,2.5524276e-08,2.5298046e-08
2024-09-13,AAPL,3.0338732e-06,3.1561094e-06,3.0041777e-06
2024-09-13,AMGN,4.0946511e-12,4.1671082e-12,4.1032347e-12
2024-09-13,CRM,1.2917559e-11,1.323689e-11,1.2871773e-11
2024-09-13,CSCO,0.021216612,0.021287979,0.020956141
2024-09-13,IBM,1.1682401e-05,1.1847964e-05,1.162995e-05
2024-09-13,INTC,0.003454222,0.0034595343,0.0034078059
2024-09-13,MSFT,6.104691e-07,6.1783611e-07,6.0426664e-07
2024-09-13,NKE,1.4465865e-10,1.4696973e-10,1.4494085e-10
2024-09-13,VZ,7.4511414e-07,7.5048856e-07,7.4191495e-07
2024-09-13,WMT,2.4661352e-08,2.490923e-08,2.4469617e-08
2024-09-16,AAPL,2.9709398e-06,3.0542377e-06,2.9609701e-06
2024-09-16,AMGN,4.0756623e-12,4.1114107e-12,4.0620255e-12
2024-09-16,CRM,1.2775105e-11,1.2922187e-11,1.2780318e-11
2024-09-16,CSCO,0.021173063,0.021124348,0.02096536
2024-09-16,IBM,1.1558339e-05,1.1693923e-05,1.1534764e-05
2024-09-16,INTC,0.003427004,0.0034417286,0.0034277704
2024-09-16,MSFT,6.0001154e-07,6.0680273e-07,5.9851523e-07
2024-09-16,NKE,1.4197492e-10,1.4421729e-10,1.4312138e-10
2024-09-16,VZ,7.3526132e-07,7.4196321e-07,7.3292917e-07
2024-09-16,WMT,2.434941e-08,2.4454731e-08,2.4094194e-08
2024-09-17,AAPL,2.930928e-06,2.9958346e-06,2.9095301e-06
2024-09-17,AMGN,4.0136311e-12,4.0631108e-12,4.0115881e-12
2024-09-17,CRM,1.269858e-11,1.2733333e-11,1.2741971e-11
2024-09-17,CSCO,0.02127941,0.021125105,0.021086801
2024-09-17,IBM,1.140796e-05,1.1496062e-05,1.1384433e-05
2024-09-17,INTC,0.0033914612,0.003379008,0.0033827309
2024-09-17,MSFT,5.9293303e-07,5.9574346e-07,5.8967998e-07
2024-09-17,NKE,1.3955964e-10,1.4089328e-10,1.3997311e-10
2024-09-17,VZ,7.2760241e-07,7.2907416e-07,7.2458353e-07
2024-09-17,WMT,2.3898544e-08,2.3935759e-08,2.3747338e-08
2024-09-18,AAPL,2.8379689e-06,2.922753e-06,2.826459e-06
2024-09-18,AMGN,3.9188162e-12,3.9829586e-12,3.9099913e-12
2024-09-18,CRM,1.219886e-11,1.2394099e-11,1.2204963e-11
2024-09-18,CSCO,0.020982143,0.020931968,0.020721991
2024-09-18,IBM,1.1155009e-05,1.1276439e-05,1.1133248e-05
2024-09-18,INTC,0.0033372134,0.0033266417,0.0033147841
2024-09-18,MSFT,5.7892052e-07,5.8278544e-07,5.7375809e-07
2024-09-18,NKE,1.3531124e-10,1.3713713e-10,1.354356e-10
2024-09-18,VZ,7.2015365e-07,7.1989551e-07,7.1239363e-07
2024-09-18,WMT,2.3443101e-08,2.3502143e-08,2.3219121e-08
2024-09-19,AAPL,2.8048952e-06,2.8762897e-06,2.8018103e-06
2024-09-19,AMGN,3.8286649e-12,3.8879041e-12,3.8321136e-12
2024-09-19,CRM,1.1991125e-11,1.2179409e-11,1.2079942e-11
2024-09-19,CSCO,0.021217602,0.021131896,0.021073552
2024-09-19,IBM,1.1065044e-05,1.116015e-05,1.1068232e-05
2024-09-19,INTC,0.0033286186,0.003312841,0.0033165156
2024-09-19,MSFT,5.6632264e-07,5.6790422e-07,5.6601496e-07
2024-09-19,NKE,1.3224838e-10,1.3403815e-10,1.334933e-10
2024-09-19,VZ,7.2517084e-07,7.2490372e-07,7.1946732e-07
2024-09-19,WMT,2.3200407e-08,2.3232013e-08,2.3018429e-08
2024-09-20,AAPL,2.7476128e-06,2.8094398e-06,2.7480072e-06
2024-09-20,AMGN,3.7764022e-12,3.8036801e-12,3.7740144e-12
2024-09-20,CRM,1.2045981e-11,1.2084545e-11,1.203505e-11
2024-09-20,CSCO,0.021263168,0.021147127,0.021112535
2024-09-20,IBM,1.0932502e-05,1.1023577e-05,1.0922679e-05
2024-09-20,INTC,0.0033036569,0.0033082556,0.0033096762
2024-09-20,MSFT,5.5695162e-07,5.6139456e-07,5.5616177e-07
2024-09-20,NKE,1.2981174e-10,1.3097946e-10,1.3086928e-10
2024-09-20,VZ,7.2023469e-07,7.2114342e-07,7.2037524e-07
2024-09-20,WMT,2.2849386e-08,2.2917406e-08,2.2681155e-08
2024-09-23,AAPL,2.6836623e-06,2.7492946e-06,2.665384e-06
2024-09-23,AMGN,3.642991e-12,3.7071031e-12,3.6635858e-12
2024-09-23,CRM,1.1622861e-11,1.1777033e-11,1.1636607e-11
2024-09-23,CSCO,0.021157703,0.020950138,0.02082937
2024-09-23,IBM,1.0760896e-05,1.0859873e-05,1.071613e-05
2024-09-23,INTC,0.0032650685,0.0032637642,0.0032570467
2024-09-23,MSFT,5.4378945e-07,5.4760478e-07,5.4104238e-07
2024-09-23,NKE,1.2632499e-10,1.2783239e-10,1.2671303e-10
2024-09-23,VZ,7.1893356e-07,7.1753157e-07,7.1578266e-07
2024-09-23,WMT,2.2573968e-08,2.2543455e-08,2.2273258e-08
2024-09-24,AAPL,2.6141353e-06,2.6840646e-06,2.5952671e-06
2024-09-24,AMGN,3.5738033e-12,3.6260542e-12,3.5631253e-12
2024-09-24,CRM,1.1609789e-11,1.1672582e-11,1.156136e-11
2024-09-24,CSCO,0.021435682,0.021322155,0.021195924
2024-09-24,IBM,1.0608118e-05,1.0700867e-05,1.0613649e-05
2024-09-24,INTC,0.0032654173,0.0032641191,0.0032571444
2024-09-24,MSFT,5.3334387e-07,5.3738175e-07,5.3069483e-07
2024-09-24,NKE,1.2368166e-10,1.2527958e-10,1.2423985e-10
2024-09-24,VZ,7.1030976e-07,7.1094813e-07,7.0802326e-07
2024-09-24,WMT,2.2065643e-08,2.2217374e-08,2.195941e-08
2024-09-25,AAPL,2.5452834e-06,2.6191574e-06,2.516213e-06
2024-09-25,AMGN,3.4576112e-12,3.5168385e-12,3.4597063e-12
2024-09-25,CRM,1.1664414e-11,1.1704246e-11,1.161144e-11
2024-09-25,CSCO,0.021440608,0.021298315,0.021158116
2024-09-25,IBM,1.0464729e-05,1.0565789e-05,1.0470741e-05
2024-09-25,INTC,0.0032324751,0.0032370957,0.0032344079
2024-09-25,MSFT,5.2475574e-07,5.278174e-07,5.2072339e-07
2024-09-25,NKE,1.2045531e-10,1.2173702e-10,1.2124033e-10
2024-09-25,VZ,6.9431884e-07,6.982839e-07,6.9615292e-07
2024-09-25,WMT,2.1559877e-08,2.1742157e-08,2.1509976e-08
2024-09-26,AAPL,2.5467695e-06,2.5759037e-06,2.4937572e-06
2024-09-26,AMGN,3.2796938e-12,3.388168e-12,3.302191e-12
2024-09-26,CRM,1.1573729e-11,1.1604576e-11,1.1518224e-11
2024-09-26,CSCO,0.021810538,0.021418364,0.021412721
2024-09-26,IBM,1.0401212e-05,1.0482134e-05,1.0366857e-05
2024-09-26,INTC,0.0032385503,0.0032159914,0.0032066578
2024-09-26,MSFT,5.1918947e-07,5.2079613e-07,5.1491439e-07
2024-09-26,NKE,1.1837022e-10,1.1925367e-10,1.1866011e-10
2024-09-26,VZ,6.8491694e-07,6.8674905e-07,6.8171689e-07
2024-09-26,WMT,2.0941838e-08,2.1109823e-08,2.0819339e-08
2024-09-27,AAPL,2.5214328e-06,2.5675995e-06,2.5014419e-06
2024-09-27,AMGN,3.1902075e-12,3.2500313e-12,3.1789958e-12
2024-09-27,CRM,1.1507253e-11,1.1541054e-11,1.1419515e-11
2024-09-27,CSCO,0.021573767,0.021421555,0.021362864
2024-09-27,IBM,1.0245328e-05,1.0296747e-05,1.022567e-05
2024-09-27,INTC,0.0032371763,0.0032265048,0.0032098767
2024-09-27,MSFT,5.136186e-07,5.1224537e-07,5.0887103e-07
2024-09-27,NKE,1.1485644e-10,1.1631519e-10,1.1547857e-10
2024-09-27,VZ,6.7179368e-07,6.7776875e-07,6.6877271e-07
2024-09-27,WMT,2.0110739e-08,2.0388131e-08,2.0146437e-08
2024-09-30,AAPL,2.5011431e-06,2.5428747e-06,2.4646718e-06
2024-09-30,AMGN,3.1129259e-12,3.1682086e-12,3.0873337e-12
2024-09-30,CRM,1.1088265e-11,1.1395145e-11,1.1057855e-11
2024-09-30,CSCO,0.021357212,0.021244037,0.021097488
2024-09-30,IBM,1.0111877e-05,1.0160601e-05,1.0068443e-05
2024-09-30,INTC,0.0031891568,0.0031907911,0.0031688078
2024-09-30,MSFT,5.0543875e-07,5.0958289e-07,5.0063089e-07
2024-09-30,NKE,1.1106076e-10,1.1248632e-10,1.1172181e-10
2024-09-30,VZ,6.6762443e-07,6.693849e-07,6.6303652e-07
2024-09-30,WMT,1.9921077e-08,1.9914802e-08,1.9711429e-08
2024-10-01,AAPL,2.4376231e-06,2.5007546e-06,2.4282015e-06
2024-10-01,AMGN,3.0672903e-12,3.143006e-12,3.0525853e-12
2024-10-01,CRM,1.0535588e-11,1.1062266e-11,1.042105e-11
2024-10-01,CSCO,0.020908004,0.021213967,0.020780368
2024-10-01,IBM,9.8562931e-06,1.0026397e-05,9.8009859e-06
2024-10-01,INTC,0.0031032293,0.0031473128,0.0031231986
2024-10-01,MSFT,4.9695008e-07,5.0570946e-07,4.9508869e-07
2024-10-01,NKE,1.0792172e-10,1.107109e-10,1.0872896e-10
2024-10-01,VZ,6.6447633e-07,6.6916361e-07,6.6082483e-07
2024-10-01,WMT,1.9735422e-08,1.9896795e-08,1.9643052e-08
2024-10-02,AAPL,2.423442e-06,2.4398083e-06,2.3236118e-06
2024-10-02,AMGN,3.0689521e-12,3.1044397e-12,2.9976605e-12
2024-10-02,CRM,9.7285242e-12,1.0181527e-11,9.4134202e-12
2024-10-02,CSCO,0.020146045,0.020331842,0.01968146
2024-10-02,IBM,9.6615454e-06,9.8029613e-06,9.4758338e-06
2024-10-02,INTC,0.0030304151,0.0030443273,0.00298046
2024-10-02,MSFT,4.8539657e-07,4.8979063e-07,4.7466654e-07
2024-10-02,NKE,1.052104e-10,1.0645082e-10,1.0357457e-10
2024-10-02,VZ,6.4968449e-07,6.5402439e-07,6.3631624e-07
2024-10-02,WMT,1.9499807e-08,1.9656087e-08,1.9152808e-08
2024-10-03,AAPL,2.3070942e-06,2.4080941e-06,2.2943803e-06
2024-10-03,AMGN,2.9590652e-12,3.0787692e-12,2.9616745e-12
2024-10-03,CRM,9.1021881e-12,9.7174159e-12,8.9929557e-12
2024-10-03,CSCO,0.019349048,0.02005165,0.019180495
2024-10-03,IBM,9.3355243e-06,9.6229114e-06,9.2924363e-06
2024-10-03,INTC,0.0029009177,0.0030031285,0.0028947905
2024-10-03,MSFT,4.6648976e-07,4.8107068e-07,4.653665e-07
2024-10-03,NKE,1.014384e-10,1.0407411e-10,1.010189e-10
2024-10-03,VZ,6.3428961e-07,6.4918171e-07,6.2962571e-07
2024-10-03,WMT,1.9109521e-08,1.9505611e-08,1.9005992e-08
2024-10-04,AAPL,2.3060999e-06,2.329529e-06,2.2878927e-06
2024-10-04,AMGN,2.9519736e-12,2.9494517e-12,2.9390141e-12
2024-10-04,CRM,9.2303386e-12,9.3043685e-12,9.2011773e-12
2024-10-04,CSCO,0.019567991,0.019472223,0.019410624
2024-10-04,IBM,9.3839039e-06,9.4096642e-06,9.3548498e-06
2024-10-04,INTC,0.0029275676,0.0029286697,0.0029024759
2024-10-04,MSFT,4.6596072e-07,4.653551e-07,4.6383589e-07
2024-10-04,NKE,1.0150632e-10,1.0205853e-10,1.0155156e-10
2024-10-04,VZ,6.3661677e-07,6.3585429e-07,6.3300972e-07
2024-10-04,WMT,1.9181605e-08,1.9170191e-08,1.9045295e-08
2024-10-07,AAPL,2.2441835e-06,2.2960399e-06,2.2597945e-06
2024-10-07,AMGN,2.8483118e-12,2.872227e-12,2.86796e-12
2024-10-07,CRM,9.1272742e-12,9.1545387e-12,9.2129074e-12
2024-10-07,CSCO,0.019450593,0.019390725,0.019348215
2024-10-07,IBM,9.1594483e-06,9.2811844e-06,9.1781503e-06
2024-10-07,INTC,0.0028668336,0.0028734052,0.0028860285
2024-10-07,MSFT,4.520822e-07,4.5660679e-07,4.5191659e-07
2024-10-07,NKE,9.8522639e-11,1.0005995e-10,9.9450151e-11
2024-10-07,VZ,6.2666919e-07,6.2851448e-07,6.2826235e-07
2024-10-07,WMT,1.8737802e-08,1.8779508e-08,1.8734617e-08
2024-10-08,AAPL,2.2057105e-06,2.2514002e-06,2.1996939e-06
2024-10-08,AMGN,2.7510068e-12,2.7799181e-12,2.7544646e-12
2024-10-08,CRM,8.8264352e-12,9.0296473e-12,8.9369975e-12
2024-10-08,CSCO,0.019376305,0.019275745,0.019188597
2024-10-08,IBM,9.059163e-06,9.1093433e-06,9.049186e-06
2024-10-08,INTC,0.0028211067,0.0028086571,0.0028154172
2024-10-08,MSFT,4.392995e-07,4.409655e-07,4.380963e-07
2024-10-08,NKE,9.4523931e-11,9.5716978e-11,9.5506693e-11
2024-10-08,VZ,6.2814716e-07,6.2453176e-07,6.2567077e-07
2024-10-08,WMT,1.8520665e-08,1.8412378e-08,1.8401293e-08
2024-10-09,AAPL,2.1637085e-06,2.1935961e-06,2.1621008e-06
2024-10-09,AMGN,2.649996e-12,2.6830657e-12,2.6604454e-12
2024-10-09,CRM,8.4701856e-12,8.5915878e-12,8.4816268e-12
2024-10-09,CSCO,0.019246228,0.019100326,0.019090222
2024-10-09,IBM,8.9705615e-06,9.0025325e-06,8.930369e-06
2024-10-09,INTC,0.0028049139,0.0027829743,0.0027936188
2024-10-09,MSFT,4.3106076e-07,4.3195283e-07,4.2806044e-07
2024-10-09,NKE,9.1964487e-11,9.3282714e-11,9.2347042e-11
2024-10-09,VZ,6.2395586e-07,6.2226358e-07,6.2120743e-07
2024-10-09,WMT,1.8306567e-08,1.8292432e-08,1.8141448e-08
2024-10-10,AAPL,2.0959346e-06,2.1397876e-06,2.0781141e-06
2024-10-10,AMGN,2.5775973e-12,2.6094969e-12,2.5761058e-12
2024-10-10,CRM,8.1669491e-12,8.36916e-12,8.1872025e-12
2024-10-10,CSCO,0.019118513,0.018913284,0.018812688
2024-10-10,IBM,8.8467428e-06,8.9004459e-06,8.8036228e-06
2024-10-10,INTC,0.0027556688,0.0027480274,0.0027500762
2024-10-10,MSFT,4.2044925e-07,4.2344942e-07,4.1774921e-07
2024-10-10,NKE,8.8376124e-11,8.9368798e-11,8.8665432e-11
2024-10-10,VZ,6.2188503e-07,6.2077668e-07,6.1829347e-07
2024-10-10,WMT,1.8097777e-08,1.8035226e-08,1.7894357e-08
2024-10-11,AAPL,2.0374058e-06,2.0909962e-06,2.0228395e-06
2024-10-11,AMGN,2.4984932e-12,2.5433466e-12,2.4972747e-12
2024-10-11,CRM,7.9178682e-12,8.0895323e-12,7.8904456e-12
2024-10-11,CSCO,0.019154034,0.019074056,0.018911195
2024-10-11,IBM,8.7671712e-06,8.821452e-06,8.7445034e-06
2024-10-11,INTC,0.0027482574,0.0027271431,0.0027335965
2024-10-11,MSFT,4.1219592e-07,4.1440023e-07,4.1021381e-07
2024-10-11,NKE,8.5040913e-11,8.6665869e-11,8.574694e-11
2024-10-11,VZ,6.1829891e-07,6.1883358e-07,6.1377481e-07
2024-10-11,WMT,1.7778937e-08,1.7789527e-08,1.7649715e-08
2024-10-14,AAPL,2.0007826e-06,2.0440992e-06,1.9976507e-06
2024-10-14,AMGN,2.4384471e-12,2.4674177e-12,2.438498e-12
2024-10-14,CRM,8.0147933e-12,8.0437842e-12,7.9482538e-12
2024-10-14,CSCO,0.019173296,0.018988836,0.019031904
2024-10-14,IBM,8.6145885e-06,8.7218112e-06,8.6318904e-06
2024-10-14,INTC,0.0027457975,0.0027302556,0.0027342886
2024-10-14,MSFT,4.0632202e-07,4.0667518e-07,4.0434955e-07
2024-10-14,NKE,8.1654464e-11,8.2979297e-11,8.2448737e-11
2024-10-14,VZ,6.0737587e-07,6.0945635e-07,6.0657989e-07
2024-10-14,WMT,1.7148036e-08,1.7303902e-08,1.7148673e-08
2024-10-15,AAPL,1.9438984e-06,1.9970762e-06,1.9470015e-06
2024-10-15,AMGN,2.3554047e-12,2.4024167e-12,2.3626302e-12
2024-10-15,CRM,7.7026956e-12,7.8587585e-12,7.7690885e-12
2024-10-15,CSCO,0.019101908,0.019012629,0.018895199
2024-10-15,IBM,8.4718002e-06,8.5860138e-06,8.4633013e-06
2024-10-15,INTC,0.0027129438,0.0027060258,0.0027012377
2024-10-15,MSFT,3.9653877e-07,3.9841591e-07,3.9544142e-07
2024-10-15,NKE,7.8577862e-11,8.0050519e-11,7.9294529e-11
2024-10-15,VZ,5.9917987e-07,6.0384818e-07,5.9733293e-07
2024-10-15,WMT,1.6829838e-08,1.6834798e-08,1.6685117e-08
2024-10-16,AAPL,1.908188e-06,1.9455606e-06,1.8971874e-06
2024-10-16,AMGN,2.3201705e-12,2.3404835e-12,2.3143521e-12
2024-10-16,CRM,7.5224686e-12,7.6073942e-12,7.5401785e-12
2024-10-16,CSCO,0.019080623,0.018938082,0.018864933
2024-10-16,IBM,8.3609077e-06,8.4291975e-06,8.3443715e-06
2024-10-16,INTC,0.0026865533,0.0026810871,0.0026783466
2024-10-16,MSFT,3.8874226e-07,3.899489e-07,3.8694638e-07
2024-10-16,NKE,7.6489133e-11,7.7323149e-11,7.6698387e-11
2024-10-16,VZ,5.9089948e-07,5.9309089e-07,5.9054665e-07
2024-10-16,WMT,1.6447032e-08,1.6487427e-08,1.633642e-08
2024-10-17,AAPL,1.8581706e-06,1.9142736e-06,1.8338263e-06
2024-10-17,AMGN,2.2810388e-12,2.3057792e-12,2.2616701e-12
2024-10-17,CRM,7.281535e-12,7.4288487e-12,7.2507279e-12
2024-10-17,CSCO,0.018929294,0.018861909,0.018666044
2024-10-17,IBM,8.2738773e-06,8.3544983e-06,8.2567379e-06
2024-10-17,INTC,0.0026479257,0.0026367395,0.0026341859
2024-10-17,MSFT,3.8270219e-07,3.8513424e-07,3.7863281e-07
2024-10-17,NKE,7.4017413e-11,7.4921678e-11,7.4177693e-11
2024-10-17,VZ,5.8167179e-07,5.8370549e-07,5.777824e-07
2024-10-17,WMT,1.6173464e-08,1.615717e-08,1.6007257e-08
2024-10-18,AAPL,1.8176483e-06,1.8560413e-06,1.7975e-06
2024-10-18,AMGN,2.1779197e-12,2.2276504e-12,2.1887153e-12
2024-10-18,CRM,7.1076364e-12,7.2065192e-12,7.076239e-12
2024-10-18,CSCO,0.018936769,0.018842559,0.018666159
2024-10-18,IBM,8.143274e-06,8.1951472e-06,8.1221407e-06
2024-10-18,INTC,0.0026421795,0.0026278128,0.0026127379
2024-10-18,MSFT,3.7471284e-07,3.7555016e-07,3.6965554e-07
2024-10-18,NKE,7.2156222e-11,7.3197285e-11,7.2188616e-11
2024-10-18,VZ,5.7327124e-07,5.7558958e-07,5.7043199e-07
2024-10-18,WMT,1.5894255e-08,1.5944886e-08,1.5767042e-08
2024-10-21,AAPL,1.7546928e-06,1.8068809e-06,1.7506913e-06
2024-10-21,AMGN,2.1481411e-12,2.1670945e-12,2.1329336e-12
2024-10-21,CRM,6.952185e-12,7.0990737e-12,6.9731561e-12
2024-10-21,CSCO,0.018793648,0.0187537,0.018643242
2024-10-21,IBM,8.0502744e-06,8.1275891e-06,8.0403908e-06
2024-10-21,INTC,0.0026172412,0.0026236637,0.0026235117
2024-10-21,MSFT,3.658309e-07,3.7022073e-07,3.6510228e-07
2024-10-21,NKE,6.983983e-11,7.1147217e-11,7.0534414e-11
2024-10-21,VZ,5.6786261e-07,5.6942216e-07,5.6603791e-07
2024-10-21,WMT,1.5661902e-08,1.5652429e-08,1.5551063e-08
2024-10-22,AAPL,1.7255622e-06,1.7639498e-06,1.6960091e-06
2024-10-22,AMGN,2.0803271e-12,2.1148097e-12,2.0734041e-12
2024-10-22,CRM,6.616206e-12,6.7757808e-12,6.6242532e-12
2024-10-22,CSCO,0.018660944,0.018604986,0.01843216
2024-10-22,IBM,7.9274623e-06,8.0085825e-06,7.8908009e-06
2024-10-22,INTC,0.002603147,0.0025929181,0.0025770491
2024-10-22,MSFT,3.6117531e-07,3.62571e-07,3.5704821e-07
2024-10-22,NKE,6.668715e-11,6.7980372e-11,6.6968046e-11
2024-10-22,VZ,5.5564739e-07,5.5877589e-07,5.5370217e-07
2024-10-22,WMT,1.5297927e-08,1.5336397e-08,1.5151948e-08
2024-10-23,AAPL,1.6718632e-06,1.726062e-06,1.6562817e-06
2024-10-23,AMGN,2.0185693e-12,2.0627581e-12,2.0248859e-12
2024-10-23,CRM,6.3637271e-12,6.5210291e-12,6.3792006e-12
2024-10-23,CSCO,0.018710019,0.018707858,0.018456095
2024-10-23,IBM,7.8938755e-06,7.9568206e-06,7.859667e-06
2024-10-23,INTC,0.0025808553,0.0025768954,0.0025710512
2024-10-23,MSFT,3.5759849e-07,3.5938614e-07,3.5439971e-07
2024-10-23,NKE,6.4361684e-11,6.5661469e-11,6.4899128e-11
2024-10-23,VZ,5.5265824e-07,5.5380109e-07,5.4923244e-07
2024-10-23,WMT,1.5060898e-08,1.5057266e-08,1.4871922e-08
2024-10-24,AAPL,1.6183776e-06,1.668691e-06,1.6074415e-06
2024-10-24,AMGN,1.9490005e-12,1.9972902e-12,1.9607161e-12
2024-10-24,CRM,6.2131936e-12,6.355506e-12,6.2296106e-12
2024-10-24,CSCO,0.01862248,0.018597064,0.018412343
2024-10-24,IBM,7.8043647e-06,7.8726778e-06,7.7910477e-06
2024-10-24,INTC,0.0025484727,0.0025491706,0.0025367668
2024-10-24,MSFT,3.4996095e-07,3.5317491e-07,3.4796753e-07
2024-10-24,NKE,6.261632e-11,6.3662045e-11,6.3115184e-11
2024-10-24,VZ,5.4803021e-07,5.5017187e-07,5.4476037e-07
2024-10-24,WMT,1.4856474e-08,1.4895516e-08,1.4755102e-08
2024-10-25,AAPL,1.593074e-06,1.6246348e-06,1.5770624e-06
2024-10-25,AMGN,1.9006446e-12,1.9225358e-12,1.9004679e-12
2024-10-25,CRM,6.2663931e-12,6.2654011e-12,6.2490598e-12
2024-10-25,CSCO,0.018878544,0.018666183,0.01860386
2024-10-25,IBM,7.7312482e-06,7.7900625e-06,7.6948053e-06
2024-10-25,INTC,0.0025670281,0.0025448358,0.0025417468
2024-10-25,MSFT,3.4678418e-07,3.4649874e-07,3.4415738e-07
2024-10-25,NKE,6.1589481e-11,6.213998e-11,6.1526872e-11
2024-10-25,VZ,5.4226564e-07,5.4395787e-07,5.3980481e-07
2024-10-25,WMT,1.4538284e-08,1.4618845e-08,1.4452803e-08
2024-10-28,AAPL,1.5531105e-06,1.5909571e-06,1.5399784e-06
2024-10-28,AMGN,1.8780356e-12,1.892322e-12,1.8651751e-12
2024-10-28,CRM,6.3552239e-12,6.3064798e-12,6.3298511e-12
2024-10-28,CSCO,0.018977301,0.018841746,0.018813448
2024-10-28,IBM,7.6082955e-06,7.6804783e-06,7.610045e-06
2024-10-28,INTC,0.0025465777,0.0025417033,0.002545386
2024-10-28,MSFT,3.4273223e-07,3.4474762e-07,3.4140972e-07
2024-10-28,NKE,6.0446062e-11,6.138561e-11,6.0808755e-11
2024-10-28,VZ,5.3593065e-07,5.3820251e-07,5.3415649e-07
2024-10-28,WMT,1.4196793e-08,1.4275793e-08,1.416302e-08
2024-10-29,AAPL,1.551479e-06,1.5772638e-06,1.5218583e-06
2024-10-29,AMGN,1.8160932e-12,1.8480806e-12,1.8089754e-12
2024-10-29,CRM,6.1766241e-12,6.2678987e-12,6.14972e-12
2024-10-29,CSCO,0.01881639,0.018696078,0.018506282
2024-10-29,IBM,7.4756241e-06,7.5067177e-06,7.457173e-06
2024-10-29,INTC,0.0025172141,0.0025086242,0.0024990504
2024-10-29,MSFT,3.3644313e-07,3.3762019e-07,3.3339887e-07
2024-10-29,NKE,5.8957491e-11,5.9555633e-11,5.8949335e-11
2024-10-29,VZ,5.2877232e-07,5.281509e-07,5.2571398e-07
2024-10-29,WMT,1.394168e-08,1.4025897e-08,1.3822289e-08
2024-10-30,AAPL,1.4949969e-06,1.5359496e-06,1.4908625e-06
2024-10-30,AMGN,1.787153e-12,1.8213621e-12,1.7770782e-12
2024-10-30,CRM,5.8148429e-12,6.1003922e-12,5.8245156e-12
2024-10-30,CSCO,0.01851944,0.018688008,0.018318182
2024-10-30,IBM,7.3062694e-06,7.3913707e-06,7.2717131e-06
2024-10-30,INTC,0.0024718978,0.0024977194,0.0024675374
2024-10-30,MSFT,3.3075925e-07,3.3548027e-07,3.2952911e-07
2024-10-30,NKE,5.709671e-11,5.8543538e-11,5.7447426e-11
2024-10-30,VZ,5.2589478e-07,5.2835473e-07,5.2283424e-07
2024-10-30,WMT,1.3775732e-08,1.3907706e-08,1.3720215e-08
2024-10-31,AAPL,1.4773908e-06,1.5011542e-06,1.4219579e-06
2024-10-31,AMGN,1.7717645e-12,1.8025775e-12,1.7417263e-12
2024-10-31,CRM,5.5235055e-12,5.7588728e-12,5.3618203e-12
2024-10-31,CSCO,0.017962741,0.018160141,0.01755366
2024-10-31,IBM,7.2163154e-06,7.3104941e-06,7.0950229e-06
2024-10-31,INTC,0.0024280364,0.0024536024,0.0023907067
2024-10-31,MSFT,3.2410267e-07,3.2855192e-07,3.1631878e-07
2024-10-31,NKE,5.5434686e-11,5.6541363e-11,5.4714863e-11
2024-10-31,VZ,5.16482e-07,5.2128565e-07,5.0611007e-07
2024-10-31,WMT,1.3546932e-08,1.3739244e-08,1.3313743e-08
2024-11-01,AAPL,1.4048482e-06,1.4659955e-06,1.3982402e-06
2024-11-01,AMGN,1.703207e-12,1.7710587e-12,1.7011132e-12
2024-11-01,CRM,5.2256809e-12,5.5151874e-12,5.1515505e-12
2024-11-01,CSCO,0.017220491,0.01787285,0.017074389
2024-11-01,IBM,6.9419946e-06,7.1616016e-06,6.9252107e-06
2024-11-01,INTC,0.0023182653,0.0024106203,0.0023213973
2024-11-01,MSFT,3.1026652e-07,3.2111478e-07,3.1009044e-07
2024-11-01,NKE,5.3277266e-11,5.4985908e-11,5.306918e-11
2024-11-01,VZ,4.972153e-07,5.112618e-07,4.9559001e-07
2024-11-01,WMT,1.3157262e-08,1.3532648e-08,1.3110009e-08
2024-11-04,AAPL,1.4095318e-06,1.4215394e-06,1.4055866e-06
2024-11-04,AMGN,1.680214e-12,1.6864825e-12,1.6788861e-12
2024-11-04,CRM,5.2362067e-12,5.2990672e-12,5.263206e-12
2024-11-04,CSCO,0.017413613,0.017303303,0.017323155
2024-11-04,IBM,6.9041104e-06,6.9478514e-06,6.9208937e-06
2024-11-04,INTC,0.002332578,0.0023284118,0.0023281982
2024-11-04,MSFT,3.0906045e-07,3.0808161e-07,3.0917481e-07
2024-11-04,NKE,5.2914717e-11,5.3386569e-11,5.3196113e-11
2024-11-04,VZ,4.9689582e-07,4.9742455e-07,4.9731988e-07
2024-11-04,WMT,1.3070193e-08,1.3104575e-08,1.3037567e-08
2024-11-05,AAPL,1.3794588e-06,1.4043818e-06,1.391956e-06
2024-11-05,AMGN,1.5958515e-12,1.6230907e-12,1.6216654e-12
2024-11-05,CRM,5.0822352e-12,5.141537e-12,5.1369149e-12
2024-11-05,CSCO,0.017384467,0.017313281,0.017359988
2024-11-05,IBM,6.7490791e-06,6.8330817e-06,6.7687392e-06
2024-11-05,INTC,0.0023221839,0.0023066753,0.0023366868
2024-11-05,MSFT,3.0207846e-07,3.0309082e-07,3.0177291e-07
2024-11-05,NKE,5.1397849e-11,5.2155582e-11,5.2111099e-11
2024-11-05,VZ,4.9226123e-07,4.945604e-07,4.9586608e-07
2024-11-05,WMT,1.2791041e-08,1.2807587e-08,1.281311e-08
2024-11-06,AAPL,1.3583496e-06,1.3771162e-06,1.3549187e-06
2024-11-06,AMGN,1.5415335e-12,1.5583756e-12,1.5498967e-12
2024-11-06,CRM,5.0163995e-12,5.039245e-12,5.0564818e-12
2024-11-06,CSCO,0.017365347,0.017262638,0.017241873
2024-11-06,IBM,6.6728681e-06,6.7069476e-06,6.6897543e-06
2024-11-06,INTC,0.0023046772,0.002283923,0.0023181479
2024-11-06,MSFT,2.9491204e-07,2.9364843e-07,2.9489945e-07
2024-11-06,NKE,5.030854e-11,5.0641429e-11,5.0754525e-11
2024-11-06,VZ,4.9111709e-07,4.9161654e-07,4.9129682e-07
2024-11-06,WMT,1.2502295e-08,1.2496233e-08,1.2517284e-08
2024-11-07,AAPL,1.3266304e-06,1.3449229e-06,1.3269592e-06
2024-11-07,AMGN,1.4946469e-12,1.5005255e-12,1.5012628e-12
2024-11-07,CRM,4.8982793e-12,4.9294705e-12,4.925577e-12
2024-11-07,CSCO,0.017266741,0.017105281,0.01711568
2024-11-07,IBM,6.5754828e-06,6.5943605e-06,6.5780233e-06
2024-11-07,INTC,0.0022722816,0.0022604769,0.0022805967
2024-11-07,MSFT,2.8996904e-07,2.9019615e-07,2.8871469e-07
2024-11-07,NKE,4.9397538e-11,4.9948202e-11,4.9820513e-11
2024-11-07,VZ,4.9052824e-07,4.9129497e-07,4.8957079e-07
2024-11-07,WMT,1.2459326e-08,1.2407266e-08,1.2372527e-08
2024-11-08,AAPL,1.2966902e-06,1.3174338e-06,1.2936827e-06
2024-11-08,AMGN,1.4496178e-12,1.4600637e-12,1.4573565e-12
2024-11-08,CRM,4.7695666e-12,4.8365637e-12,4.7945845e-12
2024-11-08,CSCO,0.017389775,0.017202159,0.017253289
2024-11-08,IBM,6.4517704e-06,6.49361e-06,6.4737947e-06
2024-11-08,INTC,0.0022545362,0.0022401789,0.0022622077
2024-11-08,MSFT,2.8537442e-07,2.8495685e-07,2.8447198e-07
2024-11-08,NKE,4.7747146e-11,4.8326063e-11,4.8382903e-11
2024-11-08,VZ,4.8520197e-07,4.8641963e-07,4.8462088e-07
2024-11-08,WMT,1.2250638e-08,1.2257607e-08,1.2209921e-08
2024-11-11,AAPL,1.2684294e-06,1.2876397e-06,1.2623556e-06
2024-11-11,AMGN,1.4037374e-12,1.4226674e-12,1.4124872e-12
2024-11-11,CRM,4.750401e-12,4.745032e-12,4.7359781e-12
2024-11-11,CSCO,0.017634688,0.017344527,0.017453176
2024-11-11,IBM,6.3743061e-06,6.4279025e-06,6.3849725e-06
2024-11-11,INTC,0.0022633644,0.0022387684,0.0022648368
2024-11-11,MSFT,2.8266042e-07,2.8072456e-07,2.8137622e-07
2024-11-11,NKE,4.642328e-11,4.6822785e-11,4.7024486e-11
2024-11-11,VZ,4.7738268e-07,4.799443e-07,4.7860445e-07
2024-11-11,WMT,1.1912515e-08,1.1979113e-08,1.1930959e-08
2024-11-12,AAPL,1.239902e-06,1.2631995e-06,1.2286006e-06
2024-11-12,AMGN,1.3554153e-12,1.3681929e-12,1.3599119e-12
2024-11-12,CRM,4.7012224e-12,4.6789201e-12,4.7135816e-12
2024-11-12,CSCO,0.017564396,0.017314789,0.01733617
2024-11-12,IBM,6.2591651e-06,6.3175223e-06,6.2782434e-06
2024-11-12,INTC,0.0022492316,0.0022286168,0.0022422551
2024-11-12,MSFT,2.7591042e-07,2.759518e-07,2.7472758e-07
2024-11-12,NKE,4.5146635e-11,4.5662695e-11,4.5590405e-11
2024-11-12,VZ,4.6634814e-07,4.7113453e-07,4.6726187e-07
2024-11-12,WMT,1.1501321e-08,1.160198e-08,1.1480714e-08
2024-11-13,AAPL,1.2189691e-06,1.240049e-06,1.2121131e-06
2024-11-13,AMGN,1.3069456e-12,1.326844e-12,1.3128418e-12
2024-11-13,CRM,4.6256805e-12,4.6188817e-12,4.6440049e-12
2024-11-13,CSCO,0.017593844,0.01734663,0.017411423
2024-11-13,IBM,6.144193e-06,6.2040147e-06,6.169392e-06
2024-11-13,INTC,0.0022445004,0.0022303587,0.0022336888
2024-11-13,MSFT,2.702979e-07,2.698176e-07,2.6911685e-07
2024-11-13,NKE,4.3657326e-11,4.4266091e-11,4.4157044e-11
2024-11-13,VZ,4.568103e-07,4.6198063e-07,4.5662823e-07
2024-11-13,WMT,1.1154503e-08,1.1220754e-08,1.1103824e-08
2024-11-14,AAPL,1.1978044e-06,1.2177005e-06,1.1911435e-06
2024-11-14,AMGN,1.2757258e-12,1.2877938e-12,1.2759379e-12
2024-11-14,CRM,4.643351e-12,4.6178731e-12,4.6760619e-12
2024-11-14,CSCO,0.017699784,0.017494,0.017516819
2024-11-14,IBM,6.0647282e-06,6.1165603e-06,6.073487e-06
2024-11-14,INTC,0.0022514121,0.0022348273,0.002240112
2024-11-14,MSFT,2.6691911e-07,2.6648298e-07,2.6488489e-07
2024-11-14,NKE,4.2686293e-11,4.3198089e-11,4.3083708e-11
2024-11-14,VZ,4.5020956e-07,4.5341854e-07,4.4872794e-07
2024-11-14,WMT,1.0787523e-08,1.0856326e-08,1.0785193e-08
2024-11-15,AAPL,1.1730986e-06,1.2000459e-06,1.169231e-06
2024-11-15,AMGN,1.2540086e-12,1.2640138e-12,1.2507215e-12
2024-11-15,CRM,4.5690262e-12,4.5685118e-12,4.5898767e-12
2024-11-15,CSCO,0.017790212,0.017598071,0.017630386
2024-11-15,IBM,5.9820793e-06,6.0078657e-06,5.9842572e-06
2024-11-15,INTC,0.0022391853,0.0022245896,0.0022379669
2024-11-15,MSFT,2.6203017e-07,2.6241772e-07,2.6039924e-07
2024-11-15,NKE,4.174959e-11,4.2314721e-11,4.2149223e-11
2024-11-15,VZ,4.4689093e-07,4.4848482e-07,4.4375991e-07
2024-11-15,WMT,1.0617991e-08,1.061397e-08,1.0556935e-08
2024-11-18,AAPL,1.1438647e-06,1.1679889e-06,1.1371906e-06
2024-11-18,AMGN,1.22017e-12,1.2366456e-12,1.2228487e-12
2024-11-18,CRM,4.5084719e-12,4.5138829e-12,4.5387788e-12
2024-11-18,CSCO,0.017816459,0.017688001,0.017651257
2024-11-18,IBM,5.8564587e-06,5.8942311e-06,5.8853835e-06
2024-11-18,INTC,0.0022183934,0.0022076139,0.0022222232
2024-11-18,MSFT,2.5765651e-07,2.573554e-07,2.5646004e-07
2024-11-18,NKE,4.0875367e-11,4.1348148e-11,4.1177052e-11
2024-11-18,VZ,4.4267888e-07,4.4523354e-07,4.4017282e-07
2024-11-18,WMT,1.0406247e-08,1.0408766e-08,1.0352869e-08
2024-11-19,AAPL,1.1073591e-06,1.1327021e-06,1.0972722e-06
2024-11-19,AMGN,1.1954976e-12,1.2079905e-12,1.1980487e-12
2024-11-19,CRM,4.445386e-12,4.4784452e-12,4.4588855e-12
2024-11-19,CSCO,0.017790253,0.017625123,0.017590908
2024-11-19,IBM,5.7438856e-06,5.7926996e-06,5.7547152e-06
2024-11-19,INTC,0.002194925,0.0021898215,0.0021866852
2024-11-19,MSFT,2.5247162e-07,2.5338928e-07,2.5094121e-07
2024-11-19,NKE,3.9831658e-11,4.0167662e-11,3.9934981e-11
2024-11-19,VZ,4.3756491e-07,4.3943549e-07,4.3600955e-07
2024-11-19,WMT,1.0151739e-08,1.0187104e-08,1.0096797e-08
2024-11-20,AAPL,1.0820457e-06,1.1066778e-06,1.0726169e-06
2024-11-20,AMGN,1.1726831e-12,1.1830669e-12,1.1710844e-12
2024-11-20,CRM,4.4125169e-12,4.4123668e-12,4.416026e-12
2024-11-20,CSCO,0.017836571,0.017707117,0.017672806
2024-11-20,IBM,5.6394971e-06,5.6929757e-06,5.6293272e-06
2024-11-20,INTC,0.0021874024,0.0021771654,0.0021786435
2024-11-20,MSFT,2.4765166e-07,2.4868441e-07,2.4656798e-07
2024-11-20,NKE,3.9001239e-11,3.9448085e-11,3.930444e-11
2024-11-20,VZ,4.3325231e-07,4.3544047e-07,4.3254729e-07
2024-11-20,WMT,9.8803061e-09,9.9556869e-09,9.8315778e-09
2024-11-21,AAPL,1.080907e-06,1.097398e-06,1.0690731e-06
2024-11-21,AMGN,1.1460075e-12,1.1597751e-12,1.1468531e-12
2024-11-21,CRM,4.4631082e-12,4.4135124e-12,4.4682047e-12
2024-11-21,CSCO,0.018116664,0.017905654,0.017952675
2024-11-21,IBM,5.5699053e-06,5.5902412e-06,5.5814381e-06
2024-11-21,INTC,0.0021888088,0.0021777605,0.0021872212
2024-11-21,MSFT,2.443988e-07,2.4420986e-07,2.4366811e-07
2024-11-21,NKE,3.8226393e-11,3.8641425e-11,3.8578712e-11
2024-11-21,VZ,4.2900836e-07,4.2973529e-07,4.2903035e-07
2024-11-21,WMT,9.6835324e-09,9.7003966e-09,9.6729371e-09
2024-11-22,AAPL,1.0584104e-06,1.0843781e-06,1.0512985e-06
2024-11-22,AMGN,1.0861651e-12,1.1214596e-12,1.0998419e-12
2024-11-22,CRM,4.3532223e-12,4.3799012e-12,4.4042013e-12
2024-11-22,CSCO,0.018219539,0.018056875,0.018014157
2024-11-22,IBM,5.5506144e-06,5.5558979e-06,5.5522917e-06
2024-11-22,INTC,0.0021659817,0.0021525551,0.0021661776
2024-11-22,MSFT,2.4136267e-07,2.4148193e-07,2.3985845e-07
2024-11-22,NKE,3.7524872e-11,3.7878854e-11,3.7782414e-11
2024-11-22,VZ,4.2918593e-07,4.282562e-07,4.2728694e-07
2024-11-22,WMT,9.5577453e-09,9.5468295e-09,9.531317e-09
2024-11-25,AAPL,1.0484186e-06,1.0566056e-06,1.0313701e-06
2024-11-25,AMGN,1.0490352e-12,1.0722537e-12,1.0524098e-12
2024-11-25,CRM,4.3045991e-12,4.3100118e-12,4.3224218e-12
2024-11-25,CSCO,0.018413484,0.018171055,0.018152147
2024-11-25,IBM,5.5171448e-06,5.521164e-06,5.5047992e-06
2024-11-25,INTC,0.0021755522,0.0021610277,0.0021638272
2024-11-25,MSFT,2.4036114e-07,2.3920961e-07,2.3855925e-07
2024-11-25,NKE,3.7165303e-11,3.7426288e-11,3.7242464e-11
2024-11-25,VZ,4.3265111e-07,4.3055635e-07,4.2789565e-07
2024-11-25,WMT,9.393105e-09,9.4068969e-09,9.3718506e-09
2024-11-26,AAPL,1.0204779e-06,1.039954e-06,1.0140417e-06
2024-11-26,AMGN,1.0311613e-12,1.0463842e-12,1.0216244e-12
2024-11-26,CRM,4.3446289e-12,4.3278516e-12,4.3409024e-12
2024-11-26,CSCO,0.018287255,0.018197659,0.018225007
2024-11-26,IBM,5.4446056e-06,5.4580097e-06,5.4448484e-06
2024-11-26,INTC,0.0021623018,0.0021604898,0.0021615994
2024-11-26,MSFT,2.3869724e-07,2.388936e-07,2.3789725e-07
2024-11-26,NKE,3.6611446e-11,3.699902e-11,3.6863557e-11
2024-11-26,VZ,4.3401238e-07,4.3535598e-07,4.3135415e-07
2024-11-26,WMT,9.2076674e-09,9.2535565e-09,9.230034e-09
2024-11-27,AAPL,1.0047125e-06,1.0225488e-06,9.9183042e-07
2024-11-27,AMGN,1.0012674e-12,1.0225668e-12,9.9988841e-13
2024-11-27,CRM,4.2063434e-12,4.2796076e-12,4.2205085e-12
2024-11-27,CSCO,0.018111075,0.018119663,0.017945438
2024-11-27,IBM,5.3694452e-06,5.4099563e-06,5.3515166e-06
2024-11-27,INTC,0.0021260496,0.0021376652,0.0021333475
2024-11-27,MSFT,2.3613198e-07,2.3783227e-07,2.3479584e-07
2024-11-27,NKE,3.5784908e-11,3.6169218e-11,3.5976045e-11
2024-11-27,VZ,4.286174e-07,4.2981241e-07,4.2789103e-07
2024-11-27,WMT,9.0709166e-09,9.129923e-09,9.046707e-09
2024-11-29,AAPL,9.85772e-07,1.0110998e-06,9.7848782e-07
2024-11-29,AMGN,9.7751367e-13,1.003807e-12,9.7269172e-13
2024-11-29,CRM,4.0463352e-12,4.1850515e-12,4.0197957e-12
2024-11-29,CSCO,0.01774822,0.017929597,0.017632975
2024-11-29,IBM,5.2167071e-06,5.3013611e-06,5.211214e-06
2024-11-29,INTC,0.0020672691,0.0020970067,0.0020727545
2024-11-29,MSFT,2.3209937e-07,2.3624836e-07,2.3160317e-07
2024-11-29,NKE,3.491031e-11,3.5791961e-11,3.5125638e-11
2024-11-29,VZ,4.253922e-07,4.2766658e-07,4.2439432e-07
2024-11-29,WMT,8.8802296e-09,9.0497494e-09,8.9012334e-09
2024-12-02,AAPL,9.7069831e-07,9.8773984e-07,9.4573953e-07
2024-12-02,AMGN,9.6684794e-13,9.8712526e-13,9.5088671e-13
2024-12-02,CRM,3.8281224e-12,3.9890507e-12,3.7348801e-12
2024-12-02,CSCO,0.017125363,0.017294013,0.01680094
2024-12-02,IBM,5.124665e-06,5.1995604e-06,5.0453716e-06
2024-12-02,INTC,0.0020096501,0.0020271219,0.0019825893
2024-12-02,MSFT,2.2578031e-07,2.2944243e-07,2.2177401e-07
2024-12-02,NKE,3.3886736e-11,3.4467693e-11,3.3546897e-11
2024-12-02,VZ,4.1903682e-07,4.2183594e-07,4.1125561e-07
2024-12-02,WMT,8.6965683e-09,8.8510249e-09,8.5919874e-09
2024-12-03,AAPL,9.2680522e-07,9.642548e-07,9.2136759e-07
2024-12-03,AMGN,9.3090167e-13,9.6984412e-13,9.2994493e-13
2024-12-03,CRM,3.6193573e-12,3.8268987e-12,3.5765872e-12
2024-12-03,CSCO,0.016495362,0.017104081,0.01633977
2024-12-03,IBM,4.9406432e-06,5.0881986e-06,4.9204878e-06
2024-12-03,INTC,0.0019252205,0.0020019511,0.0019285963
2024-12-03,MSFT,2.1559112e-07,2.2272806e-07,2.1515203e-07
2024-12-03,NKE,3.2644234e-11,3.3565655e-11,3.2442081e-11
2024-12-03,VZ,4.0650555e-07,4.1668054e-07,4.03487e-07
2024-12-03,WMT,8.5223944e-09,8.7357924e-09,8.4737685e-09
2024-12-04,AAPL,9.1958396e-07,9.3513792e-07,9.081875e-07
2024-12-04,AMGN,9.1748728e-13,9.1899652e-13,9.1638814e-13
2024-12-04,CRM,3.5722812e-12,3.6108209e-12,3.5890383e-12
2024-12-04,CSCO,0.016709592,0.016536873,0.016535534
2024-12-04,IBM,4.9238884e-06,4.9306468e-06,4.9008729e-06
2024-12-04,INTC,0.001918454,0.0019014706,0.0019186194
2024-12-04,MSFT,2.1351227e-07,2.1237873e-07,2.1258656e-07
2024-12-04,NKE,3.2198445e-11,3.231011e-11,3.2316048e-11
2024-12-04,VZ,4.0848831e-07,4.0765013e-07,4.0546387e-07
2024-12-04,WMT,8.5121593e-09,8.4371297e-09,8.4527992e-09
2024-12-05,AAPL,8.9671885e-07,9.1433102e-07,8.9900431e-07
2024-12-05,AMGN,8.8828272e-13,8.9708835e-13,8.9576703e-13
2024-12-05,CRM,3.4969722e-12,3.5329682e-12,3.5307946e-12
2024-12-05,CSCO,0.016626815,0.016474958,0.016496123
2024-12-05,IBM,4.8412119e-06,4.8540245e-06,4.8555949e-06
2024-12-05,INTC,0.0018958068,0.0018912145,0.0019040162
2024-12-05,MSFT,2.1053549e-07,2.1103649e-07,2.1045871e-07
2024-12-05,NKE,3.1442555e-11,3.1830555e-11,3.1819145e-11
2024-12-05,VZ,4.0626911e-07,4.0654415e-07,4.059738e-07
2024-12-05,WMT,8.46716e-09,8.4436575e-09,8.4199061e-09
2024-12-06,AAPL,8.7622713e-07,8.9042395e-07,8.6678215e-07
2024-12-06,AMGN,8.5667454e-13,8.6701761e-13,8.6322658e-13
2024-12-06,CRM,3.4167011e-12,3.4308573e-12,3.4255319e-12
2024-12-06,CSCO,0.016761631,0.016537144,0.016604163
2024-12-06,IBM,4.7647741e-06,4.7881771e-06,4.7793202e-06
2024-12-06,INTC,0.0018883274,0.0018693189,0.0018900965
2024-12-06,MSFT,2.0784349e-07,2.0680787e-07,2.0716843e-07
2024-12-06,NKE,3.0770185e-11,3.0982233e-11,3.1116229e-11
2024-12-06,VZ,4.027786e-07,4.0498301e-07,4.0157378e-07
2024-12-06,WMT,8.3183228e-09,8.3250321e-09,8.2953251e-09
2024-12-09,AAPL,8.5548538e-07,8.6884765e-07,8.501807e-07
2024-12-09,AMGN,8.3809799e-13,8.4396116e-13,8.3981893e-13
2024-12-09,CRM,3.3938774e-12,3.3858533e-12,3.4140244e-12
2024-12-09,CSCO,0.016825678,0.01659299,0.016743177
2024-12-09,IBM,4.6988462e-06,4.7015618e-06,4.7216615e-06
2024-12-09,INTC,0.0018849306,0.0018766513,0.0018934812
2024-12-09,MSFT,2.0566788e-07,2.0412338e-07,2.056756e-07
2024-12-09,NKE,3.0261085e-11,3.032271e-11,3.0576819e-11
2024-12-09,VZ,3.9628153e-07,3.9831499e-07,3.9677207e-07
2024-12-09,WMT,8.1794771e-09,8.1692301e-09,8.1826958e-09
2024-12-10,AAPL,8.3072423e-07,8.4714113e-07,8.2362333e-07
2024-12-10,AMGN,7.9849015e-13,8.1178698e-13,8.0958025e-13
2024-12-10,CRM,3.3621775e-12,3.3541753e-12,3.3949476e-12
2024-12-10,CSCO,0.016645965,0.016420728,0.016504764
2024-12-10,IBM,4.5731232e-06,4.607351e-06,4.6002007e-06
2024-12-10,INTC,0.0018610755,0.0018499367,0.0018721908
2024-12-10,MSFT,2.0147688e-07,2.014188e-07,2.0213276e-07
2024-12-10,NKE,2.970064e-11,2.9856409e-11,3.0043777e-11
2024-12-10,VZ,3.9140412e-07,3.9360568e-07,3.9207335e-07
2024-12-10,WMT,7.9672335e-09,7.9879565e-09,7.9774796e-09
2024-12-11,AAPL,8.0670105e-07,8.2632945e-07,8.0389016e-07
2024-12-11,AMGN,7.8172682e-13,7.8488481e-13,7.8156374e-13
2024-12-11,CRM,3.2518487e-12,3.2973732e-12,3.2824363e-12
2024-12-11,CSCO,0.016440254,0.016332699,0.016409039
2024-12-11,IBM,4.4778247e-06,4.5072087e-06,4.5045204e-06
2024-12-11,INTC,0.0018449838,0.001833573,0.0018556134
2024-12-11,MSFT,1.9547223e-07,1.9573529e-07,1.9671876e-07
2024-12-11,NKE,2.8852098e-11,2.9151126e-11,2.9246873e-11
2024-12-11,VZ,3.8856561e-07,3.8996441e-07,3.8777448e-07
2024-12-11,WMT,7.8223936e-09,7.8228263e-09,7.792637e-09
2024-12-12,AAPL,7.9704734e-07,8.1175089e-07,7.9354189e-07
2024-12-12,AMGN,7.567484e-13,7.671174e-13,7.646502e-13
2024-12-12,CRM,3.199004e-12,3.2141456e-12,3.244164e-12
2024-12-12,CSCO,0.016580633,0.016299674,0.016451604
2024-12-12,IBM,4.4179055e-06,4.4307343e-06,4.4239457e-06
2024-12-12,INTC,0.0018378959,0.0018222749,0.0018444583
2024-12-12,MSFT,1.9284959e-07,1.9157684e-07,1.9248208e-07
2024-12-12,NKE,2.8164768e-11,2.840809e-11,2.8522812e-11
2024-12-12,VZ,3.8369315e-07,3.8399009e-07,3.8455873e-07
2024-12-12,WMT,7.6528703e-09,7.6545444e-09,7.6438286e-09
2024-12-13,AAPL,7.7525402e-07,7.9560638e-07,7.6958042e-07
2024-12-13,AMGN,7.3692377e-13,7.4653489e-13,7.3719628e-13
2024-12-13,CRM,3.1025156e-12,3.1489038e-12,3.1111922e-12
2024-12-13,CSCO,0.016509385,0.016263064,0.016285528
2024-12-13,IBM,4.3333643e-06,4.3624171e-06,4.3387274e-06
2024-12-13,INTC,0.0018204048,0.0018104218,0.0018253845
2024-12-13,MSFT,1.9008765e-07,1.9094824e-07,1.8896665e-07
2024-12-13,NKE,2.7399379e-11,2.7717633e-11,2.7662597e-11
2024-12-13,VZ,3.8005641e-07,3.8112156e-07,3.7877211e-07
2024-12-13,WMT,7.5092331e-09,7.49327e-09,7.4696057e-09
2024-12-16,AAPL,7.6757657e-07,7.7905232e-07,7.620486e-07
2024-12-16,AMGN,7.0962045e-13,7.2499521e-13,7.1529734e-13
2024-12-16,CRM,3.0500259e-12,3.0822645e-12,3.0433351e-12
2024-12-16,CSCO,0.016607115,0.016388519,0.016469491
2024-12-16,IBM,4.2715315e-06,4.3057084e-06,4.2933067e-06
2024-12-16,INTC,0.0018352582,0.0018160899,0.0018351507
2024-12-16,MSFT,1.8906868e-07,1.8795499e-07,1.8718265e-07
2024-12-16,NKE,2.6584516e-11,2.6873612e-11,2.7019446e-11
2024-12-16,VZ,3.7346119e-07,3.7559642e-07,3.729737e-07
2024-12-16,WMT,7.3231756e-09,7.3420008e-09,7.3171563e-09
2024-12-17,AAPL,7.5105085e-07,7.6543823e-07,7.4705104e-07
2024-12-17,AMGN,6.9125712e-13,6.9951526e-13,6.9273405e-13
2024-12-17,CRM,3.0141416e-12,3.0280704e-12,3.0134947e-12
2024-12-17,CSCO,0.016649496,0.016337442,0.016408952
2024-12-17,IBM,4.197694e-06,4.2283337e-06,4.202713e-06
2024-12-17,INTC,0.0018407851,0.0018286391,0.0018436637
2024-12-17,MSFT,1.8720416e-07,1.8709846e-07,1.8564688e-07
2024-12-17,NKE,2.5938836e-11,2.6121202e-11,2.6278128e-11
2024-12-17,VZ,3.6742865e-07,3.7131401e-07,3.6817673e-07
2024-12-17,WMT,7.0749823e-09,7.139797e-09,7.0741465e-09
2024-12-18,AAPL,7.4126102e-07,7.5419035e-07,7.3550633e-07
2024-12-18,AMGN,6.7555597e-13,6.8626165e-13,6.7452298e-13
2024-12-18,CRM,2.9453861e-12,2.9804332e-12,2.9499625e-12
2024-12-18,CSCO,0.01673941,0.016540406,0.016525274
2024-12-18,IBM,4.1470174e-06,4.1815516e-06,4.1427812e-06
2024-12-18,INTC,0.0018490915,0.0018446633,0.0018499733
2024-12-18,MSFT,1.8503976e-07,1.8540322e-07,1.8452812e-07
2024-12-18,NKE,2.5214448e-11,2.5593461e-11,2.5531812e-11
2024-12-18,VZ,3.6172528e-07,3.6547138e-07,3.6206456e-07
2024-12-18,WMT,6.9806689e-09,6.9936772e-09,6.9303136e-09
2024-12-19,AAPL,7.3749139e-07,7.5300423e-07,7.2703996e-07
2024-12-19,AMGN,6.5116445e-13,6.6630774e-13,6.5313061e-13
2024-12-19,CRM,2.8998383e-12,2.9203887e-12,2.9014202e-12
2024-12-19,CSCO,0.016877499,0.016674549,0.01659155
2024-12-19,IBM,4.1139838e-06,4.1533144e-06,4.1117146e-06
2024-12-19,INTC,0.0018566898,0.0018509349,0.0018512147
2024-12-19,MSFT,1.8434297e-07,1.8455462e-07,1.8271847e-07
2024-12-19,NKE,2.4277465e-11,2.4681797e-11,2.4518888e-11
2024-12-19,VZ,3.5657533e-07,3.5941757e-07,3.5537965e-07
2024-12-19,WMT,6.8086819e-09,6.8436838e-09,6.7862485e-09
2024-12-20,AAPL,7.2104393e-07,7.3892398e-07,7.0883401e-07
2024-12-20,AMGN,6.1534243e-13,6.400987e-13,6.2019336e-13
2024-12-20,CRM,2.7796505e-12,2.8305656e-12,2.7925023e-12
2024-12-20,CSCO,0.016757075,0.016673216,0.016523566
2024-12-20,IBM,4.0694452e-06,4.1143621e-06,4.0595683e-06
2024-12-20,INTC,0.001835253,0.0018300411,0.0018171735
2024-12-20,MSFT,1.812159e-07,1.8297763e-07,1.7939351e-07
2024-12-20,NKE,2.3676753e-11,2.403697e-11,2.3716208e-11
2024-12-20,VZ,3.4978728e-07,3.5262691e-07,3.4754644e-07
2024-12-20,WMT,6.6311476e-09,6.6997569e-09,6.5750877e-09
2024-12-23,AAPL,7.1424378e-07,7.2221577e-07,7.0109989e-07
2024-12-23,AMGN,6.0418233e-13,6.132645e-13,5.9824257e-13
2024-12-23,CRM,2.7397261e-12,2.7620071e-12,2.7161257e-12
2024-12-23,CSCO,0.016791813,0.016696708,0.016457451
2024-12-23,IBM,4.0364833e-06,4.0591708e-06,4.0015798e-06
2024-12-23,INTC,0.001835675,0.0018348269,0.0018106223
2024-12-23,MSFT,1.7846186e-07,1.7884388e-07,1.7613303e-07
2024-12-23,NKE,2.3329916e-11,2.3460143e-11,2.328208e-11
2024-12-23,VZ,3.4527592e-07,3.4742423e-07,3.4021895e-07
2024-12-23,WMT,6.4607315e-09,6.504356e-09,6.404014e-09
2024-12-24,AAPL,7.0101311e-07,7.1152186e-07,6.91805e-07
2024-12-24,AMGN,6.0684092e-13,6.0938291e-13,5.9883681e-13
2024-12-24,CRM,2.7728511e-12,2.7681343e-12,2.7498951e-12
2024-12-24,CSCO,0.016862183,0.016756348,0.01669358
2024-12-24,IBM,3.962482e-06,3.995052e-06,3.9529792e-06
2024-12-24,INTC,0.0018314744,0.0018324329,0.0018138795
2024-12-24,MSFT,1.7718118e-07,1.7786157e-07,1.7577988e-07
2024-12-24,NKE,2.2957138e-11,2.3186362e-11,2.3092189e-11
2024-12-24,VZ,3.4110755e-07,3.4509556e-07,3.4000396e-07
2024-12-24,WMT,6.2932668e-09,6.3398267e-09,6.2878645e-09
2024-12-26,AAPL,6.8711608e-07,7.0392479e-07,6.8248948e-07
2024-12-26,AMGN,5.913493e-13,6.0234966e-13,5.9182923e-13
2024-12-26,CRM,2.70663e-12,2.7406628e-12,2.7261413e-12
2024-12-26,CSCO,0.01666969,0.016707327,0.016540913
2024-12-26,IBM,3.8680124e-06,3.9139258e-06,3.8755242e-06
2024-12-26,INTC,0.0017918506,0.0018029837,0.00179988
2024-12-26,MSFT,1.7421911e-07,1.7597814e-07,1.7368894e-07
2024-12-26,NKE,2.254297e-11,2.2796233e-11,2.2725201e-11
2024-12-26,VZ,3.3806335e-07,3.3868349e-07,3.3722974e-07
2024-12-26,WMT,6.2975058e-09,6.3156064e-09,6.2576864e-09
2024-12-27,AAPL,6.7893091e-07,6.941614e-07,6.7253451e-07
2024-12-27,AMGN,5.6728017e-13,5.8320939e-13,5.6775017e-13
2024-12-27,CRM,2.5712466e-12,2.668005e-12,2.5776865e-12
2024-12-27,CSCO,0.016184021,0.016361729,0.016070262
2024-12-27,IBM,3.737568e-06,3.8000876e-06,3.7393017e-06
2024-12-27,INTC,0.0017388292,0.0017614379,0.0017466326
2024-12-27,MSFT,1.7003601e-07,1.733118e-07,1.6997658e-07
2024-12-27,NKE,2.1857065e-11,2.23923e-11,2.1935482e-11
2024-12-27,VZ,3.3539349e-07,3.3737284e-07,3.348976e-07
2024-12-27,WMT,6.1503562e-09,6.2500261e-09,6.1505696e-09
2024-12-30,AAPL,6.7344573e-07,6.8120938e-07,6.5283988e-07
2024-12-30,AMGN,5.5117711e-13,5.6704964e-13,5.4619605e-13
2024-12-30,CRM,2.4152739e-12,2.507428e-12,2.3759424e-12
2024-12-30,CSCO,0.015742378,0.01582672,0.01535772
2024-12-30,IBM,3.7138049e-06,3.7460349e-06,3.6573397e-06
2024-12-30,INTC,0.0017085065,0.0017141492,0.0016851026
2024-12-30,MSFT,1.6615038e-07,1.68363e-07,1.6355364e-07
2024-12-30,NKE,2.1161293e-11,2.1472794e-11,2.0953326e-11
2024-12-30,VZ,3.3320073e-07,3.3334321e-07,3.2628624e-07
2024-12-30,WMT,6.049636e-09,6.1324209e-09,5.9778411e-09
2024-12-31,AAPL,6.4932496e-07,6.7285594e-07,6.4302708e-07
2024-12-31,AMGN,5.2900541e-13,5.5044737e-13,5.2909048e-13
2024-12-31,CRM,2.3217096e-12,2.4373832e-12,2.2868073e-12
2024-12-31,CSCO,0.015276076,0.015695664,0.015098531
2024-12-31,IBM,3.6141417e-06,3.70425e-06,3.5945902e-06
2024-12-31,INTC,0.0016536624,0.0017065502,0.0016481028
2024-12-31,MSFT,1.5969262e-07,1.6374146e-07,1.5947946e-07
2024-12-31,NKE,2.035714e-11,2.0890164e-11,2.024312e-11
2024-12-31,VZ,3.2402528e-07,3.3068605e-07,3.2194473e-07
2024-12-31,WMT,5.9044495e-09,6.0349475e-09,5.8684447e-09
